24533   58388.25   0.415501   
24489   58492.5   0.4823218   
24445   58596.75   0.5195621   
24204.5   58665.75   0.3507987   
24270   58677.5   0.429276   
24335.5   58689.25   0.4551923   
22162.75   58831.5   0.4618339   
22170.5   58745   0.5571278   
22178.25   58658.5   0.6254114   
21919.75   58650.75   0.4618339   
22008.5   58624.5   0.5571278   
22097.25   58598.25   0.5743949   
25763.75   57930.75   0.3336557   
25749.5   57886.5   0.4163477   
25735.25   57842.25   0.4397243   
25369.25   57533.25   0.4066495   
25486.5   57621.5   0.4691359   
25603.75   57709.75   0.5032992   
21168.75   59148.5   0.3129003   
21111.5   59155   0.3849901   
21054.25   59161.5   0.4036781   
21009   59388.5   0.3129003   
21005   59315   0.384568   
21001   59241.5   0.4032145   
21174.75   59342   0.3129003   
21115.5   59284   0.3849899   
21056.25   59226   0.4036779   
20893.5   58986.5   0.3129003   
20928   59047   0.3849903   
20962.5   59107.5   0.4036782   
21078   58927.25   0.3129003   
21051   59007.5   0.3849903   
21024   59087.75   0.4036784   
25780   57989.75   0.3728009   
25782   58004.5   0.4325013   
25784   58019.25   0.459209   
25786   58034   0.4747808   B1-321-70
25599.25   58029.5   0.394511   
25661.5   58031   0.4509637   
25723.75   58032.5   0.4812835   
25650.25   58217   0.3826046   
25695.5   58156   0.4342692   
25740.75   58095   0.4613891   
23071.75   59172.75   0.3129003   
23125.5   59151.5   0.3852455   
23179.25   59130.25   0.4039587   
23233   59109   0.4089179   B1-1-59
23009.5   59004   0.3129003   
23084   59039   0.3852459   
23158.5   59074   0.403959   
23188.75   58947.75   0.3129003   
23203.5   59001.5   0.3852455   
23218.25   59055.25   0.4039587   
23513   59037.25   0.3129003   
23532   59000.5   0.3881127   
23551   58963.75   0.4071084   
23570   58927   0.4124098   B1-320-P61
23458.25   58864   0.3129003   
23495.5   58885   0.38833   
23532.75   58906   0.407347   
24993   58685.25   0.3129003   
25045   58661.5   0.3852357   
25097   58637.75   0.4039479   
25339.5   58583.25   0.3129003   
25276   58593.5   0.3852357   
25212.5   58603.75   0.4039479   
25129.5   58452.75   0.3129003   
25136   58506.5   0.3852674   
25142.5   58560.25   0.4039827   
25149   58097   0.3129003   
25218   58038   0.3849831   
25287   57979   0.4036704   
25044   57623.75   0.3129003   
25148   57722.5   0.3848345   
25252   57821.25   0.4035071   
25278   57563.75   0.4618339   
25304   57682.5   0.5571278   
25330   57801.25   0.6254114   
25062   57881.75   0.3129003   
25160   57894.5   0.3849815   
25258   57907.25   0.4036686   
22881.75   58878.5   0.4618339   
22828.5   58788   0.5571278   
22775.25   58697.5   0.6254114   
22596   58756.25   0.3129003   
22556   58727.5   0.3906526   
22516   58698.75   0.4099452   
22476   58670   0.4152709   B1-330-P57
24041.5   58384   0.3129003   
24005   58354   0.3880007   
23968.5   58324   0.4069853   
23932   58294   0.4120744   B1-330-P63
23994.25   58166.5   0.3129003   
23973.5   58209   0.3878705   
23952.75   58251.5   0.4068423   
23642.25   58551.25   0.393925   
23682.5   58572.5   0.4500571   
23722.75   58593.75   0.4802964   
23999.25   58464.25   0.3937851   
23920.5   58514.5   0.4498405   
23841.75   58564.75   0.4800607   
23506.5   58786   0.4618339   
23592   58729   0.5571278   
23677.5   58672   0.6254114   
24045   58644.25   0.393307   
23951   58634.5   0.4491001   
23857   58624.75   0.479216   
21582.25   59537.75   0.3129003   
21606.5   59501.5   0.3129003   
21630.75   59465.25   0.3881949   
21959.5   59444   0.3129003   
21858   59439   0.3129003   
21756.5   59434   0.3881949   
21526.75   59358.5   0.3129003   
21569.5   59382   0.3129003   
21612.25   59405.5   0.3881949   
21719.5   59326.25   0.3129003   
21698   59360.5   0.3129003   
21676.5   59394.75   0.3881949   
24960   58668.25   0.3129003   
24979   58627.5   0.3835585   
24998   58586.75   0.4021752   
24857.25   58302.25   0.3129003   
24910.5   58383.5   0.3810654   
24963.75   58464.75   0.399649   
25064.25   58253.5   0.3129003   
25048.5   58351   0.3829099   
25032.75   58448.5   0.401518   
24915.75   58480.75   0.3129003   
24949.5   58502.5   0.3810284   
24983.25   58524.25   0.3996114   
25096.5   58435.75   0.3129003   
25070   58472.5   0.3836098   
25043.5   58509.25   0.4022273   
25465.25   58551   0.3129003   
25527.5   58529   0.3849712   
25589.75   58507   0.4036573   
25814.75   58444.5   0.3129003   
25760.5   58458   0.3849712   
25706.25   58471.5   0.4036573   
25223   58238.25   0.3129003   
25366   58320.5   0.3847188   
25509   58402.75   0.40338   
25255.25   58420.5   0.3129003   
25387.5   58442   0.3848823   
25519.75   58463.5   0.4035596   
25616.75   58329.75   0.3129003   
25628.5   58381.5   0.3849712   
25640.25   58433.25   0.4036573   
23952.25   58732.5   0.3129003   
23986.5   58754   0.4033912   
24020.75   58775.5   0.4252637   
24055   58797   0.4295612   B1-320-P63
24118   58689.75   0.3129003   
24097   58725.5   0.4012667   
24076   58761.25   0.4228033   
21125.75   59659.25   0.3129003   
21178.5   59640.5   0.3854079   
21231.25   59621.75   0.4041371   
21284   59603   0.4091092   B1-1-51
21489.5   59581.25   0.3129003   
21421   59588.5   0.3854085   
21352.5   59595.75   0.4041378   
21080.75   59497.25   0.3129003   
21148.5   59532.5   0.3854091   
21216.25   59567.75   0.4041384   
21246.5   59450.75   0.3129003   
21259   59501.5   0.3854079   
21271.5   59552.25   0.4041371   
21434   59402   0.3129003   
21384   59469   0.3854097   
21334   59536   0.404139   
22021.75   59430   0.3129003   
21982.5   59411   0.3920159   
21943.25   59392   0.4114745   
21904   59079.75   0.3129003   
21904   59177.5   0.3959202   
21904   59275.25   0.4160931   
21735.25   59115.75   0.3129003   
21791.5   59201.5   0.3961502   
21847.75   59287.25   0.4163691   
21781.75   59312.25   0.3129003   
21822.5   59332.5   0.3959113   
21863.25   59352.75   0.4160824   
21952   59247.75   0.3129003   
21936   59289.5   0.3937208   
21920   59331.25   0.4134527   
22144.75   59198.25   0.4252878   
22064.5   59256.5   0.4978741   
21984.25   59314.75   0.5383861   
21462.75   59116.25   0.3129003   
21505.5   59141.5   0.3851012   
21548.25   59166.75   0.4038001   
21317.25   59154.5   0.3129003   
21408.5   59167   0.3850597   
21499.75   59179.5   0.4037545   
21657   59070.5   0.3129003   
21635   59111   0.3851141   
21613   59151.5   0.4038143   
21323.25   59348   0.3129003   
21412.5   59296   0.3850639   
21501.75   59244   0.4037591   
21510.75   59299.25   0.3129003   
21537.5   59263.5   0.3851027   
21564.25   59227.75   0.4038018   
21703.5   59267   0.3129003   
21666   59242   0.3851051   
21628.5   59217   0.4038044   
21444.75   59045.75   0.4563574   
21469.5   59000.5   0.5480548   
21494.25   58955.25   0.608319   
21299.25   59084   0.4563574   
21372.5   59026   0.5480548   
21445.75   58968   0.608319   
21639   59000   0.4563574   
21599   58970   0.5480548   
21559   58940   0.608319   
21208.5   58862.75   0.4563574   
21312   58878.5   0.5480548   
21415.5   58894.25   0.608319   
21868.5   58948   0.4000018   
21833   58914   0.4593145   
21797.5   58880   0.490965   
21699.75   58984   0.3234959   
21720.5   58938   0.4150617   
21741.25   58892   0.4383178   
22056.75   58900   0.4000018   
21958.5   58882   0.4593145   
21860.25   58864   0.490965   
21269.25   58846.75   0.3960627   
21433.5   58846.5   0.4533644   
21597.75   58846.25   0.4838973   
21648.75   58743.25   0.3437465   
21686.5   58777.5   0.417625   
21724.25   58811.75   0.4411213   
21813.75   58719.25   0.3406486   
21796.5   58761.5   0.4172329   
21779.25   58803.75   0.4406924   
24102.25   58370.75   0.4077693   
24126.5   58327.5   0.4708484   
24150.75   58284.25   0.5053051   
24175   58241   0.533829   B1-330-P64
24476.5   58273.25   0.4271867   
24376   58262.5   0.5009308   
24275.5   58251.75   0.5420837   
24148   58550.75   0.4271867   
24157   58447.5   0.5009308   
24166   58344.25   0.5420837   
24055   58153.25   0.4073561   
24095   58182.5   0.4702098   
24135   58211.75   0.5045711   
24628   58538.5   0.4618339   
24602   58581   0.5571278   
24576   58623.5   0.6254114   
24877.5   58714.75   0.3129003   
24814   58720.5   0.385447   
24750.5   58726.25   0.40418   
24687   58732   0.4091563   B1-1-65
24774.75   58348.75   0.3129003   
24745.5   58476.5   0.3854468   
24716.25   58604.25   0.4041798   
24662.25   58555   0.3129003   
24670.5   58614   0.3854477   
24678.75   58673   0.4041808   
24833.25   58527.25   0.3129003   
24784.5   58595.5   0.3854538   
24735.75   58663.75   0.4041874   
21012.75   59692   0.3129003   
20952.5   59706   0.4076658   
20892.25   59720   0.4301239   
20967.75   59530   0.3129003   
20922.5   59598   0.4076663   
20877.25   59666   0.4301245   
20852.25   59128   0.4331583   
20845.5   59330   0.5100975   
20838.75   59532   0.5538012   
23297.5   58868.5   0.493148   
20643.75   58718.25   0.4347287   
20715.5   58787.5   0.5126954   
22385   59319.25   0.4326428   
24775.5   58071   0.3933573   
24761.25   57996   0.4130163   
24240   57784.5   0.4618339   
24409   57830   0.5571278   
24578   57875.5   0.6254114   
24727.5   57657   0.3129003   
24734   57745   0.3920594   
24740.5   57833   0.4115233   
24795.25   57822   0.4114791   
24561   57976.5   0.3129003   
24623   57958   0.3978477   
24685   57939.5   0.4184859   
24855.5   57895   0.3921174   
24801.25   57908   0.4115884   
22847   59191   0.55   B1-1-057
24153   58873   0.55   B1-1-063
24298   58848   0.55   B1-1-464
24202   58863   0.55   B1-1-63
22530   58898   0.55   B1-21-557
24184   58970   0.55   B1-311-63
24441   58903   0.55   B1-311-64
22122   58410   0.55   B1-31-556
22374   58322   0.55   B1-31-557
25827   58313   0.55   B1-320-70
25956   58279   0.55   B1-320-CSP71
22410   58914   0.55   B1-321-56
25929   58056   0.55   B1-321-P71
23065   58471   0.55   B1-330-59
23794   58295   0.55   B1-330-62
22251   58368   0.55   B1-331-56
22399   58384   0.55   B1-331-P57
23610   58090   0.55   B1-331-P62
22319   58198   0.55   B1-3-54
23783   57820   0.55   B1-3-59
23589   57879   0.55   B1-3-D58
25675   57334   0.55   B1-3-D65
25710   57369   0.55   B1-3-P277
25918   57330   0.55   B1-3-P278
22028   58327   0.55   B1-3-SP258
23439   57955   0.55   B1-3-SP266
25931   58159   0.55   B1-D2-471
23442   58263   0.55   B1-D3-461
22368   58491   0.55   G98-43
23891   58948   0.5729584   B1-1-062
26080   58360   0.6772727   B1-1-071
22650   59242   0.58498   B1-1-457
23802   58953   0.5748987   B1-1-462
24044   58908   0.6053123   B1-1-463
25943   58384   0.687   B1-1-471
22803   59221   0.606901   B1-1-57
23938   58934   0.5698496   B1-1-62
24388   58814   0.5417677   B1-1-64
24448   58826   0.5431406   B1-1-P64
23079   58592   0.6722353   B1-2-039
22596   59154   0.6092341   B1-20-557
22842   59094   0.6877388   B1-20-558
23331   58575   0.6965722   B1-2-139
25996   57879   0.5431101   B1-2-45
23216   58605   0.6975419   B1-2-460
25880   57908   0.5443749   B1-2-471
22395   58848   0.6581116   B1-2-P137
26013   57904   0.5663636   B1-2-P45
22986   58509   0.6594039   B1-30-559
23148   58473   0.5726795   B1-30-560
23419   58377   0.6204236   B1-30-561
23647   58304   0.5834948   B1-30-562
22958   58490   0.6865327   B1-30-M559
23164   58500   0.5929542   B1-30-M560
22758   59330   0.6344456   B1-311-57
23944   59023   0.5489964   B1-311-62
22814   58229   0.6927066   B1-31-559
23092   58154   0.549142   B1-31-560
23321   58048   0.5378785   B1-31-561
23572   58041   0.5494688   B1-31-562
22741   59123   0.616115   B1-320-57
26048   58250   0.6893077   B1-320-71
22616   59195   0.5950364   B1-320-P57
26015   57971   0.565   B1-321-71
22557   58940   0.5820059   B1-321-P57
23306   58473   0.6354517   B1-330-60
23576   58353   0.6260454   B1-330-61
25946   57730   0.5379461   B1-330-71
22964   58537   0.6841678   B1-330-P59
23207   58495   0.6028405   B1-330-P60
23435   58412   0.6492947   B1-330-P61
25865   57789   0.544211   B1-330-P71
22975   58244   0.6107085   B1-331-59
23491   58129   0.5419187   B1-331-61
23735   58013   0.6286882   B1-331-62
23975   58002   0.7082745   B1-331-63
25912   57534   0.5310283   B1-331-71
23122   58202   0.5472957   B1-331-P60
23226   58149   0.5364435   B1-331-S60
23360   58150   0.5451299   B1-331-SP61
22023   58256   0.6713229   B1-3-53
22907   58052   0.5596764   B1-3-56
23185   57966   0.5401319   B1-3-57
23477   57895   0.5480149   B1-3-58
25825   57292   0.5529184   B1-3-66
26098   57244   0.5452404   B1-3-67
23342   57931   0.5412906   B1-3-D57
25966   57263   0.5535799   B1-3-D66
22870   58038   0.5565329   B1-3-F56
22029   58334   0.5527248   B1-3-P259
22757   58137   0.6614773   B1-3-P263
22971   58076   0.5601085   B1-3-P264
23658   57894   0.5623279   B1-3-P267
23176   58028   0.5406336   B1-3-SP265
22566   59032   0.5985575   B1-D2-457
22687   58998   0.6718984   B1-D2-60
26019   58136   0.599289   B1-D2-74
25991   58108   0.5777969   B1-D2-F74
22715   59036   0.6374026   B1-D2-P60
25837   58220   0.5426134   B1-D2-P73
22440   58488   0.6337685   B1-D3-457
23125   58308   0.5401623   B1-D3-460
23636   58170   0.5591991   B1-D3-462
23003   58331   0.606515   B1-D3-65
23299   58266   0.5432369   B1-D3-66
23551   58231   0.5552314   B1-D3-67
23761   58147   0.6192101   B1-D3-68
25887   57603   0.5308361   B1-D3-77
22313   58564   0.6234048   B1-D3-P62
23253   58313   0.5450785   B1-D3-P66
23537   58256   0.561533   B1-D3-P67
23766   58184   0.6037948   B1-D3-P68
22059   58284   0.6314023   G100-42
22365   58181   0.6640686   G100-43
22961   58053   0.5579416   G100-45
22582   59079   0.6050186   G94-43
19758.8671875   56737.22265625   0.4727353   
251815.28125   56737.22265625   0.6902825   
23664   59002   0.6799381   B1-1-061
23716   58985   0.6166406   B1-1-61
23819   58841   0.6228091   B1-20-562
23702   59084   0.6668164   B1-311-61
24086   57905   0.6273417   B1-31-564
23803   58872   0.5977299   B1-320-P62
23699   58350   0.6108649   B1-330-P62
24223   57870   0.6756531   B1-331-64
25756   57943   0.5471469   B1-2-144
23928   58814   0.6919746   B1-320-62
25785   57524   0.5369968   B1-331-P71
22807   58966   0.7031141   B1-D2-458
25793   57622   0.5386673   B1-D3-471
22871   59003   0.6476586   G94-44
21073   59678   0.3114   B1-1-P50
21558   59574   0.3114   B1-1-P52
22061   59449   0.3114   B1-1-P54
22524   59357   0.3114   B1-1-P56
23018   59194   0.3114   B1-1-P58
23494   59074   0.3114   B1-1-P60
23974   58948   0.3114   B1-1-P62
24941   58709   0.3114   B1-1-P66
25403   58573   0.3114   B1-1-P68
25869   58431   0.3114   B1-1-P70
20947   59222   0.3114   B1-2-P134
21420   59091   0.3114   B1-2-P135
21904   58982   0.3114   B1-2-P136
24804   58221   0.3114   B1-2-P142
25778   57975   0.3114   B1-2-P144
21226   59142   0.3114   B1-2-P35
21679   59030   0.3114   B1-2-P36
22155   58918   0.3114   B1-2-P37
22636   58785   0.3114   B1-2-P38
23602   58530   0.3114   B1-2-P40
24078   58414   0.3114   B1-2-P41
24577   58284   0.3114   B1-2-P42
25080   58156   0.3114   B1-2-P43
25537   58028   0.3114   B1-2-P44
20572   58649   0.3114   B1-3-48
21155   58497   0.3114   B1-3-50
21445   58423   0.3114   B1-3-51
24071   57739   0.3114   B1-3-60
24721   57569   0.3114   B1-3-62
24940   57525   0.3114   B1-3-63
25252   57445   0.3114   B1-3-64
25525   57379   0.3114   B1-3-65
22786   58052   0.3114   B1-3-D55
23066   58007   0.3114   B1-3-D56
20763   59545   0.3114   B1-D2-P52
21013   59462   0.3114   B1-D2-P53
21234   59400   0.3114   B1-D2-P54
21484   59335   0.3114   B1-D2-P55
21741   59292   0.3114   B1-D2-P56
21968   59206   0.3114   B1-D2-P57
22225   59140   0.3114   B1-D2-P58
22935   58969   0.3114   B1-D2-P61
23174   58894   0.3114   B1-D2-P62
23421   58843   0.3114   B1-D2-P63
23918   58711   0.3114   B1-D2-P65
24139   58654   0.3114   B1-D2-P66
24654   58496   0.3114   B1-D2-P68
24882   58459   0.3114   B1-D2-P69
25123   58399   0.3114   B1-D2-P70
25363   58324   0.3114   B1-D2-P71
25605   58278   0.3114   B1-D2-P72
20626   58987   0.3114   B1-D3-P55
20859   58926   0.3114   B1-D3-P56
21105   58847   0.3114   B1-D3-P57
21611   58709   0.3114   B1-D3-P59
21831   58677   0.3114   B1-D3-P60
23042   58364   0.3114   B1-D3-P65
24015   58124   0.3114   B1-D3-P69
24499   57995   0.3114   B1-D3-P71
24747   57921   0.3114   B1-D3-P72
24964   57869   0.3114   B1-D3-P73
25217   57807   0.3114   B1-D3-P74
20878.66015625   60014.87890625   0.3114   B1-311-SP68
19758.8671875   593711.9375   0.3114   
251815.28125   593711.9375   0.3114   
22880   59232   0.7095   B1-1-458
26044   58285   0.7095   B1-1-71
22436   58629   0.7095   B1-30-557
22992   59267   0.7095   B1-311-58
23243   59228   0.7095   B1-311-59
25877   58526   0.7095   B1-311-70
26105   58455   0.7095   B1-311-71
21659   58530   0.7095   B1-31-554
21885   58475   0.7095   B1-31-555
23861   57963   0.7095   B1-31-563
23127   58730   0.7095   B1-321-59
22575   58595   0.7095   B1-330-57
21772   58508   0.7095   B1-331-54
22501   58362   0.7095   B1-331-57
23849   58012   0.7095   B1-331-P63
21729   58347   0.7095   B1-3-52
21570   58369   0.7095   B1-3-D51
22453   58153   0.7095   B1-3-D54
23899   57802   0.7095   B1-3-D59
21876   58292   0.7095   B1-3-F52
22160   58217   0.7095   B1-3-F53
22612   58092   0.7095   B1-3-F55
22396   58224   0.7095   B1-3-P261
23882   58111   0.7095   B1-D3-463
22524   58458   0.7095   B1-D3-63
21781   58328   0.7095   G100-41
22908   58394   0.7095   G98-45
22592   58434   0.7095   G98-F44
22382   58805   0.7095   B1-2-137
23255   58712   0.7095   B1-21-560
23097   58644   0.7095   B1-2-39
22983   58639   0.7095   B1-2-459
23128   58636   0.7095   B1-2-P39
22613   58277   0.7095   B1-31-558
23276   58737   0.7095   B1-321-P60
22342   58678   0.7095   B1-330-56
22725   58255   0.7095   B1-331-58
22642   58329   0.7095   B1-331-P58
22864   58283   0.7095   B1-331-P59
22607   58121   0.7095   B1-3-55
22580   58163   0.7095   B1-3-P262
22654   58427   0.7095   B1-D3-458
22895   58371   0.7095   B1-D3-459
22783   58390   0.7095   B1-D3-64
22562   58494   0.7095   B1-D3-P63
22798   58429   0.7095   B1-D3-P64
22655   58111   0.7095   G100-44
23082   58675   0.7095   G96-45
22620   58434   0.7095   G98-44
23332   59070   0.7095   B1-1-460
22869   58692   0.7095   B1-2-138
22797   58867   0.7095   B1-21-558
22772   58841   0.7095   B1-21-M558
22742   58719   0.7095   B1-2-458
22887   58722   0.7095   B1-2-P138
22649   58855   0.7095   B1-321-57
22770   58875   0.7095   B1-321-P58
22819   58547   0.7095   B1-330-58
22791   58708   0.7095   G96-44
21032   59688   0.3114   B1-1-050
21326   59567   0.4066963   B1-1-051
21562   59539   0.3114   B1-1-052
22998   59141   0.367382   B1-1-058
23268   59116   0.5567663   B1-1-059
23478   59043   0.3484373   B1-1-060
24711   58688   0.4016307   B1-1-065
21156   59634   0.3615001   B1-1-451
21392   59560   0.3925791   B1-1-452
21887   59474   0.3114   B1-1-454
23086   59128   0.337921   B1-1-459
23567   59011   0.4463281   B1-1-461
24804   58686   0.3838359   B1-1-466
25234   58549   0.3785937   B1-1-468
21510   59546   0.3167555   B1-1-52
23415   59061   0.5440969   B1-1-60
24042   58440   0.3439859   B1-2-041
25083   58122   0.3123955   B1-2-043
21166   59494   0.3601377   B1-20-551
21372   59459   0.3761097   B1-20-552
23113   59036   0.3858491   B1-20-559
23346   58918   0.4624482   B1-20-560
23568   58896   0.4367373   B1-20-561
23823   58448   0.4961121   B1-2-140
24305   58315   0.533956   B1-2-141
23972   58528   0.4301122   B1-21-563
24217   58463   0.5099136   B1-21-564
24704   58322   0.3128149   B1-2-42
25055   58132   0.3164549   B1-2-43
22506   58778   0.4737829   B1-2-457
23691   58482   0.4582878   B1-2-462
23939   58406   0.4182796   B1-2-463
24186   58350   0.5452262   B1-2-464
24409   58260   0.4756396   B1-2-465
24958   58133   0.33799   B1-2-467
25643   57974   0.4453462   B1-2-470
23845   58463   0.4869925   B1-2-P140
24332   58354   0.5235568   B1-2-P141
21732   58828   0.4505497   B1-30-554
23938   58251   0.4244662   B1-30-563
24155   58197   0.5192788   B1-30-564
22467   58626   0.6333858   B1-30-F557
20822   59847   0.3114   B1-311-49
21065   59770   0.3114   B1-311-50
21262   59719   0.3770671   B1-311-51
21533   59653   0.3252754   B1-311-52
21775   59589   0.3140675   B1-311-53
22023   59531   0.3114   B1-311-54
22545   59383   0.3482363   B1-311-56
24938   58768   0.3187841   B1-311-66
25159   58707   0.3771111   B1-311-67
25391   58643   0.3260513   B1-311-68
21015   59547   0.3114   B1-320-50
21255   59509   0.3876339   B1-320-51
21512   59452   0.3201829   B1-320-52
22505   59168   0.5369524   B1-320-56
23217   58979   0.3893353   B1-320-59
23425   58933   0.4092937   B1-320-60
24159   58754   0.4205094   B1-320-63
24678   58622   0.3911596   B1-320-65
25115   58491   0.3683446   B1-320-67
21399   59484   0.3787039   B1-320-P52
22874   59101   0.6184623   B1-320-P58
24794   58605   0.3800337   B1-320-P66
25743   58352   0.4358905   B1-320-P70
21138   59558   0.3726728   B1-320-SP51
23346   58974   0.5467828   B1-320-SP60
23866   58555   0.4713573   B1-321-62
24103   58488   0.4108852   B1-321-63
24348   58417   0.4963381   B1-321-64
24826   58272   0.3114   B1-321-66
25077   58203   0.3114   B1-321-67
24002   58555   0.4251981   B1-321-P63
24249   58512   0.5010365   B1-321-P64
24742   58366   0.3229162   B1-321-P66
25690   58122   0.4412545   B1-321-P70
24032   58225   0.3903472   B1-330-63
24260   58150   0.5161418   B1-330-64
24514   58081   0.3262598   B1-330-65
24416   58174   0.4276911   B1-330-P65
24886   58056   0.3579299   B1-330-P67
25132   57978   0.348474   B1-330-P68
21081   58743   0.3114   B1-331-51
21318   58621   0.3114   B1-331-52
21703   58552   0.7095   B1-331-P54
21292   58455   0.3114   B1-3-D50
21132   58546   0.3114   B1-3-P255
21295   58528   0.3114   B1-3-P256
24855   57551   0.3114   B1-3-SP273
24010   58639   0.4144003   B1-D2-463
24255   58587   0.4406576   B1-D2-464
24734   58444   0.355413   B1-D2-466
25221   58343   0.3114   B1-D2-468
21219   59367   0.3114   B1-D2-54
22443   59061   0.5039897   B1-D2-59
24143   58622   0.3482008   B1-D2-66
25835   58184   0.5272234   B1-D2-73
24114   58025   0.5608527   B1-D3-464
24354   57957   0.5253683   B1-D3-465
24239   58018   0.607441   B1-D3-70
24253   58062   0.5328176   B1-D3-P70
21205   58491   0.3114   G100-39
21119   59440   0.3191543   G94-38
21704   59300   0.3127081   G94-40
23151   58933   0.3114   G94-45
22477   58781   0.4966964   G96-43
24676   58212   0.3191949   B1-2-466
21002   59016   0.3756374   B1-30-551
21189   59236   0.3260702   B1-321-51
21703   59120   0.324347   B1-321-53
21030   59058   0.3948803   B1-330-SP51
20943   58866   0.3212769   G98-38
24553   58751   0.455887   B1-1-465
25725   58456   0.3922316   B1-1-470
25801   58450   0.3417362   B1-1-70
21095   59146   0.3896788   B1-2-035
22628   58714   0.4237219   B1-2-038
23023   58782   0.6271036   B1-21-559
22623   58747   0.3481712   B1-2-38
24069   58379   0.3412916   B1-2-41
20763   59068   0.3585016   B1-30-550
22695   58567   0.6249164   B1-30-558
24692   58830   0.4193402   B1-311-65
23077   59021   0.3688022   B1-320-P59
24318   58734   0.4680203   B1-320-P64
24550   58666   0.4124483   B1-320-P65
22886   58800   0.5142667   B1-321-58
23038   58807   0.5501248   B1-321-P59
20877   59045   0.3648175   B1-330-50
25015   57976   0.327329   B1-330-67
20623   59116   0.3533719   B1-330-J49
20792   59097   0.3803205   B1-330-P50
22722   58607   0.508269   B1-330-P58
22325   59089   0.3932644   B1-D2-456
23052   58900   0.369469   B1-D2-459
22933   58935   0.3270522   B1-D2-61
20655   58972   0.3310533   B1-D3-M55
21051   59166   0.4044457   G96-38
24432   58796   0.5285649   B1-1-064
20997   59168   0.4064522   B1-2-451
24401   58701   0.4742093   B1-320-64
25274   58494   0.3472538   B1-320-P68
24574   58337   0.3412855   B1-321-65
21118   59293   0.376556   B1-321-P51
21816   59132   0.3485722   B1-321-P54
24498   58417   0.42665   B1-321-P65
24498   58526   0.4405008   B1-D2-465
23895   58686   0.383679   B1-D2-65
24398   58596   0.4716103   B1-D2-67
24625   58495   0.3242423   B1-D2-68
24428   58565   0.4648214   B1-D2-P67
21691   58690   0.3730724   B1-D3-454
21814   58650   0.3908676   B1-D3-60
25630   58463   0.4062793   B1-1-069
25318   58589   0.3375338   B1-1-68
25652   58485   0.404758   B1-1-69
21895   58938   0.339069   B1-2-136
21795   59089   0.3157202   B1-21-554
23489   58658   0.4828281   B1-21-561
23723   58607   0.504913   B1-21-562
22048   58888   0.3354526   B1-2-455
23469   58550   0.5279692   B1-2-461
23362   58575   0.6624465   B1-2-P139
22172   58967   0.3184873   B1-321-55
23376   58664   0.6170717   B1-321-60
23608   58623   0.4294951   B1-321-61
23507   58685   0.4633496   B1-321-P61
23763   58615   0.5109213   B1-321-P62
21864   58802   0.4177389   B1-330-54
21762   58846   0.448267   B1-330-P54
23536   58776   0.433497   B1-D2-461
23781   58715   0.5149736   B1-D2-462
21969   59176   0.3186528   B1-D2-57
23413   58810   0.3811457   B1-D2-63
23660   58742   0.510602   B1-D2-64
23666   58771   0.5142072   B1-D2-P64
20981   58856   0.3186132   B1-D3-451
20914   59711   0.396044   B1-1-450
25478   58528   0.3377239   B1-1-469
20987   59705   0.3458138   B1-1-50
21094   59296   0.3751648   B1-21-M551
21954   58762   0.4373308   B1-30-555
25591   58374   0.3652025   B1-320-69
25509   58422   0.3850945   B1-320-P69
21591   59192   0.4053759   B1-321-P53
25721   57798   0.4403435   B1-330-70
21986   58803   0.4424869   B1-330-P55
25614   57851   0.4439087   B1-330-P70
24975   57732   0.3284389   B1-331-67
25202   57654   0.3362941   B1-331-68
25433   57618   0.3884178   B1-331-69
25673   57521   0.4858847   B1-331-70
25058   57712   0.3173355   B1-331-P68
25306   57635   0.358047   B1-331-P69
25553   57586   0.4233573   B1-331-P70
21098   59375   0.3252371   B1-D2-451
21594   59285   0.3649615   B1-D2-453
24868   58435   0.3145351   B1-D2-69
25096   57785   0.3193721   B1-D3-468
25567   57670   0.4334262   B1-D3-470
20846   58896   0.3379341   B1-D3-56
24991   57821   0.3162677   B1-D3-73
25450   57714   0.4158156   B1-D3-75
25690   57654   0.4788929   B1-D3-76
25701   57685   0.4828258   B1-D3-P76
20832   59734   0.4114905   B1-1-49
24929   58668   0.316492   B1-1-66
20905   59565   0.3788956   B1-20-550
21888   59322   0.3717051   B1-20-554
20904   59189   0.3478049   B1-2-134
21085   59275   0.3825798   B1-21-551
21156   59126   0.3335533   B1-2-35
20797   59216   0.3997059   B1-2-450
21277   59099   0.314141   B1-2-452
20761   59641   0.3691031   B1-320-49
24905   58573   0.3280865   B1-320-66
20922   59589   0.3824607   B1-320-P50
22314   58995   0.4288802   B1-321-P56
20919   58764   0.3551773   B1-331-P51
20883   59420   0.353551   B1-D2-450
20830   59522   0.361302   G94-37
21408   59370   0.3191219   G94-39
20769   59235   0.4147605   G96-37
22384   59355   0.3972409   B1-1-055
25129   58581   0.4054737   B1-1-067
25350   58567   0.3160574   B1-1-068
22136   59384   0.314552   B1-1-455
25149   58614   0.4060977   B1-1-X67
22096   58828   0.3963371   B1-2-037
22352   59211   0.4098964   B1-20-556
25283   58067   0.375362   B1-2-143
22136   58874   0.3526013   B1-2-37
23581   58505   0.3837376   B1-2-40
21527   59036   0.4157707   B1-2-453
25143   58105   0.3118792   B1-2-468
25305   58095   0.3582368   B1-2-P143
22278   59442   0.3312608   B1-311-55
22253   59259   0.3375347   B1-320-55
25340   58428   0.3229274   B1-320-68
22388   59230   0.424062   B1-320-P56
25300   58148   0.3316761   B1-321-68
24974   58321   0.3183697   B1-321-P67
21102   58987   0.3563801   B1-330-51
22102   58717   0.457405   B1-330-55
21352   59350   0.3168433   B1-D2-452
21860   59256   0.3144136   B1-D2-454
23304   58800   0.577289   B1-D2-460
24987   58409   0.3562119   B1-D2-467
23190   58870   0.3871656   B1-D2-62
25210   57775   0.320979   B1-D3-74
22337   59162   0.4048394   G94-42
21788   59473   0.3248921   B1-1-053
22044   59424   0.3139295   B1-1-054
21671   59498   0.3450486   B1-1-453
25048   58624   0.3886656   B1-1-467
21820   59537   0.3189984   B1-1-53
22267   59360   0.3568893   B1-1-55
23586   58433   0.5129433   B1-2-040
21628   59391   0.3511955   B1-20-553
21557   59141   0.3961208   B1-21-553
25508   58006   0.3179115   B1-2-44
21771   58975   0.3294388   B1-2-454
22274   58844   0.51594   B1-2-456
22202   58697   0.4946335   B1-30-556
25641   58588   0.3896122   B1-311-69
21758   59385   0.3301362   B1-320-53
22012   59324   0.3188782   B1-320-54
22961   59049   0.406253   B1-320-58
21655   59429   0.3459855   B1-320-P53
21904   59373   0.3520025   B1-320-P54
25017   58546   0.3846814   B1-320-P67
25253   57926   0.3671424   B1-330-68
25494   57861   0.3943658   B1-330-69
22231   58740   0.5120794   B1-330-P56
24660   58102   0.3375555   B1-330-P66
25356   57920   0.3494182   B1-330-P69
20993   59421   0.3185919   B1-D2-53
21478   59302   0.3180924   B1-D2-55
25340   57749   0.3637378   B1-D3-469
25449   57742   0.4048764   B1-D3-P75
22243   58846   0.4658222   G96-42
25828   58434   0.3170695   B1-1-070
24544   58249   0.3432156   B1-2-042
20945   58710   0.3530578   B1-31-551
21921   58524   0.6587187   B1-331-P55
22163   58468   0.5331566   B1-331-P56
21939   58618   0.4725873   B1-D3-455
22186   58572   0.5178434   B1-D3-456
22040   58589   0.521513   B1-D3-61
22067   58623   0.50787   B1-D3-P61
21913   58908   0.3786901   G96-41
21864   58636   0.4177505   G98-41
22182   58608   0.513779   G98-42
22255   58524   0.5585874   S117
21401   59067   0.337015   B1-2-135
20830   59350   0.3573213   B1-21-550
21368   59053   0.3467018   B1-2-M135
21282   58945   0.3696114   B1-30-552
21489   58889   0.3975632   B1-30-553
20843   59373   0.3549169   B1-321-P50
21373   58929   0.4012611   B1-330-52
21264   58967   0.3617141   B1-330-P52
21519   58910   0.4040572   B1-330-P53
21436   58641   0.3312263   B1-331-P53
25732   58206   0.4535073   B1-D2-470
25605   58240   0.3337739   B1-D2-72
21237   58774   0.3394235   B1-D3-452
21455   58756   0.3585883   B1-D3-453
21351   58788   0.3556797   B1-D3-58
21575   58713   0.3275413   B1-D3-59
21353   58813   0.3620642   B1-D3-P58
21348   59078   0.3320543   G96-39
21602   59003   0.3942718   G96-40
21281   58772   0.3358337   G98-39
21526   58751   0.3469625   G98-40
25541   57998   0.3461951   B1-2-044
22294   58964   0.4326295   B1-21-556
20700   59363   0.3864242   B1-321-49
25548   58092   0.3405615   B1-321-69
20749   59499   0.3213591   B1-D2-52
20791   59508   0.3346083   B1-D2-M52
21635   58947   0.4089888   B1-2-036
21649   59001   0.3404692   B1-2-36
25407   58018   0.3286635   B1-2-469
21609   58854   0.4233378   B1-330-53
22429   59275   0.4227542   B1-1-456
21406   58580   0.3190378   B1-31-553
24778   58019   0.4017779   B1-330-66
21551   58614   0.4347152   B1-331-53
21051   58519   0.3188137   B1-3-D49
22542   59331   0.3699012   B1-1-056
22496   59333   0.354188   B1-1-56
22956   59175   0.5033141   B1-1-58
24868   58162   0.3283804   B1-2-142
22020   58500   0.55   B1-331-55
22468   59081   0.5201769   B1-D2-P59
24320   57852   0.5072154   B1-31-565
24567   57779   0.433008   B1-31-566
24461   57844   0.4252191   B1-331-65
24350   57903   0.5174953   B1-331-P65
24583   57834   0.453502   B1-331-P66
24380   57642   0.3277386   B1-3-61
24223   57691   0.334096   B1-3-D60
24567   57625   0.3574514   B1-3-D61
24193   57760   0.3792401   B1-3-P270
24409   57699   0.3651419   B1-3-SP271
24647   57651   0.3463971   B1-3-SP272
24620   57881   0.4494296   B1-D3-466
24481   57958   0.3598327   B1-D3-71
23474   59139   0.4421044   B1-311-60
21513   58457   0.5145175   B1-3-P257
24003   58076   0.4758939   B1-D3-69
21496   58410   0.5001178   G100-40
23672   58890   0.55   B1-320-61
24089   57966   0.55   B1-331-P64
24843   57758   0.3143482   B1-331-P67
23980   57820   0.6411704   B1-3-P269
24866   57851   0.3253654   B1-D3-467
24746   57871   0.3685071   B1-D3-72
20748   59773   0.3122593   B1-1-049
20668   59225   0.3785237   B1-2-034
20662   59267   0.3785206   B1-2-34
20698   59251   0.3930385   B1-2-P34
20609   58953   0.3143724   B1-D3-55
20799   58750   0.3385553   B1-331-50
20708   58834   0.3281002   B1-331-P50
20726   58930   0.3433953   B1-D3-450
20661   58942   0.3250512   G98-37
20692   58780   0.3214894   B1-31-550
20871   58569   0.3273877   B1-3-49
20717   58608   0.3183058   B1-3-D48
20697   58660   0.3182257   B1-3-P253
20619   58641   0.312836   G100-37
20900   58570   0.330894   G100-38
24716   57728   0.3495142   B1-331-S66
21459   58393   0.4031925   B1-3-F51
20559   58872   0.3114   B1-331-49
21202   58706   0.3114   B1-331-SP52
21126   58822   0.3114   B1-D3-57
21213   58649   0.3114   B1-31-552
21432   59166   0.3114   B1-321-52
25467   58194   0.3114   B1-321-P69
25458   58274   0.3114   B1-D2-469
21304   59213   0.3114   B1-21-552
21347   59246   0.3114   B1-321-P52
20928   59307   0.3114   B1-321-50
25344   58312   0.3114   B1-D2-71
22106   59280   0.3114   B1-20-555
22142   59295   0.3114   B1-320-P55
25382   57406   0.3114   B1-3-D64
21720   59270   0.3114   B1-D2-56
25111   58376   0.3114   B1-D2-70
21995   59430   0.3114   B1-1-54
22065   59016   0.3114   B1-21-555
21933   59058   0.3114   B1-321-54
22070   59061   0.3114   B1-321-P55
22201   59120   0.3114   B1-D2-58
25226   58268   0.3114   B1-321-P68
22077   59164   0.3114   B1-D2-455
21982   59225   0.3114   G94-41
25105   57471   0.3114   B1-3-D63
25091   57562   0.3114   B1-3-P274
