23833.75   58474.75   0.3129003   
23844.5   58501.5   0.4037282   
23855.25   58528.25   0.4256539   
23802.25   58675   0.3129003   
23823.5   58635   0.3889071   
23844.75   58595   0.4079872   
24073.75   58605.25   0.3129003   
24004.5   58588.5   0.3888974   
23935.25   58571.75   0.4079763   
23790   58456.5   0.3963717   
23757   58465   0.4538406   
23724   58473.5   0.484423   
23815.75   58409.75   0.4513754   
23808.5   58371.5   0.5398106   
23801.25   58333.25   0.594607   
23785.75   57938.75   0.4518055   
23788.5   58057.5   0.5405251   
23791.25   58176.25   0.5956887   
23852   58437.5   0.3485525   
23881   58427   0.423952   
23910   58416.5   0.4484338   
24358.25   58496   0.3129003   
24218.5   58466   0.3969458   
24078.75   58436   0.4173375   
24092   58568   0.3129003   
24041   58514   0.3947005   
23990   58460   0.4146288   
23485   58849.5   0.3129003   
23434   58923   0.3851945   
23383   58996.5   0.4039026   
23332   59070   0.4088579   B1-1-460
23225.5   58920   0.3129003   
23261   58970   0.3851945   
23296.5   59020   0.4039026   
23570   58804.5   0.3129003   
23604   58833   0.3851156   
23638   58861.5   0.4038159   
23753.75   58758.75   0.3129003   
23726.5   58802.5   0.3851216   
23699.25   58846.25   0.4038225   
24149   58954.5   0.3129003   
24114   58939   0.386732   
24079   58923.5   0.4055916   
24339   58899   0.3507745   
24494   58828   0.4292169   
24649   58757   0.4551171   
24804   58686   0.461522   B1-1-466
24751.5   58504.5   0.350284   
24769   58565   0.4280165   
24786.5   58625.5   0.4535924   
24829.25   58455.75   0.3129003   
24924.5   58467.5   0.3853068   
25019.75   58479.25   0.404026   
25115   58491   0.4089858   B1-320-67
25112   58404.75   0.3129003   
25113   58433.5   0.3853002   
25114   58462.25   0.4040187   
20985.75   59393.75   0.4618339   
20958.5   59325.5   0.5571278   
20931.25   59257.25   0.6254114   
20870.25   58991.75   0.4161179   
20881.5   59057.5   0.4832364   
20892.75   59123.25   0.5207711   
21985   58834.5   0.3380929   
22075   58731   0.4169094   
22165   58627.5   0.4403386   
22180   58819.5   0.3129003   
22205   58721   0.3884243   
22230   58622.5   0.4074506   
21658   58425.75   0.3129003   
21857   58458.5   0.3897342   
22056   58491.25   0.408915   
22114   58598.25   0.3129003   
22161   58573.5   0.3884243   
22208   58548.75   0.4074506   
22298.5   58554   0.3129003   
22284   58544   0.3884243   
22269.5   58534   0.4074507   
22459.75   58742.75   0.4618339   
22524.5   58637.5   0.5571278   
22589.25   58532.25   0.6254114   
22640.5   58695.5   0.4618339   
22645   58606   0.5571278   
22649.5   58516.5   0.6254114   
22585   58477.25   0.4106119   
22608   58460.5   0.4752303   
22631   58443.75   0.5104034   
23400.25   58587   0.4321561   
23469.5   58599   0.5084735   
23538.75   58611   0.5517151   
23769.25   58491.75   0.3869373   
23715.5   58535.5   0.439959   
23661.75   58579.25   0.4683276   
23554   58737.75   0.3129003   
23572   58699.5   0.4071364   
23590   58661.25   0.4295294   
23737.75   58692   0.3129003   
23694.5   58669   0.4071364   
23651.25   58646   0.4295294   
23776.25   58378.5   0.3865723   
23729.5   58309   0.4394745   
23682.75   58239.5   0.4677324   
23516.75   57963.75   0.3129003   
23556.5   58032.5   0.393762   
23596.25   58101.25   0.4135022   
23746.25   57907.5   0.3129003   
23709.5   57995   0.3937619   
23672.75   58082.5   0.413502   
23600.75   57951.75   0.3129003   
23612.5   58024.5   0.3937619   
23624.25   58097.25   0.413502   
23883.75   57952.5   0.4618339   
23984.5   58085   0.5571278   
24085.25   58217.5   0.5514815   
23837.75   58363.75   0.4422482   
23852.5   58279.5   0.5250891   
23867.25   58195.25   0.5731133   
23807.75   57892.75   0.4363268   
23832.5   57965.5   0.5153718   
23857.25   58038.25   0.5606329   
24475.75   58459.5   0.3129003   
24453.5   58393   0.3863158   
24431.25   58326.5   0.4051344   
24652.75   58398   0.3129003   
24571.5   58352   0.4006018   
24490.25   58306   0.4219925   
24474   58050   0.3129003   
24434   58019   0.3976699   
24394   57988   0.4182594   
24354   57957   0.4239813   B1-D3-465
24540.5   58031   0.3756313   
24567   57981   0.4328693   
24593.5   57931   0.459666   
24620   57881   0.473584   B1-D3-466
24916.25   57952.25   0.3980719   
24817.5   57928.5   0.4564158   
24718.75   57904.75   0.4874515   
24580.25   57689   0.3726936   
24593.5   57753   0.4324873   
24606.75   57817   0.4591916   
24705.5   58303.25   0.3627666   
24677   58162.5   0.4311967   
24648.5   58021.75   0.4575886   
24845.5   58126.25   0.3883288   
24823   58090.5   0.4418268   
24800.5   58054.75   0.4706177   
24778   58019   0.4521167   B1-330-66
24955.75   57986.75   0.3465478   
24896.5   57997.5   0.419223   
24837.25   58008.25   0.4428869   
24745   58337.75   0.3129003   
24756   58231.5   0.4013765   
24767   58125.25   0.4229305   
24936.75   58147.75   0.3129003   
25005.5   58133.5   0.4135947   
25074.25   58119.25   0.4367118   
25047   58008.25   0.3129003   
25079   58040.5   0.3882596   
25111   58072.75   0.4072697   
25187.25   57766.75   0.3129003   
25172.5   57879.5   0.3883637   
25157.75   57992.25   0.407384   
25119   58308.25   0.3129003   
25127   58240.5   0.3882614   
25135   58172.75   0.4072716   
25035.25   57928.25   0.3129003   
25055.5   57880.5   0.3996061   
25075.75   57832.75   0.4207247   
25096   57785   0.4272916   B1-D3-468
25175.5   57686.75   0.3129003   
25149   57719.5   0.4012815   
25122.5   57752.25   0.4228206   
25214.75   57722   0.3129003   
25227.5   57790   0.3949034   
25240.25   57858   0.4148724   
25253   57926   0.4205022   B1-330-68
25531.25   57889.25   0.3129003   
25568.5   57917.5   0.385391   
25605.75   57945.75   0.4041185   
25643   57974   0.4090811   B1-2-470
25709.75   58148   0.3129003   
25687.5   58090   0.3853784   
25665.25   58032   0.4041046   
25259.75   57645   0.3928221   
25317.5   57636   0.4483489   
25375.25   57627   0.4783586   
25433   57618   0.4885257   B1-331-69
25613   57545.25   0.3929384   
25553   57569.5   0.4485291   
25493   57593.75   0.4785643   
25445.75   57690   0.396411   
25441.5   57666   0.4539001   
25437.25   57642   0.484493   
25512.25   57813.25   0.359846   
25530.5   57765.5   0.4308169   
25548.75   57717.75   0.457117   
25567   57670   0.4665057   B1-D3-470
25646.5   57558.25   0.3656496   
25620   57595.5   0.4315715   
25593.5   57632.75   0.4580542   
25479.25   57703   0.3834065   
25508.5   57692   0.4353145   
25537.75   57681   0.4626573   
25550.75   57845.25   0.3129003   
25607.5   57829.5   0.3982831   
25664.25   57813.75   0.4190403   
25721   57798   0.4250088   B1-330-70
25889.75   57747   0.3129003   
25833.5   57764   0.3995261   
25777.25   57781   0.4206229   
25729.25   58104   0.3129003   
25726.5   58002   0.3977858   
25723.75   57900   0.418407   
25963.25   57790.25   0.3129003   
25980.5   57850.5   0.4134668   
25997.75   57910.75   0.4365702   
26015   57971   0.4392083   B1-321-71
25997   58073.75   0.3129003   
26003   58039.5   0.4075689   
26009   58005.25   0.430015   
25929.5   57774.5   0.3129003   
25913   57819   0.3858301   
25896.5   57863.5   0.4046008   
25880   57908   0.4095027   B1-2-471
25769   58131.5   0.3129003   
25806   58057   0.3857009   
25843   57982.5   0.4044589   
25918.25   58096.25   0.3129003   
25905.5   58033.5   0.3857009   
25892.75   57970.75   0.4044589   
25907.75   57703   0.3129003   
25869.5   57676   0.3983321   
25831.25   57649   0.4191027   
25793   57622   0.4249942   B1-D3-471
25703   57546.25   0.3129003   
25733   57571.5   0.3987067   
25763   57596.75   0.4195796   
25937.5   57681   0.3952232   
25929   57632   0.4520655   
25920.5   57583   0.4824831   
25912   57534   0.4917654   B1-331-71
25732.75   57524.25   0.3962583   
25792.5   57527.5   0.4536669   
25852.25   57530.75   0.4842266   
25005   57915   0.3474792   
24995   57854   0.4214994   
24985   57793   0.4454079   
24975   57732   0.4537002   B1-331-67
25145.25   57673.5   0.3482702   
25088.5   57693   0.4233179   
25031.75   57712.5   0.4476297   
24669   57651.75   0.3481569   
24771   57678.5   0.4230635   
24873   57705.25   0.4473072   
21920.25   59030.5   0.3129003   
21936.5   59079   0.3852109   
21952.75   59127.5   0.4039207   
21969   59176   0.4088771   B1-D2-57
21751.5   59066.5   0.3129003   
21824   59103   0.3852109   
21896.5   59139.5   0.4039207   
21968.25   59198.5   0.3129003   
21968.5   59191   0.3852109   
21968.75   59183.5   0.4039207   
23817.75   58739.75   0.3129003   
23854.5   58764.5   0.385187   
23891.25   58789.25   0.4038944   
24857.5   58189.5   0.3499763   
24847   58217   0.4272637   
24836.5   58244.5   0.4526359   
24757   58401   0.3129003   
24780   58358   0.3917118   
24803   58315   0.4111333   
25507.5   57918.75   0.3129003   
25521   57976.5   0.385694   
25534.5   58034.25   0.4044513   
25548   58092   0.4094276   B1-321-69
25686   58177.5   0.3129003   
25640   58149   0.385666   
25594   58120.5   0.4044206   
25141.75   58419.25   0.3468844   
25172.5   58462.5   0.4200456   
25203.25   58505.75   0.4437979   
25543   57809.25   0.3522543   
25592   57757.5   0.42983   
25641   57705.75   0.4558911   
25690   57654   0.4633461   B1-D3-76
25882   57711   0.3539342   
25818   57692   0.4300483   
25754   57673   0.4561624   
25677.25   57554.25   0.3550348   
25681.5   57587.5   0.4301915   
25685.75   57620.75   0.4563401   
23809.5   58707.75   0.3129003   
23838   58700.5   0.3851941   
23866.5   58693.25   0.4039022   
23895   58686   0.4088574   B1-D2-65
24081   58638   0.3129003   
24019   58654   0.3851941   
23957   58670   0.4039022   
24237.5   58876.5   0.3129003   
24291   58783   0.3855456   
24344.5   58689.5   0.4042882   
24473   58543.5   0.3129003   
24448   58561   0.3854855   
24423   58578.5   0.4042224   
24206.75   58615.5   0.3129003   
24270.5   58609   0.3854855   
24334.25   58602.5   0.4042224   
24460.5   58498.75   0.3129003   
24423   58471.5   0.3129003   
24385.5   58444.25   0.3881952   
22555.5   59328.25   0.3129003   
22587   59299.5   0.3853151   
22618.5   59270.75   0.4040352   
22926   59206   0.3129003   
22834   59218   0.3854352   
22742   59230   0.4041671   
22587   59084.5   0.3129003   
22608   59137   0.3853151   
22629   59189.5   0.4040352   
22513.5   59121.25   0.3129003   
22559   59161.5   0.3853152   
22604.5   59201.75   0.4040352   
22698.75   59087.5   0.3129003   
22682.5   59139   0.3853151   
22666.25   59190.5   0.4040352   
23351.5   58633.75   0.4618339   
23372   58692.5   0.5571278   
23392.5   58751.25   0.6254114   
23505.25   58784.5   0.4051751   
23474.5   58793   0.4669519   
23443.75   58801.5   0.5005929   
23245.75   58855   0.4117138   
23301.5   58840   0.4769233   
23357.25   58825   0.5124043   
23071.75   59172.75   0.3129003   
23125.5   59151.5   0.4008934   
23179.25   59130.25   0.4223639   
23200.75   58929.75   0.3129003   
23211.5   58989.5   0.4008934   
23222.25   59049.25   0.4223639   
23009.5   59004   0.4316731   
23084   59039   0.507691   
23158.5   59074   0.55071   
23544.5   58813.75   0.3129003   
23553   58851.5   0.3129003   
23561.5   58889.25   0.3881946   
23764.75   58782.5   0.3129003   
23748.5   58850   0.3851986   
23732.25   58917.5   0.4039071   
23716   58985   0.4088627   B1-1-61
25487.25   57944.25   0.3129003   
25480.5   58027.5   0.3857459   
25473.75   58110.75   0.4045084   
25467   58194   0.4094814   B1-321-P69
25665.75   58203   0.3129003   
25599.5   58200   0.3857153   
25533.25   58197   0.4044747   
25200   58330.5   0.3129003   
25289   58285   0.3857163   
25378   58239.5   0.4044758   
25459.5   57875.75   0.3129003   
25425   57890.5   0.3877374   
25390.5   57905.25   0.406696   
25240.5   57720.5   0.3129003   
25279   57787   0.3880321   
25317.5   57853.5   0.4070198   
25172.25   58262   0.4618339   
25233.5   58148   0.5571278   
25294.75   58034   0.6024036   
25426.5   57765.5   0.3129003   
25403   57817   0.3902612   
25379.5   57868.5   0.4095061   
23850.25   58409.5   0.4175215   
23877.5   58371   0.4853511   
23904.75   58332.5   0.523514   
24894.5   58201.75   0.3481914   
24921   58241.5   0.4231411   
24947.5   58281.25   0.4474055   
24794   58413.25   0.3129003   
24854   58382.5   0.3895214   
24914   58351.75   0.4086763   
25076.75   58362.25   0.3129003   
25042.5   58348.5   0.3895219   
25008.25   58334.75   0.4086769   
23808   58489.75   0.3129003   
23793   58531.5   0.4066866   
23778   58573.25   0.4290241   
23776.5   58690   0.3129003   
23772   58665   0.3906769   
23767.5   58640   0.4099725   
21959.5   59444   0.4618339   
21858   59439   0.5571278   
21756.5   59434   0.6254114   
21526.75   59358.5   0.3129003   
21569.5   59382   0.3852211   
21612.25   59405.5   0.4039319   
24804.75   58469.5   0.3129003   
24875.5   58495   0.3859115   
24946.25   58520.5   0.4046902   
25017   58546   0.4096992   B1-320-P67
25734.75   58242.5   0.3129003   
25737.5   58279   0.3847895   
25740.25   58315.5   0.4034576   
25712   58275.75   0.3129003   
25692   58345.5   0.3925534   
25672   58415.25   0.4120774   
25652   58485   0.4203605   B1-1-69
25246.25   58403.25   0.3129003   
25381.5   58430.5   0.3970244   
25516.75   58457.75   0.4174376   
24188.5   58943.25   0.3129003   
24193   58916.5   0.3864291   
24197.5   58889.75   0.4052589   
24157.75   58682.25   0.3129003   
24172.5   58742.5   0.3862138   
24187.25   58802.75   0.4050224   
24151.75   58926.75   0.3129003   
24119.5   58883.5   0.3853998   
24087.25   58840.25   0.4041281   
23849.5   58735.5   0.3129003   
23918   58756   0.3853696   
23986.5   58776.5   0.404095   
24121   58665.75   0.3129003   
24099   58709.5   0.3853637   
24077   58753.25   0.4040885   
21125.75   59659.25   0.4478261   
21178.5   59640.5   0.533927   
21231.25   59621.75   0.5860146   
21386   59219   0.4478261   
21352   59347   0.533927   
21318   59475   0.5860146   
21080.75   59497.25   0.4478261   
21148.5   59532.5   0.533927   
21216.25   59567.75   0.5860146   
21434   59402   0.3492366   
21384   59469   0.4254882   
21334   59536   0.4503815   
22000.75   59471   0.3129003   
21940.5   59493   0.3852   
21880.25   59515   0.4039087   
21820   59537   0.4088644   B1-1-53
22081.25   59410.5   0.3129003   
22101.5   59372   0.3588544   
22121.75   59333.5   0.391986   
21963.5   59060.25   0.3129003   
22023   59138.5   0.3827318   
22082.5   59216.75   0.4013375   
22151.75   59012.25   0.3129003   
22148.5   59106.5   0.382733   
22145.25   59200.75   0.4013388   
21841.25   59292.75   0.3129003   
21941.5   59293.5   0.3646153   
22041.75   59294.25   0.3924483   
22011.5   59228.25   0.3129003   
22055   59250.5   0.3648104   
22098.5   59272.75   0.392464   
22204.25   59178.75   0.3129003   
22183.5   59217.5   0.3541517   
22162.75   59256.25   0.3916087   
22112.5   59426.75   0.3129003   
22164   59404.5   0.400278   
22215.5   59382.25   0.4215803   
22459.75   59357.75   0.3554457   
22395.5   59358.5   0.4302449   
22331.25   59359.25   0.4564065   
22235.5   59195   0.3554457   
22246   59250   0.4302449   
22256.5   59305   0.4564065   
21430.5   59027.75   0.3823768   
21460   58988.5   0.4339723   
21489.5   58949.25   0.4610288   
21639   59000   0.3129003   
21599   58970   0.4003445   
21559   58940   0.4216649   
21492.75   59228.75   0.3885732   
21501.5   59122.5   0.4421661   
21510.25   59016.25   0.4710315   
21685.5   59196.5   0.4281083   
21630   59101   0.5023602   
21574.5   59005.5   0.5438545   
21394.5   58837.25   0.3129003   
21436   58861.5   0.4003176   
21477.5   58885.75   0.4216307   
21588   58759.25   0.3129003   
21565   58809.5   0.4003195   
21542   58859.75   0.421633   
21753   58735.25   0.3129003   
21675   58793.5   0.4003353   
21597   58851.75   0.4216531   
21861.75   58915   0.3504529   
21828.5   58892   0.42843   
21795.25   58869   0.4541175   
21699.75   58984   0.3129003   
21720.5   58938   0.3889081   
21741.25   58892   0.4079884   
21813.75   58719.25   0.3129003   
21796.5   58761.5   0.3889056   
21779.25   58803.75   0.4079856   
21990.75   58678.75   0.3129003   
21914.5   58734.5   0.3889024   
21838.25   58790.25   0.4079819   
23289.25   58556.25   0.3129003   
23247.5   58537.5   0.4002299   
23205.75   58518.75   0.4215189   
24275.5   58894   0.3129003   
24367   58818   0.4107267   
24458.5   58742   0.4335388   
24550   58666   0.4387982   B1-320-P65
24511   58561   0.3129003   
24524   58596   0.403537   
24537   58631   0.4254324   
24688   58499.5   0.3327683   
24642   58555   0.4162354   
24596   58610.5   0.4396015   
21012.75   59692   0.4537053   
20952.5   59706   0.5436773   
20892.25   59720   0.600603   
20967.75   59530   0.4563574   
20922.5   59598   0.5480548   
20877.25   59666   0.608319   
22956.5   59105.75   0.4276232   
22895   59017.5   0.5016077   
22833.5   58929.25   0.5429222   
23191.25   58641.5   0.3911998   
23051.5   58708   0.445836   
22911.75   58774.5   0.4754904   
22670   58799   0.3129003   
22704   58813   0.401316   
22738   58827   0.4228604   
22617.5   58984.25   0.3129003   
22669   58936.5   0.4013156   
22720.5   58888.75   0.4228599   
23085.5   58862.75   0.3129003   
22981   58855.5   0.4011076   
22876.5   58848.25   0.4226191   
22729.25   58987.25   0.3129003   
22743.5   58938.5   0.4013155   
22757.75   58889.75   0.4228599   
22894.25   58937   0.3129003   
22853.5   58905   0.4013163   
22812.75   58873   0.4228607   
22403.5   58245.75   0.3129003   
22503.25   58221.5   0.4049194   
22553.5   58290   0.4665729   
20643.75   58718.25   0.4380894   
20715.5   58787.5   0.5183575   
20787.25   58856.75   0.5644973   
23450.75   58171   0.5228606   
26021.75   57338.5   0.7095   
25945.5   57433   0.6552224   
23179.75   58099.5   0.4905978   
23174.5   58233   0.6147021   
23169.25   58366.5   0.5955999   
23249.25   58040.25   0.4612429   
25943   58384   0.55   B1-1-471
25869   58431   0.55   B1-1-P70
20662   59267   0.55   B1-2-34
23474   59139   0.55   B1-311-60
20945   58710   0.55   B1-31-551
21213   58649   0.55   B1-31-552
25956   58279   0.64   B1-320-CSP71
21081   58743   0.55   B1-331-51
25252   57445   0.55   B1-3-64
25525   57379   0.55   B1-3-65
21051   58519   0.55   B1-3-D49
24223   57691   0.55   B1-3-D60
25382   57406   0.55   B1-3-D64
24409   57699   0.55   B1-3-SP271
20981   58856   0.55   B1-D3-451
21237   58774   0.55   B1-D3-452
21126   58822   0.55   B1-D3-57
20623   59116   0.61025   B1-330-J49
21202   58706   0.5519993   B1-331-SP52
24380   57642   0.5762113   B1-3-61
20626   58987   0.6676177   B1-D3-P55
21105   58847   0.5468163   B1-D3-P57
19758.8671875   56737.22265625   0.5843162   
251815.28125   56737.22265625   0.4943362   
22961   58053   0.55   G100-45
21073   59678   0.3114   B1-1-P50
22061   59449   0.3114   B1-1-P54
22524   59357   0.3114   B1-1-P56
23018   59194   0.3114   B1-1-P58
21401   59067   0.3114   B1-2-135
21895   58938   0.3114   B1-2-136
23331   58575   0.3114   B1-2-139
23823   58448   0.3114   B1-2-140
24868   58162   0.3114   B1-2-142
20947   59222   0.3114   B1-2-P134
21420   59091   0.3114   B1-2-P135
21904   58982   0.3114   B1-2-P136
22395   58848   0.3114   B1-2-P137
21679   59030   0.3114   B1-2-P36
22155   58918   0.3114   B1-2-P37
22636   58785   0.3114   B1-2-P38
20572   58649   0.3114   B1-3-48
21729   58347   0.3114   B1-3-52
22023   58256   0.3114   B1-3-53
22607   58121   0.3114   B1-3-55
22907   58052   0.3114   B1-3-56
23185   57966   0.3114   B1-3-57
23477   57895   0.3114   B1-3-58
23783   57820   0.3114   B1-3-59
24071   57739   0.3114   B1-3-60
25825   57292   0.3114   B1-3-66
26098   57244   0.3114   B1-3-67
22453   58153   0.3114   B1-3-D54
23589   57879   0.3114   B1-3-D58
24567   57625   0.3114   B1-3-D61
21459   58393   0.3114   B1-3-F51
22160   58217   0.3114   B1-3-F53
24184   58970   0.3114   B1-311-63
24514   58081   0.3114   B1-330-65
25015   57976   0.3114   B1-330-67
25494   57861   0.3114   B1-330-69
25946   57730   0.3114   B1-330-71
25202   57654   0.3114   B1-331-68
25673   57521   0.3114   B1-331-70
22566   59032   0.3114   B1-D2-457
23536   58776   0.3114   B1-D2-461
23781   58715   0.3114   B1-D2-462
24498   58526   0.3114   B1-D2-465
24734   58444   0.3114   B1-D2-466
25732   58206   0.3114   B1-D2-470
25931   58159   0.3114   B1-D2-471
22201   59120   0.3114   B1-D2-58
23190   58870   0.3114   B1-D2-62
24143   58622   0.3114   B1-D2-66
25111   58376   0.3114   B1-D2-70
25991   58108   0.3114   B1-D2-F74
20763   59545   0.3114   B1-D2-P52
21013   59462   0.3114   B1-D2-P53
21484   59335   0.3114   B1-D2-P55
21741   59292   0.3114   B1-D2-P56
21968   59206   0.3114   B1-D2-P57
22225   59140   0.3114   B1-D2-P58
22468   59081   0.3114   B1-D2-P59
22715   59036   0.3114   B1-D2-P60
22935   58969   0.3114   B1-D2-P61
25450   57714   0.3114   B1-D3-75
20859   58926   0.3114   B1-D3-P56
21353   58813   0.3114   B1-D3-P58
21611   58709   0.3114   B1-D3-P59
21831   58677   0.3114   B1-D3-P60
22067   58623   0.3114   B1-D3-P61
22313   58564   0.3114   B1-D3-P62
22562   58494   0.3114   B1-D3-P63
20878.66015625   60014.87890625   0.3114   B1-311-SP68
19758.8671875   593711.9375   0.3114   
251815.28125   593711.9375   0.3114   
26080   58360   0.7095   B1-1-071
26044   58285   0.7095   B1-1-71
20668   59225   0.7095   B1-2-034
23419   58377   0.7095   B1-30-561
20822   59847   0.7095   B1-311-49
23243   59228   0.7095   B1-311-59
23702   59084   0.7095   B1-311-61
23944   59023   0.7095   B1-311-62
25159   58707   0.7095   B1-311-67
25877   58526   0.7095   B1-311-70
26105   58455   0.7095   B1-311-71
22814   58229   0.7095   B1-31-559
26048   58250   0.7095   B1-320-71
23435   58412   0.7095   B1-330-P61
21318   58621   0.7095   B1-331-52
22864   58283   0.7095   B1-331-P59
20871   58569   0.7095   B1-3-49
21155   58497   0.7095   B1-3-50
21292   58455   0.7095   B1-3-D50
22786   58052   0.7095   B1-3-D55
25105   57471   0.7095   B1-3-D63
22870   58038   0.7095   B1-3-F56
21132   58546   0.7095   B1-3-P255
21295   58528   0.7095   B1-3-P256
22757   58137   0.7095   B1-3-P263
24193   57760   0.7095   B1-3-P270
20900   58570   0.7095   G100-38
21205   58491   0.7095   G100-39
21281   58772   0.7095   G98-39
22975   58244   0.7095   B1-331-59
22971   58076   0.7095   B1-3-P264
23003   58331   0.7095   B1-D3-65
25828   58434   0.7095   B1-1-070
22847   59191   0.3803753   B1-1-057
24153   58873   0.3952773   B1-1-063
24432   58796   0.4248632   B1-1-064
24711   58688   0.4604203   B1-1-065
25129   58581   0.5122016   B1-1-067
25350   58567   0.4808932   B1-1-068
25630   58463   0.4079802   B1-1-069
23802   58953   0.4875709   B1-1-462
24298   58848   0.3537682   B1-1-464
24553   58751   0.4442088   B1-1-465
25048   58624   0.5228419   B1-1-467
22803   59221   0.3902564   B1-1-57
24388   58814   0.4146003   B1-1-64
24687   58732   0.458592   B1-1-65
24929   58668   0.5042961   B1-1-66
25318   58589   0.5031697   B1-1-68
24448   58826   0.4211365   B1-1-P64
24941   58709   0.5351301   B1-1-P66
25403   58573   0.4770867   B1-1-P68
25149   58614   0.5641024   B1-1-X67
23586   58433   0.5714324   B1-2-040
25541   57998   0.3984915   B1-2-044
22869   58692   0.4493676   B1-2-138
25756   57943   0.4101   B1-2-144
22065   59016   0.3260328   B1-21-555
22294   58964   0.3114   B1-21-556
21649   59001   0.3114   B1-2-36
24704   58322   0.3440201   B1-2-42
25508   58006   0.3876202   B1-2-44
25996   57879   0.4247517   B1-2-45
22048   58888   0.3194364   B1-2-455
23216   58605   0.3901776   B1-2-460
24676   58212   0.4085744   B1-2-466
24958   58133   0.3469795   B1-2-467
23845   58463   0.3281855   B1-2-P140
25778   57975   0.4056725   B1-2-P144
25537   58028   0.4038294   B1-2-P44
26013   57904   0.4320086   B1-2-P45
21282   58945   0.4033682   B1-30-552
23647   58304   0.4423516   B1-30-562
21775   59589   0.4066402   B1-311-53
22023   59531   0.3114   B1-311-54
22992   59267   0.3114   B1-311-58
24441   58903   0.3974233   B1-311-64
24692   58830   0.4573506   B1-311-65
24938   58768   0.5670624   B1-311-66
25391   58643   0.5367918   B1-311-68
21659   58530   0.3114   B1-31-554
22374   58322   0.3313531   B1-31-557
24320   57852   0.5503373   B1-31-565
24567   57779   0.447826   B1-31-566
22741   59123   0.3519057   B1-320-57
24401   58701   0.418952   B1-320-64
24678   58622   0.4472118   B1-320-65
24905   58573   0.4196397   B1-320-66
25340   58428   0.3802121   B1-320-68
25591   58374   0.401622   B1-320-69
23803   58872   0.3923494   B1-320-P62
24318   58734   0.3976114   B1-320-P64
24794   58605   0.4447629   B1-320-P66
25274   58494   0.4125313   B1-320-P68
25509   58422   0.4121217   B1-320-P69
22172   58967   0.3114   B1-321-55
22410   58914   0.3114   B1-321-56
25786   58034   0.3888899   B1-321-70
22314   58995   0.3114   B1-321-P56
24742   58366   0.3223796   B1-321-P66
25690   58122   0.3500306   B1-321-P70
21102   58987   0.5116488   B1-330-51
21373   58929   0.3695996   B1-330-52
23306   58473   0.4781887   B1-330-60
23576   58353   0.5619051   B1-330-61
21264   58967   0.4045082   B1-330-P52
23207   58495   0.4385245   B1-330-P60
23699   58350   0.4342936   B1-330-P62
24416   58174   0.3894978   B1-330-P65
25614   57851   0.392327   B1-330-P70
25865   57789   0.3759907   B1-330-P71
21030   59058   0.427509   B1-330-SP51
22251   58368   0.3643686   B1-331-56
24461   57844   0.4685872   B1-331-65
21703   58552   0.3131691   B1-331-P54
21921   58524   0.3627253   B1-331-P55
22399   58384   0.3310109   B1-331-P57
24350   57903   0.4807491   B1-331-P65
24583   57834   0.4628283   B1-331-P66
24843   57758   0.450368   B1-331-P67
25058   57712   0.4406814   B1-331-P68
25306   57635   0.4381741   B1-331-P69
25553   57586   0.4548473   B1-331-P70
25785   57524   0.4460302   B1-331-P71
24716   57728   0.4237741   B1-331-S66
21445   58423   0.3808451   B1-3-51
22319   58198   0.3114   B1-3-54
24721   57569   0.3680666   B1-3-62
24940   57525   0.5881999   B1-3-63
21570   58369   0.3114   B1-3-D51
21513   58457   0.3527246   B1-3-P257
22396   58224   0.3114   B1-3-P261
23658   57894   0.3114   B1-3-P267
25091   57562   0.5625502   B1-3-P274
24647   57651   0.3436091   B1-3-SP272
24855   57551   0.489567   B1-3-SP273
25221   58343   0.319697   B1-D2-468
25458   58274   0.4057043   B1-D2-469
22443   59061   0.3114   B1-D2-59
25344   58312   0.376325   B1-D2-71
25605   58240   0.3684014   B1-D2-72
23174   58894   0.3114   B1-D2-P62
23918   58711   0.3973753   B1-D2-P65
24139   58654   0.3114   B1-D2-P66
24654   58496   0.3460237   B1-D2-P68
25363   58324   0.3773174   B1-D2-P71
25605   58278   0.3706135   B1-D2-P72
21691   58690   0.3114   B1-D3-454
24866   57851   0.4482021   B1-D3-467
25340   57749   0.3787871   B1-D3-469
21575   58713   0.3114   B1-D3-59
23551   58231   0.5013545   B1-D3-67
24239   58018   0.4904046   B1-D3-70
24481   57958   0.4166239   B1-D3-71
24746   57871   0.4749715   B1-D3-72
24991   57821   0.4360256   B1-D3-73
25210   57775   0.3489682   B1-D3-74
25887   57603   0.4596067   B1-D3-77
23537   58256   0.5247364   B1-D3-P67
24499   57995   0.3881055   B1-D3-P71
24747   57921   0.4770863   B1-D3-P72
24964   57869   0.4122674   B1-D3-P73
25217   57807   0.3896964   B1-D3-P74
25449   57742   0.3184316   B1-D3-P75
25701   57685   0.4602313   B1-D3-P76
22365   58181   0.3114   G100-43
21913   58908   0.3274844   G96-41
22791   58708   0.4878699   G96-44
22368   58491   0.3357755   G98-43
21562   59539   0.3659589   B1-1-052
22880   59232   0.3461242   B1-1-458
21510   59546   0.3698779   B1-1-52
21558   59574   0.3540673   B1-1-P52
21635   58947   0.3536171   B1-2-036
24544   58249   0.4048135   B1-2-042
25283   58067   0.4068607   B1-2-143
22274   58844   0.3169322   B1-2-456
24409   58260   0.4118552   B1-2-465
25407   58018   0.3921593   B1-2-469
25305   58095   0.4035939   B1-2-P143
24577   58284   0.4109686   B1-2-P42
21512   59452   0.3409921   B1-320-52
23217   58979   0.372688   B1-320-59
21399   59484   0.3696588   B1-320-P52
25300   58148   0.3977673   B1-321-68
25226   58268   0.3444746   B1-321-P68
22231   58740   0.3655176   B1-330-P56
25132   57978   0.3837662   B1-330-P68
25356   57920   0.4168791   B1-330-P69
24223   57870   0.581453   B1-331-64
20749   59499   0.3503901   B1-D2-52
20791   59508   0.3614689   B1-D2-M52
24882   58459   0.3686232   B1-D2-P69
21814   58650   0.3133938   B1-D3-60
22040   58589   0.3243426   B1-D3-61
24253   58062   0.4608919   B1-D3-P70
22243   58846   0.3137262   G96-42
21326   59567   0.4123159   B1-1-051
21156   59634   0.3635228   B1-1-451
21887   59474   0.3878602   B1-1-454
21095   59146   0.3976747   B1-2-035
21166   59494   0.3851167   B1-20-551
21372   59459   0.3950902   B1-20-552
21085   59275   0.3730628   B1-21-551
21304   59213   0.3243616   B1-21-552
21094   59296   0.3719541   B1-21-M551
21156   59126   0.3896304   B1-2-35
21368   59053   0.3133309   B1-2-M135
21226   59142   0.3401935   B1-2-P35
21954   58762   0.3586737   B1-30-555
21262   59719   0.3957034   B1-311-51
21138   59558   0.3733413   B1-320-SP51
21189   59236   0.3720753   B1-321-51
21432   59166   0.3663998   B1-321-52
21703   59120   0.3274452   B1-321-53
21118   59293   0.3704762   B1-321-P51
21347   59246   0.3363017   B1-321-P52
21816   59132   0.3794601   B1-321-P54
22070   59061   0.3481928   B1-321-P55
21986   58803   0.3351002   B1-330-P55
21098   59375   0.3571292   B1-D2-451
21219   59367   0.4103765   B1-D2-54
24868   58435   0.3575507   B1-D2-69
21234   59400   0.4155272   B1-D2-P54
20830   59522   0.3978284   G94-37
21119   59440   0.3589427   G94-38
21408   59370   0.3478208   G94-39
21704   59300   0.3264876   G94-40
21051   59166   0.3793677   G96-38
21392   59560   0.3969062   B1-1-452
25083   58122   0.3977965   B1-2-043
21795   59089   0.3527201   B1-21-554
25055   58132   0.3878659   B1-2-43
23469   58550   0.4784735   B1-2-461
25143   58105   0.415174   B1-2-468
23362   58575   0.358893   B1-2-P139
24804   58221   0.4072149   B1-2-P142
25080   58156   0.4041532   B1-2-P43
21732   58828   0.4017004   B1-30-554
21533   59653   0.406815   B1-311-52
23572   58041   0.3885835   B1-31-562
24086   57905   0.4621898   B1-31-564
25077   58203   0.4001742   B1-321-67
21609   58854   0.4033164   B1-330-53
24260   58150   0.4804207   B1-330-64
24660   58102   0.4221475   B1-330-P66
24886   58056   0.3477471   B1-330-P67
23975   58002   0.4510148   B1-331-63
23610   58090   0.399894   B1-331-P62
23439   57955   0.3509913   B1-3-SP266
21602   59003   0.3697423   G96-40
23268   59116   0.4606192   B1-1-059
21284   59603   0.4207706   B1-1-51
23233   59109   0.4087783   B1-1-59
22596   59154   0.3900119   B1-20-557
23023   58782   0.3595231   B1-21-559
23489   58658   0.365846   B1-21-561
23097   58644   0.3999889   B1-2-39
21527   59036   0.3917722   B1-2-453
21771   58975   0.3369025   B1-2-454
23128   58636   0.40001   B1-2-P39
21489   58889   0.4082547   B1-30-553
23148   58473   0.4613784   B1-30-560
23164   58500   0.411047   B1-30-M560
21255   59509   0.4070178   B1-320-51
22505   59168   0.347706   B1-320-56
22616   59195   0.4045069   B1-320-P57
21933   59058   0.3440898   B1-321-54
22649   58855   0.3474212   B1-321-57
23127   58730   0.3560157   B1-321-59
23507   58685   0.3419728   B1-321-P61
21519   58910   0.4132261   B1-330-P53
20799   58750   0.5518563   B1-331-50
23491   58129   0.4656591   B1-331-61
22687   58998   0.3133854   B1-D2-60
23636   58170   0.4088881   B1-D3-462
22524   58458   0.3302411   B1-D3-63
23253   58313   0.5992532   B1-D3-P66
23082   58675   0.3938003   G96-45
22998   59141   0.3403914   B1-1-058
21671   59498   0.4091041   B1-1-453
22650   59242   0.4089934   B1-1-457
23086   59128   0.3355526   B1-1-459
22956   59175   0.3401378   B1-1-58
23079   58592   0.4321134   B1-2-039
21888   59322   0.3211775   B1-20-554
22842   59094   0.3796923   B1-20-558
23113   59036   0.3634817   B1-20-559
22530   58898   0.3311878   B1-21-557
22797   58867   0.4090373   B1-21-558
22772   58841   0.4111436   B1-21-M558
22742   58719   0.4575753   B1-2-458
22983   58639   0.4386628   B1-2-459
22887   58722   0.4577738   B1-2-P138
20763   59068   0.5366722   B1-30-550
21002   59016   0.4218087   B1-30-551
22986   58509   0.545125   B1-30-559
22958   58490   0.5680197   B1-30-M559
21065   59770   0.3317067   B1-311-50
22758   59330   0.3805039   B1-311-57
22961   59049   0.3619933   B1-320-58
21904   59373   0.3329771   B1-320-P54
22874   59101   0.3896989   B1-320-P58
23077   59021   0.3521034   B1-320-P59
22886   58800   0.4273966   B1-321-58
22557   58940   0.3224832   B1-321-P57
22770   58875   0.4082438   B1-321-P58
23038   58807   0.339951   B1-321-P59
20877   59045   0.3782648   B1-330-50
23065   58471   0.5327618   B1-330-59
22964   58537   0.5396137   B1-330-P59
20708   58834   0.5394047   B1-331-P50
21860   59256   0.3235875   B1-D2-454
22807   58966   0.3496602   B1-D2-458
20726   58930   0.5451226   B1-D3-450
22895   58371   0.6880187   B1-D3-459
22871   59003   0.31896   G94-44
22908   58394   0.6706392   G98-45
22384   59355   0.3481587   B1-1-055
22429   59275   0.3405991   B1-1-456
22267   59360   0.3927956   B1-1-55
22352   59211   0.3373421   B1-20-556
20904   59189   0.3787663   B1-2-134
23255   58712   0.4149168   B1-21-560
20797   59216   0.5307516   B1-2-450
20997   59168   0.3797823   B1-2-451
22278   59442   0.3590503   B1-311-55
25827   58313   0.473763   B1-320-70
22388   59230   0.3420402   B1-320-P56
25743   58352   0.3951654   B1-320-P70
21591   59192   0.3323038   B1-321-P53
20792   59097   0.5172979   B1-330-P50
21594   59285   0.3258915   B1-D2-453
21455   58756   0.3766483   B1-D3-453
20609   58953   0.6352302   B1-D3-55
21351   58788   0.4096732   B1-D3-58
22337   59162   0.3226686   G94-42
20943   58866   0.494632   G98-38
21526   58751   0.3167083   G98-40
23664   59002   0.4877338   B1-1-061
23567   59011   0.4820136   B1-1-461
25725   58456   0.4089328   B1-1-470
22496   59333   0.319467   B1-1-56
25801   58450   0.6425992   B1-1-70
23494   59074   0.503221   B1-1-P60
24155   58197   0.4808222   B1-30-564
21015   59547   0.354272   B1-320-50
23928   58814   0.4074351   B1-320-62
20922   59589   0.446574   B1-320-P50
24032   58225   0.5208498   B1-330-63
24175   58241   0.4894356   B1-330-P64
24089   57966   0.4603519   B1-331-P64
21352   59350   0.3957916   B1-D2-452
22077   59164   0.3681239   B1-D2-455
22325   59089   0.3132965   B1-D2-456
21478   59302   0.3188194   B1-D2-55
21720   59270   0.3136451   B1-D2-56
25837   58220   0.3655366   B1-D2-P73
22186   58572   0.392185   B1-D3-456
24114   58025   0.4561393   B1-D3-464
24003   58076   0.4446493   B1-D3-69
24015   58124   0.4799281   B1-D3-P69
22182   58608   0.372808   G98-42
20748   59773   0.5840462   B1-1-049
21032   59688   0.3663393   B1-1-050
21788   59473   0.4025185   B1-1-053
20914   59711   0.470038   B1-1-450
25234   58549   0.444461   B1-1-468
20832   59734   0.4943093   B1-1-49
20987   59705   0.4220828   B1-1-50
20905   59565   0.4544384   B1-20-550
21628   59391   0.3895239   B1-20-553
22106   59280   0.3319715   B1-20-555
23819   58841   0.3750851   B1-20-562
20830   59350   0.4582813   B1-21-550
21557   59141   0.3296275   B1-21-553
21758   59385   0.365768   B1-320-53
21655   59429   0.3984495   B1-320-P53
22142   59295   0.3164979   B1-320-P55
23570   58927   0.3570505   B1-320-P61
20928   59307   0.3824157   B1-321-50
20843   59373   0.4484757   B1-321-P50
21864   58802   0.3807813   B1-330-54
23794   58295   0.5675803   B1-330-62
25710   57369   0.3710159   B1-3-P277
20883   59420   0.4319492   B1-D2-450
20993   59421   0.3506384   B1-D2-53
25123   58399   0.3119802   B1-D2-P70
23766   58184   0.5345553   B1-D3-P68
22255   58524   0.4093077   S117
23478   59043   0.4556011   B1-1-060
23415   59061   0.4472705   B1-1-60
23568   58896   0.3453054   B1-20-561
23939   58406   0.4088915   B1-2-463
24055   58797   0.3957466   B1-320-P63
25675   57334   0.3876798   B1-3-D65
25835   58184   0.3356893   B1-D2-73
22582   59079   0.3116197   G94-43
22136   59384   0.3154952   B1-1-455
24044   58908   0.4100044   B1-1-463
23938   58934   0.548731   B1-1-62
23974   58948   0.5493376   B1-1-P62
24042   58440   0.4042759   B1-2-041
23346   58918   0.4101222   B1-20-560
24305   58315   0.4371354   B1-2-141
23972   58528   0.3876515   B1-21-563
24217   58463   0.3857638   B1-21-564
24069   58379   0.4077034   B1-2-41
23691   58482   0.4108685   B1-2-462
24186   58350   0.4077203   B1-2-464
24332   58354   0.4124054   B1-2-P141
24078   58414   0.4066837   B1-2-P41
22253   59259   0.3670593   B1-320-55
23425   58933   0.3902962   B1-320-60
23672   58890   0.3921331   B1-320-61
23346   58974   0.4048892   B1-320-SP60
23376   58664   0.4192149   B1-321-60
24103   58488   0.3734905   B1-321-63
23276   58737   0.4316716   B1-321-P60
21551   58614   0.3494685   B1-331-53
21436   58641   0.5030839   B1-331-P53
23304   58800   0.4412242   B1-D2-460
23413   58810   0.4689484   B1-D2-63
24398   58596   0.4088699   B1-D2-67
23421   58843   0.4332162   B1-D2-P63
21939   58618   0.3263809   B1-D3-455
21864   58636   0.3203217   G98-41
24202   58863   0.4088574   B1-1-63
23321   58048   0.44092   B1-31-561
22012   59324   0.3323749   B1-320-54
24159   58754   0.3795164   B1-320-63
24826   58272   0.4088619   B1-321-66
24249   58512   0.3544323   B1-321-P64
25929   58056   0.3466557   B1-321-P71
21762   58846   0.4088688   B1-330-P54
24255   58587   0.3506082   B1-D2-464
24428   58565   0.3820263   B1-D2-P67
22628   58714   0.3858117   B1-2-038
22623   58747   0.3523691   B1-2-38
22506   58778   0.3712159   B1-2-457
22436   58629   0.3940082   B1-30-557
22695   58567   0.5188464   B1-30-558
22467   58626   0.4148365   B1-30-F557
20761   59641   0.4406269   B1-320-49
22342   58678   0.3685538   B1-330-56
22476   58670   0.4236391   B1-330-P57
22722   58607   0.508764   B1-330-P58
22725   58255   0.624694   B1-331-58
23660   58742   0.3203526   B1-D2-64
23666   58771   0.3232534   B1-D2-P64
22440   58488   0.3493494   B1-D3-457
22783   58390   0.6231954   B1-D3-64
22798   58429   0.6253788   B1-D3-P64
22477   58781   0.3713175   G96-43
23581   58505   0.5284591   B1-2-40
23602   58530   0.4852163   B1-2-P40
23608   58623   0.406018   B1-321-61
23866   58555   0.4068615   B1-321-62
24002   58555   0.3587631   B1-321-P63
25966   57263   0.4598446   B1-3-D66
24010   58639   0.3511439   B1-D2-463
24625   58495   0.3514839   B1-D2-68
22542   59331   0.3148527   B1-1-056
23723   58607   0.4040127   B1-21-562
23938   58251   0.5053371   B1-30-563
23861   57963   0.420072   B1-31-563
23763   58615   0.3817493   B1-321-P62
23932   58294   0.5056008   B1-330-P63
23735   58013   0.4045708   B1-331-62
20919   58764   0.5413283   B1-331-P51
23849   58012   0.4359034   B1-331-P63
23899   57802   0.3295445   B1-3-D59
23980   57820   0.3629315   B1-3-P269
25918   57330   0.5137219   B1-3-P278
24987   58409   0.3863496   B1-D2-467
23882   58111   0.4504246   B1-D3-463
20846   58896   0.3971858   B1-D3-56
23761   58147   0.4949044   B1-D3-68
25478   58528   0.4269491   B1-1-469
25641   58588   0.5090697   B1-311-69
20700   59363   0.4678439   B1-321-49
22501   58362   0.3666171   B1-331-57
22163   58468   0.4032542   B1-331-P56
23122   58202   0.6246705   B1-331-P60
22580   58163   0.3426695   B1-3-P262
21496   58410   0.319903   G100-40
22620   58434   0.4575997   G98-44
22592   58434   0.3999869   G98-F44
22382   58805   0.3328536   B1-2-137
22202   58697   0.383028   B1-30-556
20692   58780   0.5046748   B1-31-550
24348   58417   0.3517314   B1-321-64
24574   58337   0.3814999   B1-321-65
22102   58717   0.333415   B1-330-55
22575   58595   0.4251133   B1-330-57
22819   58547   0.55   B1-330-58
20559   58872   0.5272484   B1-331-49
20717   58608   0.5394777   B1-3-D48
20697   58660   0.4927554   B1-3-P253
22654   58427   0.4816791   B1-D3-458
20619   58641   0.3849662   G100-37
22122   58410   0.3862127   B1-31-556
22612   58092   0.3612164   B1-3-F55
22029   58334   0.3231902   B1-3-P259
22028   58327   0.3209915   B1-3-SP258
22613   58277   0.4722737   B1-31-558
22020   58500   0.3863349   B1-331-55
23226   58149   0.5333804   B1-331-S60
22655   58111   0.4576067   G100-44
21406   58580   0.55   B1-31-553
21885   58475   0.3568113   B1-31-555
21772   58508   0.3224309   B1-331-54
22642   58329   0.5177197   B1-331-P58
23360   58150   0.5124013   B1-331-SP61
23342   57931   0.3444208   B1-3-D57
23442   58263   0.5331072   B1-D3-461
23299   58266   0.5842766   B1-D3-66
20655   58972   0.5917701   B1-D3-M55
20661   58942   0.55   G98-37
20698   59251   0.55   B1-2-P34
26019   58136   0.3921195   B1-D2-74
20769   59235   0.55   G96-37
23092   58154   0.6220493   B1-31-560
23066   58007   0.4871151   B1-3-D56
23176   58028   0.4179788   B1-3-SP265
23891   58948   0.55   B1-1-062
24974   58321   0.3576245   B1-321-P67
23125   58308   0.55   B1-D3-460
23042   58364   0.55   B1-D3-P65
22059   58284   0.3114   G100-42
24498   58417   0.3114   B1-321-P65
21876   58292   0.3114   B1-3-F52
21781   58328   0.3114   G100-41
22545   59383   0.3114   B1-311-56
23151   58933   0.3114   G94-45
22096   58828   0.3114   B1-2-037
22136   58874   0.3114   B1-2-37
23052   58900   0.3114   B1-D2-459
21982   59225   0.3114   G94-41
21277   59099   0.3114   B1-2-452
21348   59078   0.3114   G96-39
22044   59424   0.3114   B1-1-054
21995   59430   0.3114   B1-1-54
22933   58935   0.3114   B1-D2-61
