24212.5   58939.5   0.3078003   
24241   58909   0.3742275   
24269.5   58878.5   0.3920821   
24265.75   58652.25   0.3078003   
24276.5   58717.5   0.3733709   
24287.25   58782.75   0.3911551   
24177.75   58916   0.3078003   
24171.5   58862   0.3735456   
24165.25   58808   0.3913442   
24159   58754   0.3957105   B1-320-63
24047.25   58667.75   0.3078003   
24084.5   58696.5   0.3730187   
24121.75   58725.25   0.390774   
24231   58628.75   0.3078003   
24207   58670.5   0.3729346   
24183   58712.25   0.3906829   
24291.5   58615.5   0.3078003   
24328   58644   0.3809044   
24364.5   58672.5   0.3999791   
24401   58701   0.407218   B1-320-64
24473.75   58569.75   0.3078003   
24449.5   58613.5   0.3841656   
24425.25   58657.25   0.4039493   
24511.75   58582.25   0.420908   
24525.5   58638.5   0.4968895   
24539.25   58694.75   0.5418761   
21193   59356.75   0.3078003   
21288   59338.5   0.3706725   
21383   59320.25   0.3882352   
21478   59302   0.3927829   B1-D2-55
21565   59289.25   0.3078003   
21536   59293.5   0.3706725   
21507   59297.75   0.3882352   
21145.75   59015   0.3078003   
21189.5   59043   0.3714072   
21233.25   59071   0.3890299   
21277   59099   0.3936444   B1-2-452
22389   58832.25   0.3288487   
22396   58859.5   0.4030895   
22403   58886.75   0.425365   
22346.25   59045.25   0.3078003   
22367.5   59001.5   0.3719535   
22388.75   58957.75   0.3896211   
22527   59002.5   0.3078003   
22488   58973   0.3719535   
22449   58943.5   0.3896211   
22355   58814.75   0.353514   
22328   58824.5   0.4174103   
22301   58834.25   0.4426188   
22312.25   59027.75   0.3078003   
22299.5   58966.5   0.3838097   
22286.75   58905.25   0.403531   
22372   58773.25   0.4322556   
22362   58741.5   0.5155189   
22352   58709.75   0.5688901   
22342   58678   0.5699582   B1-330-56
22516.75   58615.75   0.4193175   
22458.5   58636.5   0.4942031   
22400.25   58657.25   0.5385581   
22413   58798.25   0.3783832   
22444   58791.5   0.4304762   
22475   58784.75   0.458878   
22557.75   58640.75   0.3078003   
22540.5   58686.5   0.3876648   
22523.25   58732.25   0.4080675   
22551   58968.5   0.3078003   
22536   58905   0.3873329   
22521   58841.5   0.4076738   
22641.75   58943   0.3545431   
22596.5   58888   0.4175555   
22551.25   58833   0.4428087   
22838.5   58958.25   0.3078003   
22870   58950.5   0.3706599   
22901.5   58942.75   0.3882219   
23022.25   58908.75   0.3078003   
22992.5   58917.5   0.3706598   
22962.75   58926.25   0.3882217   
22837.25   58698.75   0.3725286   
22805.5   58705.5   0.4224014   
22773.75   58712.25   0.4490412   
22742   58719   0.4399577   B1-2-458
22616.75   58626   0.3244632   
22658.5   58657   0.4024543   
22700.25   58688   0.4246774   
22790.75   58904.25   0.3078003   
22774.5   58842.5   0.398382   
22758.25   58780.75   0.4202933   
22700.75   58928.25   0.3421296   
22714.5   58858.5   0.415365   
22728.25   58788.75   0.4399733   
22856.5   58655.75   0.3734797   
22844   58619.5   0.4236783   
22831.5   58583.25   0.4506595   
22819   58547   0.4415378   B1-330-58
22636   58583   0.3381884   
22697   58571   0.405865   
22758   58559   0.4284787   
23003.5   58490   0.3336992   
22942   58509   0.403792   
22880.5   58528   0.4261255   
23068.5   58501.25   0.3078003   
23072   58531.5   0.3773315   
23075.5   58561.75   0.3956543   
23079   58592   0.4009623   B1-2-039
23247.75   58748   0.3078003   
23191.5   58696   0.3775494   
23135.25   58644   0.3959095   
23342.25   58597.25   0.3078003   
23353.5   58619.5   0.3729006   
23364.75   58641.75   0.3906461   
23322   58766   0.3078003   
23340   58732   0.3078005   
23358   58698   0.3775192   
23496   58748   0.3078003   
23456   58720   0.3709554   
23416   58692   0.388541   
23302.25   58582.5   0.3078003   
23273.5   58590   0.3742207   
23244.75   58597.5   0.3920748   
23216   58605   0.3954959   B1-2-460
23102.75   58504.5   0.3078003   
23140.5   58538   0.3723689   
23178.25   58571.5   0.3900706   
23282   58751.25   0.3078003   
23260   58702.5   0.3723611   
23238   58653.75   0.3900623   
23324.75   58549.5   0.3078003   
23318.5   58524   0.3978975   
23312.25   58498.5   0.4197759   
23306   58473   0.4164345   B1-330-60
23125.25   58471.5   0.3078003   
23185.5   58472   0.3862454   
23245.75   58472.5   0.4063939   
23489.75   58291.5   0.3078003   
23428.5   58352   0.3866926   
23367.25   58412.5   0.4069195   
23365.5   58568.75   0.3078003   
23400   58562.5   0.3771593   
23434.5   58556.25   0.3954526   
23519.25   58719.5   0.3078003   
23502.5   58663   0.3741308   
23485.75   58606.5   0.3919774   
23833.75   58474.75   0.338013   
23844.5   58501.5   0.4054524   
23855.25   58528.25   0.4280024   
23802.25   58675   0.3078003   
23823.5   58635   0.3770878   
23844.75   58595   0.3953688   
23974   58618   0.3078003   
23938   58597   0.377088   
23902   58576   0.3953691   
23790   58456.5   0.3853445   
23757   58465   0.4410107   
23724   58473.5   0.4711282   
23574.75   58702.5   0.3865346   
23613.5   58629   0.4429396   
23652.25   58555.5   0.47335   
23758.5   58656.75   0.3341946   
23736   58598.5   0.4038637   
23713.5   58540.25   0.4262032   
23815.75   58409.75   0.3391255   
23808.5   58371.5   0.4080693   
23801.25   58333.25   0.4310238   
23794   58295   0.4141676   B1-330-62
23972.5   58242.5   0.3078003   
23913   58260   0.3784528   
23853.5   58277.5   0.3969678   
23611.75   58247   0.3078003   
23672.5   58263   0.3788767   
23733.25   58279   0.3974643   
23852   58437.5   0.3710316   
23881   58427   0.4203919   
23910   58416.5   0.4464943   
23939   58406   0.4284053   B1-2-463
24008.75   58270.25   0.3078003   
23985.5   58315.5   0.3870574   
23962.25   58360.75   0.4073482   
23992.25   58580.75   0.3078003   
23974.5   58522.5   0.3956734   
23956.75   58464.25   0.4174007   
24176   58541.75   0.3078003   
24097   58496.5   0.3971058   
24018   58451.25   0.4189304   
20890.75   59492.75   0.3078003   
20898.5   59565.5   0.3740078   
20906.25   59638.25   0.3918444   
21052   59459   0.3078003   
21006   59543   0.3756504   
20960   59627   0.3936849   
21866.75   59310.5   0.3078003   
21873.5   59365   0.3706731   
21880.25   59419.5   0.3882358   
21887   59474   0.3927836   B1-1-454
22271.75   59396.25   0.3078003   
22265.5   59350.5   0.3712523   
22259.25   59304.75   0.3888623   
22253   59259   0.3934012   B1-320-55
22121   59187.75   0.3078003   
22165   59211.5   0.3711764   
22209   59235.25   0.3887801   
22307   59131.5   0.3078003   
22289   59174   0.3711719   
22271   59216.5   0.3887752   
22344.75   59427.25   0.3078003   
22411.5   59412.5   0.3902726   
22478.25   59397.75   0.4111611   
22545   59383   0.4166535   B1-311-56
22370   59108.75   0.3078003   
22415   59128.5   0.3078004   
22460   59148.25   0.3753953   
22550.75   59066   0.3078003   
22535.5   59100   0.3078004   
22520.25   59134   0.3753953   
22753.75   59278.25   0.3078003   
22749.5   59226.5   0.370957   
22745.25   59174.75   0.3885427   
22741   59123   0.393078   B1-320-57
22609.75   59054.75   0.3078003   
22653.5   59077.5   0.3709141   
22697.25   59100.25   0.3884963   
22790.5   59005.25   0.3078003   
22774   59044.5   0.3709146   
22757.5   59083.75   0.3884968   
22700.5   59029.25   0.3078003   
22714   59060.5   0.3709145   
22727.5   59091.75   0.3884967   
22788.5   59305.5   0.3078003   
22819   59281   0.3726395   
22849.5   59256.5   0.3903635   
22880   59232   0.3949225   B1-1-458
22825.25   59032.5   0.3078003   
22843.5   59099   0.3723513   
22861.75   59165.5   0.3900517   
22816.5   59314.25   0.3078003   
22875   59298.5   0.3716177   
22933.5   59282.75   0.3892577   
22992   59267   0.3937612   B1-311-58
23180.25   59237.75   0.3078003   
23117.5   59247.5   0.3714519   
23054.75   59257.25   0.3890782   
22853.25   59041.25   0.3078003   
22899.5   59116.5   0.3714586   
22945.75   59191.75   0.3890855   
23037   58991.75   0.3078003   
23022   59083.5   0.3714987   
23007   59175.25   0.3891289   
23203.75   59203   0.3078003   
23164.5   59178   0.3763746   
23125.25   59153   0.3945333   
23086   59128   0.399936   B1-1-459
23060.5   58957   0.3078003   
23069   59014   0.3763514   
23077.5   59071   0.3945061   
23164   58934.5   0.3078003   
23138   58999   0.377166   
23112   59063.5   0.3954603   
23694.5   59035.5   0.3078003   
23687   58987   0.3693373   
23679.5   58938.5   0.3868224   
23570   58804.5   0.3078003   
23604   58833   0.3693255   
23638   58861.5   0.3868098   
23753.75   58758.75   0.3078003   
23726.5   58802.5   0.3078004   
23699.25   58846.25   0.3766798   
23727   59051.25   0.3078003   
23752   59018.5   0.3707141   
23777   58985.75   0.3882798   
23802   58953   0.3928297   B1-1-462
23786.25   58774.5   0.3078003   
23791.5   58834   0.3707131   
23796.75   58893.5   0.3882787   
24543   58550   0.3078003   
24588   58574   0.3725653   
24633   58598   0.3902833   
24638.25   58526.75   0.3078003   
24651.5   58558.5   0.372215   
24664.75   58590.25   0.3899041   
24669.75   58542.75   0.3078003   
24714.5   58590.5   0.3707336   
24759.25   58638.25   0.3883008   
24804   58686   0.3928531   B1-1-466
25103.75   58722.25   0.3078003   
25048.5   58737.5   0.382812   
24993.25   58752.75   0.4023455   
24938   58768   0.4075637   B1-311-66
25131.25   58686.25   0.3078003   
25103.5   58665.5   0.3973263   
25075.75   58644.75   0.419166   
25048   58624   0.4256412   B1-1-467
25002.25   58462.75   0.3078003   
25017.5   58516.5   0.3950961   
25032.75   58570.25   0.4167449   
24730.75   58527.25   0.3202949   
24836.5   58559.5   0.4018506   
24942.25   58591.75   0.4240239   
25019   58429.5   0.3078003   
25051   58450   0.3078004   
25083   58470.5   0.3753953   
25115   58491   0.3796033   B1-320-67
25194.5   58380   0.3078003   
25168   58417   0.3078004   
25141.5   58454   0.3753953   
25217   58691   0.3733229   
25275   58675   0.4234678   
25333   58659   0.4503927   
25391   58643   0.4573806   B1-311-68
25578.5   58601.75   0.3732032   
25516   58615.5   0.4233071   
25453.5   58629.25   0.4501891   
25206.75   58672   0.3078003   
25254.5   58637   0.3718165   
25302.25   58602   0.3894728   
25350   58567   0.3940002   B1-1-068
25568.25   58582.75   0.3078003   
25495.5   58577.5   0.3717643   
25422.75   58572.25   0.3894164   
25253.25   58399   0.3078003   
25285.5   58455   0.3716304   
25317.75   58511   0.3892714   
25431   58347.25   0.3078003   
25404   58420.5   0.3716293   
25377   58493.75   0.3892703   
25600.25   58573   0.3078003   
25559.5   58558   0.3714079   
25518.75   58543   0.3890306   
25478   58528   0.3935984   B1-1-469
25463   58337.5   0.3078003   
25468   58401   0.3713284   
25473   58464.5   0.3889446   
25491.25   58299   0.3078003   
25524.5   58324   0.3790372   
25557.75   58349   0.3976625   
25591   58374   0.4035035   B1-320-69
25774   58231.5   0.3078003   
25713   58279   0.3799018   
25652   58326.5   0.3987352   
25662   58555   0.3078003   
25683   58522   0.3976842   
25704   58489   0.4195482   
25725   58456   0.4268215   B1-1-470
25807.5   58252   0.3118352   
25780   58320   0.4006253   
25752.5   58388   0.4226975   
26064.5   58437.25   0.3078003   
26024   58419.5   0.3723013   
25983.5   58401.75   0.3899976   
25943   58384   0.3945469   B1-1-471
25934   58215.25   0.3078003   
25937   58271.5   0.3720499   
25940   58327.75   0.3897254   
25960.25   58181.75   0.3078003   
25989.5   58204.5   0.3706635   
26018.75   58227.25   0.3882256   
26005.25   58143.5   0.3078003   
26019.5   58179   0.3706635   
26033.75   58214.5   0.3882256   
20888.25   59362.25   0.3078003   
20893.5   59304.5   0.3710263   
20898.75   59246.75   0.3886176   
20904   59189   0.3932138   B1-2-134
21049.5   59328.5   0.3078003   
21001   59282   0.371055   
20952.5   59235.5   0.3886487   
20869.5   58748.25   0.3384005   
20940   58746.5   0.4063638   
21010.5   58744.75   0.4290548   
21081   58743   0.4335114   B1-331-51
21258.75   58651.5   0.3377181   
21199.5   58682   0.4047586   
21140.25   58712.5   0.4272014   
21239.25   58527   0.3345723   
21186.5   58599   0.4039184   
21133.75   58671   0.4262624   
21114.75   58802.25   0.3376446   
21103.5   58782.5   0.4045857   
21092.25   58762.75   0.4270017   
21135.75   58933.75   0.3078003   
21169.5   58880.5   0.372548   
21203.25   58827.25   0.3902645   
21237   58774   0.3952426   B1-D3-452
21297.75   58659.25   0.3078003   
21277.5   58697.5   0.3730661   
21257.25   58735.75   0.3908253   
21153.75   58810   0.3078003   
21181.5   58798   0.3726897   
21209.25   58786   0.3904178   
21164.25   58937.25   0.3078003   
21226.5   58887.5   0.3751009   
21288.75   58837.75   0.3930413   
21351   58788   0.3979853   B1-D3-58
21326.25   58662.75   0.3078003   
21334.5   58704.5   0.374986   
21342.75   58746.25   0.3929065   
21519   58731.75   0.3078003   
21463   58750.5   0.3751876   
21407   58769.25   0.3931428   
21376.25   58619.25   0.4397673   
21434.5   58617.5   0.5286814   
21492.75   58615.75   0.5928453   
21716.75   58534.5   0.3078003   
21661.5   58561   0.3707901   
21606.25   58587.5   0.3883621   
21356.75   58494.75   0.3078003   
21421.5   58534.5   0.3707781   
21486.25   58574.25   0.3883492   
21569   58688.25   0.3078003   
21563   58663.5   0.3707785   
21557   58638.75   0.3883495   
21782.5   58543.5   0.3078003   
21793   58579   0.390177   
21803.5   58614.5   0.4110476   
21814   58650   0.4168366   B1-D3-60
21634.75   58697.25   0.3078003   
21694.5   58681.5   0.3906623   
21754.25   58665.75   0.4116234   
21647.25   58735.25   0.4713771   
21719.5   58757.5   0.5981542   
21791.75   58779.75   0.684   
21864   58802   0.684   B1-330-54
22069.75   59095   0.3078003   
22062.5   59026   0.3706652   
22055.25   58957   0.3882275   
22048   58888   0.3927751   B1-2-455
22255.75   59038.75   0.3078003   
22186.5   58988.5   0.3706652   
22117.25   58938.25   0.3882275   
22333   58746.75   0.684   
22284   58688.5   0.6457592   
22235   58630.25   0.5994847   
22186   58572   0.55   B1-D3-456
22541.25   58568.25   0.3607806   
22507.5   58541.5   0.4184355   
22473.75   58514.75   0.4439592   
22440   58488   0.451105   B1-D3-457
22503   58465.5   0.3612543   
22482   58473   0.4185023   
22461   58480.5   0.4440467   
22627   58543.75   0.3078003   
22679   58492.5   0.3781242   
22731   58441.25   0.3965829   
22783   58390   0.4017311   B1-D3-64
22588.75   58441   0.3078003   
22653.5   58424   0.3779699   
22718.25   58407   0.3964021   
23022.5   58446   0.3413637   
22980   58421   0.4135126   
22937.5   58396   0.4376646   
22895   58371   0.4449154   B1-D3-459
22976   58341   0.3415137   
22949   58351   0.4138753   
22922   58361   0.4381166   
22996   58309.25   0.3078003   
22989   58287.5   0.3717529   
22982   58265.75   0.3894041   
22975   58244   0.3940504   B1-331-59
23488   58239.75   0.3078003   
23425   58248.5   0.3744056   
23362   58257.25   0.3922749   
23299   58266   0.3971662   B1-D3-66
23572.25   58215.75   0.3078003   
23593.5   58200.5   0.3749369   
23614.75   58185.25   0.3928499   
23636   58170   0.3977903   B1-D3-462
23994.5   58196.5   0.3078003   
23957   58168   0.3706774   
23919.5   58139.5   0.3882403   
23882   58111   0.3927882   B1-D3-463
23972.75   58084.75   0.3078003   
23942.5   58093.5   0.3706772   
23912.25   58102.25   0.3882402   
24161   57903   0.3078003   
24099   57936   0.370719   
24037   57969   0.3882851   
23975   58002   0.3928346   B1-331-63
23918   57852   0.3078003   
23937   57902   0.3707171   
23956   57952   0.3882831   
23996   58057.5   0.3078003   
23989   58039   0.3707171   
23982   58020.5   0.3882831   
24052.5   58175   0.3078003   
24073   58125   0.3078004   
24093.5   58075   0.3753937   
24195.75   57908.75   0.3078003   
24168.5   57947.5   0.3078004   
24141.25   57986.25   0.3753939   
24030.75   58063.25   0.3078003   
24058.5   58050.5   0.3078004   
24086.25   58037.75   0.3753939   
24089   58206.25   0.3078003   
24146   58187.5   0.3725064   
24203   58168.75   0.3902195   
24260   58150   0.3952304   B1-330-64
24450.5   58098.25   0.3078003   
24387   58115.5   0.3732449   
24323.5   58132.75   0.3910187   
24232.25   57940   0.3078003   
24241.5   58010   0.3725213   
24250.75   58080   0.3902357   
24487.75   58125.75   0.3078003   
24461.5   58170.5   0.3946062   
24435.25   58215.25   0.4161811   
24409   58260   0.422624   B1-2-465
24475.75   58459.5   0.3078003   
24453.5   58393   0.3962395   
24431.25   58326.5   0.4180053   
24474   58050   0.3078003   
24434   58019   0.3708153   
24394   57988   0.3883893   
24354   57957   0.3929361   B1-D3-465
24255.75   57891.75   0.3078003   
24288.5   57913.5   0.3707987   
24321.25   57935.25   0.3883713   
24255.75   57757.5   0.3078003   
24288.5   57824   0.3707985   
24321.25   57890.5   0.3883712   
24580   58065.5   0.3078003   
24646   58050   0.3721166   
24712   58034.5   0.3897976   
24778   58019   0.3943544   B1-330-66
24955.75   57986.75   0.3078003   
24896.5   57997.5   0.3719286   
24837.25   58008.25   0.3895942   
24937.75   57870.5   0.3078003   
24884.5   57920   0.3719901   
24831.25   57969.5   0.3896607   
24625   58094   0.3078003   
24736   58107   0.3712341   
24847   58120   0.3888425   
24958   58133   0.3933831   B1-2-467
25000.75   58015.25   0.3078003   
24986.5   58054.5   0.3711627   
24972.25   58093.75   0.3887652   
24979.75   58340   0.3078003   
24972.5   58271   0.3711575   
24965.25   58202   0.3887596   
25035.25   57928.25   0.3078003   
25055.5   57880.5   0.3724868   
25075.75   57832.75   0.3901982   
25096   57785   0.3949819   B1-D3-468
25175.5   57686.75   0.3078003   
25149   57719.5   0.3725771   
25122.5   57752.25   0.3902959   
25017.25   57812   0.3078003   
25043.5   57803   0.3725741   
25069.75   57794   0.3902928   
25074.5   57963.5   0.3384945   
25134   57951   0.4065849   
25193.5   57938.5   0.42931   
25253   57926   0.435682   B1-330-68
25433.75   57877.25   0.3382187   
25373.5   57893.5   0.4059362   
25313.25   57909.75   0.428561   
25214.75   57722   0.3388433   
25227.5   57790   0.4074057   
25240.25   57858   0.4302577   
25531.25   57889.25   0.3517339   
25568.5   57917.5   0.4171591   
25605.75   57945.75   0.4422905   
25870.25   57791   0.3762372   
25794.5   57852   0.4274848   
25718.75   57913   0.455278   
25787   58131.5   0.3517058   
25739   58079   0.4171551   
25691   58026.5   0.4422854   
25455.5   57833   0.3078003   
25417   57805   0.3984374   
25378.5   57777   0.4203525   
25340   57749   0.426418   B1-D3-469
25236.5   57677.75   0.3078003   
25271   57701.5   0.3991727   
25305.5   57725.25   0.4211377   
25478.75   57800.25   0.3078003   
25463.5   57739.5   0.3759761   
25448.25   57678.75   0.3940664   
25433   57618   0.3990877   B1-331-69
25259.75   57645   0.3078003   
25317.5   57636   0.3762463   
25375.25   57627   0.394383   
25613   57545.25   0.3078003   
25553   57569.5   0.375975   
25493   57593.75   0.3940651   
25297.25   57488.25   0.3078003   
25342.5   57531.5   0.3758429   
25387.75   57574.75   0.3939105   
25187   57507.75   0.3078003   
25269   57544.5   0.3757663   
25351   57581.25   0.3938207   
25512.25   57813.25   0.3078003   
25530.5   57765.5   0.3718286   
25548.75   57717.75   0.389486   
25567   57670   0.394156   B1-D3-470
25646.5   57558.25   0.3078003   
25620   57595.5   0.3718569   
25593.5   57632.75   0.3895167   
25550.75   57845.25   0.4038567   
25607.5   57829.5   0.4690458   
25664.25   57813.75   0.5062198   
25889.75   57747   0.3751662   
25833.5   57764   0.426006   
25777.25   57781   0.4534845   
25963.25   57790.25   0.3078003   
25980.5   57850.5   0.3876644   
25997.75   57910.75   0.408067   
26015   57971   0.4110123   B1-321-71
25997   58073.75   0.3078003   
26003   58039.5   0.3836898   
26009   58005.25   0.40339   
25929.5   57774.5   0.3078003   
25913   57819   0.3773298   
25896.5   57863.5   0.3956522   
25880   57908   0.4001404   B1-2-471
25918.25   58096.25   0.3078003   
25905.5   58033.5   0.376254   
25892.75   57970.75   0.394392   
25937.5   57681   0.4141945   
25929   57632   0.4853722   
25920.5   57583   0.5269195   
25912   57534   0.509629   B1-331-71
25732.75   57524.25   0.3979778   
25792.5   57527.5   0.4601251   
25852.25   57530.75   0.4948132   
25734.25   57384   0.3942466   
25793.5   57434   0.4545406   
25852.75   57484   0.4875052   
25952.5   57330.75   0.394541   
25939   57398.5   0.4549603   
25925.5   57466.25   0.4880495   
20780.75   58795   0.3606339   
20762.5   58840   0.4184148   
20744.25   58885   0.4439322   
24629.25   57993.75   0.3202755   
24744.5   57906.5   0.4018478   
24859.75   57819.25   0.4240208   
25145.25   57673.5   0.3078003   
25088.5   57693   0.3773124   
25031.75   57712.5   0.395632   
24948.75   57576.75   0.3078003   
24957.5   57628.5   0.3773015   
24966.25   57680.25   0.395619   
25072.5   57536.25   0.3078003   
25040   57601.5   0.3773015   
25007.5   57666.75   0.3956192   
24987   57798.75   0.3078003   
24983   57776.5   0.3773222   
24979   57754.25   0.3956434   
20849.5   59439.75   0.3078003   
20816   59459.5   0.3706807   
20782.5   59479.25   0.3882438   
20749   59499   0.3927918   B1-D2-52
21878.25   59206.5   0.3078003   
21896.5   59157   0.3776329   
21914.75   59107.5   0.3960074   
21933   59058   0.4010234   B1-321-54
22041   59137.5   0.3078003   
22005   59111   0.3773444   
21969   59084.5   0.3956693   
24120   58931   0.3078003   
24056   58892   0.3932698   
23992   58853   0.4146431   
23928   58814   0.414619   B1-320-62
23817.75   58739.75   0.3078003   
23854.5   58764.5   0.3858932   
23891.25   58789.25   0.4059798   
23989.5   58682.75   0.3078003   
23969   58726.5   0.386865   
23948.5   58770.25   0.4071221   
24592   58128.75   0.3078003   
24670   58176.5   0.3719459   
24748   58224.25   0.3896129   
24826   58272   0.3941132   B1-321-66
24946.75   58374.75   0.3078003   
24906.5   58340.5   0.3717364   
24866.25   58306.25   0.3893862   
24675.25   58439.25   0.3078003   
24725.5   58383.5   0.3717368   
24775.75   58327.75   0.3893865   
24957.25   58415.5   0.3078003   
24927.5   58422   0.3707656   
24897.75   58428.5   0.3883355   
24868   58435   0.3928916   B1-D2-69
24685.75   58480   0.3078003   
24746.5   58465   0.3707671   
24807.25   58450   0.3883372   
25030.5   58032.75   0.3078003   
25046   58089.5   0.3706898   
25061.5   58146.25   0.3882535   
25077   58203   0.3928011   B1-321-67
25009.5   58357.5   0.3078003   
25032   58306   0.3706889   
25054.5   58254.5   0.3882526   
25185   58308   0.3078003   
25149   58273   0.370689   
25113   58238   0.3882526   
25250.75   58364.25   0.3078003   
25280.5   58385.5   0.3078004   
25310.25   58406.75   0.3753953   
25428.5   58312.5   0.3078003   
25399   58351   0.3078004   
25369.5   58389.5   0.3753953   
25086.25   58019   0.3078003   
25157.5   58062   0.3748416   
25228.75   58105   0.3927467   
25300   58148   0.3967933   B1-321-68
25240.75   58294.25   0.3078003   
25260.5   58245.5   0.3737003   
25280.25   58196.75   0.3915115   
25418.5   58242.5   0.3078003   
25379   58211   0.3737226   
25339.5   58179.5   0.3915358   
25507.5   57918.75   0.3078003   
25521   57976.5   0.3726543   
25534.5   58034.25   0.3903796   
25548   58092   0.3951242   B1-321-69
25480.5   58228.5   0.3078003   
25503   58183   0.3726542   
25525.5   58137.5   0.3903794   
25763.25   58161   0.3078003   
25691.5   58138   0.3726928   
25619.75   58115   0.3904212   
25905   58197.5   0.3078003   
25879   58236   0.3715975   
25853   58274.5   0.3892359   
25827   58313   0.3938941   B1-320-70
25833   58216.25   0.3078003   
25831   58248.5   0.3716422   
25829   58280.75   0.3892842   
21123.75   59049.25   0.3078003   
21145.5   59111.5   0.3708708   
21167.25   59173.75   0.3884494   
21189   59236   0.3930098   B1-321-51
21120.75   59340.25   0.3078003   
21143.5   59305.5   0.3708631   
21166.25   59270.75   0.388441   
22933.5   58701.5   0.3078003   
22998   58711   0.3935019   
23062.5   58720.5   0.4149103   
23070.75   58857.5   0.3078003   
23089.5   58815   0.3749779   
23108.25   58772.5   0.3928971   
23259.75   58782.5   0.3078003   
23215.5   58765   0.3750072   
23171.25   58747.5   0.3929315   
23174.25   58835   0.3078003   
23158.5   58800   0.3749924   
23142.75   58765   0.3929141   
25177.75   58667.5   0.3078003   
25196.5   58628   0.3716743   
25215.25   58588.5   0.389319   
25234   58549   0.3938816   B1-1-468
25224.25   58394.5   0.3078003   
25227.5   58446   0.371544   
25230.75   58497.5   0.389178   
21075.75   59032.25   0.3078003   
21049.5   59077.5   0.3708292   
21023.25   59122.75   0.3884044   
20997   59168   0.3929654   B1-2-451
21072.75   59323.25   0.3078003   
21047.5   59271.5   0.3708291   
21022.25   59219.75   0.3884043   
21813.75   58535.5   0.3078003   
21855.5   58563   0.3708411   
21897.25   58590.5   0.3884172   
21939   58618   0.3929794   B1-D3-455
25543   57809.25   0.4397673   
25592   57757.5   0.5286814   
25641   57705.75   0.5928453   
25882   57711   0.4397673   
25818   57692   0.5286814   
25754   57673   0.5928453   
25677.25   57554.25   0.3943278   
25681.5   57587.5   0.4546564   
25685.75   57620.75   0.4876553   
22873.25   58719   0.3078003   
22877.5   58746   0.3928533   
22881.75   58773   0.4141638   
22826.75   58924.5   0.3078003   
22846.5   58883   0.3753929   
22866.25   58841.5   0.3933833   
23010.5   58875   0.3078003   
22969   58850   0.3753929   
22927.5   58825   0.3933833   
24290.75   58589.25   0.3078003   
24326.5   58591.5   0.3706723   
24362.25   58593.75   0.388235   
24398   58596   0.3927829   B1-D2-67
25894.75   58127.75   0.3078003   
25858.5   58096.5   0.3706924   
25822.25   58065.25   0.3882563   
25786   58034   0.3928051   B1-321-70
25822.75   58146.5   0.3078003   
25810.5   58109   0.370693   
25798.25   58071.5   0.388257   
22731   59308   0.3078003   
22704   59286   0.3721267   
22677   59264   0.3898086   
22650   59242   0.3943528   B1-1-457
22587   59084.5   0.3078003   
22608   59137   0.3718941   
22629   59189.5   0.3895568   
21038   58964.25   0.379683   
20974   58941.5   0.432331   
20910   58918.75   0.4610838   
20846   58896   0.4603126   B1-D3-56
20810.75   58786.5   0.3657873   
20822.5   58823   0.4191418   
20834.25   58859.5   0.4448828   
22588.25   58624.75   0.3399813   
22601.5   58654.5   0.4101497   
22614.75   58684.25   0.4335355   
22628   58714   0.4449495   B1-2-038
22672.25   58927   0.3530764   
22657.5   58856   0.4173485   
22642.75   58785   0.4425381   
23331.25   58802.5   0.3078003   
23358.5   58805   0.3707405   
23385.75   58807.5   0.3883083   
23413   58810   0.3928615   B1-D2-63
23505.25   58784.5   0.3078003   
23474.5   58793   0.3707405   
23443.75   58801.5   0.3883083   
23245.75   58855   0.3078003   
23301.5   58840   0.3707411   
23357.25   58825   0.3883089   
25251.75   58335.25   0.3078003   
25282.5   58327.5   0.3706642   
25313.25   58319.75   0.3882264   
25344   58312   0.392774   B1-D2-71
25429.5   58283.5   0.3078003   
25401   58293   0.3706642   
25372.5   58302.5   0.3882264   
26098.75   58431.25   0.3078003   
26092.5   58407.5   0.3739915   
26086.25   58383.75   0.3918268   
26080   58360   0.3964064   B1-1-071
25968.25   58209.25   0.3078003   
26005.5   58259.5   0.3735259   
26042.75   58309.75   0.3913229   
23394.75   58539.5   0.3078003   
23458.5   58504   0.3833538   
23522.25   58468.5   0.4029952   
23763.75   58444.25   0.3392075   
23704.5   58440.5   0.4082621   
23645.25   58436.75   0.4312465   
23548.5   58690.25   0.3078003   
23561   58604.5   0.3779785   
23573.5   58518.75   0.3964123   
23559.75   58281.5   0.3078003   
23568.5   58332   0.3784324   
23577.25   58382.5   0.3969439   
23964.25   58205.5   0.3078003   
23896.5   58186   0.3706815   
23828.75   58166.5   0.3882446   
23761   58147   0.3927926   B1-D3-68
23864.5   57888.25   0.3078003   
23830   57974.5   0.3706813   
23795.5   58060.75   0.3882445   
21181.5   59322.75   0.3078003   
21265   59270.5   0.3750857   
21348.5   59218.25   0.3930234   
21432   59166   0.3971885   B1-321-52
21553.5   59255.25   0.3078003   
21513   59225.5   0.3737525   
21472.5   59195.75   0.3915681   
25151.5   58675.5   0.3078003   
25144   58644   0.3721909   
25136.5   58612.5   0.389878   
25129   58581   0.3944368   B1-1-067
25022.5   58452   0.3078003   
25058   58495   0.3719729   
25093.5   58538   0.3896421   
22310.5   58810.75   0.3535023   
22239   58816.5   0.4174086   
22167.5   58822.25   0.4426167   
22267.75   59023.75   0.3078003   
22210.5   58958.5   0.3838149   
22153.25   58893.25   0.4035371   
20861.5   59369   0.3078003   
20840   59318   0.3708297   
20818.5   59267   0.3884049   
20797   59216   0.392966   B1-2-450
21144.5   59432   0.3078003   
21191   59489   0.3707173   
21237.5   59546   0.3882833   
21284   59603   0.392834   B1-1-51
25638.25   58556.75   0.3899678   
25635.5   58525.5   0.448409   
25632.75   58494.25   0.4796444   
25630   58463   0.4902017   B1-1-069
25783.75   58253.75   0.3916038   
25732.5   58323.5   0.4507658   
25681.25   58393.25   0.4826295   
20910.5   59420.25   0.3078003   
20938   59420.5   0.3706831   
20965.5   59420.75   0.3882464   
20993   59421   0.3927944   B1-D2-53
21071.75   59386.5   0.3078003   
21045.5   59398   0.3706831   
21019.25   59409.5   0.3882464   
22897.5   58678.75   0.3301473   
22926   58665.5   0.4032776   
22954.5   58652.25   0.4255686   
23044.5   58513   0.3078003   
23024   58555   0.3794186   
23003.5   58597   0.3981357   
21071.75   58954.25   0.3078003   
21041.5   58921.5   0.3801466   
21011.25   58888.75   0.3990389   
20981   58856   0.4044294   B1-D3-451
20844.5   58776.5   0.3078003   
20890   58803   0.379988   
20935.5   58829.5   0.398842   
21089.75   58830.5   0.3078003   
21053.5   58839   0.3805607   
21017.25   58847.5   0.3995526   
21590   58771.5   0.6656175   
21605   58830   0.684   
21620   58888.5   0.684   
21635   58947   0.684   B1-2-036
21214   59416   0.3078003   
21330   59457   0.3706649   
21446   59498   0.3882272   
21562   59539   0.3927748   B1-1-052
21586   59348.5   0.3078003   
21578   59412   0.3706649   
21570   59475.5   0.3882272   
22304.5   59420.25   0.3078003   
22331   59398.5   0.3714045   
22357.5   59376.75   0.3890269   
22339.75   59155.5   0.3078003   
22354.5   59222   0.3713675   
22369.25   59288.5   0.388987   
22704   59330.25   0.3078003   
22650   59330.5   0.3712053   
22596   59330.75   0.3888113   
22542   59331   0.393346   B1-1-056
22379.25   59149.5   0.3078003   
22433.5   59210   0.3711272   
22487.75   59270.5   0.3887268   
22560   59106.75   0.3078003   
22554   59181.5   0.3711272   
22548   59256.25   0.3887268   
23249.25   59200   0.3078003   
23255.5   59172   0.3723715   
23261.75   59144   0.3900735   
23268   59116   0.3947695   B1-1-059
23209.5   58931.5   0.3078003   
23229   58993   0.3723589   
23248.5   59054.5   0.3900599   
25687.75   58549.5   0.3384102   
25734.5   58511   0.4063867   
25781.25   58472.5   0.4290811   
25828   58434   0.4358505   B1-1-070
26035.75   58449.75   0.3387415   
25966.5   58444.5   0.4071661   
25897.25   58439.25   0.4299811   
20719.25   58688.5   0.3078003   
24479.5   57736.25   0.3078003   
24528.75   57664.5   0.4397673   
23077   58314.75   0.4461399   
23151   58298.5   0.5404718   
23225   58282.25   0.6073875   
22349.25   58270.5   0.4062098   
22379.5   58343   0.472673   
22409.75   58415.5   0.5106846   
21788   59473   0.55   B1-1-053
22044   59424   0.55   B1-1-054
23891   58948   0.55   B1-1-062
24432   58796   0.55   B1-1-064
22136   59384   0.55   B1-1-455
23567   59011   0.55   B1-1-461
21820   59537   0.55   B1-1-53
23415   59061   0.55   B1-1-60
22061   59449   0.55   B1-1-P54
23494   59074   0.55   B1-1-P60
24448   58826   0.55   B1-1-P64
21895   58938   0.55   B1-2-136
21795   59089   0.55   B1-21-554
21649   59001   0.55   B1-2-36
21771   58975   0.55   B1-2-454
21904   58982   0.55   B1-2-P136
21489   58889   0.55   B1-30-553
21775   59589   0.55   B1-311-53
23474   59139   0.55   B1-311-60
23944   59023   0.55   B1-311-62
22122   58410   0.55   B1-31-556
22613   58277   0.55   B1-31-558
23092   58154   0.55   B1-31-560
23321   58048   0.55   B1-31-561
21758   59385   0.55   B1-320-53
22012   59324   0.55   B1-320-54
21986   58803   0.55   B1-330-P55
20559   58872   0.55   B1-331-49
22020   58500   0.55   B1-331-55
22163   58468   0.55   B1-331-P56
20572   58649   0.55   B1-3-48
22023   58256   0.55   B1-3-53
22607   58121   0.55   B1-3-55
23185   57966   0.55   B1-3-57
23477   57895   0.55   B1-3-58
24071   57739   0.55   B1-3-60
26098   57244   0.55   B1-3-67
22453   58153   0.55   B1-3-D54
22786   58052   0.55   B1-3-D55
23066   58007   0.55   B1-3-D56
22160   58217   0.55   B1-3-F53
22612   58092   0.55   B1-3-F55
22870   58038   0.55   B1-3-F56
22029   58334   0.55   B1-3-P259
22580   58163   0.55   B1-3-P262
22757   58137   0.55   B1-3-P263
22971   58076   0.55   B1-3-P264
22028   58327   0.55   B1-3-SP258
23176   58028   0.55   B1-3-SP265
23439   57955   0.55   B1-3-SP266
21720   59270   0.55   B1-D2-56
21741   59292   0.55   B1-D2-P56
20609   58953   0.55   B1-D3-55
22040   58589   0.55   B1-D3-61
22067   58623   0.55   B1-D3-P61
22059   58284   0.55   G100-42
22655   58111   0.55   G100-44
22961   58053   0.55   G100-45
21704   59300   0.55   G94-40
21982   59225   0.55   G94-41
21602   59003   0.55   G96-40
21913   58908   0.55   G96-41
23478   59043   0.5657552   B1-1-060
25407   58018   0.6091989   B1-2-469
21679   59030   0.5804478   B1-2-P36
22907   58052   0.5540873   B1-3-56
23342   57931   0.5359433   B1-3-D57
23589   57879   0.6617392   B1-3-D58
251815.28125   56737.22265625   0.4259467   
23491   58129   0.55   B1-331-61
22382   58805   0.3031   B1-2-137
22869   58692   0.3031   B1-2-138
23331   58575   0.3031   B1-2-139
23823   58448   0.3031   B1-2-140
21445   58423   0.3031   B1-3-51
22319   58198   0.3031   B1-3-54
24380   57642   0.3031   B1-3-61
24940   57525   0.3031   B1-3-63
25252   57445   0.3031   B1-3-64
20717   58608   0.3031   B1-3-D48
21292   58455   0.3031   B1-3-D50
23899   57802   0.3031   B1-3-D59
24223   57691   0.3031   B1-3-D60
25105   57471   0.3031   B1-3-D63
25675   57334   0.3031   B1-3-D65
25966   57263   0.3031   B1-3-D66
22278   59442   0.3031   B1-311-55
22758   59330   0.3031   B1-311-57
23243   59228   0.3031   B1-311-59
23702   59084   0.3031   B1-311-61
24184   58970   0.3031   B1-311-63
25159   58707   0.3031   B1-311-67
25641   58588   0.3031   B1-311-69
26105   58455   0.3031   B1-311-71
21102   58987   0.3031   B1-330-51
22575   58595   0.3031   B1-330-57
23065   58471   0.3031   B1-330-59
24032   58225   0.3031   B1-330-63
24514   58081   0.3031   B1-330-65
25015   57976   0.3031   B1-330-67
25494   57861   0.3031   B1-330-69
25946   57730   0.3031   B1-330-71
20799   58750   0.3031   B1-331-50
21318   58621   0.3031   B1-331-52
21772   58508   0.3031   B1-331-54
24223   57870   0.3031   B1-331-64
25202   57654   0.3031   B1-331-68
25673   57521   0.3031   B1-331-70
20883   59420   0.3031   B1-D2-450
21098   59375   0.3031   B1-D2-451
21594   59285   0.3031   B1-D2-453
21860   59256   0.3031   B1-D2-454
22077   59164   0.3031   B1-D2-455
22325   59089   0.3031   B1-D2-456
22566   59032   0.3031   B1-D2-457
22807   58966   0.3031   B1-D2-458
23052   58900   0.3031   B1-D2-459
23304   58800   0.3031   B1-D2-460
23536   58776   0.3031   B1-D2-461
23781   58715   0.3031   B1-D2-462
24010   58639   0.3031   B1-D2-463
24255   58587   0.3031   B1-D2-464
24498   58526   0.3031   B1-D2-465
24987   58409   0.3031   B1-D2-467
25221   58343   0.3031   B1-D2-468
25458   58274   0.3031   B1-D2-469
25931   58159   0.3031   B1-D2-471
22687   58998   0.3031   B1-D2-60
23190   58870   0.3031   B1-D2-62
24625   58495   0.3031   B1-D2-68
25835   58184   0.3031   B1-D2-73
25991   58108   0.3031   B1-D2-F74
21126   58822   0.3031   B1-D3-57
21575   58713   0.3031   B1-D3-59
22524   58458   0.3031   B1-D3-63
23003   58331   0.3031   B1-D3-65
23551   58231   0.3031   B1-D3-67
24003   58076   0.3031   B1-D3-69
24991   57821   0.3031   B1-D3-73
20878.66015625   60014.87890625   0.3031   B1-311-SP68
19758.8671875   593711.9375   0.3031   
19758.8671875   56737.22265625   0.3031   
251815.28125   593711.9375   0.3031   
20748   59773   0.684   B1-1-049
21995   59430   0.684   B1-1-54
20668   59225   0.684   B1-2-034
20662   59267   0.684   B1-2-34
20698   59251   0.684   B1-2-P34
21954   58762   0.684   B1-30-555
20822   59847   0.684   B1-311-49
21065   59770   0.684   B1-311-50
21262   59719   0.684   B1-311-51
22023   59531   0.684   B1-311-54
24441   58903   0.684   B1-311-64
24692   58830   0.684   B1-311-65
22814   58229   0.684   B1-31-559
23572   58041   0.684   B1-31-562
20761   59641   0.684   B1-320-49
23425   58933   0.684   B1-320-60
20700   59363   0.684   B1-321-49
21703   59120   0.684   B1-321-53
20623   59116   0.684   B1-330-J49
22725   58255   0.684   B1-331-58
22864   58283   0.684   B1-331-P59
23610   58090   0.684   B1-331-P62
21876   58292   0.684   B1-3-F52
23658   57894   0.684   B1-3-P267
20626   58987   0.684   B1-D3-P55
21781   58328   0.684   G100-41
23226   58149   0.684   B1-331-S60
24388   58814   0.684   B1-1-64
23346   58974   0.684   B1-320-SP60
20763   59545   0.684   B1-D2-P52
21326   59567   0.392738   B1-1-051
22847   59191   0.3924198   B1-1-057
22998   59141   0.3833113   B1-1-058
24153   58873   0.3584475   B1-1-063
21156   59634   0.5212396   B1-1-451
23332   59070   0.5118758   B1-1-460
24044   58908   0.4015025   B1-1-463
21510   59546   0.4014108   B1-1-52
22267   59360   0.3613188   B1-1-55
22803   59221   0.3801987   B1-1-57
22956   59175   0.3868844   B1-1-58
23233   59109   0.3779584   B1-1-59
23716   58985   0.365837   B1-1-61
23938   58934   0.5140285   B1-1-62
24202   58863   0.3740985   B1-1-63
24929   58668   0.4200597   B1-1-66
25318   58589   0.3946809   B1-1-68
25652   58485   0.4686731   B1-1-69
25801   58450   0.4323592   B1-1-70
26044   58285   0.3905918   B1-1-71
21073   59678   0.5641446   B1-1-P50
21558   59574   0.4223859   B1-1-P52
23018   59194   0.3908328   B1-1-P58
23974   58948   0.4904326   B1-1-P62
24941   58709   0.4151765   B1-1-P66
25403   58573   0.397034   B1-1-P68
25869   58431   0.4297411   B1-1-P70
25149   58614   0.3848203   B1-1-X67
21095   59146   0.3799837   B1-2-035
24042   58440   0.4120224   B1-2-041
24544   58249   0.3763197   B1-2-042
25541   57998   0.3883779   B1-2-044
21166   59494   0.3568389   B1-20-551
22596   59154   0.3712675   B1-20-557
22842   59094   0.3677277   B1-20-558
23113   59036   0.3895377   B1-20-559
23346   58918   0.5986105   B1-20-560
23819   58841   0.3892672   B1-20-562
21401   59067   0.4249922   B1-2-135
24305   58315   0.4050774   B1-2-141
24868   58162   0.3918625   B1-2-142
25283   58067   0.4464591   B1-2-143
25756   57943   0.4316475   B1-2-144
21304   59213   0.3906021   B1-21-552
21557   59141   0.4537671   B1-21-553
22065   59016   0.3731034   B1-21-555
22797   58867   0.363731   B1-21-558
23255   58712   0.3590533   B1-21-560
23972   58528   0.3907779   B1-21-563
24217   58463   0.3500911   B1-21-564
22772   58841   0.3999408   B1-21-M558
21156   59126   0.3779812   B1-2-35
22623   58747   0.4435759   B1-2-38
23097   58644   0.4043536   B1-2-39
24069   58379   0.3823657   B1-2-41
24704   58322   0.3678872   B1-2-42
25508   58006   0.4039971   B1-2-44
25996   57879   0.3968686   B1-2-45
21527   59036   0.502002   B1-2-453
24186   58350   0.3599657   B1-2-464
24676   58212   0.3725062   B1-2-466
25143   58105   0.3810171   B1-2-468
21368   59053   0.423793   B1-2-M135
20947   59222   0.3910174   B1-2-P134
21420   59091   0.4308592   B1-2-P135
22395   58848   0.3745936   B1-2-P137
22887   58722   0.3218136   B1-2-P138
23362   58575   0.3108335   B1-2-P139
23845   58463   0.3475582   B1-2-P140
24332   58354   0.3960426   B1-2-P141
24804   58221   0.3935065   B1-2-P142
25305   58095   0.4371514   B1-2-P143
25778   57975   0.419298   B1-2-P144
21226   59142   0.392711   B1-2-P35
22636   58785   0.443241   B1-2-P38
23128   58636   0.3980662   B1-2-P39
24078   58414   0.3899414   B1-2-P41
24577   58284   0.3724352   B1-2-P42
25537   58028   0.3903785   B1-2-P44
26013   57904   0.4031013   B1-2-P45
21002   59016   0.3915653   B1-30-551
21282   58945   0.3828037   B1-30-552
22436   58629   0.5100672   B1-30-557
22695   58567   0.4019354   B1-30-558
22986   58509   0.3610235   B1-30-559
23148   58473   0.3381687   B1-30-560
23419   58377   0.3932004   B1-30-561
23647   58304   0.3683284   B1-30-562
23938   58251   0.3495123   B1-30-563
24155   58197   0.372112   B1-30-564
22467   58626   0.4814962   B1-30-F557
22958   58490   0.3912812   B1-30-M559
23164   58500   0.3647712   B1-30-M560
21533   59653   0.4879577   B1-311-52
25877   58526   0.4001835   B1-311-70
20945   58710   0.398151   B1-31-551
21213   58649   0.3848925   B1-31-552
24086   57905   0.3605708   B1-31-564
24567   57779   0.3677459   B1-31-566
21255   59509   0.3768069   B1-320-51
21512   59452   0.3785427   B1-320-52
23217   58979   0.3564919   B1-320-59
24905   58573   0.41259   B1-320-66
25956   58279   0.372745   B1-320-CSP71
21399   59484   0.3851055   B1-320-P52
21904   59373   0.4136661   B1-320-P54
22142   59295   0.4484701   B1-320-P55
22616   59195   0.3875802   B1-320-P57
22874   59101   0.3648731   B1-320-P58
23077   59021   0.3802446   B1-320-P59
23803   58872   0.3904946   B1-320-P62
24055   58797   0.3993669   B1-320-P63
24318   58734   0.4192577   B1-320-P64
24794   58605   0.3873348   B1-320-P66
25017   58546   0.4080722   B1-320-P67
25274   58494   0.3861255   B1-320-P68
25509   58422   0.3944058   B1-320-P69
25743   58352   0.4375573   B1-320-P70
21138   59558   0.3996527   B1-320-SP51
20928   59307   0.3661318   B1-321-50
22649   58855   0.420052   B1-321-57
24103   58488   0.3931663   B1-321-63
24348   58417   0.3703594   B1-321-64
24574   58337   0.3653096   B1-321-65
21347   59246   0.3912156   B1-321-P52
21816   59132   0.4847602   B1-321-P54
22770   58875   0.3613239   B1-321-P58
23276   58737   0.3193408   B1-321-P60
24002   58555   0.3436869   B1-321-P63
24249   58512   0.3282297   B1-321-P64
24498   58417   0.3428311   B1-321-P65
24742   58366   0.3788351   B1-321-P66
24974   58321   0.3305417   B1-321-P67
25226   58268   0.3364083   B1-321-P68
25467   58194   0.3421695   B1-321-P69
25690   58122   0.3839344   B1-321-P70
25929   58056   0.3478862   B1-321-P71
21373   58929   0.4575009   B1-330-52
22102   58717   0.5321658   B1-330-55
23576   58353   0.3868149   B1-330-61
21264   58967   0.3764676   B1-330-P52
22231   58740   0.5462456   B1-330-P56
22476   58670   0.4581423   B1-330-P57
22722   58607   0.4200062   B1-330-P58
22964   58537   0.3902873   B1-330-P59
23207   58495   0.3934292   B1-330-P60
23435   58412   0.3925157   B1-330-P61
23699   58350   0.3923169   B1-330-P62
23932   58294   0.3823642   B1-330-P63
24175   58241   0.3723633   B1-330-P64
24416   58174   0.3967587   B1-330-P65
24886   58056   0.3837359   B1-330-P67
25132   57978   0.3821307   B1-330-P68
25356   57920   0.4381078   B1-330-P69
25865   57789   0.382466   B1-330-P71
22251   58368   0.496969   B1-331-56
22501   58362   0.4353294   B1-331-57
24461   57844   0.3447738   B1-331-65
20919   58764   0.3867847   B1-331-P51
21703   58552   0.3349828   B1-331-P54
22642   58329   0.5000184   B1-331-P58
24350   57903   0.3924448   B1-331-P65
24583   57834   0.3576585   B1-331-P66
25058   57712   0.3912496   B1-331-P68
25306   57635   0.3668336   B1-331-P69
25553   57586   0.3759617   B1-331-P70
25785   57524   0.4529302   B1-331-P71
21202   58706   0.4059701   B1-331-SP52
23360   58150   0.5187465   B1-331-SP61
20871   58569   0.3450048   B1-3-49
21155   58497   0.3616169   B1-3-50
25525   57379   0.3031   B1-3-65
25825   57292   0.35804   B1-3-66
21051   58519   0.3817195   B1-3-D49
21570   58369   0.4184076   B1-3-D51
21459   58393   0.3031   B1-3-F51
21132   58546   0.3936978   B1-3-P255
21295   58528   0.3199956   B1-3-P256
21513   58457   0.3302915   B1-3-P257
23980   57820   0.3847242   B1-3-P269
25918   57330   0.3835392   B1-3-P278
25732   58206   0.3305976   B1-D2-470
21969   59176   0.4433737   B1-D2-57
23895   58686   0.3646834   B1-D2-65
24143   58622   0.3423525   B1-D2-66
25605   58240   0.376794   B1-D2-72
20791   59508   0.4630474   B1-D2-M52
21013   59462   0.3563011   B1-D2-P53
21968   59206   0.4920391   B1-D2-P57
23174   58894   0.3031   B1-D2-P62
23421   58843   0.4674385   B1-D2-P63
23918   58711   0.3754113   B1-D2-P65
24139   58654   0.3562463   B1-D2-P66
24654   58496   0.3031   B1-D2-P68
24882   58459   0.3919878   B1-D2-P69
25605   58278   0.3771779   B1-D2-P72
25837   58220   0.3182177   B1-D2-P73
21455   58756   0.3825581   B1-D3-453
21691   58690   0.400477   B1-D3-454
22654   58427   0.375982   B1-D3-458
23442   58263   0.3512693   B1-D3-461
24620   57881   0.3583951   B1-D3-466
24866   57851   0.3975169   B1-D3-467
24239   58018   0.3745343   B1-D3-70
24481   57958   0.351653   B1-D3-71
24746   57871   0.4027418   B1-D3-72
25210   57775   0.3926839   B1-D3-74
25450   57714   0.3875592   B1-D3-75
25887   57603   0.5170652   B1-D3-77
20859   58926   0.4660389   B1-D3-P56
21353   58813   0.4079658   B1-D3-P58
21611   58709   0.3455738   B1-D3-P59
21831   58677   0.4765625   B1-D3-P60
22313   58564   0.5438253   B1-D3-P62
22562   58494   0.3187141   B1-D3-P63
22798   58429   0.4032575   B1-D3-P64
23042   58364   0.3617884   B1-D3-P65
23253   58313   0.5058728   B1-D3-P66
23537   58256   0.3031   B1-D3-P67
23766   58184   0.3923729   B1-D3-P68
24253   58062   0.3871519   B1-D3-P70
24499   57995   0.3333607   B1-D3-P71
24747   57921   0.3993576   B1-D3-P72
25217   57807   0.4112886   B1-D3-P74
25449   57742   0.3807352   B1-D3-P75
20900   58570   0.3603285   G100-38
21205   58491   0.3423929   G100-39
21496   58410   0.3063731   G100-40
22365   58181   0.3897545   G100-43
23151   58933   0.311157   G94-45
20769   59235   0.4851089   G96-37
21051   59166   0.3878453   G96-38
21348   59078   0.412044   G96-39
22791   58708   0.4350513   G96-44
23082   58675   0.4112417   G96-45
20943   58866   0.4200429   G98-38
21281   58772   0.3930694   G98-39
21864   58636   0.4325069   G98-41
22368   58491   0.5147078   G98-43
22620   58434   0.3396618   G98-44
22908   58394   0.4373857   G98-45
22592   58434   0.3142025   G98-F44
22255   58524   0.5440993   S117
22961   59049   0.3572445   B1-320-58
21609   58854   0.5668493   B1-330-53
21519   58910   0.5616235   B1-330-P53
24660   58102   0.3449948   B1-330-P66
21551   58614   0.3930381   B1-331-53
21436   58641   0.366544   B1-331-P53
24428   58565   0.3387943   B1-D2-P67
21105   58847   0.3102811   B1-D3-P57
21526   58751   0.3411346   G98-40
24734   58444   0.359232   B1-D2-466
22935   58969   0.373717   B1-D2-P61
22871   59003   0.3306338   G94-44
23664   59002   0.3790151   B1-1-061
25083   58122   0.3804216   B1-2-043
22294   58964   0.3699061   B1-21-556
25055   58132   0.3856166   B1-2-43
22155   58918   0.384555   B1-2-P37
25080   58156   0.3887593   B1-2-P43
22172   58967   0.3757752   B1-321-55
23507   58685   0.3428948   B1-321-P61
23763   58615   0.3593066   B1-321-P62
25721   57798   0.4578287   B1-330-70
25614   57851   0.4297556   B1-330-P70
23122   58202   0.5602105   B1-331-P60
21392   59560   0.4106767   B1-1-452
22096   58828   0.3931056   B1-2-037
21085   59275   0.3619565   B1-21-551
22530   58898   0.3906124   B1-21-557
23023   58782   0.3736082   B1-21-559
22136   58874   0.3903559   B1-2-37
22274   58844   0.3928344   B1-2-456
22983   58639   0.4090155   B1-2-459
22202   58697   0.55   B1-30-556
20692   58780   0.3921476   B1-31-550
21659   58530   0.3443392   B1-31-554
23127   58730   0.403214   B1-321-59
23866   58555   0.3987678   B1-321-62
21118   59293   0.3624002   B1-321-P51
22314   58995   0.3343365   B1-321-P56
23038   58807   0.3490247   B1-321-P59
20697   58660   0.3334626   B1-3-P253
22182   58608   0.55   G98-42
22106   59280   0.4501161   B1-20-555
21094   59296   0.3459609   B1-21-M551
22506   58778   0.4286023   B1-2-457
20763   59068   0.5235985   B1-30-550
21406   58580   0.3458331   B1-31-553
22557   58940   0.3389611   B1-321-P57
20877   59045   0.4289823   B1-330-50
20792   59097   0.4884352   B1-330-P50
20708   58834   0.3944014   B1-331-P50
21921   58524   0.4074989   B1-331-P55
20726   58930   0.394852   B1-D3-450
25793   57622   0.4963117   B1-D3-471
20655   58972   0.6074613   B1-D3-M55
24015   58124   0.3099753   B1-D3-P69
25701   57685   0.4643564   B1-D3-P76
22477   58781   0.4473646   G96-43
20661   58942   0.5238938   G98-37
23672   58890   0.387137   B1-320-61
21030   59058   0.3674092   B1-330-SP51
24089   57966   0.3746156   B1-331-P64
21352   59350   0.3796398   B1-D2-452
24114   58025   0.3682341   B1-D3-464
21885   58475   0.4284722   B1-31-555
24567   57625   0.3209071   B1-3-D61
24409   57699   0.3117989   B1-3-SP271
24647   57651   0.3547413   B1-3-SP272
21484   59335   0.3841609   B1-D2-P55
21372   59459   0.376833   B1-20-552
23568   58896   0.4491381   B1-20-561
23570   58927   0.4834178   B1-320-P61
21591   59192   0.4398455   B1-321-P53
24193   57760   0.3507083   B1-3-P270
21234   59400   0.32045   B1-D2-P54
20830   59522   0.4467037   G94-37
21408   59370   0.3770647   G94-39
21032   59688   0.532762   B1-1-050
20914   59711   0.3961318   B1-1-450
20832   59734   0.5864515   B1-1-49
20987   59705   0.4911649   B1-1-50
20905   59565   0.3697823   B1-20-550
20830   59350   0.3703426   B1-21-550
22374   58322   0.4549949   B1-31-557
24320   57852   0.3798091   B1-31-565
21015   59547   0.3698555   B1-320-50
20922   59589   0.3735715   B1-320-P50
21762   58846   0.6369275   B1-330-P54
23660   58742   0.3117723   B1-D2-64
23666   58771   0.3169138   B1-D2-P64
25123   58399   0.3167863   B1-D2-P70
25363   58324   0.3742076   B1-D2-P71
21119   59440   0.3104329   G94-38
22243   58846   0.4034281   G96-42
24711   58688   0.4549691   B1-1-065
24298   58848   0.3946599   B1-1-464
24553   58751   0.3934104   B1-1-465
24687   58732   0.5033822   B1-1-65
21888   59322   0.3421661   B1-20-554
21732   58828   0.55   B1-30-554
24678   58622   0.3798036   B1-320-65
22388   59230   0.367123   B1-320-P56
20843   59373   0.3328786   B1-321-P50
22399   58384   0.4892549   B1-331-P57
21219   59367   0.3165308   B1-D2-54
23125   58308   0.5018772   B1-D3-460
22384   59355   0.3933684   B1-1-055
22429   59275   0.3812372   B1-1-456
22496   59333   0.3957234   B1-1-56
22524   59357   0.3965588   B1-1-P56
22352   59211   0.3614846   B1-20-556
23489   58658   0.3726833   B1-21-561
22505   59168   0.3507485   B1-320-56
25340   58428   0.3725833   B1-320-68
22410   58914   0.3743001   B1-321-56
22070   59061   0.3408091   B1-321-P55
22396   58224   0.428133   B1-3-P261
25111   58376   0.3107026   B1-D2-70
22715   59036   0.3272967   B1-D2-P60
23586   58433   0.4001546   B1-2-040
23581   58505   0.3980821   B1-2-40
23469   58550   0.3941087   B1-2-461
21655   59429   0.4384502   B1-320-P53
23376   58664   0.3730155   B1-321-60
22582   59079   0.3044358   G94-43
21671   59498   0.4801608   B1-1-453
21628   59391   0.3929764   B1-20-553
23723   58607   0.3552172   B1-21-562
23602   58530   0.4010963   B1-2-P40
26048   58250   0.3926583   B1-320-71
22886   58800   0.3902788   B1-321-58
23608   58623   0.3751099   B1-321-61
22443   59061   0.3046418   B1-D2-59
22933   58935   0.3795636   B1-D2-61
23691   58482   0.3998505   B1-2-462
24550   58666   0.4083663   B1-320-P65
24843   57758   0.3773896   B1-331-P67
24716   57728   0.376336   B1-331-S66
24721   57569   0.3201201   B1-3-62
25690   57654   0.3992555   B1-D3-76
22201   59120   0.3299775   B1-D2-58
22225   59140   0.3359285   B1-D2-P58
22337   59162   0.3156129   G94-42
23735   58013   0.5103151   B1-331-62
24975   57732   0.3849927   B1-331-67
21729   58347   0.6145651   B1-3-52
23783   57820   0.4405954   B1-3-59
25710   57369   0.3553982   B1-3-P277
25643   57974   0.4476776   B1-2-470
23861   57963   0.3577825   B1-31-563
23849   58012   0.3692521   B1-331-P63
20619   58641   0.460226   G100-37
25091   57562   0.3154995   B1-3-P274
26019   58136   0.3111988   B1-D2-74
24855   57551   0.3031   B1-3-SP273
25382   57406   0.3031   B1-3-D64
22468   59081   0.3031   B1-D2-P59
24964   57869   0.3031   B1-D3-P73
