24212.5   58939.5   0.3078003   
24241   58909   0.3709357   
24269.5   58878.5   0.3885196   
24298   58848   0.3930793   B1-1-464
24265.75   58652.25   0.3078003   
24276.5   58717.5   0.3709165   
24287.25   58782.75   0.3884988   
24291.5   58615.5   0.3078003   
24328   58644   0.3708291   
24364.5   58672.5   0.3884043   
24473.75   58569.75   0.3078003   
24449.5   58613.5   0.3708392   
24425.25   58657.25   0.3884152   
24511.75   58582.25   0.3078003   
24525.5   58638.5   0.3708028   
24539.25   58694.75   0.3883759   
21193   59356.75   0.3078003   
21288   59338.5   0.3706635   
21383   59320.25   0.3882256   
21565   59289.25   0.3078003   
21536   59293.5   0.3706635   
21507   59297.75   0.3882256   
21370   59075   0.3883986   
21339   59083   0.4459445   
21308   59091   0.4767777   
21145.75   59015   0.3078003   
21189.5   59043   0.3901932   
21233.25   59071   0.4110668   
22389   58832.25   0.3588289   
22396   58859.5   0.4181601   
22403   58886.75   0.4435993   
22346.25   59045.25   0.3078003   
22367.5   59001.5   0.3865644   
22388.75   58957.75   0.4067687   
22617.75   58977   0.3308568   
22548.5   58956   0.4033803   
22479.25   58935   0.4256799   
22355   58814.75   0.3078003   
22328   58824.5   0.3918919   
22301   58834.25   0.4130573   
22312.25   59027.75   0.3078003   
22299.5   58966.5   0.375266   
22286.75   58905.25   0.3932346   
22098.5   58652.75   0.3078003   
22157   58716.5   0.375266   
22215.5   58780.25   0.3932346   
22413   58798.25   0.3078003   
22444   58791.5   0.3891332   
22475   58784.75   0.4098094   
22557.75   58640.75   0.3078003   
22540.5   58686.5   0.3740258   
22523.25   58732.25   0.3918638   
22731.75   58919   0.3078003   
22656.5   58872   0.3738222   
22581.25   58825   0.3916435   
22641.75   58943   0.3078003   
22596.5   58888   0.3740203   
22551.25   58833   0.3918579   
22838.5   58958.25   0.3078003   
22870   58950.5   0.370664   
22901.5   58942.75   0.3882262   
22933   58935   0.3927739   B1-D2-61
23022.25   58908.75   0.3078003   
22992.5   58917.5   0.370664   
22962.75   58926.25   0.3882262   
22837.25   58698.75   0.3078003   
22805.5   58705.5   0.3890156   
22773.75   58712.25   0.4096699   
22790.75   58904.25   0.3078003   
22774.5   58842.5   0.3759122   
22758.25   58780.75   0.3939917   
22856.5   58655.75   0.3078003   
22844   58619.5   0.3857806   
22831.5   58583.25   0.4058475   
23003.5   58490   0.3078003   
22942   58509   0.3743792   
22880.5   58528   0.3922462   
22597.75   58480.25   0.3078003   
22671.5   58502.5   0.3743788   
22745.25   58524.75   0.3922459   
23068.5   58501.25   0.3078003   
23072   58531.5   0.3708903   
23075.5   58561.75   0.3884705   
23079   58592   0.3930373   B1-2-039
23247.75   58748   0.3078003   
23191.5   58696   0.3708905   
23135.25   58644   0.3884707   
23342.25   58597.25   0.3078003   
23353.5   58619.5   0.372695   
23364.75   58641.75   0.3904236   
23322   58766   0.3078003   
23340   58732   0.3078004   
23358   58698   0.3773262   
23496   58748   0.3078003   
23456   58720   0.3697999   
23416   58692   0.3873118   
23302.25   58582.5   0.3078003   
23273.5   58590   0.3753436   
23244.75   58597.5   0.3933255   
23216   58605   0.3962449   B1-2-460
23102.75   58504.5   0.3078003   
23140.5   58538   0.3727474   
23178.25   58571.5   0.3904803   
23282   58751.25   0.3078003   
23260   58702.5   0.3727415   
23238   58653.75   0.390474   
23324.75   58549.5   0.3078003   
23318.5   58524   0.3822559   
23312.25   58498.5   0.4016557   
23306   58473   0.4015414   B1-330-60
23125.25   58471.5   0.3078003   
23185.5   58472   0.375749   
23245.75   58472.5   0.3938004   
23489.75   58291.5   0.3078003   
23428.5   58352   0.3758268   
23367.25   58412.5   0.3938916   
23365.5   58568.75   0.3078003   
23400   58562.5   0.3775315   
23434.5   58556.25   0.3958886   
23469   58550   0.3990611   B1-2-461
23519.25   58719.5   0.3078003   
23502.5   58663   0.374302   
23485.75   58606.5   0.3921628   
23833.75   58474.75   0.3390585   
23844.5   58501.5   0.4079118   
23855.25   58528.25   0.430842   
23802.25   58675   0.3078003   
23823.5   58635   0.3776239   
23844.75   58595   0.3959968   
23974   58618   0.3078003   
23938   58597   0.3776306   
23902   58576   0.3960046   
23790   58456.5   0.3380639   
23757   58465   0.4055719   
23724   58473.5   0.4281405   
23574.75   58702.5   0.3078003   
23613.5   58629   0.3770545   
23652.25   58555.5   0.3953297   
23758.5   58656.75   0.3078003   
23736   58598.5   0.3770545   
23713.5   58540.25   0.3953297   
23815.75   58409.75   0.3609509   
23808.5   58371.5   0.4184595   
23801.25   58333.25   0.4439906   
23611.75   58247   0.3078003   
23672.5   58263   0.3853385   
23733.25   58279   0.4053279   
23852   58437.5   0.3901241   
23881   58427   0.4486341   
23910   58416.5   0.4799295   
23939   58406   0.4554293   B1-2-463
24008.75   58270.25   0.3763545   
23985.5   58315.5   0.4276469   
23962.25   58360.75   0.4554746   
23992.25   58580.75   0.3384153   
23974.5   58522.5   0.4063987   
23956.75   58464.25   0.4290949   
24176   58541.75   0.3381875   
24097   58496.5   0.4058626   
24018   58451.25   0.428476   
20890.75   59492.75   0.3078003   
20898.5   59565.5   0.3706639   
20906.25   59638.25   0.388226   
21866.75   59310.5   0.3911747   
21873.5   59365   0.4501477   
21880.25   59419.5   0.4818466   
22029.5   59241.5   0.4397673   
21982   59319   0.5286814   
21934.5   59396.5   0.5928453   
21761.75   59321   0.4010701   
21803.5   59372   0.4648141   
21845.25   59423   0.5008801   
22121   59187.75   0.3078003   
22165   59211.5   0.3078004   
22209   59235.25   0.3753953   
22307   59131.5   0.3078003   
22289   59174   0.3078004   
22271   59216.5   0.3753953   
22351   59135.5   0.3078003   
22377   59182   0.3706636   
22403   59228.5   0.3882258   
22429   59275   0.3927734   B1-1-456
22704.75   59343.25   0.3411435   
22651.5   59356.5   0.4129803   
22598.25   59369.75   0.437001   
22545   59383   0.4439521   B1-311-56
22370   59108.75   0.3720236   
22415   59128.5   0.4217237   
22460   59148.25   0.4481822   
22641.5   59040.5   0.4397673   
22596   59083   0.5286814   
22550.5   59125.5   0.5387868   
22788.5   59305.5   0.3597533   
22819   59281   0.4182906   
22849.5   59256.5   0.4437698   
22880   59232   0.4508815   B1-1-458
22816.5   59314.25   0.3078003   
22875   59298.5   0.3794231   
22933.5   59282.75   0.3981413   
22992   59267   0.4029906   B1-311-58
23180.25   59237.75   0.3078003   
23117.5   59247.5   0.3786806   
23054.75   59257.25   0.3972347   
23203.75   59203   0.3078003   
23164.5   59178   0.3722399   
23125.25   59153   0.3899311   
23086   59128   0.3952221   B1-1-459
22876.75   59006.5   0.3078003   
22946.5   59047   0.3737777   
23016.25   59087.5   0.3915953   
23060.5   58957   0.3078003   
23069   59014   0.372234   
23077.5   59071   0.3899246   
23265.25   59188.5   0.3078003   
23287.5   59149   0.370766   
23309.75   59109.5   0.3883361   
23332   59070   0.3928909   B1-1-460
23609.5   59080.5   0.3078003   
23517   59077   0.3707676   
23424.5   59073.5   0.3883377   
23122   58942.5   0.3078003   
23192   58985   0.370765   
23262   59027.5   0.3883349   
23311   58867.5   0.3078003   
23318   58935   0.370765   
23325   59002.5   0.3883349   
23485   58849.5   0.3078003   
23434   58923   0.370765   
23383   58996.5   0.3883349   
23668.25   59065.75   0.3078003   
23634.5   59047.5   0.3708448   
23600.75   59029.25   0.3884213   
23567   59011   0.3929792   B1-1-461
23543.75   58834.75   0.3078003   
23551.5   58893.5   0.3708369   
23559.25   58952.25   0.3884127   
23694.5   59035.5   0.3078003   
23687   58987   0.3707333   
23679.5   58938.5   0.3883007   
23672   58890   0.3928477   B1-320-61
23570   58804.5   0.3078003   
23604   58833   0.3707266   
23638   58861.5   0.3882934   
23753.75   58758.75   0.3078003   
23726.5   58802.5   0.3707269   
23699.25   58846.25   0.3882937   
23727   59051.25   0.3078003   
23752   59018.5   0.3707492   
23777   58985.75   0.3883178   
23802   58953   0.3928699   B1-1-462
23786.25   58774.5   0.3078003   
23791.5   58834   0.3707465   
23796.75   58893.5   0.3883149   
24149   58954.5   0.3078003   
24114   58939   0.3709256   
24079   58923.5   0.3885087   
24044   58908   0.3930673   B1-1-463
24018.5   58706.25   0.3078003   
24027   58773.5   0.3709062   
24035.5   58840.75   0.3884878   
24543   58550   0.3078003   
24588   58574   0.3730323   
24633   58598   0.3907886   
24638.25   58526.75   0.3078003   
24651.5   58558.5   0.3725008   
24664.75   58590.25   0.3902135   
25070.25   58701.75   0.3078003   
24981.5   58696.5   0.3781283   
24892.75   58691.25   0.3965877   
24804   58686   0.4013563   B1-1-466
24941.25   58478.25   0.3078003   
24895.5   58547.5   0.3776193   
24849.75   58616.75   0.3959915   
24669.75   58542.75   0.3078003   
24714.5   58590.5   0.3775063   
24759.25   58638.25   0.395859   
25103.75   58722.25   0.3825924   
25048.5   58737.5   0.436691   
24993.25   58752.75   0.4661547   
24938   58768   0.4741328   B1-311-66
25131.25   58686.25   0.3078003   
25103.5   58665.5   0.3740013   
25075.75   58644.75   0.3918374   
25048   58624   0.3963166   B1-1-467
25002.25   58462.75   0.3078003   
25017.5   58516.5   0.3733634   
25032.75   58570.25   0.391147   
25019   58429.5   0.3078003   
25051   58450   0.3707036   
25083   58470.5   0.3882684   
25115   58491   0.392818   B1-320-67
25112   58404.75   0.3078003   
25113   58433.5   0.3707038   
25114   58462.25   0.3882686   
25217   58691   0.3821512   
25275   58675   0.4360086   
25333   58659   0.4653691   
25391   58643   0.4734632   B1-311-68
25578.5   58601.75   0.3823385   
25516   58615.5   0.4362982   
25453.5   58629.25   0.4657025   
25206.75   58672   0.340273   
25254.5   58637   0.4108623   
25302.25   58602   0.4344012   
25568.25   58582.75   0.3413504   
25495.5   58577.5   0.4134803   
25422.75   58572.25   0.4376243   
25431   58347.25   0.4148177   
25404   58420.5   0.486419   
25377   58493.75   0.5283734   
25170.75   58423.75   0.3395634   
25230.5   58471.5   0.409129   
25290.25   58519.25   0.4322957   
25600.25   58573   0.3813067   
25559.5   58558   0.4347399   
25518.75   58543   0.4638948   
25478   58528   0.4716944   B1-1-469
25463   58337.5   0.381305   
25468   58401   0.4347373   
25473   58464.5   0.4638919   
25491.25   58299   0.3078003   
25524.5   58324   0.3708739   
25557.75   58349   0.3884528   
25591   58374   0.393018   B1-320-69
25662   58555   0.3078003   
25683   58522   0.3822837   
25704   58489   0.4016903   
25725   58456   0.4069222   B1-1-470
25700   58572.5   0.3078003   
25759   58557   0.3934253   
25818   58541.5   0.414822   
25877   58526   0.4192751   B1-311-70
26048   58472.75   0.3078003   
25991   58490.5   0.3915435   
25934   58508.25   0.4126564   
26064.5   58437.25   0.3078003   
26024   58419.5   0.3785831   
25983.5   58401.75   0.3971205   
25943   58384   0.4020539   B1-1-471
25934   58215.25   0.3078003   
25937   58271.5   0.3780202   
25940   58327.75   0.3964611   
25960.25   58181.75   0.3078003   
25989.5   58204.5   0.3706718   
26018.75   58227.25   0.3882344   
26048   58250   0.3927822   B1-320-71
26005.25   58143.5   0.3078003   
26019.5   58179   0.3706718   
26033.75   58214.5   0.3882344   
20888.25   59362.25   0.3078003   
20893.5   59304.5   0.3723285   
20898.75   59246.75   0.3900269   
21049.5   59328.5   0.3078003   
21001   59282   0.3720832   
20952.5   59235.5   0.3897616   
20869.5   58748.25   0.3078003   
20940   58746.5   0.370895   
21010.5   58744.75   0.3884756   
21258.75   58651.5   0.3078003   
21199.5   58682   0.3708517   
21140.25   58712.5   0.3884287   
21114.75   58802.25   0.3078003   
21103.5   58782.5   0.3707957   
21092.25   58762.75   0.3883681   
21360   58993.75   0.3809321   
21319   58920.5   0.4341841   
21278   58847.25   0.4632463   
21135.75   58933.75   0.3078003   
21169.5   58880.5   0.3817263   
21203.25   58827.25   0.4009987   
21297.75   58659.25   0.3078003   
21277.5   58697.5   0.3815969   
21257.25   58735.75   0.4008382   
21153.75   58810   0.3078003   
21181.5   58798   0.381563   
21209.25   58786   0.4007961   
21490.5   58728.25   0.3078003   
21406   58743.5   0.3817181   
21321.5   58758.75   0.4009885   
21376.25   58619.25   0.3078003   
21434.5   58617.5   0.3078004   
21492.75   58615.75   0.3753948   
21716.75   58534.5   0.3078003   
21661.5   58561   0.3078004   
21606.25   58587.5   0.3753948   
21356.75   58494.75   0.3078003   
21421.5   58534.5   0.3078004   
21486.25   58574.25   0.3753948   
21565.25   58430.25   0.3078003   
21560.5   58491.5   0.3078004   
21555.75   58552.75   0.3753948   
21482   58448.25   0.3078003   
21505   58503.5   0.3078004   
21528   58558.75   0.3753948   
21794.75   58372.5   0.3078003   
21713.5   58453   0.3078004   
21632.25   58533.5   0.3753948   
21569   58688.25   0.3078003   
21563   58663.5   0.3078004   
21557   58638.75   0.3753948   
21874.75   58866   0.3818268   
21854.5   58794   0.4355114   
21834.25   58722   0.4647951   
21782.5   58543.5   0.3078003   
21793   58579   0.3791584   
21803.5   58614.5   0.3978128   
21634.75   58697.25   0.3078003   
21694.5   58681.5   0.3791587   
21754.25   58665.75   0.3978133   
21933.25   58925.5   0.3390514   
21971.5   58913   0.4078951   
22009.75   58900.5   0.4308228   
22069.75   59095   0.3078003   
22062.5   59026   0.3750879   
22055.25   58957   0.393026   
22255.75   59038.75   0.3078003   
22186.5   58988.5   0.3750879   
22117.25   58938.25   0.393026   
22333   58746.75   0.3939999   
22284   58688.5   0.4541889   
22235   58630.25   0.487049   
22076.5   58584.75   0.3078003   
22113   58580.5   0.3992612   
22149.5   58576.25   0.4212323   
22350.25   58734.75   0.3078003   
22318.5   58664.5   0.3940587   
22286.75   58594.25   0.415551   
22495   58577.25   0.3078003   
22415   58559.5   0.3769997   
22335   58541.75   0.3952655   
22541.25   58568.25   0.3078003   
22507.5   58541.5   0.3706707   
22473.75   58514.75   0.3882333   
22440   58488   0.3927809   B1-D3-457
22503   58465.5   0.3078003   
22482   58473   0.3706704   
22461   58480.5   0.388233   
22785.25   58136.5   0.3078003   
22784.5   58221   0.3707474   
22783.75   58305.5   0.3883159   
22783   58390   0.3928674   B1-D3-64
22588.75   58441   0.3078003   
22653.5   58424   0.370744   
22718.25   58407   0.3883122   
23022.5   58446   0.3078003   
22980   58421   0.3708439   
22937.5   58396   0.3884203   
22895   58371   0.392986   B1-D3-459
22813.25   58131.75   0.3078003   
22840.5   58211.5   0.370846   
22867.75   58291.25   0.3884225   
22976   58341   0.3078003   
22949   58351   0.3708501   
22922   58361   0.388427   
22833.25   58100   0.3078003   
22880.5   58148   0.3078004   
22927.75   58196   0.3760051   
23043.25   58066.25   0.3078003   
23020.5   58125.5   0.3078004   
22997.75   58184.75   0.3760052   
22996   58309.25   0.3078003   
22989   58287.5   0.3681855   
22982   58265.75   0.3856037   
23080   58430.25   0.3078003   
23095   58389.5   0.3708882   
23110   58348.75   0.3884683   
23125   58308   0.3930335   B1-D3-460
23080.75   58082.25   0.3078003   
23095.5   58157.5   0.3708819   
23110.25   58232.75   0.3884614   
23033.5   58325.25   0.3078003   
23064   58319.5   0.3708914   
23094.5   58313.75   0.3884717   
23123.5   58419.75   0.3078003   
23182   58368.5   0.3708741   
23240.5   58317.25   0.388453   
23299   58266   0.3930208   B1-D3-66
23124.25   58071.75   0.3078003   
23182.5   58136.5   0.3708704   
23240.75   58201.25   0.388449   
23331.25   58014.75   0.3078003   
23320.5   58098.5   0.3708704   
23309.75   58182.25   0.388449   
23488   58239.75   0.3078003   
23425   58248.5   0.3708904   
23362   58257.25   0.3884706   
23600.75   57951.75   0.3078003   
23612.5   58024.5   0.3707899   
23624.25   58097.25   0.3883618   
23636   58170   0.3929225   B1-D3-462
23572.25   58215.75   0.3078003   
23593.5   58200.5   0.3707953   
23614.75   58185.25   0.3883677   
24070.5   58256.25   0.3078003   
24109   58287.5   0.3727064   
24147.5   58318.75   0.3904359   
24186   58350   0.395198   B1-2-464
24432   58148.25   0.3078003   
24350   58215.5   0.3727078   
24268   58282.75   0.3904374   
24237.75   58527.75   0.3078003   
24220.5   58468.5   0.3727004   
24203.25   58409.25   0.3904294   
24420   58482   0.3078003   
24342   58438   0.3728052   
24264   58394   0.3905429   
23837.75   58363.75   0.3078003   
23852.5   58279.5   0.3961537   
23867.25   58195.25   0.4179137   
23994.5   58196.5   0.3078003   
23957   58168   0.3749729   
23919.5   58139.5   0.3928913   
23894.75   57879.25   0.3078003   
23890.5   57956.5   0.3749729   
23886.25   58033.75   0.3928913   
23972.75   58084.75   0.3078003   
23942.5   58093.5   0.3749729   
23912.25   58102.25   0.3928913   
24052.5   58175   0.3078003   
24073   58125   0.3078004   
24093.5   58075   0.3753312   
24195.75   57908.75   0.3078003   
24168.5   57947.5   0.3078004   
24141.25   57986.25   0.375324   
23952.75   57857.75   0.3078003   
24006.5   57913.5   0.3078004   
24060.25   57969.25   0.3753285   
24195.75   57774.5   0.3078003   
24168.5   57858   0.3078004   
24141.25   57941.5   0.3753229   
24030.75   58063.25   0.3078003   
24058.5   58050.5   0.3078004   
24086.25   58037.75   0.3753284   
24450.5   58098.25   0.3078003   
24387   58115.5   0.3709863   
24323.5   58132.75   0.3885745   
24260   58150   0.3931517   B1-330-64
24232.25   57940   0.3078003   
24241.5   58010   0.3709891   
24250.75   58080   0.3885774   
24487.75   58125.75   0.3078003   
24461.5   58170.5   0.3714278   
24435.25   58215.25   0.3890522   
24409   58260   0.3937348   B1-2-465
24475.75   58459.5   0.3078003   
24453.5   58393   0.3716347   
24431.25   58326.5   0.3892761   
24842.5   58371.75   0.3078003   
24698   58334.5   0.3714407   
24553.5   58297.25   0.3890662   
24571   58436.25   0.3078003   
24517   58377.5   0.3714333   
24463   58318.75   0.3890582   
24474   58050   0.3078003   
24434   58019   0.3710086   
24394   57988   0.3885986   
24354   57957   0.3931754   B1-D3-465
24255.75   57891.75   0.3078003   
24288.5   57913.5   0.3710104   
24321.25   57935.25   0.3886005   
24255.75   57757.5   0.3078003   
24288.5   57824   0.3710048   
24321.25   57890.5   0.3885944   
24580   58065.5   0.3078003   
24646   58050   0.3733326   
24712   58034.5   0.3911137   
24778   58019   0.3963123   B1-330-66
24899.5   57648.5   0.3078003   
24859   57772   0.373997   
24818.5   57895.5   0.3918327   
24937.75   57870.5   0.3078003   
24884.5   57920   0.3737064   
24831.25   57969.5   0.3915182   
25248   58076.5   0.385866   
25213   58086   0.4418558   
25178   58095.5   0.4721017   
25047   58008.25   0.3422619   
25079   58040.5   0.4156846   
25111   58072.75   0.4403716   
25000.75   58015.25   0.3078003   
24986.5   58054.5   0.3708629   
24972.25   58093.75   0.3884408   
24958   58133   0.393001   B1-2-467
24979.75   58340   0.3078003   
24972.5   58271   0.370856   
24965.25   58202   0.3884333   
25035.25   57928.25   0.3078003   
25055.5   57880.5   0.3711309   
25075.75   57832.75   0.3887309   
24979   57590   0.3078003   
25018   57655   0.3711153   
25057   57720   0.388714   
25213   57530   0.3078003   
25174   57615   0.3709587   
25135   57700   0.3885446   
25102.75   57549.5   0.3078003   
25100.5   57628   0.3709736   
25098.25   57706.5   0.3885606   
25017.25   57812   0.3078003   
25043.5   57803   0.3711899   
25069.75   57794   0.3887947   
25275.5   58031.75   0.3408146   
25268   57996.5   0.4121846   
25260.5   57961.25   0.4360094   
25074.5   57963.5   0.3078003   
25134   57951   0.3777006   
25193.5   57938.5   0.3960867   
25433.75   57877.25   0.3078003   
25373.5   57893.5   0.3777288   
25313.25   57909.75   0.3961197   
25252.25   57565.25   0.3078003   
25252.5   57685.5   0.3789642   
25252.75   57805.75   0.397572   
25373   58043.75   0.3880808   
25463   58020.5   0.4454333   
25553   57997.25   0.4761968   
25531.25   57889.25   0.3743554   
25568.5   57917.5   0.4248865   
25605.75   57945.75   0.4521267   
25787   58131.5   0.3822876   
25739   58079   0.4362196   
25691   58026.5   0.465612   
25455.5   57833   0.3078003   
25417   57805   0.3709471   
25378.5   57777   0.388532   
25340   57749   0.3930957   B1-D3-469
25274   57521   0.3078003   
25296   57597   0.3709331   
25318   57673   0.3885168   
25478.75   57800.25   0.3078003   
25463.5   57739.5   0.3789174   
25448.25   57678.75   0.3975139   
25433   57618   0.4023319   B1-331-69
25613   57545.25   0.3078003   
25553   57569.5   0.3785552   
25493   57593.75   0.3970878   
25297.25   57488.25   0.3078003   
25342.5   57531.5   0.3783003   
25387.75   57574.75   0.3967892   
25614.5   57405   0.3078003   
25554   57476   0.3783125   
25493.5   57547   0.3968034   
25512.25   57813.25   0.3718513   
25530.5   57765.5   0.4214923   
25548.75   57717.75   0.447889   
25567   57670   0.4537743   B1-D3-470
25646.5   57558.25   0.3694882   
25620   57595.5   0.419664   
25593.5   57632.75   0.4455655   
25550.75   57845.25   0.3484027   
25607.5   57829.5   0.4166892   
25664.25   57813.75   0.4416761   
25889.75   57747   0.3623766   
25833.5   57764   0.4186606   
25777.25   57781   0.4442537   
25685   57590.25   0.3972029   
25697   57659.5   0.4589456   
25709   57728.75   0.4932849   
25963.25   57790.25   0.3078003   
25980.5   57850.5   0.3935573   
25997.75   57910.75   0.414974   
26015   57971   0.4175541   B1-321-71
25997   58073.75   0.3078003   
26003   58039.5   0.3886296   
26009   58005.25   0.4092119   
25590.5   57872.75   0.3078003   
25687   57884.5   0.3832496   
25783.5   57896.25   0.4028726   
25880   57908   0.4085044   B1-2-471
25929.5   57774.5   0.3078003   
25913   57819   0.3847458   
25896.5   57863.5   0.4046313   
25918.25   58096.25   0.3078003   
25905.5   58033.5   0.3827898   
25892.75   57970.75   0.402318   
25907.75   57703   0.402313   
25869.5   57676   0.4666931   
25831.25   57649   0.503293   
25703   57546.25   0.3920468   
25733   57571.5   0.4514041   
25763   57596.75   0.483438   
25937.5   57681   0.3779057   
25929   57632   0.4298102   
25920.5   57583   0.4580769   
25912   57534   0.4594407   B1-331-71
25732.75   57524.25   0.3777521   
25792.5   57527.5   0.429596   
25852.25   57530.75   0.4578192   
25734.25   57384   0.3714767   
25793.5   57434   0.4209895   
25852.75   57484   0.4472516   
25952.5   57330.75   0.3700944   
25939   57398.5   0.4197495   
25925.5   57466.25   0.4456773   
20780.75   58795   0.3078003   
20762.5   58840   0.3707512   
20744.25   58885   0.38832   
20726   58930   0.3928738   B1-D3-450
20916   59451.75   0.3078003   
20949   59483.5   0.3078004   
20982   59515.25   0.3753954   
21077.25   59418   0.3078003   
21056.5   59461   0.3078004   
21035.75   59504   0.3753954   
20849.5   59439.75   0.3078003   
20816   59459.5   0.3706674   
20782.5   59479.25   0.3882298   
20749   59499   0.3927775   B1-D2-52
21904.5   58968   0.3256687   
21914   58998   0.4026289   
21923.5   59028   0.4248664   
21878.25   59206.5   0.3078003   
21896.5   59157   0.3078005   
21914.75   59107.5   0.3784068   
22041   59137.5   0.3078003   
22005   59111   0.3078005   
21969   59084.5   0.3784068   
21773.25   59217   0.3078003   
21826.5   59164   0.3078005   
21879.75   59111   0.3784068   
21887.25   59236   0.3078003   
21914.5   59216   0.3078004   
21941.75   59196   0.3753953   
22050   59167   0.3078003   
22023   59170   0.3078004   
21996   59173   0.3753953   
23817.75   58739.75   0.3078003   
23854.5   58764.5   0.3078004   
23891.25   58789.25   0.3753958   
23989.5   58682.75   0.3078003   
23969   58726.5   0.3078004   
23948.5   58770.25   0.3753958   
24946.75   58374.75   0.3078003   
24906.5   58340.5   0.3723367   
24866.25   58306.25   0.3900359   
24826   58272   0.3947997   B1-321-66
24949.75   57933.75   0.3078003   
24908.5   58046.5   0.3724449   
24867.25   58159.25   0.3901529   
24957.25   58415.5   0.3078003   
24927.5   58422   0.370806   
24897.75   58428.5   0.3883793   
24868   58435   0.3929409   B1-D2-69
24685.75   58480   0.3078003   
24746.5   58465   0.3708106   
24807.25   58450   0.3883842   
25231.5   58101   0.3401833   
25180   58135   0.4106432   
25128.5   58169   0.434135   
25030.5   58032.75   0.3078003   
25046   58089.5   0.3758832   
25061.5   58146.25   0.3939576   
25009.5   58357.5   0.3078003   
25032   58306   0.3758798   
25054.5   58254.5   0.3939536   
25362.75   58256.25   0.3078003   
25267.5   58238.5   0.3764494   
25172.25   58220.75   0.394621   
25102.5   58332.75   0.3078003   
25094   58289.5   0.3758799   
25085.5   58246.25   0.3939537   
25168.25   58389   0.3078003   
25225.5   58402   0.3713949   
25282.75   58415   0.3890166   
25340   58428   0.39363   B1-320-68
25287.25   58087.25   0.3317207   
25291.5   58107.5   0.4035054   
25295.75   58127.75   0.4258153   
25418.5   58242.5   0.3078003   
25379   58211   0.37398   
25339.5   58179.5   0.3918143   
25349.25   58073.25   0.3396879   
25415.5   58079.5   0.4094332   
25481.75   58085.75   0.4326652   
25480.5   58228.5   0.3078003   
25503   58183   0.37797   
25525.5   58137.5   0.3964023   
25763.25   58161   0.3078003   
25691.5   58138   0.3780373   
25619.75   58115   0.396481   
25550.25   58283.75   0.3078003   
25642.5   58293.5   0.3989241   
25734.75   58303.25   0.4208723   
25827   58313   0.4131327   B1-320-70
25905   58197.5   0.3078003   
25879   58236   0.3807645   
25853   58274.5   0.3998055   
25833   58216.25   0.3078003   
25831   58248.5   0.3829819   
25829   58280.75   0.4025564   
21348   59109.25   0.345277   
21295   59151.5   0.4162481   
21242   59193.75   0.4410995   
21123.75   59049.25   0.3078003   
21145.5   59111.5   0.3785489   
21167.25   59173.75   0.3970803   
21120.75   59340.25   0.3078003   
21143.5   59305.5   0.3785488   
21166.25   59270.75   0.3970802   
22933.5   58701.5   0.3078003   
22998   58711   0.3845777   
23062.5   58720.5   0.4044336   
23070.75   58857.5   0.3078003   
23089.5   58815   0.3743002   
23108.25   58772.5   0.3921608   
23259.75   58782.5   0.3078003   
23215.5   58765   0.3743002   
23171.25   58747.5   0.3921608   
25177.75   58667.5   0.3078003   
25196.5   58628   0.3971371   
25215.25   58588.5   0.4189639   
25234   58549   0.4232558   B1-1-468
25141.75   58419.25   0.3078003   
25172.5   58462.5   0.3948336   
25203.25   58505.75   0.4164429   
21075.75   59032.25   0.3078003   
21049.5   59077.5   0.3707955   
21023.25   59122.75   0.388368   
20997   59168   0.3929256   B1-2-451
21072.75   59323.25   0.3078003   
21047.5   59271.5   0.370795   
21022.25   59219.75   0.3883673   
21906   58858   0.3693307   
21917   58778   0.4196417   
21928   58698   0.4455364   
21813.75   58535.5   0.3078003   
21855.5   58563   0.3755524   
21897.25   58590.5   0.3935701   
21891.75   58373.5   0.3078003   
21907.5   58455   0.3755524   
21923.25   58536.5   0.3935701   
22014.75   58596.25   0.3078003   
21989.5   58603.5   0.3755524   
21964.25   58610.75   0.3935701   
22873.25   58719   0.3078003   
22877.5   58746   0.3803654   
22881.75   58773   0.3993103   
22826.75   58924.5   0.3078003   
22846.5   58883   0.3264716   
22866.25   58841.5   0.3801174   
23010.5   58875   0.3078003   
22969   58850   0.3726665   
22927.5   58825   0.3903928   
24290.75   58589.25   0.3078003   
24326.5   58591.5   0.3714848   
24362.25   58593.75   0.389114   
24398   58596   0.3937761   B1-D2-67
24473   58543.5   0.3078003   
24448   58561   0.3715538   
24423   58578.5   0.3891886   
25894.75   58127.75   0.376537   
25858.5   58096.5   0.4279013   
25822.25   58065.25   0.4557806   
25822.75   58146.5   0.3762584   
25810.5   58109   0.4275141   
25798.25   58071.5   0.4553136   
22731   59308   0.3419619   
22704   59286   0.4149592   
22677   59264   0.4394675   
22650   59242   0.4494371   B1-1-457
22677.75   59059   0.3675008   
22668.5   59120   0.4193836   
22659.25   59181   0.4451988   
21038   58964.25   0.3078003   
20974   58941.5   0.3707772   
20910   58918.75   0.3883482   
20846   58896   0.392904   B1-D3-56
20810.75   58786.5   0.3078003   
20822.5   58823   0.3707766   
20834.25   58859.5   0.3883474   
22588.25   58624.75   0.3078003   
22601.5   58654.5   0.3711254   
22614.75   58684.25   0.3887249   
22628   58714   0.393524   B1-2-038
22762.25   58903   0.3078003   
22717.5   58840   0.3714841   
22672.75   58777   0.3891132   
26098.75   58431.25   0.3078003   
26092.5   58407.5   0.3926225   
26086.25   58383.75   0.4138981   
26080   58360   0.4178202   B1-1-071
25968.25   58209.25   0.3078003   
26005.5   58259.5   0.3899145   
26042.75   58309.75   0.4107363   
23394.75   58539.5   0.3078003   
23458.5   58504   0.3845106   
23522.25   58468.5   0.4043548   
23586   58433   0.4125637   B1-2-040
23763.75   58444.25   0.3385645   
23704.5   58440.5   0.4067496   
23645.25   58436.75   0.4295002   
23548.5   58690.25   0.3078003   
23561   58604.5   0.3782908   
23573.5   58518.75   0.3967781   
23559.75   58281.5   0.3078003   
23568.5   58332   0.3788863   
23577.25   58382.5   0.3974757   
23632   57946   0.3078003   
23675   58013   0.3706638   
23718   58080   0.388226   
23761   58147   0.3927736   B1-D3-68
23864.5   57888.25   0.3078003   
23830   57974.5   0.3706638   
23795.5   58060.75   0.388226   
21408.75   59091.75   0.3739228   
21416.5   59116.5   0.4242891   
21424.25   59141.25   0.4514023   
21181.5   59322.75   0.3078003   
21265   59270.5   0.3790839   
21348.5   59218.25   0.3977205   
21553.5   59255.25   0.3078003   
21513   59225.5   0.3790839   
21472.5   59195.75   0.3977205   
21648   59244   0.3078003   
21576   59218   0.3790839   
21504   59192   0.3977205   
25151.5   58675.5   0.3078003   
25144   58644   0.378044   
25136.5   58612.5   0.3964889   
25129   58581   0.4012679   B1-1-067
25022.5   58452   0.3078003   
25058   58495   0.3773192   
25093.5   58538   0.3956398   
22267.75   59023.75   0.3078003   
22210.5   58958.5   0.3706677   
22153.25   58893.25   0.3882301   
22096   58828   0.3927778   B1-2-037
22054   58648.75   0.3078003   
22068   58708.5   0.3706677   
22082   58768.25   0.3882301   
20861.5   59369   0.3724259   
20840   59318   0.4222636   
20818.5   59267   0.4488666   
24188.5   58943.25   0.3078003   
24193   58916.5   0.3708605   
24197.5   58889.75   0.3884382   
24202   58863   0.3929898   B1-1-63
24058   58695   0.3078003   
24106   58751   0.3708448   
24154   58807   0.3884212   
24241.75   58656   0.3078003   
24228.5   58725   0.3708445   
24215.25   58794   0.3884209   
20870.25   59498.5   0.3078003   
20857.5   59577   0.3706928   
20844.75   59655.5   0.3882567   
20832   59734   0.3928053   B1-1-49
25638.25   58556.75   0.3419736   
25635.5   58525.5   0.4149876   
25632.75   58494.25   0.4395029   
25630   58463   0.4466614   B1-1-069
20910.5   59420.25   0.3078003   
20938   59420.5   0.3706641   
20965.5   59420.75   0.3882263   
20993   59421   0.3927739   B1-D2-53
21071.75   59386.5   0.3078003   
21045.5   59398   0.3706641   
21019.25   59409.5   0.3882263   
22897.5   58678.75   0.3078003   
22926   58665.5   0.3916189   
22954.5   58652.25   0.4127431   
23044.5   58513   0.3078003   
23024   58555   0.3766238   
23003.5   58597   0.3948252   
21613.25   59338.25   0.3078003   
21632.5   59391.5   0.3725669   
21651.75   59444.75   0.390285   
21671   59498   0.3953392   B1-1-453
21707.75   59327   0.3078003   
21695.5   59384   0.3731334   
21683.25   59441   0.390898   
21071.75   58954.25   0.3078003   
21041.5   58921.5   0.3712397   
21011.25   58888.75   0.3888487   
20981   58856   0.3934549   B1-D3-451
20844.5   58776.5   0.3078003   
20890   58803   0.371241   
20935.5   58829.5   0.38885   
21089.75   58830.5   0.3078003   
21053.5   58839   0.3712569   
21017.25   58847.5   0.3888673   
21459.5   59037   0.4314089   
21518   59007   0.5141315   
21576.5   58977   0.5666691   
21830   58940.25   0.4397673   
21765   58942.5   0.5286814   
21700   58944.75   0.5928453   
21698.75   59189.25   0.3594913   
21677.5   59108.5   0.4182536   
21656.25   59027.75   0.4437215   
21590   58771.5   0.3595095   
21605   58830   0.4182562   
21620   58888.5   0.4437248   
21214   59416   0.3078003   
21330   59457   0.3706669   
21446   59498   0.3882293   
21562   59539   0.392777   B1-1-052
21586   59348.5   0.3078003   
21578   59412   0.3706669   
21570   59475.5   0.3882293   
22339.75   59155.5   0.3078003   
22354.5   59222   0.3883502   
22369.25   59288.5   0.4088806   
21100.25   59026.75   0.3078003   
21098.5   59066.5   0.3706879   
21096.75   59106.25   0.3882514   
21095   59146   0.3927994   B1-2-035
21097.25   59317.75   0.3078003   
21096.5   59260.5   0.3706876   
21095.75   59203.25   0.3882512   
23249.25   59200   0.3078003   
23255.5   59172   0.3707331   
23261.75   59144   0.3883004   
23268   59116   0.3928522   B1-1-059
23106   58954   0.3078003   
23160   59008   0.3707324   
23214   59062   0.3882996   
23692.5   59063.5   0.3078003   
23683   59043   0.3710384   
23673.5   59022.5   0.3886307   
23664   59002   0.3931988   B1-1-061
23568   58832.5   0.3078003   
23600   58889   0.3710174   
23632   58945.5   0.3886081   
23749.25   59050   0.3078003   
23796.5   59016   0.3710687   
23843.75   58982   0.3886636   
23891   58948   0.3932579   B1-1-062
24110.75   58964.5   0.3078003   
24037.5   58959   0.3711039   
23964.25   58953.5   0.3887017   
23808.5   58773.25   0.3078003   
23836   58831.5   0.3710619   
23863.5   58889.75   0.3886561   
24481.5   58593.5   0.3078003   
24465   58661   0.37093   
24448.5   58728.5   0.3885134   
24432   58796   0.3930838   B1-1-064
22780.25   59295.25   0.3078003   
22802.5   59260.5   0.3709514   
22824.75   59225.75   0.3885366   
22817   59022.25   0.3078003   
22827   59078.5   0.3709211   
22837   59134.75   0.3885038   
22727   59046.25   0.3078003   
22767   59094.5   0.3709211   
22807   59142.75   0.3885038   
25687.75   58549.5   0.4215091   
25734.5   58511   0.4979059   
25781.25   58472.5   0.5431114   
26035.75   58449.75   0.4205515   
25966.5   58444.5   0.4962867   
25897.25   58439.25   0.5411433   
20719.25   58688.5   0.3078003   
22449.75   58236.75   0.3078003   
22446.5   58320.5   0.3710729   
24537.5   57763   0.439808   
22063.75   58335   0.3239922   
22104.5   58414   0.4023861   
24687   58732   0.55   B1-1-65
21262   59719   0.55   B1-311-51
21775   59589   0.55   B1-311-53
22023   59531   0.55   B1-311-54
24441   58903   0.55   B1-311-64
24692   58830   0.55   B1-311-65
20623   59116   0.55   B1-330-J49
19758.8671875   56737.22265625   0.3105523   
21401   59067   0.3031   B1-2-135
21895   58938   0.3031   B1-2-136
22382   58805   0.3031   B1-2-137
22869   58692   0.3031   B1-2-138
23331   58575   0.3031   B1-2-139
23823   58448   0.3031   B1-2-140
25283   58067   0.3031   B1-2-143
20871   58569   0.3031   B1-3-49
21445   58423   0.3031   B1-3-51
22023   58256   0.3031   B1-3-53
22319   58198   0.3031   B1-3-54
22607   58121   0.3031   B1-3-55
22907   58052   0.3031   B1-3-56
24071   57739   0.3031   B1-3-60
24380   57642   0.3031   B1-3-61
24721   57569   0.3031   B1-3-62
24940   57525   0.3031   B1-3-63
25252   57445   0.3031   B1-3-64
26098   57244   0.3031   B1-3-67
20717   58608   0.3031   B1-3-D48
21292   58455   0.3031   B1-3-D50
21570   58369   0.3031   B1-3-D51
22453   58153   0.3031   B1-3-D54
22786   58052   0.3031   B1-3-D55
23066   58007   0.3031   B1-3-D56
23342   57931   0.3031   B1-3-D57
23589   57879   0.3031   B1-3-D58
23899   57802   0.3031   B1-3-D59
24223   57691   0.3031   B1-3-D60
25105   57471   0.3031   B1-3-D63
25675   57334   0.3031   B1-3-D65
25966   57263   0.3031   B1-3-D66
21459   58393   0.3031   B1-3-F51
21876   58292   0.3031   B1-3-F52
22758   59330   0.3031   B1-311-57
23243   59228   0.3031   B1-311-59
23702   59084   0.3031   B1-311-61
24184   58970   0.3031   B1-311-63
25159   58707   0.3031   B1-311-67
25641   58588   0.3031   B1-311-69
26105   58455   0.3031   B1-311-71
21102   58987   0.3031   B1-330-51
22575   58595   0.3031   B1-330-57
23065   58471   0.3031   B1-330-59
24032   58225   0.3031   B1-330-63
24514   58081   0.3031   B1-330-65
25015   57976   0.3031   B1-330-67
25494   57861   0.3031   B1-330-69
25946   57730   0.3031   B1-330-71
20799   58750   0.3031   B1-331-50
21318   58621   0.3031   B1-331-52
21772   58508   0.3031   B1-331-54
24223   57870   0.3031   B1-331-64
25673   57521   0.3031   B1-331-70
20883   59420   0.3031   B1-D2-450
21098   59375   0.3031   B1-D2-451
21594   59285   0.3031   B1-D2-453
21860   59256   0.3031   B1-D2-454
22077   59164   0.3031   B1-D2-455
22325   59089   0.3031   B1-D2-456
22807   58966   0.3031   B1-D2-458
23052   58900   0.3031   B1-D2-459
23304   58800   0.3031   B1-D2-460
23536   58776   0.3031   B1-D2-461
23781   58715   0.3031   B1-D2-462
24010   58639   0.3031   B1-D2-463
24255   58587   0.3031   B1-D2-464
24498   58526   0.3031   B1-D2-465
24987   58409   0.3031   B1-D2-467
25458   58274   0.3031   B1-D2-469
25931   58159   0.3031   B1-D2-471
21219   59367   0.3031   B1-D2-54
21720   59270   0.3031   B1-D2-56
22201   59120   0.3031   B1-D2-58
22687   58998   0.3031   B1-D2-60
24625   58495   0.3031   B1-D2-68
25111   58376   0.3031   B1-D2-70
25835   58184   0.3031   B1-D2-73
26019   58136   0.3031   B1-D2-74
25991   58108   0.3031   B1-D2-F74
21126   58822   0.3031   B1-D3-57
21575   58713   0.3031   B1-D3-59
22040   58589   0.3031   B1-D3-61
22524   58458   0.3031   B1-D3-63
23003   58331   0.3031   B1-D3-65
23551   58231   0.3031   B1-D3-67
24003   58076   0.3031   B1-D3-69
24991   57821   0.3031   B1-D3-73
20878.66015625   60014.87890625   0.3031   B1-311-SP68
19758.8671875   593711.9375   0.3031   
251815.28125   56737.22265625   0.3031   
251815.28125   593711.9375   0.3031   
21820   59537   0.684   B1-1-53
22496   59333   0.684   B1-1-56
20668   59225   0.684   B1-2-034
20662   59267   0.684   B1-2-34
20698   59251   0.684   B1-2-P34
20700   59363   0.684   B1-321-49
21051   58519   0.684   B1-3-D49
20748   59773   0.3185217   B1-1-049
22998   59141   0.4006915   B1-1-058
23478   59043   0.3850375   B1-1-060
24153   58873   0.3903934   B1-1-063
24711   58688   0.4710307   B1-1-065
22956   59175   0.4108724   B1-1-58
23233   59109   0.3911465   B1-1-59
23415   59061   0.3891345   B1-1-60
23716   58985   0.3702163   B1-1-61
23938   58934   0.3905176   B1-1-62
24388   58814   0.4154942   B1-1-64
24929   58668   0.3876229   B1-1-66
25318   58589   0.4457516   B1-1-68
25652   58485   0.4247181   B1-1-69
25801   58450   0.54155   B1-1-70
26044   58285   0.4038585   B1-1-71
22524   59357   0.5745386   B1-1-P56
23018   59194   0.404893   B1-1-P58
23494   59074   0.3759308   B1-1-P60
23974   58948   0.3878584   B1-1-P62
24448   58826   0.4372112   B1-1-P64
24941   58709   0.4098779   B1-1-P66
25403   58573   0.4541082   B1-1-P68
25869   58431   0.5375092   B1-1-P70
25149   58614   0.3954997   B1-1-X67
25083   58122   0.41245   B1-2-043
22842   59094   0.3761574   B1-20-558
23113   59036   0.3758182   B1-20-559
23346   58918   0.356923   B1-20-560
23568   58896   0.3712527   B1-20-561
23819   58841   0.3733971   B1-20-562
24305   58315   0.3912568   B1-2-141
24868   58162   0.3903447   B1-2-142
25756   57943   0.4209681   B1-2-144
24217   58463   0.375102   B1-21-564
23581   58505   0.4012776   B1-2-40
24704   58322   0.3735458   B1-2-42
25996   57879   0.4032791   B1-2-45
24676   58212   0.3785328   B1-2-466
25407   58018   0.408539   B1-2-469
21368   59053   0.3803998   B1-2-M135
21420   59091   0.383211   B1-2-P135
22395   58848   0.3941225   B1-2-P137
22887   58722   0.3214897   B1-2-P138
23362   58575   0.3109516   B1-2-P139
23845   58463   0.3585286   B1-2-P140
24332   58354   0.3882034   B1-2-P141
24804   58221   0.3944682   B1-2-P142
25305   58095   0.3629911   B1-2-P143
25778   57975   0.4401248   B1-2-P144
23128   58636   0.3908231   B1-2-P39
24577   58284   0.3828107   B1-2-P42
25080   58156   0.4083124   B1-2-P43
26013   57904   0.4094652   B1-2-P45
20763   59068   0.4545903   B1-30-550
21002   59016   0.3412223   B1-30-551
22436   58629   0.3443148   B1-30-557
23148   58473   0.3329944   B1-30-560
23419   58377   0.3827649   B1-30-561
23647   58304   0.3720638   B1-30-562
24155   58197   0.3543262   B1-30-564
22467   58626   0.3300801   B1-30-F557
20822   59847   0.3031   B1-311-49
23474   59139   0.3594738   B1-311-60
23944   59023   0.3644399   B1-311-62
20945   58710   0.357337   B1-31-551
22613   58277   0.3399708   B1-31-558
22814   58229   0.3750636   B1-31-559
23092   58154   0.366258   B1-31-560
23572   58041   0.3566507   B1-31-562
24320   57852   0.3807557   B1-31-565
24567   57779   0.4288692   B1-31-566
20761   59641   0.3930049   B1-320-49
22961   59049   0.377483   B1-320-58
23217   58979   0.3697031   B1-320-59
23425   58933   0.3730702   B1-320-60
24159   58754   0.3729281   B1-320-63
24905   58573   0.3804767   B1-320-66
25956   58279   0.3813962   B1-320-CSP71
21655   59429   0.3862438   B1-320-P53
22874   59101   0.3806548   B1-320-P58
23077   59021   0.3733749   B1-320-P59
23570   58927   0.3826796   B1-320-P61
23803   58872   0.3844628   B1-320-P62
24055   58797   0.3806497   B1-320-P63
24318   58734   0.3830557   B1-320-P64
24794   58605   0.3846799   B1-320-P66
25017   58546   0.380045   B1-320-P67
25509   58422   0.4354545   B1-320-P69
25743   58352   0.4364994   B1-320-P70
23346   58974   0.3831917   B1-320-SP60
24348   58417   0.3755784   B1-321-64
24574   58337   0.3724028   B1-321-65
23276   58737   0.3201857   B1-321-P60
24249   58512   0.3260907   B1-321-P64
24498   58417   0.3413186   B1-321-P65
24742   58366   0.3593484   B1-321-P66
24974   58321   0.3323106   B1-321-P67
25690   58122   0.3906832   B1-321-P70
25929   58056   0.3491109   B1-321-P71
20877   59045   0.394133   B1-330-50
21373   58929   0.419149   B1-330-52
22342   58678   0.368904   B1-330-56
23576   58353   0.387828   B1-330-61
20792   59097   0.4458081   B1-330-P50
22476   58670   0.3445974   B1-330-P57
23207   58495   0.3842624   B1-330-P60
23435   58412   0.3848622   B1-330-P61
23699   58350   0.4108584   B1-330-P62
24175   58241   0.3695944   B1-330-P64
24416   58174   0.351985   B1-330-P65
24660   58102   0.369489   B1-330-P66
24886   58056   0.3804085   B1-330-P67
25132   57978   0.3866498   B1-330-P68
25356   57920   0.3876863   B1-330-P69
25614   57851   0.3767689   B1-330-P70
25865   57789   0.3893194   B1-330-P71
21030   59058   0.3548178   B1-330-SP51
22725   58255   0.3634003   B1-331-58
24461   57844   0.406202   B1-331-65
24975   57732   0.3448722   B1-331-67
25202   57654   0.3755872   B1-331-68
20919   58764   0.3610877   B1-331-P51
22642   58329   0.3531215   B1-331-P58
22864   58283   0.3878151   B1-331-P59
23610   58090   0.3822111   B1-331-P62
24350   57903   0.3927581   B1-331-P65
24583   57834   0.4186628   B1-331-P66
24843   57758   0.3679322   B1-331-P67
25306   57635   0.3817303   B1-331-P69
25553   57586   0.3922113   B1-331-P70
25785   57524   0.4242425   B1-331-P71
24716   57728   0.3781238   B1-331-S66
23360   58150   0.3713325   B1-331-SP61
21155   58497   0.5174838   B1-3-50
21729   58347   0.3031   B1-3-52
23185   57966   0.3031   B1-3-57
25525   57379   0.3429715   B1-3-65
25825   57292   0.3440588   B1-3-66
25382   57406   0.3432998   B1-3-D64
22612   58092   0.3031   B1-3-F55
22870   58038   0.3031   B1-3-F56
21295   58528   0.3031   B1-3-P256
21513   58457   0.3041288   B1-3-P257
22580   58163   0.312465   B1-3-P262
22757   58137   0.3135618   B1-3-P263
25918   57330   0.3710468   B1-3-P278
23439   57955   0.3121742   B1-3-SP266
24647   57651   0.3570314   B1-3-SP272
24855   57551   0.3031   B1-3-SP273
25732   58206   0.3437086   B1-D2-470
25344   58312   0.355225   B1-D2-71
25605   58240   0.3627301   B1-D2-72
20763   59545   0.3890865   B1-D2-P52
22935   58969   0.3821436   B1-D2-P61
24428   58565   0.3803557   B1-D2-P67
24654   58496   0.3031   B1-D2-P68
24882   58459   0.3827953   B1-D2-P69
25123   58399   0.3031   B1-D2-P70
25605   58278   0.3638721   B1-D2-P72
25837   58220   0.3196416   B1-D2-P73
22654   58427   0.3698863   B1-D3-458
23442   58263   0.3512529   B1-D3-461
24620   57881   0.4024153   B1-D3-466
24866   57851   0.3633986   B1-D3-467
24239   58018   0.3727913   B1-D3-70
24481   57958   0.3714   B1-D3-71
24746   57871   0.4011239   B1-D3-72
25450   57714   0.3902021   B1-D3-75
25887   57603   0.469673   B1-D3-77
22067   58623   0.3031   B1-D3-P61
22798   58429   0.3940085   B1-D3-P64
23042   58364   0.3324826   B1-D3-P65
23253   58313   0.3892105   B1-D3-P66
23537   58256   0.3031   B1-D3-P67
23766   58184   0.3984419   B1-D3-P68
24253   58062   0.385113   B1-D3-P70
24499   57995   0.3388278   B1-D3-P71
24747   57921   0.4000504   B1-D3-P72
25449   57742   0.376779   B1-D3-P75
21205   58491   0.4263325   G100-39
21781   58328   0.3031   G100-41
22365   58181   0.3031   G100-43
22961   58053   0.3031   G100-45
20830   59522   0.3554606   G94-37
21119   59440   0.3031   G94-38
21913   58908   0.3372524   G96-41
20943   58866   0.3926809   G98-38
22620   58434   0.3366627   G98-44
22908   58394   0.3941053   G98-45
22592   58434   0.3139629   G98-F44
23972   58528   0.3983763   B1-21-563
24069   58379   0.3942641   B1-2-41
24078   58414   0.4052775   B1-2-P41
21213   58649   0.3402026   B1-31-552
25274   58494   0.4229261   B1-320-P68
24002   58555   0.3617329   B1-321-P63
22501   58362   0.3441042   B1-331-57
21132   58546   0.5328509   B1-3-P255
21484   59335   0.3851856   B1-D2-P55
20859   58926   0.3927854   B1-D3-P56
22655   58111   0.3062537   G100-44
21408   59370   0.3864157   G94-39
21051   59166   0.3919461   G96-38
21558   59574   0.4089822   B1-1-P52
21904   58982   0.3573417   B1-2-P136
22155   58918   0.3861443   B1-2-P37
22505   59168   0.4663181   B1-320-56
21816   59132   0.338396   B1-321-P54
22770   58875   0.3355803   B1-321-P58
22102   58717   0.3645176   B1-330-55
23735   58013   0.3708954   B1-331-62
21703   58552   0.3131756   B1-331-P54
21921   58524   0.3823475   B1-331-P55
23190   58870   0.3357525   B1-D2-62
24964   57869   0.3043222   B1-D3-P73
22871   59003   0.3102486   G94-44
22803   59221   0.3752514   B1-1-57
21085   59275   0.3584928   B1-21-551
22797   58867   0.3382851   B1-21-558
23255   58712   0.3584051   B1-21-560
21094   59296   0.3367971   B1-21-M551
22772   58841   0.3716674   B1-21-M558
22623   58747   0.3937667   B1-2-38
25055   58132   0.3875846   B1-2-43
22636   58785   0.3901823   B1-2-P38
23602   58530   0.3975182   B1-2-P40
21533   59653   0.4591434   B1-311-52
23861   57963   0.3683597   B1-31-563
22649   58855   0.3715898   B1-321-57
23608   58623   0.3734376   B1-321-61
24103   58488   0.3958691   B1-321-63
23763   58615   0.3583536   B1-321-P62
25721   57798   0.4619034   B1-330-70
21986   58803   0.367829   B1-330-P55
24734   58444   0.3566218   B1-D2-466
24143   58622   0.3258227   B1-D2-66
23174   58894   0.3349594   B1-D2-P62
23421   58843   0.3217601   B1-D2-P63
21455   58756   0.3434909   B1-D3-453
21939   58618   0.3927769   B1-D3-455
21814   58650   0.3928965   B1-D3-60
25210   57775   0.3901236   B1-D3-74
25690   57654   0.42669   B1-D3-76
21105   58847   0.3127731   B1-D3-P57
24015   58124   0.3109566   B1-D3-P69
25217   57807   0.3878346   B1-D3-P74
25701   57685   0.4447492   B1-D3-P76
23151   58933   0.3283398   G94-45
21526   58751   0.3131789   G98-40
22368   58491   0.3850199   G98-43
25350   58567   0.4599667   B1-1-068
24042   58440   0.4184585   B1-2-041
25541   57998   0.4109895   B1-2-044
22294   58964   0.3693417   B1-21-556
23023   58782   0.3619506   B1-21-559
23097   58644   0.3948261   B1-2-39
25508   58006   0.3938186   B1-2-44
21277   59099   0.3939845   B1-2-452
22274   58844   0.3928198   B1-2-456
22506   58778   0.3950574   B1-2-457
22742   58719   0.3934492   B1-2-458
22983   58639   0.3991669   B1-2-459
25537   58028   0.4069548   B1-2-P44
22695   58567   0.370534   B1-30-558
22986   58509   0.3279762   B1-30-559
23938   58251   0.3795819   B1-30-563
22958   58490   0.3559551   B1-30-M559
23164   58500   0.3589576   B1-30-M560
23127   58730   0.3933554   B1-321-59
23866   58555   0.4034482   B1-321-62
25077   58203   0.3942944   B1-321-67
25300   58148   0.393989   B1-321-68
25548   58092   0.4088532   B1-321-69
23038   58807   0.3316121   B1-321-P59
25226   58268   0.3688934   B1-321-P68
25467   58194   0.3436371   B1-321-P69
22819   58547   0.3932467   B1-330-58
23794   58295   0.4299389   B1-330-62
25253   57926   0.409256   B1-330-68
22722   58607   0.3811024   B1-330-P58
22964   58537   0.3567136   B1-330-P59
23932   58294   0.4033697   B1-330-P63
22399   58384   0.3768942   B1-331-P57
23849   58012   0.3843535   B1-331-P63
25221   58343   0.3436212   B1-D2-468
22443   59061   0.3796076   B1-D2-59
23895   58686   0.3333372   B1-D2-65
24139   58654   0.3214422   B1-D2-P66
25363   58324   0.3571827   B1-D2-P71
21691   58690   0.3672465   B1-D3-454
22186   58572   0.3927739   B1-D3-456
23882   58111   0.3928162   B1-D3-463
22477   58781   0.3964081   G96-43
22791   58708   0.3922786   G96-44
23082   58675   0.3910394   G96-45
22255   58524   0.3933839   S117
20905   59565   0.3690377   B1-20-550
21156   59126   0.3761395   B1-2-35
21226   59142   0.3725175   B1-2-P35
24409   57699   0.327439   B1-3-SP271
23918   58711   0.3231269   B1-D2-P65
20900   58570   0.3346724   G100-38
21510   59546   0.3927333   B1-1-52
24086   57905   0.3054539   B1-31-564
21609   58854   0.3991164   B1-330-53
23491   58129   0.3560862   B1-331-61
21436   58641   0.3136913   B1-331-P53
21202   58706   0.3528571   B1-331-SP52
20791   59508   0.36675   B1-D2-M52
24114   58025   0.3260323   B1-D3-464
21611   58709   0.3044968   B1-D3-P59
20904   59189   0.3927955   B1-2-134
25643   57974   0.4717306   B1-2-470
20947   59222   0.3891168   B1-2-P134
21489   58889   0.4045014   B1-30-553
21081   58743   0.3766527   B1-331-51
23975   58002   0.3241971   B1-331-63
21351   58788   0.394211   B1-D3-58
21353   58813   0.3924019   B1-D3-P58
20692   58780   0.3466747   B1-31-550
20928   59307   0.3472567   B1-321-50
22314   58995   0.3328164   B1-321-P56
20708   58834   0.3645598   B1-331-P50
20655   58972   0.4382404   B1-D3-M55
20626   58987   0.4374731   B1-D3-P55
20661   58942   0.4154193   G98-37
21628   59391   0.3684434   B1-20-553
21888   59322   0.3569424   B1-20-554
22352   59211   0.3611196   B1-20-556
20830   59350   0.3730498   B1-21-550
22530   58898   0.3808601   B1-21-557
20797   59216   0.3949597   B1-2-450
21406   58580   0.3060559   B1-31-553
21659   58530   0.3302635   B1-31-554
21512   59452   0.3784973   B1-320-52
21703   59120   0.3602554   B1-321-53
22410   58914   0.3868697   B1-321-56
20843   59373   0.3367412   B1-321-P50
22557   58940   0.3641196   B1-321-P57
22020   58500   0.3552404   B1-331-55
24567   57625   0.3426607   B1-3-D61
23658   57894   0.3048816   B1-3-P267
23413   58810   0.3129202   B1-D2-63
22468   59081   0.4257616   B1-D2-P59
22562   58494   0.3103008   B1-D3-P63
20769   59235   0.4897343   G96-37
22243   58846   0.3866791   G96-42
21788   59473   0.524269   B1-1-053
22044   59424   0.4775787   B1-1-054
22384   59355   0.3927892   B1-1-055
21887   59474   0.4425185   B1-1-454
22136   59384   0.4385653   B1-1-455
24553   58751   0.3929023   B1-1-465
21995   59430   0.4656725   B1-1-54
22267   59360   0.3817285   B1-1-55
22061   59449   0.4822885   B1-1-P54
22106   59280   0.3490193   B1-20-555
21771   58975   0.3956008   B1-2-454
22048   58888   0.3927139   B1-2-455
21679   59030   0.3982734   B1-2-P36
21732   58828   0.399764   B1-30-554
21954   58762   0.3664501   B1-30-555
22202   58697   0.3701028   B1-30-556
22278   59442   0.4184485   B1-311-55
21885   58475   0.3596819   B1-31-555
21015   59547   0.3682017   B1-320-50
21758   59385   0.3931878   B1-320-53
22012   59324   0.4026581   B1-320-54
22741   59123   0.3807988   B1-320-57
23928   58814   0.3775363   B1-320-62
24678   58622   0.3930716   B1-320-65
21904   59373   0.4182605   B1-320-P54
22142   59295   0.3515636   B1-320-P55
22388   59230   0.3804573   B1-320-P56
24550   58666   0.3777443   B1-320-P65
21864   58802   0.3840908   B1-330-54
21264   58967   0.402022   B1-330-P52
21762   58846   0.4008196   B1-330-P54
22231   58740   0.3833855   B1-330-P56
21551   58614   0.3150088   B1-331-53
23660   58742   0.3082196   B1-D2-64
21741   59292   0.3132188   B1-D2-P56
22715   59036   0.3071996   B1-D2-P60
23666   58771   0.3138014   B1-D2-P64
21982   59225   0.3629322   G94-41
22337   59162   0.3130981   G94-42
21864   58636   0.3828444   G98-41
22542   59331   0.55   B1-1-056
22847   59191   0.393072   B1-1-057
24544   58249   0.3664939   B1-2-042
22596   59154   0.472238   B1-20-557
23489   58658   0.3741972   B1-21-561
23723   58607   0.3563107   B1-21-562
22136   58874   0.3901304   B1-2-37
21282   58945   0.4090012   B1-30-552
22253   59259   0.3718892   B1-320-55
22616   59195   0.4665596   B1-320-P57
22172   58967   0.3725914   B1-321-55
23376   58664   0.3825747   B1-321-60
23507   58685   0.3445134   B1-321-P61
23176   58028   0.3087865   B1-3-SP265
22566   59032   0.3991716   B1-D2-457
22582   59079   0.4373282   G94-43
22182   58608   0.3749126   G98-42
25828   58434   0.5401027   B1-1-070
21795   59089   0.367832   B1-21-554
23691   58482   0.3944508   B1-2-462
21933   59058   0.3777485   B1-321-54
21013   59462   0.3558205   B1-D2-P53
22313   58564   0.3894678   B1-D3-P62
23321   58048   0.3322127   B1-31-561
20922   59589   0.3779567   B1-320-P50
22886   58800   0.377848   B1-321-58
23122   58202   0.3834536   B1-331-P60
23226   58149   0.3713225   B1-331-S60
25710   57369   0.3410422   B1-3-P277
24401   58701   0.3756641   B1-320-64
25786   58034   0.4452207   B1-321-70
22975   58244   0.3653752   B1-331-59
25793   57622   0.4335504   B1-D3-471
20609   58953   0.393042   B1-D3-55
20559   58872   0.3564864   B1-331-49
21478   59302   0.3922118   B1-D2-55
21118   59293   0.329015   B1-321-P51
21352   59350   0.3714775   B1-D2-452
21326   59567   0.4091308   B1-1-051
21392   59560   0.4142471   B1-1-452
21284   59603   0.4297286   B1-1-51
21255   59509   0.3128572   B1-320-51
21399   59484   0.3793516   B1-320-P52
21138   59558   0.3746708   B1-320-SP51
22251   58368   0.3699682   B1-331-56
22163   58468   0.3938982   B1-331-P56
21237   58774   0.3951783   B1-D3-452
25096   57785   0.3909211   B1-D3-468
21496   58410   0.3032707   G100-40
21281   58772   0.3953911   G98-39
21166   59494   0.3088254   B1-20-551
21372   59459   0.3678619   B1-20-552
22374   58322   0.3554437   B1-31-557
22070   59061   0.3353234   B1-321-P55
25058   57712   0.3853237   B1-331-P68
25091   57562   0.3100488   B1-3-P274
21635   58947   0.4081468   B1-2-036
21649   59001   0.4093915   B1-2-36
21432   59166   0.3754007   B1-321-52
21831   58677   0.3904891   B1-D3-P60
21557   59141   0.3859587   B1-21-553
21527   59036   0.4099104   B1-2-453
25143   58105   0.4612868   B1-2-468
21591   59192   0.3354365   B1-321-P53
21519   58910   0.4120292   B1-330-P53
21969   59176   0.3503373   B1-D2-57
21968   59206   0.3682549   B1-D2-P57
21602   59003   0.4118336   G96-40
22122   58410   0.3928994   B1-31-556
21347   59246   0.3538978   B1-321-P52
22396   58224   0.3031227   B1-3-P261
22059   58284   0.3105911   G100-42
21304   59213   0.3684738   B1-21-552
22029   58334   0.3222848   B1-3-P259
22028   58327   0.319272   B1-3-SP258
21348   59078   0.4157579   G96-39
21189   59236   0.3538797   B1-321-51
21032   59688   0.3731449   B1-1-050
20914   59711   0.3705592   B1-1-450
20987   59705   0.3636414   B1-1-50
21073   59678   0.3892565   B1-1-P50
21065   59770   0.3751553   B1-311-50
21156   59634   0.4342805   B1-1-451
22065   59016   0.3713517   B1-21-555
22160   58217   0.3031   B1-3-F53
21234   59400   0.3031   B1-D2-P54
20697   58660   0.3031   B1-3-P253
20572   58649   0.3031   B1-3-48
20619   58641   0.3031   G100-37
23477   57895   0.3031   B1-3-58
22225   59140   0.3031   B1-D2-P58
21704   59300   0.3031   G94-40
22971   58076   0.3031   B1-3-P264
24089   57966   0.3031   B1-331-P64
23783   57820   0.3031   B1-3-59
24193   57760   0.3031   B1-3-P270
23980   57820   0.3031   B1-3-P269
