21420.25   59125.75   0.3078003   
21439.5   59184.5   0.3889659   
21458.75   59243.25   0.4096109   
21383.5   59338   0.3078003   
21415   59326   0.3745076   
21446.5   59314   0.3923852   
21565   59289.25   0.3078003   
21536   59293.5   0.3745074   
21507   59297.75   0.392385   
21432.5   59059.25   0.3503596   
21464   59051.5   0.4169652   
21495.5   59043.75   0.442037   
21527   59036   0.4298648   B1-2-453
21577.25   59222.75   0.3078003   
21560.5   59160.5   0.3852664   
21543.75   59098.25   0.4052431   
22389   58832.25   0.3078003   
22396   58859.5   0.3776799   
22403   58886.75   0.3960624   
22346.25   59045.25   0.3078003   
22367.5   59001.5   0.3078005   
22388.75   58957.75   0.3780513   
22527   59002.5   0.3078003   
22488   58973   0.3078005   
22449   58943.5   0.3780513   
22355   58814.75   0.3078003   
22328   58824.5   0.3798332   
22301   58834.25   0.3986501   
22145   58748.75   0.3078003   
22188   58780.5   0.3726493   
22231   58812.25   0.3903742   
22312.25   59027.75   0.3078003   
22299.5   58966.5   0.3254267   
22286.75   58905.25   0.3800324   
22372   58773.25   0.3078003   
22362   58741.5   0.3853923   
22352   58709.75   0.4053911   
22516.75   58615.75   0.3078003   
22458.5   58636.5   0.374368   
22400.25   58657.25   0.3922342   
22115.5   58611.25   0.3078003   
22191   58633.5   0.3743675   
22266.5   58655.75   0.3922336   
22413   58798.25   0.3078003   
22444   58791.5   0.3851356   
22475   58784.75   0.4050894   
22557.75   58640.75   0.3078003   
22540.5   58686.5   0.3743485   
22523.25   58732.25   0.3922131   
22551   58968.5   0.3078003   
22536   58905   0.3743477   
22521   58841.5   0.3922123   
22838.5   58958.25   0.3078003   
22870   58950.5   0.3706654   
22901.5   58942.75   0.3882277   
22933   58935   0.3927754   B1-D2-61
22856.5   58655.75   0.3846897   
22844   58619.5   0.4399496   
22831.5   58583.25   0.4699059   
22636   58583   0.3078003   
22697   58571   0.3865286   
22758   58559   0.4067267   
23003.5   58490   0.3078003   
22942   58509   0.3865281   
22880.5   58528   0.4067261   
23068.5   58501.25   0.3078003   
23072   58531.5   0.370867   
23075.5   58561.75   0.3884453   
23079   58592   0.3930122   B1-2-039
23247.75   58748   0.3078003   
23191.5   58696   0.370871   
23135.25   58644   0.3884496   
23302.25   58582.5   0.3078003   
23273.5   58590   0.3738066   
23244.75   58597.5   0.3916266   
23102.75   58504.5   0.3078003   
23140.5   58538   0.3721026   
23178.25   58571.5   0.3897825   
23282   58751.25   0.3078003   
23260   58702.5   0.3721024   
23238   58653.75   0.3897822   
23324.75   58549.5   0.381605   
23318.5   58524   0.4351824   
23312.25   58498.5   0.4644113   
23125.25   58471.5   0.3543114   
23185.5   58472   0.4175228   
23245.75   58472.5   0.442766   
23434.25   58039.5   0.4397673   
23391.5   58184   0.5286814   
23348.75   58328.5   0.5928453   
23365.5   58568.75   0.3078003   
23400   58562.5   0.3848445   
23434.5   58556.25   0.4047472   
23760   57985.5   0.4397673   
23737   58151   0.5286814   
23714   58316.5   0.5928453   
23758.5   58656.75   0.3639877   
23736   58598.5   0.4188879   
23713.5   58540.25   0.4445508   
23930.25   58599.75   0.3406321   
23850.5   58560.5   0.4117395   
23770.75   58521.25   0.4354668   
24114   58560.75   0.3378513   
23973   58534.5   0.405072   
23832   58508.25   0.4275632   
21212.75   59731.75   0.3950476   
21163.5   59744.5   0.4557129   
21114.25   59757.25   0.4890366   
21065   59770   0.4986309   B1-311-50
21235.5   59697.75   0.3716636   
21209   59676.5   0.4212403   
21182.5   59655.25   0.4475696   
21156   59634   0.4582009   B1-1-451
20951.25   59473.5   0.3787661   
21019.5   59527   0.4310104   
21087.75   59580.5   0.4595205   
21303   59421   0.3706999   
21254   59492   0.4199466   
21205   59563   0.44593   
21294.5   59679.25   0.3078003   
21327   59639.5   0.3862361   
21359.5   59599.75   0.4063829   
21392   59560   0.4104027   B1-1-452
21362   59402.5   0.3078003   
21372   59455   0.3841198   
21382   59507.5   0.4038954   
22271.75   59396.25   0.3078003   
22265.5   59350.5   0.3709567   
22259.25   59304.75   0.3885423   
22121   59187.75   0.3078003   
22165   59211.5   0.3709215   
22209   59235.25   0.3885043   
22307   59131.5   0.3078003   
22289   59174   0.3709214   
22271   59216.5   0.3885042   
22344.75   59427.25   0.3078003   
22411.5   59412.5   0.3976868   
22478.25   59397.75   0.419551   
22545   59383   0.4251675   B1-311-56
22370   59108.75   0.3078003   
22415   59128.5   0.3078004   
22460   59148.25   0.3753953   
22550.75   59066   0.3078003   
22535.5   59100   0.3078004   
22520.25   59134   0.3753953   
22753.75   59278.25   0.3078003   
22749.5   59226.5   0.3710665   
22745.25   59174.75   0.3886611   
22741   59123   0.393184   B1-320-57
22609.75   59054.75   0.3078003   
22653.5   59077.5   0.3709986   
22697.25   59100.25   0.3885877   
22790.5   59005.25   0.3078003   
22774   59044.5   0.3709974   
22757.5   59083.75   0.3885865   
22700.5   59029.25   0.3078003   
22714   59060.5   0.3709984   
22727.5   59091.75   0.3885875   
23369.75   58852.75   0.3078003   
23435.5   58905.5   0.370728   
23501.25   58958.25   0.3882948   
23567   59011   0.3928465   B1-1-461
23727.5   58789   0.3078003   
23674   58863   0.3707278   
23620.5   58937   0.3882947   
23846.75   58763.25   0.3078003   
23912.5   58811.5   0.3706863   
23978.25   58859.75   0.3882498   
24044   58908   0.3927979   B1-1-463
24018.5   58706.25   0.3078003   
24027   58773.5   0.3706864   
24035.5   58840.75   0.3882498   
24202.25   58667.25   0.3078003   
24149.5   58747.5   0.3706863   
24096.75   58827.75   0.3882498   
24785   58525   0.3078003   
24836   58606   0.3714665   
24887   58687   0.3890941   
24938   58768   0.3937141   B1-311-66
24913   58277.5   0.3078003   
24958   58393   0.3972664   
25003   58508.5   0.419102   
24812.5   58489   0.3078003   
24891   58534   0.375756   
24969.5   58579   0.3938087   
25551.5   58340.75   0.4365376   
25498   58441.5   0.5225732   
25444.5   58542.25   0.5816821   
25253.25   58399   0.3249976   
25285.5   58455   0.4025317   
25317.75   58511   0.4247612   
25541.25   58321.75   0.4205142   
25477.5   58403.5   0.4962237   
25413.75   58485.25   0.5410668   
25862   58234   0.3078003   
25889   58284   0.3706754   
25916   58334   0.3882382   
25943   58384   0.3927861   B1-1-471
25971.5   57860   0.3078003   
25997   57990   0.3734343   
26022.5   58120   0.3912237   
25960.25   58181.75   0.3078003   
25989.5   58204.5   0.3734304   
26018.75   58227.25   0.3912195   
25888.25   58200.5   0.3078003   
25941.5   58217   0.3753946   
25994.75   58233.5   0.3933853   
21388.5   58997.25   0.3261734   
21376   58927.5   0.402702   
21363.5   58857.75   0.4249456   
21306.75   58538.25   0.3078003   
21321.5   58621.5   0.378235   
21336.25   58704.75   0.3967127   
21809   58857   0.3694069   
21723   58776   0.4196525   
21637   58695   0.4455504   
21716.75   58534.5   0.3078003   
21661.5   58561   0.3755962   
21606.25   58587.5   0.3936213   
21356.75   58494.75   0.3078003   
21421.5   58534.5   0.3755959   
21486.25   58574.25   0.393621   
21794.75   58372.5   0.3078003   
21713.5   58453   0.3755959   
21632.25   58533.5   0.393621   
21874.75   58866   0.3823432   
21854.5   58794   0.4363054   
21834.25   58722   0.4657109   
21782.5   58543.5   0.3078003   
21793   58579   0.3879223   
21803.5   58614.5   0.4083729   
21860.5   58381.5   0.3078003   
21845   58471   0.3879209   
21829.5   58560.5   0.4083712   
21983.5   58604.25   0.4096059   
21927   58619.5   0.4779355   
21870.5   58634.75   0.517148   
22495   58577.25   0.3078003   
22415   58559.5   0.3706843   
22335   58541.75   0.3882477   
22255   58524   0.3927954   S117
22093.75   58572.75   0.3078003   
22147.5   58556.5   0.3706837   
22201.25   58540.25   0.3882471   
22594.75   58553   0.3078003   
22614.5   58511   0.3706962   
22634.25   58469   0.3882604   
22654   58427   0.3928095   B1-D3-458
22753   58145.75   0.3078003   
22720   58239.5   0.3706965   
22687   58333.25   0.3882608   
22627   58543.75   0.3078003   
22679   58492.5   0.3707043   
22731   58441.25   0.3882692   
22783   58390   0.392819   B1-D3-64
22785.25   58136.5   0.3078003   
22784.5   58221   0.3707047   
22783.75   58305.5   0.3882697   
23022.5   58446   0.3078003   
22980   58421   0.3707451   
22937.5   58396   0.3883134   
22895   58371   0.3928685   B1-D3-459
22813.25   58131.75   0.3078003   
22840.5   58211.5   0.3707476   
22867.75   58291.25   0.388316   
22976   58341   0.3078003   
22949   58351   0.3707473   
22922   58361   0.3883157   
22833.25   58100   0.3078003   
22880.5   58148   0.3708842   
22927.75   58196   0.3884639   
22975   58244   0.3930635   B1-331-59
23250.25   58009.25   0.3078003   
23158.5   58087.5   0.370937   
23066.75   58165.75   0.3885211   
22996   58309.25   0.3078003   
22989   58287.5   0.3709167   
22982   58265.75   0.3884991   
23080   58430.25   0.3078003   
23095   58389.5   0.3712461   
23110   58348.75   0.3888556   
23125   58308   0.3934901   B1-D3-460
23287.75   58025.25   0.3078003   
23233.5   58119.5   0.3713191   
23179.25   58213.75   0.3889346   
23033.5   58325.25   0.3078003   
23064   58319.5   0.3712623   
23094.5   58313.75   0.3888731   
23123.5   58419.75   0.3078003   
23182   58368.5   0.3711191   
23240.5   58317.25   0.3887181   
23432.5   57987.75   0.3078003   
23388   58080.5   0.3711917   
23343.5   58173.25   0.3887967   
23331.25   58014.75   0.3078003   
23320.5   58098.5   0.371119   
23309.75   58182.25   0.388718   
23400.25   58587   0.3078003   
23469.5   58599   0.3758209   
23538.75   58611   0.3938847   
23737.75   58692   0.3078003   
23694.5   58669   0.3733453   
23651.25   58646   0.3911273   
24487.75   58125.75   0.3078003   
24461.5   58170.5   0.3723767   
24435.25   58215.25   0.3900791   
24409   58260   0.3944499   B1-2-465
24293.5   58505.25   0.3078003   
24332   58423.5   0.3719538   
24370.5   58341.75   0.3896214   
24571   58436.25   0.3078003   
24517   58377.5   0.3719485   
24463   58318.75   0.3896157   
24474   58050   0.3846909   
24434   58019   0.4399515   
24394   57988   0.4699081   
24625.5   57785.25   0.3836923   
24535   57842.5   0.4383923   
24444.5   57899.75   0.4681131   
23925.75   57854.25   0.4397673   
24068.5   57888.5   0.5286814   
24211.25   57922.75   0.5928453   
24279.75   58429.5   0.383118   
24304.5   58272   0.4375041   
24329.25   58114.5   0.4670907   
24806   58091.75   0.3747353   
24744   58021.5   0.425411   
24682   57951.25   0.452763   
24620   57881   0.4259856   B1-D3-466
24540.5   58031   0.3078003   
24567   57981   0.3986086   
24593.5   57931   0.4205353   
24916.25   57952.25   0.3078003   
24817.5   57928.5   0.3869359   
24718.75   57904.75   0.4072055   
24692   57766.25   0.3078003   
24668   57804.5   0.3949413   
24644   57842.75   0.4165668   
24705.5   58303.25   0.3078003   
24677   58162.5   0.3841613   
24648.5   58021.75   0.4039442   
24936.75   58147.75   0.3477473   
25005.5   58133.5   0.4165967   
25074.25   58119.25   0.4415551   
25248   58076.5   0.3537802   
25213   58086   0.4174478   
25178   58095.5   0.442668   
25047   58008.25   0.3078003   
25079   58040.5   0.3825024   
25111   58072.75   0.4019615   
25201.5   58283.5   0.3078003   
25182   58224   0.3821922   
25162.5   58164.5   0.4015766   
25489.5   58206.25   0.4397673   
25374   58172.5   0.5286814   
25258.5   58138.75   0.5928453   
25035.25   57928.25   0.3078003   
25055.5   57880.5   0.3710248   
25075.75   57832.75   0.3886161   
25096   57785   0.3930341   B1-D3-468
25175.5   57686.75   0.3078003   
25149   57719.5   0.3710184   
25122.5   57752.25   0.3886091   
24811   57742.25   0.3078003   
24906   57756.5   0.3704987   
25001   57770.75   0.3880513   
24979   57590   0.3078003   
25018   57655   0.3709925   
25057   57720   0.3885812   
25275.5   58031.75   0.3789129   
25268   57996.5   0.431215   
25260.5   57961.25   0.4597667   
25074.5   57963.5   0.3078003   
25134   57951   0.3910463   
25193.5   57938.5   0.4120789   
25433.75   57877.25   0.3078003   
25373.5   57893.5   0.3908337   
25313.25   57909.75   0.4118267   
25214.75   57722   0.3078003   
25227.5   57790   0.3910028   
25240.25   57858   0.4120273   
25517   58161.5   0.4397673   
25429   58083   0.5286814   
25341   58004.5   0.5928453   
25727.75   57950.75   0.3834586   
25699.5   57958.5   0.4380309   
25671.25   57966.25   0.4676971   
25531.25   57889.25   0.3078003   
25568.5   57917.5   0.3881071   
25605.75   57945.75   0.4085922   
25709.75   58148   0.3078003   
25687.5   58090   0.3881062   
25665.25   58032   0.4085911   
25614.5   58173.5   0.4397673   
25624   58107   0.5286814   
25633.5   58040.5   0.5928453   
25787   58131.5   0.3078003   
25739   58079   0.3870488   
25691   58026.5   0.4073381   
25455.5   57833   0.3078003   
25417   57805   0.3726862   
25378.5   57777   0.3904141   
25340   57749   0.3951687   B1-D3-469
25236.5   57677.75   0.3078003   
25271   57701.5   0.3727238   
25305.5   57725.25   0.3904547   
25478.75   57800.25   0.3078003   
25463.5   57739.5   0.3707908   
25448.25   57678.75   0.3883628   
25433   57618   0.3929194   B1-331-69
25259.75   57645   0.3078003   
25317.5   57636   0.3707969   
25375.25   57627   0.3883694   
25613   57545.25   0.3078003   
25553   57569.5   0.3707877   
25493   57593.75   0.3883595   
25297.25   57488.25   0.3078003   
25342.5   57531.5   0.3707873   
25387.75   57574.75   0.3883591   
25394.75   57459   0.3078003   
25407.5   57512   0.3707871   
25420.25   57565   0.3883588   
25512.25   57813.25   0.3078003   
25530.5   57765.5   0.3708932   
25548.75   57717.75   0.3884736   
25567   57670   0.3930382   B1-D3-470
25646.5   57558.25   0.3078003   
25620   57595.5   0.3708891   
25593.5   57632.75   0.3884692   
25747.25   57906.75   0.3307247   
25738.5   57870.5   0.4033612   
25729.75   57834.25   0.4256591   
25550.75   57845.25   0.3078003   
25607.5   57829.5   0.3712219   
25664.25   57813.75   0.3888294   
25889.75   57747   0.3078003   
25833.5   57764   0.3712199   
25777.25   57781   0.3888272   
25685   57590.25   0.3078003   
25697   57659.5   0.3712268   
25709   57728.75   0.3888347   
25787   57934.25   0.3382208   
25818   57925.5   0.4059411   
25849   57916.75   0.4285666   
25929.5   57774.5   0.3078003   
25913   57819   0.3715274   
25896.5   57863.5   0.3891599   
25918.25   58096.25   0.3078003   
25905.5   58033.5   0.3714743   
25892.75   57970.75   0.3891025   
25846.25   58115   0.3078003   
25857.5   58046   0.3721399   
25868.75   57977   0.3898228   
25907.75   57703   0.3078003   
25869.5   57676   0.3707588   
25831.25   57649   0.3883282   
25793   57622   0.3928828   B1-D3-471
25703   57546.25   0.3078003   
25733   57571.5   0.3707588   
25763   57596.75   0.3883282   
25937.5   57681   0.3795179   
25929   57632   0.4320861   
25920.5   57583   0.4607981   
25912   57534   0.463591   B1-331-71
25732.75   57524.25   0.3795293   
25792.5   57527.5   0.432103   
25852.25   57530.75   0.4608179   
25952.5   57330.75   0.3713093   
25939   57398.5   0.4207647   
25925.5   57466.25   0.4469669   
20780.75   58795   0.4004761   
20762.5   58840   0.4639174   
20744.25   58885   0.4997217   
20739   58780.5   0.4397673   
20679   58811   0.5286814   
20619   58841.5   0.5928453   
20849.5   59439.75   0.3078003   
20816   59459.5   0.370667   
20782.5   59479.25   0.3882294   
20749   59499   0.3927771   B1-D2-52
21913.5   58997.5   0.3150917   
21932   59057   0.401097   
21950.5   59116.5   0.4232081   
22050   59167   0.3078003   
22023   59170   0.3199158   
21996   59173   0.3795843   
21782.25   59246.5   0.3078003   
21844.5   59223   0.3732098   
21906.75   59199.5   0.3909808   
22933.5   58701.5   0.4397673   
22998   58711   0.5286814   
23062.5   58720.5   0.5928453   
23259.75   58782.5   0.3078003   
23215.5   58765   0.377002   
23171.25   58747.5   0.3952683   
21847   58983.5   0.3568371   
21799   59029   0.4178791   
21751   59074.5   0.4432319   
21621.25   59243.75   0.3078003   
21648.5   59202.5   0.3764989   
21675.75   59161.25   0.394679   
21715.75   59232.5   0.3078003   
21711.5   59195   0.3764961   
21707.25   59157.5   0.3946757   
22060.75   59204   0.3078003   
22044.5   59244   0.3078004   
22028.25   59284   0.3753953   
21793   59283.5   0.3078003   
21866   59297   0.3078004   
21939   59310.5   0.3753953   
21964.25   58945.25   0.320422   
22033.5   58952.5   0.401869   
22102.75   58959.75   0.4240438   
22119.5   58779.5   0.3078003   
22137   58842   0.3719596   
22154.5   58904.5   0.3896278   
22100.75   59114.75   0.3078003   
22124.5   59065.5   0.3092347   
22148.25   59016.25   0.3787157   
22286.75   59058.5   0.3078003   
22248.5   59028   0.3092347   
22210.25   58997.5   0.3787157   
22814   58732.75   0.3760604   
22759   58773.5   0.4272408   
22704   58814.25   0.454982   
22586.75   58987.75   0.3078003   
22607.5   58943.5   0.3775463   
22628.25   58899.25   0.3959059   
22767.5   58938.25   0.3078003   
22728   58910.5   0.3775463   
22688.5   58882.75   0.3959059   
22677.5   58962.25   0.3078003   
22668   58926.5   0.3775463   
22658.5   58890.75   0.3959059   
22873.25   58719   0.3945001   
22877.5   58746   0.4549022   
22881.75   58773   0.487974   
22826.75   58924.5   0.3080708   
22846.5   58883   0.4000801   
22866.25   58841.5   0.4221073   
23809.5   58707.75   0.3078003   
23838   58700.5   0.3706778   
23866.5   58693.25   0.3882408   
23895   58686   0.3927888   B1-D2-65
23981.25   58650.75   0.3078003   
23952.5   58662.5   0.3706779   
23923.75   58674.25   0.3882409   
22731   59308   0.3078003   
22704   59286   0.3737504   
22677   59264   0.3915658   
22650   59242   0.3960924   B1-1-457
22587   59084.5   0.3078003   
22608   59137   0.3732324   
22629   59189.5   0.3910052   
20810.75   58786.5   0.3078003   
20822.5   58823   0.3709584   
20834.25   58859.5   0.3885441   
20846   58896   0.3931172   B1-D3-56
22808.75   58697.5   0.3944468   
22748.5   58703   0.4548262   
22688.25   58708.5   0.4878756   
22588.25   58624.75   0.3078003   
22601.5   58654.5   0.3998201   
22614.75   58684.25   0.4218291   
23351.5   58633.75   0.373587   
23372   58692.5   0.4238255   
23392.5   58751.25   0.45084   
23331.25   58802.5   0.3078003   
23358.5   58805   0.3842143   
23385.75   58807.5   0.4040065   
23689   58738.75   0.3078003   
23597   58762.5   0.3842143   
23505   58786.25   0.4040065   
23394.75   58539.5   0.3078003   
23458.5   58504   0.3761112   
23522.25   58468.5   0.3942247   
23504.25   58029.5   0.3078003   
23531.5   58164   0.3729512   
23558.75   58298.5   0.3907008   
23733.75   57973.25   0.3078003   
23684.5   58126.5   0.3729442   
23635.25   58279.75   0.3906933   
24933.25   58266.75   0.3078003   
24998.5   58371.5   0.3983936   
25063.75   58476.25   0.4203057   
25198   58402.5   0.3078003   
25175   58462   0.3761333   
25152   58521.5   0.3942505   
21945.25   58910.5   0.338039   
21995.5   58883   0.4055135   
22045.75   58855.5   0.428073   
22100.5   58744.75   0.3078003   
22099   58772.5   0.3740193   
22097.5   58800.25   0.3918568   
22054   58648.75   0.3078003   
22068   58708.5   0.3243635   
22082   58768.25   0.3799459   
20861.5   59369   0.381299   
20840   59318   0.4347283   
20818.5   59267   0.4638814   
22876.75   59274.75   0.3078003   
22995.5   59219.5   0.3712454   
23114.25   59164.25   0.3888548   
23233   59109   0.3933888   B1-1-59
22913.5   59001.75   0.3078003   
23020   59037.5   0.3711617   
23126.5   59073.25   0.3887642   
23286.25   58877.25   0.3078003   
23268.5   58954.5   0.3711617   
23250.75   59031.75   0.3887642   
23764.75   58782.5   0.3078003   
23748.5   58850   0.370679   
23732.25   58917.5   0.3882421   
23716   58985   0.39279   B1-1-61
25712   58275.75   0.3078003   
25692   58345.5   0.3738692   
25672   58415.25   0.3916944   
25616.75   58301.25   0.3078003   
25628.5   58362.5   0.3785957   
25640.25   58423.75   0.3971353   
25789.25   58259.25   0.3078003   
25743.5   58334.5   0.3738693   
25697.75   58409.75   0.3916945   
24241.75   58656   0.3078003   
24228.5   58725   0.3706703   
24215.25   58794   0.3882328   
24202   58863   0.3927805   B1-1-63
21401.5   59673.5   0.3078003   
21541   59628   0.372986   
21680.5   59582.5   0.3907385   
22163.5   59465.75   0.3078003   
22049   59489.5   0.3725095   
21934.5   59513.25   0.3902228   
21650.5   59348   0.3078003   
21707   59411   0.3723071   
21763.5   59474   0.3900038   
21745   59336.75   0.3078003   
21770   59403.5   0.3723071   
21795   59470.25   0.3900038   
24363   58623.25   0.3078003   
24471   58659.5   0.372237   
24579   58695.75   0.3899279   
24722.25   58516   0.3078003   
24710.5   58588   0.3721054   
24698.75   58660   0.3897854   
24640.5   58554.25   0.3078003   
24656   58613.5   0.3721435   
24671.5   58672.75   0.3898268   
20870.25   59498.5   0.3078003   
20857.5   59577   0.3706797   
20844.75   59655.5   0.3882427   
20832   59734   0.3927907   B1-1-49
20910.5   59420.25   0.3078003   
20938   59420.5   0.3709192   
20965.5   59420.75   0.3885018   
20993   59421   0.3930756   B1-D2-53
21262.25   59367.75   0.3078003   
21172.5   59385.5   0.3709266   
21082.75   59403.25   0.3885098   
22897.5   58678.75   0.3078003   
22926   58665.5   0.3956637   
22954.5   58652.25   0.4173904   
23044.5   58513   0.3078003   
23024   58555   0.3776086   
23003.5   58597   0.3959789   
21296   59014.25   0.3909637   
21191   58961.5   0.4498437   
21086   58908.75   0.4814615   
20844.5   58776.5   0.3078003   
20890   58803   0.392027   
20935.5   58829.5   0.4132128   
21033.5   58603.25   0.3078003   
21016   58687.5   0.3919554   
20998.5   58771.75   0.4131303   
21214.25   58555.25   0.3078003   
21136.5   58655.5   0.3919554   
21058.75   58755.75   0.4131303   
21830   58940.25   0.3894345   
21765   58942.5   0.4476109   
21700   58944.75   0.4786709   
21604.25   59200.5   0.3078003   
21614.5   59116   0.3995659   
21624.75   59031.5   0.4215577   
22337   58778   0.3078003   
22292   58751   0.3818194   
22247   58724   0.4011142   
22127   58712   0.3078003   
22152   58707   0.3738732   
22177   58702   0.3916987   
22080.5   58616   0.3078003   
22121   58643   0.3738726   
22161.5   58670   0.3916981   
21337   59674   0.3078003   
21412   59629   0.3725001   
21487   59584   0.3902127   
21562   59539   0.3945403   B1-1-052
21404.5   59397.25   0.3078003   
21457   59444.5   0.3720051   
21509.5   59491.75   0.389677   
21586   59348.5   0.3078003   
21578   59412   0.3720047   
21570   59475.5   0.3896765   
22242.5   59427.5   0.3078003   
22207   59413   0.3720654   
22171.5   59398.5   0.3897422   
22091.75   59219   0.3078003   
22106.5   59274   0.3718377   
22121.25   59329   0.3894957   
22304.5   59420.25   0.3078003   
22331   59398.5   0.371276   
22357.5   59376.75   0.3888879   
22339.75   59155.5   0.3078003   
22354.5   59222   0.3712507   
22369.25   59288.5   0.3888606   
22704   59330.25   0.3078003   
22650   59330.5   0.3713049   
22596   59330.75   0.3889191   
22542   59331   0.39345   B1-1-056
22379.25   59149.5   0.3078003   
22433.5   59210   0.3712102   
22487.75   59270.5   0.3888167   
22560   59106.75   0.3078003   
22554   59181.5   0.3712102   
22548   59256.25   0.3888167   
20849.25   59508.25   0.3078003   
20815.5   59596.5   0.3706797   
20781.75   59684.75   0.3882428   
20748   59773   0.3927908   B1-1-049
21324.5   59086.75   0.3874585   
21248   59106.5   0.4444321   
21171.5   59126.25   0.4750594   
21095   59146   0.4309413   B1-2-035
20873   58849   0.3078003   
20947   58948   0.3866334   
21021   59047   0.4068499   
20936   59351.5   0.3078003   
20989   59283   0.3897114   
21042   59214.5   0.4104954   
21287.75   59299   0.3078003   
21223.5   59248   0.3865948   
21159.25   59197   0.4068046   
22403.5   58245.75   0.3078003   
22354   58338.5   0.3719279   
22503.25   58221.5   0.3078003   
20700   59363   0.55   B1-321-49
20572   58649   0.55   B1-3-48
24380   57642   0.55   B1-3-61
25825   57292   0.55   B1-3-66
251815.28125   56737.22265625   0.5607827   
21401   59067   0.3031   B1-2-135
21895   58938   0.3031   B1-2-136
22382   58805   0.3031   B1-2-137
22869   58692   0.3031   B1-2-138
23331   58575   0.3031   B1-2-139
24868   58162   0.3031   B1-2-142
25283   58067   0.3031   B1-2-143
25756   57943   0.3031   B1-2-144
20871   58569   0.3031   B1-3-49
21155   58497   0.3031   B1-3-50
21729   58347   0.3031   B1-3-52
22319   58198   0.3031   B1-3-54
22907   58052   0.3031   B1-3-56
23185   57966   0.3031   B1-3-57
23477   57895   0.3031   B1-3-58
23783   57820   0.3031   B1-3-59
24071   57739   0.3031   B1-3-60
24721   57569   0.3031   B1-3-62
24940   57525   0.3031   B1-3-63
25252   57445   0.3031   B1-3-64
26098   57244   0.3031   B1-3-67
21051   58519   0.3031   B1-3-D49
21292   58455   0.3031   B1-3-D50
22453   58153   0.3031   B1-3-D54
22786   58052   0.3031   B1-3-D55
23342   57931   0.3031   B1-3-D57
25382   57406   0.3031   B1-3-D64
25966   57263   0.3031   B1-3-D66
21876   58292   0.3031   B1-3-F52
21262   59719   0.3031   B1-311-51
22278   59442   0.3031   B1-311-55
22758   59330   0.3031   B1-311-57
22102   58717   0.3031   B1-330-55
22575   58595   0.3031   B1-330-57
23065   58471   0.3031   B1-330-59
24514   58081   0.3031   B1-330-65
25015   57976   0.3031   B1-330-67
25494   57861   0.3031   B1-330-69
25946   57730   0.3031   B1-330-71
20799   58750   0.3031   B1-331-50
21772   58508   0.3031   B1-331-54
25202   57654   0.3031   B1-331-68
25673   57521   0.3031   B1-331-70
24716   57728   0.3031   B1-331-S66
20883   59420   0.3031   B1-D2-450
21352   59350   0.3031   B1-D2-452
21594   59285   0.3031   B1-D2-453
22077   59164   0.3031   B1-D2-455
22325   59089   0.3031   B1-D2-456
22566   59032   0.3031   B1-D2-457
22807   58966   0.3031   B1-D2-458
23304   58800   0.3031   B1-D2-460
23781   58715   0.3031   B1-D2-462
24010   58639   0.3031   B1-D2-463
24255   58587   0.3031   B1-D2-464
24734   58444   0.3031   B1-D2-466
25221   58343   0.3031   B1-D2-468
25732   58206   0.3031   B1-D2-470
25931   58159   0.3031   B1-D2-471
21720   59270   0.3031   B1-D2-56
22201   59120   0.3031   B1-D2-58
22687   58998   0.3031   B1-D2-60
24625   58495   0.3031   B1-D2-68
25605   58240   0.3031   B1-D2-72
25835   58184   0.3031   B1-D2-73
26019   58136   0.3031   B1-D2-74
22040   58589   0.3031   B1-D3-61
23003   58331   0.3031   B1-D3-65
20878.66015625   60014.87890625   0.3031   B1-311-SP68
19758.8671875   593711.9375   0.3031   
19758.8671875   56737.22265625   0.3031   
251815.28125   593711.9375   0.3031   
20668   59225   0.684   B1-2-034
20662   59267   0.684   B1-2-34
20698   59251   0.684   B1-2-P34
20822   59847   0.684   B1-311-49
23474   59139   0.684   B1-311-60
23944   59023   0.684   B1-311-62
26105   58455   0.684   B1-311-71
20623   59116   0.684   B1-330-J49
22023   58256   0.684   B1-3-53
25675   57334   0.684   B1-3-D65
25710   57369   0.684   B1-3-P277
20619   58641   0.684   G100-37
22059   58284   0.684   G100-42
21032   59688   0.4702519   B1-1-050
21326   59567   0.4166941   B1-1-051
22044   59424   0.3821849   B1-1-054
22847   59191   0.3532818   B1-1-057
22998   59141   0.3661312   B1-1-058
23268   59116   0.4349636   B1-1-059
23891   58948   0.5313212   B1-1-062
24153   58873   0.400599   B1-1-063
24432   58796   0.3922091   B1-1-064
24711   58688   0.3924723   B1-1-065
20914   59711   0.4474392   B1-1-450
21671   59498   0.3894508   B1-1-453
22429   59275   0.3893017   B1-1-456
22880   59232   0.332588   B1-1-458
23086   59128   0.3839483   B1-1-459
23332   59070   0.4742894   B1-1-460
23802   58953   0.4593868   B1-1-462
24298   58848   0.390599   B1-1-464
24804   58686   0.3882419   B1-1-466
20987   59705   0.4635189   B1-1-50
21284   59603   0.4071376   B1-1-51
21510   59546   0.3948601   B1-1-52
22496   59333   0.4012378   B1-1-56
22956   59175   0.3574349   B1-1-58
23938   58934   0.5133732   B1-1-62
24388   58814   0.3881833   B1-1-64
24929   58668   0.3938675   B1-1-66
21073   59678   0.4826913   B1-1-P50
21558   59574   0.3892302   B1-1-P52
22061   59449   0.3733018   B1-1-P54
23018   59194   0.3739853   B1-1-P58
23494   59074   0.5662649   B1-1-P60
23974   58948   0.526642   B1-1-P62
24448   58826   0.3928448   B1-1-P64
24941   58709   0.3944627   B1-1-P66
24544   58249   0.359799   B1-2-042
20905   59565   0.3696089   B1-20-550
21166   59494   0.4275272   B1-20-551
21372   59459   0.3861661   B1-20-552
22596   59154   0.3723073   B1-20-557
23113   59036   0.3841593   B1-20-559
23819   58841   0.3491575   B1-20-562
24305   58315   0.4190597   B1-2-141
21557   59141   0.3919388   B1-21-553
24217   58463   0.3613057   B1-21-564
21649   59001   0.4449605   B1-2-36
24704   58322   0.3072256   B1-2-42
25996   57879   0.3169345   B1-2-45
20997   59168   0.4168021   B1-2-451
24186   58350   0.4168659   B1-2-464
24676   58212   0.3549054   B1-2-466
21368   59053   0.3297182   B1-2-M135
21420   59091   0.3208732   B1-2-P135
21904   58982   0.3125706   B1-2-P136
22395   58848   0.350147   B1-2-P137
23362   58575   0.3076885   B1-2-P139
24332   58354   0.3982249   B1-2-P141
24804   58221   0.3162084   B1-2-P142
25778   57975   0.3462662   B1-2-P144
24577   58284   0.3486016   B1-2-P42
26013   57904   0.3289248   B1-2-P45
20763   59068   0.5295525   B1-30-550
21002   59016   0.407354   B1-30-551
21732   58828   0.4203165   B1-30-554
21533   59653   0.3633946   B1-311-52
21775   59589   0.3949818   B1-311-53
22023   59531   0.3709404   B1-311-54
22992   59267   0.3539824   B1-311-58
23243   59228   0.4792854   B1-311-59
24184   58970   0.4624356   B1-311-63
24441   58903   0.4002656   B1-311-64
24692   58830   0.3995918   B1-311-65
20945   58710   0.370589   B1-31-551
22613   58277   0.353731   B1-31-558
22814   58229   0.3740301   B1-31-559
24567   57779   0.4160312   B1-31-566
21015   59547   0.4293064   B1-320-50
21255   59509   0.4243538   B1-320-51
22961   59049   0.3424972   B1-320-58
23217   58979   0.3732351   B1-320-59
23672   58890   0.3797634   B1-320-61
23928   58814   0.3739291   B1-320-62
24159   58754   0.3737232   B1-320-63
20922   59589   0.3854706   B1-320-P50
21399   59484   0.392664   B1-320-P52
22616   59195   0.388862   B1-320-P57
22874   59101   0.3555725   B1-320-P58
23077   59021   0.3818617   B1-320-P59
23803   58872   0.3880318   B1-320-P62
24055   58797   0.3778691   B1-320-P63
24794   58605   0.3648213   B1-320-P66
21138   59558   0.4513348   B1-320-SP51
20928   59307   0.3662531   B1-321-50
21432   59166   0.3642342   B1-321-52
24103   58488   0.3686265   B1-321-63
24348   58417   0.3718027   B1-321-64
24574   58337   0.3491963   B1-321-65
24826   58272   0.30706   B1-321-66
25786   58034   0.3671115   B1-321-70
26015   57971   0.3635655   B1-321-71
21591   59192   0.3262356   B1-321-P53
24249   58512   0.3210395   B1-321-P64
25929   58056   0.3497545   B1-321-P71
20877   59045   0.4228028   B1-330-50
21373   58929   0.4011293   B1-330-52
24260   58150   0.486569   B1-330-64
24175   58241   0.4598975   B1-330-P64
24416   58174   0.4001949   B1-330-P65
24886   58056   0.3412783   B1-330-P67
21030   59058   0.411756   B1-330-SP51
22725   58255   0.3755342   B1-331-58
24461   57844   0.4632525   B1-331-65
20919   58764   0.3826113   B1-331-P51
22642   58329   0.3764   B1-331-P58
22864   58283   0.387788   B1-331-P59
23610   58090   0.3291835   B1-331-P62
24583   57834   0.4219146   B1-331-P66
25058   57712   0.3856701   B1-331-P68
25306   57635   0.359711   B1-331-P69
25553   57586   0.3771005   B1-331-P70
25785   57524   0.4258003   B1-331-P71
23589   57879   0.3031   B1-3-D58
25105   57471   0.3031   B1-3-D63
22870   58038   0.3031   B1-3-F56
22580   58163   0.3136766   B1-3-P262
23658   57894   0.3031   B1-3-P267
25091   57562   0.3132233   B1-3-P274
25918   57330   0.4129779   B1-3-P278
23439   57955   0.3031   B1-3-SP266
24647   57651   0.3408174   B1-3-SP272
24855   57551   0.3031   B1-3-SP273
21098   59375   0.3857552   B1-D2-451
24498   58526   0.3348767   B1-D2-465
21219   59367   0.3417163   B1-D2-54
24143   58622   0.3155448   B1-D2-66
24398   58596   0.3215457   B1-D2-67
20763   59545   0.3826575   B1-D2-P52
21013   59462   0.4089837   B1-D2-P53
21234   59400   0.3517742   B1-D2-P54
21741   59292   0.3031   B1-D2-P56
23918   58711   0.3800812   B1-D2-P65
24139   58654   0.3187655   B1-D2-P66
24428   58565   0.3301984   B1-D2-P67
24654   58496   0.3031   B1-D2-P68
25837   58220   0.3031   B1-D2-P73
24866   57851   0.3525022   B1-D3-467
24481   57958   0.4300166   B1-D3-71
25450   57714   0.3819966   B1-D3-75
25690   57654   0.3676659   B1-D3-76
25887   57603   0.4397616   B1-D3-77
23042   58364   0.3324473   B1-D3-P65
24499   57995   0.3908336   B1-D3-P71
24964   57869   0.3480566   B1-D3-P73
25449   57742   0.3725663   B1-D3-P75
25701   57685   0.3796064   B1-D3-P76
20900   58570   0.3031   G100-38
21205   58491   0.3031   G100-39
21781   58328   0.3031   G100-41
22365   58181   0.3031   G100-43
21119   59440   0.4009483   G94-38
21704   59300   0.3031   G94-40
23151   58933   0.3778206   G94-45
21051   59166   0.4195675   G96-38
21348   59078   0.3542651   G96-39
21602   59003   0.4343013   G96-40
21913   58908   0.3327628   G96-41
23664   59002   0.4069151   B1-1-061
22267   59360   0.3603219   B1-1-55
23415   59061   0.5254989   B1-1-60
25880   57908   0.3946948   B1-2-471
23128   58636   0.3915716   B1-2-P39
24401   58701   0.3567394   B1-320-64
24318   58734   0.3563279   B1-320-P64
23346   58974   0.3915611   B1-320-SP60
25467   58194   0.3482426   B1-321-P69
25721   57798   0.3940548   B1-330-70
25132   57978   0.3813889   B1-330-P68
25614   57851   0.3642566   B1-330-P70
25865   57789   0.3455392   B1-330-P71
21513   58457   0.3556659   B1-3-P257
25458   58274   0.3777941   B1-D2-469
22935   58969   0.3596911   B1-D2-P61
22440   58488   0.3586983   B1-D3-457
23636   58170   0.3756115   B1-D3-462
22524   58458   0.3585911   B1-D3-63
24991   57821   0.3700024   B1-D3-73
25210   57775   0.3730791   B1-D3-74
20859   58926   0.4006304   B1-D3-P56
22562   58494   0.3544252   B1-D3-P63
25217   57807   0.3928607   B1-D3-P74
22871   59003   0.3193294   G94-44
22368   58491   0.3742969   G98-43
22620   58434   0.3875692   G98-44
22592   58434   0.3803601   G98-F44
22803   59221   0.3458243   B1-1-57
24958   58133   0.3621969   B1-2-467
25407   58018   0.3971445   B1-2-469
25305   58095   0.3274058   B1-2-P143
25391   58643   0.3928657   B1-311-68
20692   58780   0.4302583   B1-31-550
21659   58530   0.3675964   B1-31-554
24905   58573   0.378764   B1-320-66
25077   58203   0.3815241   B1-321-67
25300   58148   0.3563897   B1-321-68
24742   58366   0.3057685   B1-321-P66
24974   58321   0.3552237   B1-321-P67
25226   58268   0.3258117   B1-321-P68
21864   58802   0.4185353   B1-330-54
21762   58846   0.4083344   B1-330-P54
25356   57920   0.4059655   B1-330-P69
20559   58872   0.4716815   B1-331-49
21921   58524   0.3552123   B1-331-P55
21445   58423   0.340041   B1-3-51
21570   58369   0.3376397   B1-3-D51
24567   57625   0.4001786   B1-3-D61
21459   58393   0.3391578   B1-3-F51
20697   58660   0.5332069   B1-3-P253
22029   58334   0.5992913   B1-3-P259
22028   58327   0.6104108   B1-3-SP258
25344   58312   0.3515981   B1-D2-71
25363   58324   0.3612621   B1-D2-P71
21939   58618   0.3589901   B1-D3-455
21496   58410   0.3433917   G100-40
21408   59370   0.3208459   G94-39
23478   59043   0.5070532   B1-1-060
25129   58581   0.396648   B1-1-067
25630   58463   0.3860506   B1-1-069
25725   58456   0.3951496   B1-1-470
25652   58485   0.3927912   B1-1-69
21635   58947   0.4566219   B1-2-036
25083   58122   0.3942298   B1-2-043
25541   57998   0.3814184   B1-2-044
23346   58918   0.3328264   B1-20-560
23568   58896   0.3839885   B1-20-561
21085   59275   0.3939252   B1-21-551
22065   59016   0.3584436   B1-21-555
22530   58898   0.3737573   B1-21-557
23255   58712   0.3572823   B1-21-560
21094   59296   0.3860833   B1-21-M551
22136   58874   0.3811635   B1-2-37
25055   58132   0.3877983   B1-2-43
25508   58006   0.3817288   B1-2-44
22048   58888   0.3865421   B1-2-455
25643   57974   0.393095   B1-2-470
21679   59030   0.4331322   B1-2-P36
25080   58156   0.395578   B1-2-P43
25537   58028   0.3831848   B1-2-P44
21489   58889   0.4097872   B1-30-553
21954   58762   0.3796342   B1-30-555
22436   58629   0.3743459   B1-30-557
22695   58567   0.367292   B1-30-558
22958   58490   0.3547875   B1-30-M559
23702   59084   0.5240905   B1-311-61
25641   58588   0.3663016   B1-311-69
25877   58526   0.473185   B1-311-70
21213   58649   0.3690423   B1-31-552
21406   58580   0.3732189   B1-31-553
21885   58475   0.3617836   B1-31-555
24320   57852   0.5082566   B1-31-565
25115   58491   0.3806637   B1-320-67
25591   58374   0.3478884   B1-320-69
23570   58927   0.3857551   B1-320-P61
25017   58546   0.3899285   B1-320-P67
25274   58494   0.378751   B1-320-P68
21189   59236   0.3928297   B1-321-51
21703   59120   0.3935784   B1-321-53
21933   59058   0.3789723   B1-321-54
25548   58092   0.369444   B1-321-69
21118   59293   0.3785628   B1-321-P51
22070   59061   0.3234265   B1-321-P55
22557   58940   0.3295411   B1-321-P57
25690   58122   0.3394828   B1-321-P70
21609   58854   0.4221549   B1-330-53
24778   58019   0.4033065   B1-330-66
21519   58910   0.4166421   B1-330-P53
24660   58102   0.3584949   B1-330-P66
21318   58621   0.3690972   B1-331-52
21551   58614   0.3932958   B1-331-53
24223   57870   0.4933306   B1-331-64
24975   57732   0.3601502   B1-331-67
21703   58552   0.3269674   B1-331-P54
24350   57903   0.5055432   B1-331-P65
24193   57760   0.4331417   B1-3-P270
24409   57699   0.5214852   B1-3-SP271
24987   58409   0.3628245   B1-D2-467
23660   58742   0.3328313   B1-D2-64
24868   58435   0.3212496   B1-D2-69
21484   59335   0.3804021   B1-D2-P55
23666   58771   0.3306601   B1-D2-P64
24882   58459   0.3327453   B1-D2-P69
21691   58690   0.3738017   B1-D3-454
22186   58572   0.3784471   B1-D3-456
24354   57957   0.503996   B1-D3-465
21575   58713   0.3912981   B1-D3-59
21814   58650   0.3954299   B1-D3-60
24239   58018   0.5037314   B1-D3-70
21611   58709   0.3864902   B1-D3-P59
21831   58677   0.4070335   B1-D3-P60
22313   58564   0.3888372   B1-D3-P62
24253   58062   0.4995388   B1-D3-P70
21526   58751   0.403733   G98-40
21864   58636   0.3930133   G98-41
22182   58608   0.3688343   G98-42
22908   58394   0.3942618   G98-45
25350   58567   0.3932435   B1-1-068
25234   58549   0.395502   B1-1-468
25478   58528   0.3870991   B1-1-469
25318   58589   0.3960915   B1-1-68
25403   58573   0.3920027   B1-1-P68
25149   58614   0.4026751   B1-1-X67
23586   58433   0.3951997   B1-2-040
21304   59213   0.3257666   B1-21-552
23023   58782   0.4018691   B1-21-559
23489   58658   0.3892025   B1-21-561
21156   59126   0.4058564   B1-2-35
23097   58644   0.3993442   B1-2-39
21277   59099   0.3802022   B1-2-452
22506   58778   0.3933161   B1-2-457
22742   58719   0.3780123   B1-2-458
22983   58639   0.4067585   B1-2-459
23216   58605   0.3939821   B1-2-460
25143   58105   0.4125365   B1-2-468
22887   58722   0.3995936   B1-2-P138
21226   59142   0.3760865   B1-2-P35
21282   58945   0.3996549   B1-30-552
22202   58697   0.3932084   B1-30-556
22986   58509   0.3285664   B1-30-559
22467   58626   0.3559799   B1-30-F557
25159   58707   0.4016554   B1-311-67
20761   59641   0.3839027   B1-320-49
25509   58422   0.3660184   B1-320-P69
22886   58800   0.3941942   B1-321-58
23127   58730   0.393938   B1-321-59
21347   59246   0.3259569   B1-321-P52
22314   58995   0.3068289   B1-321-P56
23038   58807   0.3970366   B1-321-P59
23276   58737   0.3200323   B1-321-P60
23507   58685   0.3849193   B1-321-P61
21102   58987   0.4171659   B1-330-51
22819   58547   0.3942063   B1-330-58
25253   57926   0.4484358   B1-330-68
21264   58967   0.3983088   B1-330-P52
21986   58803   0.36589   B1-330-P55
22231   58740   0.3713593   B1-330-P56
22476   58670   0.3639587   B1-330-P57
22722   58607   0.3731036   B1-330-P58
22964   58537   0.3589344   B1-330-P59
21436   58641   0.3902819   B1-331-P53
23052   58900   0.3977537   B1-D2-459
23536   58776   0.3843312   B1-D2-461
21478   59302   0.3930271   B1-D2-55
23190   58870   0.3663796   B1-D2-62
23413   58810   0.3929619   B1-D2-63
25111   58376   0.3386097   B1-D2-70
23174   58894   0.3692392   B1-D2-P62
25123   58399   0.3404103   B1-D2-P70
25605   58278   0.3047679   B1-D2-P72
21237   58774   0.4004939   B1-D3-452
21455   58756   0.403104   B1-D3-453
21126   58822   0.4128693   B1-D3-57
21351   58788   0.3932205   B1-D3-58
21105   58847   0.4123766   B1-D3-P57
21353   58813   0.3960712   B1-D3-P58
22798   58429   0.3927565   B1-D3-P64
20830   59522   0.3361513   G94-37
22582   59079   0.3046749   G94-43
22477   58781   0.3913392   G96-43
22791   58708   0.3894429   G96-44
23082   58675   0.4011812   G96-45
20943   58866   0.4027667   G98-38
21281   58772   0.3976896   G98-39
23972   58528   0.3779786   B1-21-563
23572   58041   0.3042685   B1-31-562
23866   58555   0.3670708   B1-321-62
24002   58555   0.3519277   B1-321-P63
22020   58500   0.3200044   B1-331-55
20708   58834   0.4738579   B1-331-P50
20791   59508   0.3665197   B1-D2-M52
20726   58930   0.4719621   B1-D3-450
24042   58440   0.3953136   B1-2-041
23823   58448   0.4083332   B1-2-140
24069   58379   0.40639   B1-2-41
23939   58406   0.4012692   B1-2-463
23845   58463   0.4003459   B1-2-P140
24078   58414   0.3931752   B1-2-P41
23938   58251   0.3912595   B1-30-563
23932   58294   0.3941301   B1-330-P63
25869   58431   0.3840271   B1-1-P70
24155   58197   0.4602784   B1-30-564
25340   58428   0.3656104   B1-320-68
25827   58313   0.3456298   B1-320-70
21295   58528   0.3047197   B1-3-P256
24015   58124   0.4075923   B1-D3-P69
24223   57691   0.4409557   B1-3-D60
20609   58953   0.572863   B1-D3-55
20655   58972   0.5763029   B1-D3-M55
20626   58987   0.5960087   B1-D3-P55
20661   58942   0.5556335   G98-37
20904   59189   0.3929351   B1-2-134
20830   59350   0.3627586   B1-21-550
20797   59216   0.3990597   B1-2-450
20947   59222   0.4103036   B1-2-P134
21512   59452   0.3790498   B1-320-52
20843   59373   0.3286562   B1-321-P50
20792   59097   0.4951526   B1-330-P50
20769   59235   0.4870228   G96-37
22352   59211   0.3588466   B1-20-556
21795   59089   0.3860953   B1-21-554
21771   58975   0.4278982   B1-2-454
23148   58473   0.3046874   B1-30-560
23164   58500   0.3258864   B1-30-M560
22122   58410   0.4912049   B1-31-556
24086   57905   0.4070217   B1-31-564
21758   59385   0.352111   B1-320-53
23425   58933   0.355018   B1-320-60
22388   59230   0.3686971   B1-320-P56
21816   59132   0.3656528   B1-321-P54
24032   58225   0.3889984   B1-330-63
23207   58495   0.3461742   B1-330-P60
23975   58002   0.3663927   B1-331-63
22163   58468   0.429177   B1-331-P56
24089   57966   0.4288774   B1-331-P64
23980   57820   0.3110825   B1-3-P269
22715   59036   0.3253011   B1-D2-P60
23421   58843   0.3344312   B1-D2-P63
24114   58025   0.4694836   B1-D3-464
24003   58076   0.3910566   B1-D3-69
22655   58111   0.3037268   G100-44
22337   59162   0.3113589   G94-42
21788   59473   0.3885671   B1-1-053
22384   59355   0.3930914   B1-1-055
25828   58434   0.3939826   B1-1-070
22136   59384   0.3927787   B1-1-455
21820   59537   0.3927834   B1-1-53
25801   58450   0.3971429   B1-1-70
22524   59357   0.4055937   B1-1-P56
22096   58828   0.392807   B1-2-037
22628   58714   0.3901262   B1-2-038
22842   59094   0.3536114   B1-20-558
22797   58867   0.3360682   B1-21-558
22772   58841   0.313745   B1-21-M558
22623   58747   0.3919506   B1-2-38
22274   58844   0.3756612   B1-2-456
22155   58918   0.3848384   B1-2-P37
23647   58304   0.3935258   B1-30-562
22374   58322   0.3484095   B1-31-557
22253   59259   0.3693591   B1-320-55
22505   59168   0.3513382   B1-320-56
22142   59295   0.3810827   B1-320-P55
25743   58352   0.3680975   B1-320-P70
22410   58914   0.3779171   B1-321-56
22649   58855   0.3741995   B1-321-57
22770   58875   0.3160851   B1-321-P58
24498   58417   0.3304051   B1-321-P65
22342   58678   0.388783   B1-330-56
23306   58473   0.3798865   B1-330-60
23794   58295   0.3755152   B1-330-62
22501   58362   0.3563735   B1-331-57
22399   58384   0.3593641   B1-331-P57
24843   57758   0.3227382   B1-331-P67
22757   58137   0.3050372   B1-3-P263
22443   59061   0.3153022   B1-D2-59
22468   59081   0.3046187   B1-D2-P59
23882   58111   0.3278045   B1-D3-463
23761   58147   0.3436927   B1-D3-68
24746   57871   0.359942   B1-D3-72
23766   58184   0.3538179   B1-D3-P68
24747   57921   0.405592   B1-D3-P72
22243   58846   0.3810763   G96-42
22294   58964   0.3119103   B1-21-556
22636   58785   0.3869683   B1-2-P38
23419   58377   0.3887379   B1-30-561
23435   58412   0.395466   B1-330-P61
23491   58129   0.3311767   B1-331-61
20717   58608   0.5122815   B1-3-D48
23442   58263   0.3652252   B1-D3-461
23299   58266   0.3922127   B1-D3-66
23551   58231   0.3600339   B1-D3-67
23253   58313   0.3810864   B1-D3-P66
23537   58256   0.3639106   B1-D3-P67
21628   59391   0.3389229   B1-20-553
23321   58048   0.3214089   B1-31-561
21655   59429   0.3662437   B1-320-P53
23360   58150   0.356815   B1-331-SP61
26080   58360   0.5290437   B1-1-071
25048   58624   0.3928697   B1-1-467
26044   58285   0.3932199   B1-1-71
23723   58607   0.3425302   B1-21-562
23581   58505   0.3998693   B1-2-40
23469   58550   0.3948357   B1-2-461
23691   58482   0.3989853   B1-2-462
23602   58530   0.3964052   B1-2-P40
26048   58250   0.3820398   B1-320-71
25956   58279   0.3794341   B1-320-CSP71
23376   58664   0.3477121   B1-321-60
23608   58623   0.3859701   B1-321-61
23763   58615   0.3400725   B1-321-P62
23576   58353   0.4003613   B1-330-61
23699   58350   0.4097093   B1-330-P62
21081   58743   0.3865277   B1-331-51
21202   58706   0.3859566   B1-331-SP52
21132   58546   0.3086367   B1-3-P255
25991   58108   0.3094293   B1-D2-F74
22067   58623   0.3056152   B1-D3-P61
21888   59322   0.335039   B1-20-554
20981   58856   0.3998649   B1-D3-451
21887   59474   0.3857544   B1-1-454
23092   58154   0.3588161   B1-31-560
21904   59373   0.3624343   B1-320-P54
22172   58967   0.368002   B1-321-55
23226   58149   0.375782   B1-331-S60
25525   57379   0.4513693   B1-3-65
22971   58076   0.3188348   B1-3-P264
23176   58028   0.3216914   B1-3-SP265
22012   59324   0.3532383   B1-320-54
22251   58368   0.4164677   B1-331-56
23122   58202   0.3767141   B1-331-P60
22396   58224   0.3031809   B1-3-P261
23066   58007   0.3115962   B1-3-D56
21969   59176   0.3357524   B1-D2-57
22961   58053   0.3096355   G100-45
24553   58751   0.3866309   B1-1-465
24678   58622   0.3713971   B1-320-65
21860   59256   0.33936   B1-D2-454
21968   59206   0.3334124   B1-D2-P57
21982   59225   0.3241501   G94-41
21995   59430   0.3809989   B1-1-54
24687   58732   0.3945106   B1-1-65
22106   59280   0.369026   B1-20-555
24550   58666   0.3653967   B1-320-P65
22160   58217   0.5226721   B1-3-F53
22607   58121   0.3031   B1-3-55
22612   58092   0.3031   B1-3-F55
23861   57963   0.3031   B1-31-563
23735   58013   0.3031   B1-331-62
23849   58012   0.3031   B1-331-P63
22225   59140   0.3031   B1-D2-P58
23899   57802   0.3031   B1-3-D59
