22551   58968.5   0.3129003   
22536   58905   0.3851942   
22521   58841.5   0.4039024   
22506   58778   0.4088576   B1-2-457
23802.25   58675   0.3129003   
23823.5   58635   0.3863155   
23844.75   58595   0.4051341   
23866   58555   0.4102352   B1-321-62
23974   58618   0.3129003   
23938   58597   0.386421   
23902   58576   0.40525   
20905.5   59793.75   0.3492754   
20989   59740.5   0.4255751   
21072.5   59687.25   0.4504917   
21156   59634   0.4550764   B1-1-451
21112.5   59439.75   0.3476049   
21127   59504.5   0.4218066   
21141.5   59569.25   0.445748   
21171.5   59421.25   0.3129003   
21245   59467.5   0.4087785   
21318.5   59513.75   0.4313738   
21392   59560   0.4372242   B1-1-452
22121   59187.75   0.3129003   
22165   59211.5   0.3851986   
22209   59235.25   0.4039071   
22253   59259   0.4088627   B1-320-55
22704.75   59343.25   0.3129003   
22651.5   59356.5   0.3852902   
22598.25   59369.75   0.4040077   
22545   59383   0.4089702   B1-311-56
22550.75   59066   0.3129003   
22535.5   59100   0.3851944   
22520.25   59134   0.4039025   
22505   59168   0.4088578   B1-320-56
22609.75   59054.75   0.3129003   
22653.5   59077.5   0.386323   
22697.25   59100.25   0.4051422   
22741   59123   0.4101821   B1-320-57
24753.5   58814.5   0.3129003   
24815   58799   0.3852338   
24876.5   58783.5   0.4039459   
24938   58768   0.408904   B1-311-66
25103.75   58722.25   0.3129003   
25048.5   58737.5   0.3852338   
24993.25   58752.75   0.4039458   
24974.75   58498.75   0.3129003   
24962.5   58588.5   0.3852336   
24950.25   58678.25   0.4039456   
25131.25   58686.25   0.3129003   
25103.5   58665.5   0.3851978   
25075.75   58644.75   0.4039062   
25048   58624   0.4088617   B1-1-467
25002.25   58462.75   0.3129003   
25017.5   58516.5   0.3851978   
25032.75   58570.25   0.4039062   
25606.25   57991.75   0.4451142   
25718.5   58122.5   0.5296649   
25830.75   58253.25   0.5794865   
25934   58215.25   0.4110276   
25937   58271.5   0.4758689   
25940   58327.75   0.5111582   
20888.25   59362.25   0.3129003   
20893.5   59304.5   0.3971214   
20898.75   59246.75   0.4175612   
21049.5   59328.5   0.3129003   
21001   59282   0.3995188   
20952.5   59235.5   0.4206137   
22019.25   58781.5   0.4667474   
21936.5   58846   0.5659   
21853.75   58910.5   0.6609663   
22682.75   58161.75   0.3129003   
22753.5   58231.5   0.3852016   
22824.25   58301.25   0.4039104   
22895   58371   0.4088662   B1-D3-459
23737.75   58692   0.3129003   
23694.5   58669   0.4048914   
23651.25   58646   0.4270009   
23608   58623   0.4326628   B1-321-61
24237.75   58527.75   0.3129003   
24220.5   58468.5   0.3880249   
24203.25   58409.25   0.4070119   
24186   58350   0.4121792   B1-2-464
24217   58562.25   0.3129003   
24179   58537.5   0.3852307   
24141   58512.75   0.4039424   
24103   58488   0.4089004   B1-321-63
24874   57696.75   0.3129003   
24808   57868.5   0.3917775   
24742   58040.25   0.411207   
24909.25   58359.75   0.3129003   
24831.5   58310.5   0.3974248   
24753.75   58261.25   0.4179475   
24944.5   57677   0.3129003   
24949   57829   0.3851976   
24953.5   57981   0.403906   
24958   58133   0.4088615   B1-2-467
25155.25   58290.5   0.3129003   
25089.5   58238   0.3851976   
25023.75   58185.5   0.403906   
25455.5   57833   0.3129003   
25417   57805   0.3852282   
25378.5   57777   0.4039396   
25340   57749   0.4088969   B1-D3-469
25274   57521   0.3129003   
25296   57597   0.3852273   
25318   57673   0.4039387   
25478.75   57800.25   0.3129003   
25463.5   57739.5   0.3861447   
25448.25   57678.75   0.4049464   
25433   57618   0.4099564   B1-331-69
25297.25   57488.25   0.3129003   
25342.5   57531.5   0.3861165   
25387.75   57574.75   0.4049155   
25512.25   57813.25   0.3129003   
25530.5   57765.5   0.3858762   
25548.75   57717.75   0.4046515   
25567   57670   0.4096578   B1-D3-470
25590.5   57872.75   0.3129003   
25687   57884.5   0.3852241   
25783.5   57896.25   0.4039351   
25880   57908   0.4088924   B1-2-471
25929.5   57774.5   0.3129003   
25913   57819   0.3852244   
25896.5   57863.5   0.4039354   
25918.25   58096.25   0.3129003   
25905.5   58033.5   0.3852236   
25892.75   57970.75   0.4039345   
25963.25   58058   0.3129003   
25935.5   58008   0.3852236   
25907.75   57958   0.4039345   
25931.25   57698.25   0.3129003   
25916.5   57666.5   0.3852229   
25901.75   57634.75   0.4039338   
25887   57603   0.4088906   B1-D3-77
25946.25   57348   0.3129003   
25926.5   57433   0.385222   
25906.75   57518   0.4039328   
23708.5   58568.5   0.3129003   
23636   58422   0.3974852   
23563.5   58275.5   0.4180244   
23491   58129   0.4237611   B1-331-61
20870.25   59772   0.3129003   
20918.5   59697   0.3865125   
20966.75   59622   0.4053505   
21015   59547   0.4101425   B1-320-50
20916   59451.75   0.3129003   
20949   59483.5   0.3861699   
20982   59515.25   0.404974   
21077.25   59418   0.3129003   
21056.5   59461   0.3861854   
21035.75   59504   0.4049911   
20803.75   59760   0.3129003   
20785.5   59673   0.386313   
20767.25   59586   0.4051313   
20749   59499   0.4100526   B1-D2-52
20849.5   59439.75   0.3129003   
20816   59459.5   0.3861123   
20782.5   59479.25   0.4049108   
21878.25   59206.5   0.3420374   
21896.5   59157   0.4174087   
21914.75   59107.5   0.4408847   
22041   59137.5   0.3420733   
22005   59111   0.4174132   
21969   59084.5   0.4408897   
21773.25   59217   0.4272557   
21826.5   59164   0.5010377   
21879.75   59111   0.5422162   
22061.25   58692.25   0.3497832   
22020.5   58667.5   0.4267911   
21979.75   58642.75   0.4520357   
21939   58618   0.4591131   B1-D3-455
25543   57809.25   0.3129003   
25592   57757.5   0.3853835   
25641   57705.75   0.4041102   
25882   57711   0.3129003   
25818   57692   0.3853863   
25754   57673   0.4041133   
21898   59273   0.3129003   
21936   59290   0.3851939   
21974   59307   0.403902   
22060.75   59204   0.3129003   
22044.5   59244   0.3851939   
22028.25   59284   0.403902   
22100.75   59114.75   0.3129003   
22124.5   59065.5   0.3862129   
22148.25   59016.25   0.4050214   
22172   58967   0.4101149   B1-321-55
22467.5   59015.75   0.3129003   
22369   58999.5   0.3863186   
22270.5   58983.25   0.4051375   
22586.75   58987.75   0.3129003   
22607.5   58943.5   0.385197   
22628.25   58899.25   0.4039054   
22649   58855   0.4088608   B1-321-57
23809.5   58707.75   0.3129003   
23838   58700.5   0.3851972   
23866.5   58693.25   0.4039056   
23895   58686   0.4088611   B1-D2-65
23981.25   58650.75   0.3129003   
23952.5   58662.5   0.3851972   
23923.75   58674.25   0.4039056   
24278.25   58544.5   0.3129003   
24301.5   58502   0.3852131   
24324.75   58459.5   0.403923   
24348   58417   0.4088797   B1-321-64
22731   59308   0.3129003   
22704   59286   0.3852044   
22677   59264   0.4039134   
22650   59242   0.4088694   B1-1-457
22587   59084.5   0.3129003   
22608   59137   0.3852043   
22629   59189.5   0.4039133   
25205.25   58608.25   0.3129003   
25251.5   58509.5   0.3852023   
25297.75   58410.75   0.4039112   
25344   58312   0.408867   B1-D2-71
25251.75   58335.25   0.3129003   
25282.5   58327.5   0.3852023   
25313.25   58319.75   0.4039112   
25151.5   58675.5   0.3129003   
25144   58644   0.3851922   
25136.5   58612.5   0.4039   
25022.5   58452   0.3129003   
25058   58495   0.3851922   
25093.5   58538   0.4039   
25198   58402.5   0.3129003   
25175   58462   0.3851922   
25152   58521.5   0.4039   
24690.75   58805.5   0.3129003   
24689.5   58781   0.3853908   
24688.25   58756.5   0.4041182   
24687   58732   0.4090873   B1-1-65
24912   58489.75   0.3129003   
24837   58570.5   0.3853891   
24762   58651.25   0.4041165   
20824.5   59818.75   0.3129003   
20827   59790.5   0.3884546   
20829.5   59762.25   0.4074839   
20832   59734   0.4121324   B1-1-49
20870.25   59498.5   0.3129003   
20857.5   59577   0.3875155   
20844.75   59655.5   0.4064522   
20910.5   59420.25   0.3129003   
20938   59420.5   0.3852169   
20965.5   59420.75   0.4039272   
20993   59421   0.4088844   B1-D2-53
21071.75   59386.5   0.3129003   
21045.5   59398   0.3852173   
21019.25   59409.5   0.4039277   
21097.25   59317.75   0.3494036   
21096.5   59260.5   0.4258632   
21095.75   59203.25   0.450857   
21095   59146   0.457889   B1-2-035
24331.5   57819   0.3867038   
24283   57996   0.4396491   
24234.5   58173   0.4679469   
21233   59214   0.449168   
21300.5   59133.5   0.4792935   
21368   59053   0.4871125   B1-2-M135
25535.5   57451.75   0.3847647   
25546   57524.5   0.4370849   
25556.5   57597.25   0.4648051   
25615.5   57435   0.3129003   
25706   57491   0.3908175   
25566.25   57447.75   0.3365382   
25607.5   57516.5   0.4167126   
21873.5   59365   0.4127452   
21880.25   59419.5   0.4357719   
21934.5   59396.5   0.4370056   
23567   59011   0.55   B1-1-461
24298   58848   0.55   B1-1-464
22803   59221   0.55   B1-1-57
22956   59175   0.55   B1-1-58
23233   59109   0.55   B1-1-59
23938   58934   0.55   B1-1-62
24202   58863   0.55   B1-1-63
22352   59211   0.55   B1-20-556
22842   59094   0.55   B1-20-558
23346   58918   0.55   B1-20-560
25283   58067   0.55   B1-2-143
22772   58841   0.55   B1-21-M558
20662   59267   0.55   B1-2-34
21649   59001   0.55   B1-2-36
22983   58639   0.55   B1-2-459
20698   59251   0.55   B1-2-P34
23148   58473   0.55   B1-30-560
21533   59653   0.55   B1-311-52
23702   59084   0.55   B1-311-61
20692   58780   0.55   B1-31-550
21213   58649   0.55   B1-31-552
23092   58154   0.55   B1-31-560
23217   58979   0.55   B1-320-59
25509   58422   0.55   B1-320-P69
23127   58730   0.55   B1-321-59
24498   58417   0.55   B1-321-P65
22476   58670   0.55   B1-330-P57
21081   58743   0.55   B1-331-51
21772   58508   0.55   B1-331-54
20919   58764   0.55   B1-331-P51
23122   58202   0.55   B1-331-P60
20572   58649   0.55   B1-3-48
21729   58347   0.55   B1-3-52
22319   58198   0.55   B1-3-54
23185   57966   0.55   B1-3-57
23477   57895   0.55   B1-3-58
23783   57820   0.55   B1-3-59
26098   57244   0.55   B1-3-67
21051   58519   0.55   B1-3-D49
20697   58660   0.55   B1-3-P253
23658   57894   0.55   B1-3-P267
24398   58596   0.55   B1-D2-67
24428   58565   0.55   B1-D2-P67
21455   58756   0.55   B1-D3-453
21126   58822   0.55   B1-D3-57
21814   58650   0.55   B1-D3-60
20626   58987   0.55   B1-D3-P55
21105   58847   0.55   B1-D3-P57
22562   58494   0.55   B1-D3-P63
21781   58328   0.55   G100-41
22961   58053   0.55   G100-45
22791   58708   0.55   G96-44
20943   58866   0.55   G98-38
21864   58636   0.55   G98-41
21562   59539   0.6759599   B1-1-052
21788   59473   0.588158   B1-1-053
22384   59355   0.5753157   B1-1-055
22847   59191   0.5500368   B1-1-057
22998   59141   0.5445244   B1-1-058
23664   59002   0.592539   B1-1-061
23891   58948   0.6107889   B1-1-062
24153   58873   0.5548773   B1-1-063
24432   58796   0.5995889   B1-1-064
21671   59498   0.635796   B1-1-453
22429   59275   0.5827008   B1-1-456
22880   59232   0.572015   B1-1-458
23086   59128   0.5426241   B1-1-459
24044   58908   0.5447591   B1-1-463
21820   59537   0.5640288   B1-1-53
22267   59360   0.6102897   B1-1-55
22496   59333   0.5585313   B1-1-56
23716   58985   0.6380315   B1-1-61
24388   58814   0.5894277   B1-1-64
21558   59574   0.6551827   B1-1-P52
23018   59194   0.5638617   B1-1-P58
23974   58948   0.5466061   B1-1-P62
24448   58826   0.6078222   B1-1-P64
20668   59225   0.5501209   B1-2-034
21635   58947   0.6350104   B1-2-036
22628   58714   0.5771666   B1-2-038
21628   59391   0.6686274   B1-20-553
23113   59036   0.5247298   B1-20-559
22869   58692   0.5630217   B1-2-138
23331   58575   0.6446044   B1-2-139
22797   58867   0.549439   B1-21-558
23023   58782   0.5288056   B1-21-559
22623   58747   0.5569147   B1-2-38
22742   58719   0.5736084   B1-2-458
23216   58605   0.6676043   B1-2-460
22887   58722   0.5368689   B1-2-P138
25305   58095   0.5987059   B1-2-P143
22636   58785   0.5568894   B1-2-P38
21489   58889   0.6932293   B1-30-553
22436   58629   0.6112542   B1-30-557
22695   58567   0.6702887   B1-30-558
22467   58626   0.5808724   B1-30-F557
23164   58500   0.5787885   B1-30-M560
21262   59719   0.6292369   B1-311-51
21775   59589   0.583417   B1-311-53
22023   59531   0.6640345   B1-311-54
22278   59442   0.6250937   B1-311-55
22992   59267   0.6047955   B1-311-58
23243   59228   0.6454486   B1-311-59
23944   59023   0.5686314   B1-311-62
24441   58903   0.6043929   B1-311-64
25641   58588   0.6446689   B1-311-69
21885   58475   0.5966882   B1-31-555
22374   58322   0.6751229   B1-31-557
23321   58048   0.6028941   B1-31-561
23861   57963   0.5280105   B1-31-563
21512   59452   0.650143   B1-320-52
21758   59385   0.6373827   B1-320-53
22961   59049   0.5279773   B1-320-58
23672   58890   0.6497008   B1-320-61
23928   58814   0.5913345   B1-320-62
24159   58754   0.6102232   B1-320-63
24401   58701   0.5919356   B1-320-64
21655   59429   0.6696364   B1-320-P53
22388   59230   0.5749739   B1-320-P56
22874   59101   0.5476965   B1-320-P58
23077   59021   0.5235955   B1-320-P59
23570   58927   0.6720534   B1-320-P61
24055   58797   0.5791668   B1-320-P63
24318   58734   0.5956046   B1-320-P64
20700   59363   0.630055   B1-321-49
22886   58800   0.5269578   B1-321-58
23376   58664   0.6792083   B1-321-60
24574   58337   0.5484214   B1-321-65
25300   58148   0.6479177   B1-321-68
21591   59192   0.6822297   B1-321-P53
22770   58875   0.549036   B1-321-P58
23038   58807   0.528899   B1-321-P59
20877   59045   0.7005883   B1-330-50
21609   58854   0.6949684   B1-330-53
22342   58678   0.6973341   B1-330-56
22575   58595   0.5730607   B1-330-57
20623   59116   0.572427   B1-330-J49
23207   58495   0.5786513   B1-330-P60
20559   58872   0.5351474   B1-331-49
20799   58750   0.5686851   B1-331-50
21318   58621   0.6572049   B1-331-52
22020   58500   0.6304817   B1-331-55
22251   58368   0.6703554   B1-331-56
23735   58013   0.5829017   B1-331-62
20708   58834   0.5551237   B1-331-P50
21436   58641   0.6732988   B1-331-P53
21703   58552   0.6551881   B1-331-P54
21921   58524   0.6242421   B1-331-P55
22163   58468   0.6875864   B1-331-P56
23849   58012   0.5327813   B1-331-P63
23226   58149   0.6048968   B1-331-S60
21202   58706   0.6048805   B1-331-SP52
20871   58569   0.6043992   B1-3-49
21155   58497   0.68993   B1-3-50
22023   58256   0.6757044   B1-3-53
20717   58608   0.5608543   B1-3-D48
21570   58369   0.6606041   B1-3-D51
23066   58007   0.5717715   B1-3-D56
23342   57931   0.5673386   B1-3-D57
23899   57802   0.5490797   B1-3-D59
21459   58393   0.7069449   B1-3-F51
21876   58292   0.6019669   B1-3-F52
22029   58334   0.7018499   B1-3-P259
22396   58224   0.6513593   B1-3-P261
22028   58327   0.7024115   B1-3-SP258
23176   58028   0.5622911   B1-3-SP265
23439   57955   0.5972343   B1-3-SP266
21594   59285   0.653057   B1-D2-453
22807   58966   0.5522891   B1-D2-458
23052   58900   0.5197907   B1-D2-459
24498   58526   0.5544555   B1-D2-465
22933   58935   0.5392588   B1-D2-61
23190   58870   0.5631976   B1-D2-62
24143   58622   0.6642852   B1-D2-66
22935   58969   0.55   B1-D2-P61
23174   58894   0.5523221   B1-D2-P62
24139   58654   0.6628695   B1-D2-P66
20726   58930   0.5919088   B1-D3-450
20981   58856   0.5558799   B1-D3-451
21691   58690   0.6693885   B1-D3-454
22186   58572   0.6654235   B1-D3-456
22440   58488   0.6949596   B1-D3-457
23125   58308   0.5718459   B1-D3-460
23882   58111   0.529767   B1-D3-463
20609   58953   0.5452048   B1-D3-55
20846   58896   0.5832121   B1-D3-56
21351   58788   0.6449526   B1-D3-58
20655   58972   0.5685955   B1-D3-M55
20859   58926   0.6012756   B1-D3-P56
21353   58813   0.6561541   B1-D3-P58
23253   58313   0.6460341   B1-D3-P66
20619   58641   0.5492566   G100-37
20900   58570   0.6087583   G100-38
21205   58491   0.6997067   G100-39
21496   58410   0.7036783   G100-40
22365   58181   0.6113351   G100-43
22871   59003   0.55   G94-44
23151   58933   0.5300029   G94-45
21602   59003   0.6254163   G96-40
23082   58675   0.6490025   G96-45
20661   58942   0.5662551   G98-37
21281   58772   0.6864337   G98-39
22182   58608   0.6569321   G98-42
22255   58524   0.7073833   S117
19758.8671875   56737.22265625   0.5495907   
251815.28125   56737.22265625   0.6507803   
24553   58751   0.6392941   B1-1-465
24550   58666   0.6125315   B1-320-P65
22819   58547   0.7006031   B1-330-58
22907   58052   0.6618676   B1-3-56
23003   58331   0.5693448   B1-D3-65
23042   58364   0.565439   B1-D3-P65
21679   59030   0.586936   B1-2-P36
21408   59370   0.5592182   G94-39
23938   58251   0.5488901   B1-30-563
24032   58225   0.5657779   B1-330-63
23975   58002   0.5671591   B1-331-63
24223   57691   0.5999188   B1-3-D60
23980   57820   0.5397984   B1-3-P269
24003   58076   0.5738412   B1-D3-69
24015   58124   0.5639938   B1-D3-P69
25630   58463   0.5724459   B1-1-069
25828   58434   0.6503335   B1-1-070
25725   58456   0.55   B1-1-470
25652   58485   0.5825907   B1-1-69
25801   58450   0.6258924   B1-1-70
23819   58841   0.6926512   B1-20-562
22382   58805   0.66931   B1-2-137
23823   58448   0.6002666   B1-2-140
23489   58658   0.6411048   B1-21-561
23972   58528   0.6552293   B1-21-563
22048   58888   0.6270264   B1-2-455
23469   58550   0.6669378   B1-2-461
23939   58406   0.5854456   B1-2-463
22395   58848   0.6350748   B1-2-P137
23362   58575   0.6425471   B1-2-P139
23845   58463   0.6291783   B1-2-P140
23647   58304   0.6355559   B1-30-562
25591   58374   0.5388601   B1-320-69
25743   58352   0.5678684   B1-320-P70
23507   58685   0.6445397   B1-321-P61
24002   58555   0.6634381   B1-321-P63
23794   58295   0.55   B1-330-62
23699   58350   0.55   B1-330-P62
23932   58294   0.5518638   B1-330-P63
22975   58244   0.5891092   B1-331-59
23360   58150   0.6457579   B1-331-SP61
22786   58052   0.55   B1-3-D55
21352   59350   0.55   B1-D2-452
23536   58776   0.649314   B1-D2-461
25458   58274   0.587152   B1-D2-469
24625   58495   0.55   B1-D2-68
24654   58496   0.5689901   B1-D2-P68
25096   57785   0.6526877   B1-D3-468
23766   58184   0.5560032   B1-D3-P68
22337   59162   0.5868239   G94-42
22243   58846   0.6837914   G96-42
21445   58423   0.3114   B1-3-51
22607   58121   0.3114   B1-3-55
24380   57642   0.3114   B1-3-61
24940   57525   0.3114   B1-3-63
25252   57445   0.3114   B1-3-64
25525   57379   0.3114   B1-3-65
25966   57263   0.3114   B1-3-D66
22160   58217   0.3114   B1-3-F53
22612   58092   0.3114   B1-3-F55
20822   59847   0.3114   B1-311-49
22758   59330   0.3114   B1-311-57
24184   58970   0.3114   B1-311-63
24692   58830   0.3114   B1-311-65
25159   58707   0.3114   B1-311-67
22102   58717   0.3114   B1-330-55
25494   57861   0.3114   B1-330-69
25946   57730   0.3114   B1-330-71
20883   59420   0.3114   B1-D2-450
21098   59375   0.3114   B1-D2-451
21860   59256   0.3114   B1-D2-454
22077   59164   0.3114   B1-D2-455
22566   59032   0.3114   B1-D2-457
23781   58715   0.3114   B1-D2-462
24010   58639   0.3114   B1-D2-463
24255   58587   0.3114   B1-D2-464
24987   58409   0.3114   B1-D2-467
25221   58343   0.3114   B1-D2-468
25931   58159   0.3114   B1-D2-471
21720   59270   0.3114   B1-D2-56
25991   58108   0.3114   B1-D2-F74
20878.66015625   60014.87890625   0.3114   B1-311-SP68
19758.8671875   593711.9375   0.3114   
251815.28125   593711.9375   0.3114   
22958   58490   0.7095   B1-30-M559
23268   59116   0.7095   B1-1-059
23478   59043   0.7095   B1-1-060
23802   58953   0.7095   B1-1-462
25478   58528   0.7095   B1-1-469
21510   59546   0.7095   B1-1-52
23415   59061   0.7095   B1-1-60
23494   59074   0.7095   B1-1-P60
23079   58592   0.7095   B1-2-039
23568   58896   0.7095   B1-20-561
21557   59141   0.7095   B1-21-553
23255   58712   0.7095   B1-21-560
23097   58644   0.7095   B1-2-39
21527   59036   0.7095   B1-2-453
23128   58636   0.7095   B1-2-P39
20763   59068   0.7095   B1-30-550
22202   58697   0.7095   B1-30-556
23474   59139   0.7095   B1-311-60
26105   58455   0.7095   B1-311-71
20945   58710   0.7095   B1-31-551
21406   58580   0.7095   B1-31-553
21659   58530   0.7095   B1-31-554
22122   58410   0.7095   B1-31-556
23425   58933   0.7095   B1-320-60
23803   58872   0.7095   B1-320-P62
23346   58974   0.7095   B1-320-SP60
23276   58737   0.7095   B1-321-P60
25253   57926   0.7095   B1-330-68
20792   59097   0.7095   B1-330-P50
21519   58910   0.7095   B1-330-P53
22231   58740   0.7095   B1-330-P56
22722   58607   0.7095   B1-330-P58
21551   58614   0.7095   B1-331-53
22501   58362   0.7095   B1-331-57
22399   58384   0.7095   B1-331-P57
22453   58153   0.7095   B1-3-D54
23589   57879   0.7095   B1-3-D58
21132   58546   0.7095   B1-3-P255
21295   58528   0.7095   B1-3-P256
22971   58076   0.7095   B1-3-P264
23304   58800   0.7095   B1-D2-460
23413   58810   0.7095   B1-D2-63
23421   58843   0.7095   B1-D2-P63
21237   58774   0.7095   B1-D3-452
21575   58713   0.7095   B1-D3-59
22524   58458   0.7095   B1-D3-63
21611   58709   0.7095   B1-D3-P59
22313   58564   0.7095   B1-D3-P62
22059   58284   0.7095   G100-42
21526   58751   0.7095   G98-40
23332   59070   0.7095   B1-1-460
21292   58455   0.7095   B1-3-D50
21513   58457   0.7095   B1-3-P257
22368   58491   0.7095   G98-43
22870   58038   0.7095   B1-3-F56
22274   58844   0.7095   B1-2-456
23299   58266   0.7095   B1-D3-66
21032   59688   0.437202   B1-1-050
21326   59567   0.4505337   B1-1-051
22044   59424   0.5251315   B1-1-054
22542   59331   0.4757546   B1-1-056
24711   58688   0.4224391   B1-1-065
25350   58567   0.4984726   B1-1-068
20914   59711   0.3836847   B1-1-450
22136   59384   0.5416707   B1-1-455
24804   58686   0.4009512   B1-1-466
25234   58549   0.3632455   B1-1-468
20987   59705   0.420831   B1-1-50
21284   59603   0.4824372   B1-1-51
24929   58668   0.4002839   B1-1-66
25318   58589   0.4488769   B1-1-68
21073   59678   0.4478196   B1-1-P50
22061   59449   0.5556269   B1-1-P54
22524   59357   0.4786779   B1-1-P56
24941   58709   0.4051668   B1-1-P66
25403   58573   0.5887732   B1-1-P68
23586   58433   0.4409113   B1-2-040
24042   58440   0.5249385   B1-2-041
24544   58249   0.4888038   B1-2-042
20905   59565   0.3791711   B1-20-550
21166   59494   0.4030025   B1-20-551
21372   59459   0.50085   B1-20-552
21401   59067   0.542501   B1-2-135
21895   58938   0.6196194   B1-2-136
24305   58315   0.4376809   B1-2-141
21085   59275   0.400683   B1-21-551
22294   58964   0.4440577   B1-21-556
23723   58607   0.3409755   B1-21-562
24217   58463   0.3912084   B1-21-564
21094   59296   0.3744044   B1-21-M551
21156   59126   0.4612522   B1-2-35
23581   58505   0.4606303   B1-2-40
24069   58379   0.5009192   B1-2-41
20997   59168   0.4712261   B1-2-451
21277   59099   0.477015   B1-2-452
23691   58482   0.4004378   B1-2-462
24409   58260   0.4904801   B1-2-465
25143   58105   0.4972958   B1-2-468
21420   59091   0.5735187   B1-2-P135
24332   58354   0.4332757   B1-2-P141
21226   59142   0.4632096   B1-2-P35
22155   58918   0.5164402   B1-2-P37
23602   58530   0.4415703   B1-2-P40
24078   58414   0.4650021   B1-2-P41
24577   58284   0.507131   B1-2-P42
21002   59016   0.5572896   B1-30-551
21282   58945   0.5695568   B1-30-552
21732   58828   0.6679709   B1-30-554
21954   58762   0.5061849   B1-30-555
23419   58377   0.588216   B1-30-561
24155   58197   0.4953572   B1-30-564
21065   59770   0.4316424   B1-311-50
25391   58643   0.5376774   B1-311-68
22613   58277   0.4944745   B1-31-558
22814   58229   0.4493816   B1-31-559
23572   58041   0.5274617   B1-31-562
24086   57905   0.5307209   B1-31-564
24320   57852   0.4041066   B1-31-565
24567   57779   0.3339598   B1-31-566
20761   59641   0.3937241   B1-320-49
21255   59509   0.4194531   B1-320-51
24678   58622   0.4882892   B1-320-65
24905   58573   0.3711367   B1-320-66
25340   58428   0.4541184   B1-320-68
20922   59589   0.3930783   B1-320-P50
21399   59484   0.517528   B1-320-P52
22142   59295   0.4408121   B1-320-P55
24794   58605   0.4065368   B1-320-P66
25017   58546   0.3919157   B1-320-P67
25274   58494   0.3855615   B1-320-P68
21138   59558   0.4416164   B1-320-SP51
22410   58914   0.4917815   B1-321-56
21118   59293   0.3842188   B1-321-P51
22070   59061   0.3919812   B1-321-P55
22314   58995   0.4143089   B1-321-P56
23763   58615   0.3449309   B1-321-P62
24249   58512   0.331817   B1-321-P64
24742   58366   0.4490276   B1-321-P66
25226   58268   0.38561   B1-321-P68
21102   58987   0.5399844   B1-330-51
21373   58929   0.608602   B1-330-52
21864   58802   0.5877573   B1-330-54
23576   58353   0.4812126   B1-330-61
24260   58150   0.4638194   B1-330-64
24514   58081   0.4433834   B1-330-65
21264   58967   0.5577623   B1-330-P52
21762   58846   0.6614971   B1-330-P54
21986   58803   0.5140684   B1-330-P55
23435   58412   0.5763582   B1-330-P61
24175   58241   0.4727377   B1-330-P64
24416   58174   0.4645108   B1-330-P65
24660   58102   0.4201363   B1-330-P66
24886   58056   0.4024772   B1-330-P67
25865   57789   0.3615779   B1-330-P71
21030   59058   0.5283177   B1-330-SP51
22725   58255   0.3856833   B1-331-58
24223   57870   0.4850318   B1-331-64
24461   57844   0.3542708   B1-331-65
25673   57521   0.4022482   B1-331-70
25912   57534   0.4035603   B1-331-71
22642   58329   0.5354215   B1-331-P58
22864   58283   0.4476146   B1-331-P59
23610   58090   0.509989   B1-331-P62
24089   57966   0.525332   B1-331-P64
24350   57903   0.3983142   B1-331-P65
24583   57834   0.3496916   B1-331-P66
25306   57635   0.3963611   B1-331-P69
24716   57728   0.3287831   B1-331-S66
24721   57569   0.3114   B1-3-62
25825   57292   0.3114   B1-3-66
24567   57625   0.3114   B1-3-D61
25105   57471   0.3114   B1-3-D63
25382   57406   0.3303851   B1-3-D64
25675   57334   0.3114   B1-3-D65
22580   58163   0.4178217   B1-3-P262
22757   58137   0.4428262   B1-3-P263
25918   57330   0.3114   B1-3-P278
24409   57699   0.3291847   B1-3-SP271
24647   57651   0.3114   B1-3-SP272
24855   57551   0.3114   B1-3-SP273
22325   59089   0.4846722   B1-D2-456
24734   58444   0.4734392   B1-D2-466
21219   59367   0.3927018   B1-D2-54
22201   59120   0.4154501   B1-D2-58
22443   59061   0.3793456   B1-D2-59
22687   58998   0.4226514   B1-D2-60
23660   58742   0.4966302   B1-D2-64
24868   58435   0.3312603   B1-D2-69
20791   59508   0.3873004   B1-D2-M52
20763   59545   0.405863   B1-D2-P52
21234   59400   0.3932025   B1-D2-P54
22225   59140   0.4387408   B1-D2-P58
22468   59081   0.3810214   B1-D2-P59
22715   59036   0.4352781   B1-D2-P60
23666   58771   0.52381   B1-D2-P64
24882   58459   0.324395   B1-D2-P69
25363   58324   0.4345083   B1-D2-P71
22654   58427   0.5857421   B1-D3-458
23442   58263   0.5383254   B1-D3-461
23636   58170   0.5204403   B1-D3-462
24114   58025   0.5212916   B1-D3-464
24354   57957   0.4104578   B1-D3-465
24620   57881   0.3846739   B1-D3-466
25793   57622   0.405824   B1-D3-471
22040   58589   0.5177742   B1-D3-61
22783   58390   0.4808246   B1-D3-64
23551   58231   0.4427449   B1-D3-67
24481   57958   0.3953716   B1-D3-71
25450   57714   0.3975963   B1-D3-75
22067   58623   0.4795263   B1-D3-P61
22798   58429   0.533067   B1-D3-P64
23537   58256   0.4356594   B1-D3-P67
24499   57995   0.4056718   B1-D3-P71
24964   57869   0.4215421   B1-D3-P73
25449   57742   0.3867652   B1-D3-P75
25701   57685   0.4048629   B1-D3-P76
20830   59522   0.3668137   G94-37
21119   59440   0.3464157   G94-38
21051   59166   0.4643983   G96-38
21913   58908   0.6134677   G96-41
22477   58781   0.4667254   G96-43
22908   58394   0.4770767   G98-45
25929   58056   0.3415997   B1-321-P71
25721   57798   0.3814892   B1-330-70
25614   57851   0.3343726   B1-330-P70
21013   59462   0.4043058   B1-D2-P53
20748   59773   0.3177699   B1-1-049
22136   58874   0.5500948   B1-2-37
21704   59300   0.4251167   G94-40
22530   58898   0.3902426   B1-21-557
22582   59079   0.3116816   G94-43
26044   58285   0.4657463   B1-1-71
26048   58250   0.4296676   B1-320-71
25956   58279   0.4339173   B1-320-CSP71
26019   58136   0.3138502   B1-D2-74
24239   58018   0.4593686   B1-D3-70
24991   57821   0.4493877   B1-D3-73
24253   58062   0.4600164   B1-D3-P70
26080   58360   0.5765786   B1-1-071
25943   58384   0.4881582   B1-1-471
25869   58431   0.6089792   B1-1-P70
25541   57998   0.3996484   B1-2-044
25756   57943   0.4093756   B1-2-144
25508   58006   0.4129059   B1-2-44
25643   57974   0.3921251   B1-2-470
25778   57975   0.4158364   B1-2-P144
25537   58028   0.4262438   B1-2-P44
25877   58526   0.6496018   B1-311-70
25827   58313   0.5300592   B1-320-70
22616   59195   0.4065912   B1-320-P57
25548   58092   0.4795861   B1-321-69
25467   58194   0.5700834   B1-321-P69
25690   58122   0.456365   B1-321-P70
25015   57976   0.452246   B1-330-67
25058   57712   0.4834387   B1-331-P68
25732   58206   0.4789446   B1-D2-470
25605   58240   0.516291   B1-D2-72
25835   58184   0.4192037   B1-D2-73
25605   58278   0.5244659   B1-D2-P72
25837   58220   0.4476646   B1-D2-P73
25210   57775   0.5645791   B1-D3-74
25083   58122   0.4439418   B1-2-043
22596   59154   0.3896707   B1-20-557
20904   59189   0.4123658   B1-2-134
25055   58132   0.4242181   B1-2-43
20797   59216   0.5266224   B1-2-450
20947   59222   0.4164097   B1-2-P134
25080   58156   0.4232566   B1-2-P43
20928   59307   0.3865101   B1-321-50
25077   58203   0.4017636   B1-321-67
25356   57920   0.513382   B1-330-P69
20769   59235   0.5300255   G96-37
21304   59213   0.4752336   B1-21-552
25407   58018   0.4992783   B1-2-469
21347   59246   0.5230364   B1-321-P52
22557   58940   0.3499134   B1-321-P57
24975   57732   0.3921477   B1-331-67
20830   59350   0.3950045   B1-21-550
21189   59236   0.4355731   B1-321-51
20843   59373   0.3605655   B1-321-P50
25132   57978   0.5831109   B1-330-P68
24843   57758   0.3365679   B1-331-P67
21969   59176   0.3315049   B1-D2-57
23918   58711   0.4260715   B1-D2-P65
24866   57851   0.3739752   B1-D3-467
24746   57871   0.3787951   B1-D3-72
24747   57921   0.3884153   B1-D3-P72
21348   59078   0.487482   G96-39
22096   58828   0.5296664   B1-2-037
24868   58162   0.3980771   B1-2-142
24704   58322   0.4604543   B1-2-42
24676   58212   0.4117388   B1-2-466
21904   58982   0.5647518   B1-2-P136
24804   58221   0.3928759   B1-2-P142
21933   59058   0.4099123   B1-321-54
24826   58272   0.3905253   B1-321-66
24974   58321   0.3324252   B1-321-P67
24778   58019   0.4013567   B1-330-66
24071   57739   0.55   B1-3-60
24193   57760   0.55   B1-3-P270
25091   57562   0.3506207   B1-3-P274
22106   59280   0.3818397   B1-20-555
21795   59089   0.4401706   B1-21-554
22065   59016   0.4397534   B1-21-555
21771   58975   0.4634039   B1-2-454
21831   58677   0.55   B1-D3-P60
22655   58111   0.3184527   G100-44
25129   58581   0.3954147   B1-1-067
25149   58614   0.3736313   B1-1-X67
25115   58491   0.3631949   B1-320-67
25111   58376   0.3217292   B1-D2-70
25123   58399   0.3267621   B1-D2-P70
25996   57879   0.3433003   B1-2-45
26013   57904   0.3259143   B1-2-P45
25202   57654   0.4332048   B1-331-68
25553   57586   0.4504879   B1-331-P70
25785   57524   0.3980233   B1-331-P71
25710   57369   0.3137248   B1-3-P277
21432   59166   0.5402198   B1-321-52
25786   58034   0.3964563   B1-321-70
21741   59292   0.3679143   B1-D2-P56
22012   59324   0.3986554   B1-320-54
21887   59474   0.4424259   B1-1-454
21995   59430   0.5041462   B1-1-54
21888   59322   0.3403593   B1-20-554
21904   59373   0.4075046   B1-320-P54
21703   59120   0.4964849   B1-321-53
21816   59132   0.4113943   B1-321-P54
23306   58473   0.55   B1-330-60
21478   59302   0.55   B1-D2-55
21484   59335   0.5670133   B1-D2-P55
21968   59206   0.3420883   B1-D2-P57
23761   58147   0.55   B1-D3-68
21982   59225   0.3354208   G94-41
22986   58509   0.6847596   B1-30-559
22964   58537   0.6774263   B1-330-P59
25690   57654   0.4089242   B1-D3-76
23065   58471   0.55   B1-330-59
25217   57807   0.55   B1-D3-P74
22620   58434   0.55   G98-44
22592   58434   0.5908797   G98-F44
26015   57971   0.3114   B1-321-71
