24401.25   58836.25   0.3078003   
24414.5   58858.5   0.3924539   
24427.75   58880.75   0.4137041   
24441   58903   0.4079325   B1-311-64
24248.25   58953.25   0.3078003   
24312.5   58936.5   0.3784928   
24376.75   58919.75   0.3970147   
24629.25   58848.25   0.3078003   
24566.5   58866.5   0.3784654   
24503.75   58884.75   0.3969826   
24365.5   58822.5   0.3078003   
24343   58831   0.3820407   
24320.5   58839.5   0.4013887   
24212.5   58939.5   0.3078003   
24241   58909   0.3755189   
24269.5   58878.5   0.3935308   
24330.75   58799   0.3078003   
24273.5   58784   0.3759243   
24216.25   58769   0.3940058   
24177.75   58916   0.3078003   
24171.5   58862   0.3726081   
24165.25   58808   0.3903296   
24047.25   58667.75   0.3078003   
24084.5   58696.5   0.3726077   
24121.75   58725.25   0.3903291   
24231   58628.75   0.3078003   
24207   58670.5   0.3726078   
24183   58712.25   0.3903292   
24429.25   58798.25   0.3078003   
24470.5   58782.5   0.3753261   
24511.75   58766.75   0.393305   
24657.25   58810.25   0.3078003   
24622.5   58790.5   0.3727648   
24587.75   58770.75   0.3904991   
24511.75   58582.25   0.3078003   
24525.5   58638.5   0.3727647   
24539.25   58694.75   0.390499   
21550   58872.75   0.3078003   
21491   58891.5   0.37084   
21432   58910.25   0.388416   
21373   58929   0.3929781   B1-330-52
21588.5   58899.5   0.3078003   
21568   58945   0.3709452   
21547.5   58990.5   0.3885299   
21527   59036   0.3931016   B1-2-453
22389   58832.25   0.3747265   
22396   58859.5   0.425399   
22403   58886.75   0.4527483   
22410   58914   0.4458887   B1-321-56
22346.25   59045.25   0.3372032   
22367.5   59001.5   0.4042995   
22388.75   58957.75   0.4266748   
22617.75   58977   0.34146   
22548.5   58956   0.4137453   
22479.25   58935   0.4379545   
22355   58814.75   0.3078003   
22328   58824.5   0.3901547   
22301   58834.25   0.4110212   
22145   58748.75   0.3078003   
22188   58780.5   0.3749403   
22231   58812.25   0.3928536   
22312.25   59027.75   0.3078003   
22299.5   58966.5   0.3749405   
22286.75   58905.25   0.3928537   
22372   58773.25   0.3078003   
22362   58741.5   0.3938509   
22352   58709.75   0.4153119   
22342   58678   0.4042152   B1-330-56
22162   58707.25   0.3078003   
22222   58697.5   0.3756355   
22282   58687.75   0.3936675   
22516.75   58615.75   0.3078003   
22458.5   58636.5   0.3756373   
22400.25   58657.25   0.3936695   
22273.75   58445.5   0.3078003   
22296.5   58523   0.3756338   
22319.25   58600.5   0.3936656   
22413   58798.25   0.328097   
22444   58791.5   0.4029806   
22475   58784.75   0.4252471   
22557.75   58640.75   0.3078003   
22540.5   58686.5   0.3795484   
22523.25   58732.25   0.3982968   
23022.25   58908.75   0.3078003   
22992.5   58917.5   0.3078004   
22962.75   58926.25   0.3753953   
22933   58935   0.3796033   B1-D2-61
22837.25   58698.75   0.3847621   
22805.5   58705.5   0.4400669   
22773.75   58712.25   0.470041   
22742   58719   0.4680017   B1-2-458
22616.75   58626   0.3734404   
22658.5   58657   0.4236256   
22700.25   58688   0.4505928   
22856.5   58655.75   0.383023   
22844   58619.5   0.437357   
22831.5   58583.25   0.4669214   
22636   58583   0.3078003   
22697   58571   0.3862682   
22758   58559   0.4064206   
23003.5   58490   0.3078003   
22942   58509   0.3862669   
22880.5   58528   0.4064192   
22921.5   58667   0.3331206   
22974   58642   0.4037082   
23026.5   58617   0.4260348   
23079   58592   0.4144065   B1-2-039
23068.5   58501.25   0.3078003   
23072   58531.5   0.3799719   
23075.5   58561.75   0.3988222   
23247.75   58748   0.3078003   
23191.5   58696   0.3823882   
23135.25   58644   0.4018199   
23342.25   58597.25   0.3418133   
23353.5   58619.5   0.4145999   
23364.75   58641.75   0.4390197   
23322   58766   0.3078003   
23340   58732   0.3959082   
23358   58698   0.4176515   
23496   58748   0.3460252   
23456   58720   0.4163537   
23416   58692   0.4412375   
23302.25   58582.5   0.3078003   
23273.5   58590   0.3780946   
23244.75   58597.5   0.3965482   
23216   58605   0.3988385   B1-2-460
23102.75   58504.5   0.3078003   
23140.5   58538   0.374586   
23178.25   58571.5   0.3924702   
23282   58751.25   0.3078003   
23260   58702.5   0.3745589   
23238   58653.75   0.3924407   
23324.75   58549.5   0.3078003   
23318.5   58524   0.3877971   
23312.25   58498.5   0.4082245   
23306   58473   0.4059902   B1-330-60
23125.25   58471.5   0.3078003   
23185.5   58472   0.3794411   
23245.75   58472.5   0.3981636   
23508.5   58383   0.3078003   
23441   58413   0.3794411   
23373.5   58443   0.3981636   
23246   58230   0.3078003   
23266   58311   0.3794273   
23286   58392   0.3981465   
23365.5   58568.75   0.3830362   
23400   58562.5   0.4373776   
23434.5   58556.25   0.466945   
23549.25   58402.25   0.3775572   
23522.5   58451.5   0.4293243   
23495.75   58500.75   0.4574923   
23519.25   58719.5   0.3843763   
23502.5   58663   0.4394504   
23485.75   58606.5   0.4693311   
23604.75   58385.25   0.3078003   
23633.5   58417.5   0.373595   
23662.25   58449.75   0.3913976   
23691   58482   0.396214   B1-2-462
23630.5   58338.5   0.3078003   
23685   58324   0.3769862   
23739.5   58309.5   0.3952498   
23794   58295   0.4003677   B1-330-62
23972.5   58242.5   0.3078003   
23913   58260   0.3769564   
23853.5   58277.5   0.3952148   
23666.75   58366.25   0.3078003   
23757.5   58379.5   0.3876672   
23848.25   58392.75   0.4080704   
23939   58406   0.4124798   B1-2-463
24008.75   58270.25   0.3078003   
23985.5   58315.5   0.3865005   
23962.25   58360.75   0.4066936   
23992.25   58580.75   0.3078003   
23974.5   58522.5   0.3865461   
23956.75   58464.25   0.4067472   
20806.75   59795.5   0.3078003   
20791.5   59744   0.3718315   
20776.25   59692.5   0.3894891   
20761   59641   0.3941427   B1-320-49
20882.75   59827.75   0.3078003   
20943.5   59808.5   0.3707565   
21004.25   59789.25   0.3883257   
21065   59770   0.3928802   B1-311-50
21212.75   59731.75   0.3078003   
21163.5   59744.5   0.3707566   
21114.25   59757.25   0.3883258   
21235.5   59697.75   0.3078003   
21209   59676.5   0.3742021   
21182.5   59655.25   0.3920546   
21156   59634   0.3971753   B1-1-451
21112.5   59439.75   0.3078003   
21127   59504.5   0.3746248   
21141.5   59569.25   0.3925121   
21329.75   59702.5   0.3078003   
21397.5   59686   0.3708448   
21465.25   59669.5   0.3884213   
21533   59653   0.3929841   B1-311-52
21714.5   59605   0.3078003   
21654   59621   0.3708452   
21593.5   59637   0.3884217   
21803   59560.25   0.3078003   
21831   59531.5   0.3708119   
21859   59502.75   0.3883857   
21887   59474   0.3929452   B1-1-454
21837   59574.5   0.3078003   
21899   59560   0.3739575   
21961   59545.5   0.3917899   
22023   59531   0.3966482   B1-311-54
22214.25   59464.25   0.3078003   
22150.5   59486.5   0.3739718   
22086.75   59508.75   0.3918054   
22207.25   59439   0.3078003   
22136.5   59436   0.3754356   
22065.75   59433   0.3934333   
21995   59430   0.3985288   B1-1-54
22056.5   59230.5   0.3078003   
22036   59297   0.3756052   
22015.5   59363.5   0.393632   
22271.75   59396.25   0.3078003   
22265.5   59350.5   0.3791515   
22259.25   59304.75   0.3978044   
22253   59259   0.4042221   B1-320-55
22121   59187.75   0.3078003   
22165   59211.5   0.3818925   
22209   59235.25   0.4012049   
22307   59131.5   0.3078003   
22289   59174   0.3791392   
22271   59216.5   0.397789   
22315.75   59400.25   0.3078003   
22353.5   59358.5   0.3717831   
22391.25   59316.75   0.3894367   
22351   59135.5   0.3078003   
22377   59182   0.3717827   
22403   59228.5   0.3894363   
22332.5   59414.75   0.3078003   
22387   59387.5   0.3716912   
22441.5   59360.25   0.3893373   
22496   59333   0.3939779   B1-1-56
22704.75   59343.25   0.3078003   
22651.5   59356.5   0.3713297   
22598.25   59369.75   0.3889461   
22545   59383   0.3935534   B1-311-56
22370   59108.75   0.3731256   
22415   59128.5   0.4232029   
22460   59148.25   0.450057   
22641.5   59040.5   0.4397673   
22596   59083   0.5286814   
22550.5   59125.5   0.5467675   
22753.75   59278.25   0.3078003   
22749.5   59226.5   0.3724511   
22745.25   59174.75   0.3901595   
22741   59123   0.3949063   B1-320-57
22700.5   59029.25   0.3078003   
22714   59060.5   0.3725122   
22727.5   59091.75   0.3902257   
22788.5   59305.5   0.3078003   
22819   59281   0.3710146   
22849.5   59256.5   0.3886051   
22880   59232   0.3931832   B1-1-458
22816.5   59314.25   0.3078003   
22875   59298.5   0.3710427   
22933.5   59282.75   0.3886355   
22992   59267   0.3932051   B1-311-58
23180.25   59237.75   0.3078003   
23117.5   59247.5   0.3710236   
23054.75   59257.25   0.3886148   
23203.75   59203   0.3422493   
23164.5   59178   0.4156544   
23125.25   59153   0.440334   
23060.5   58957   0.3419523   
23069   59014   0.414936   
23077.5   59071   0.4394386   
23164   58934.5   0.4173205   
23138   58999   0.4907677   
23112   59063.5   0.5341812   
23300.75   59205.75   0.310145   
23358.5   59183.5   0.4003806   
23416.25   59161.25   0.4224325   
23645   59097.75   0.3112121   
23588   59111.5   0.400535   
23531   59125.25   0.4225999   
23261   58937.25   0.4397673   
23332   59004.5   0.5286814   
23403   59071.75   0.5467425   
23668.25   59065.75   0.3078003   
23634.5   59047.5   0.3926653   
23600.75   59029.25   0.4139474   
23543.75   58834.75   0.3078003   
23551.5   58893.5   0.3938717   
23559.25   58952.25   0.4153358   
23284.25   58905.25   0.4397673   
23378.5   58940.5   0.5286814   
23472.75   58975.75   0.5928453   
23694.5   59035.5   0.3078003   
23687   58987   0.370873   
23679.5   58938.5   0.3884517   
23672   58890   0.3930174   B1-320-61
23570   58804.5   0.3078003   
23604   58833   0.3708764   
23638   58861.5   0.3884555   
23753.75   58758.75   0.3078003   
23726.5   58802.5   0.3708709   
23699.25   58846.25   0.3884495   
24122.5   58961   0.3078003   
24061   58952   0.3708071   
23999.5   58943   0.3883805   
23938   58934   0.3929392   B1-1-62
23820.25   58769.75   0.3078003   
23859.5   58824.5   0.3708065   
23898.75   58879.25   0.3883799   
24149   58954.5   0.3078003   
24114   58939   0.3719381   
24079   58923.5   0.3896044   
24044   58908   0.3942679   B1-1-463
24688.5   58778   0.3078003   
24685   58726   0.3707105   
24681.5   58674   0.3882759   
24678   58622   0.3928258   B1-320-65
24543   58550   0.3078003   
24588   58574   0.3707101   
24633   58598   0.3882755   
24720   58488.5   0.3078003   
24706   58533   0.3707101   
24692   58577.5   0.3882756   
24720   58794   0.3078003   
24748   58758   0.3711213   
24776   58722   0.3887205   
24804   58686   0.3933123   B1-1-466
24751.5   58504.5   0.3078003   
24769   58565   0.3711277   
24786.5   58625.5   0.3887274   
24753.5   58814.5   0.3078003   
24815   58799   0.3874881   
24876.5   58783.5   0.407858   
24938   58768   0.4150506   B1-311-66
25103.75   58722.25   0.3078003   
25048.5   58737.5   0.3875019   
24993.25   58752.75   0.4078742   
24785   58525   0.3078003   
24836   58606   0.3920357   
24887   58687   0.4132228   
25148   58653   0.3078003   
25137   58599   0.3711466   
25126   58545   0.3887479   
25115   58491   0.3933336   B1-320-67
25019   58429.5   0.3078003   
25051   58450   0.3711438   
25083   58470.5   0.3887448   
25194.5   58380   0.3078003   
25168   58417   0.3711373   
25141.5   58454   0.3887379   
25217   58691   0.3078003   
25275   58675   0.3737038   
25333   58659   0.3915154   
25391   58643   0.3963473   B1-311-68
25578.5   58601.75   0.3078003   
25516   58615.5   0.3737131   
25453.5   58629.25   0.3915254   
25206.75   58672   0.3078003   
25254.5   58637   0.3716404   
25302.25   58602   0.3892823   
25350   58567   0.3939158   B1-1-068
25568.25   58582.75   0.3078003   
25495.5   58577.5   0.371649   
25422.75   58572.25   0.3892916   
25253.25   58399   0.3078003   
25285.5   58455   0.371627   
25317.75   58511   0.3892678   
25431   58347.25   0.3078003   
25404   58420.5   0.3716369   
25377   58493.75   0.3892785   
25600.25   58573   0.3078003   
25559.5   58558   0.3945816   
25518.75   58543   0.4161528   
25478   58528   0.4272619   B1-1-469
25463   58337.5   0.3375617   
25468   58401   0.4043908   
25473   58464.5   0.4267766   
25628.5   58534.5   0.3078003   
25616   58481   0.3832983   
25603.5   58427.5   0.40293   
25491.25   58299   0.3078003   
25524.5   58324   0.3832982   
25557.75   58349   0.4029298   
25696.75   58248   0.3078003   
25661.5   58290   0.3832982   
25626.25   58332   0.4029297   
25601.5   58273.5   0.4101536   
25598   58307   0.4787732   
25594.5   58340.5   0.5182078   
25662   58555   0.3078003   
25683   58522   0.3706765   
25704   58489   0.3882394   
25725   58456   0.3927874   B1-1-470
25730.25   58268.5   0.3078003   
25728.5   58331   0.3706767   
25726.75   58393.5   0.3882396   
25700   58572.5   0.3078003   
25759   58557   0.3883519   
25818   58541.5   0.4088826   
25877   58526   0.414641   B1-311-70
26048   58472.75   0.3078003   
25991   58490.5   0.3889611   
25934   58508.25   0.4096052   
26064.5   58437.25   0.3078003   
26024   58419.5   0.3712012   
25983.5   58401.75   0.388807   
25943   58384   0.3933725   B1-1-471
25784.75   58250.5   0.3078003   
25837.5   58295   0.3711503   
25890.25   58339.5   0.3887519   
25960.25   58181.75   0.3078003   
25989.5   58204.5   0.3707709   
26018.75   58227.25   0.3883413   
26048   58250   0.392897   B1-320-71
20693.25   59134.25   0.3078003   
20763.5   59152.5   0.3713657   
20833.75   59170.75   0.388985   
20904   59189   0.3936235   B1-2-134
21049.5   59328.5   0.3078003   
21001   59282   0.3714132   
20952.5   59235.5   0.3890364   
21045.75   59001.5   0.3078003   
20989.5   59016   0.3721918   
20933.25   59030.5   0.3898791   
20877   59045   0.3945685   B1-330-50
20686.5   59098.25   0.3078003   
20750   59080.5   0.3721961   
20813.5   59062.75   0.3898837   
21096.75   58926   0.3415583   
21091.5   58865   0.4139833   
21086.25   58804   0.4382512   
21081   58743   0.4465627   B1-331-51
20869.5   58748.25   0.3423092   
20940   58746.5   0.4157991   
21010.5   58744.75   0.4405143   
21258.75   58651.5   0.3419626   
21199.5   58682   0.414961   
21140.25   58712.5   0.4394698   
21135.75   58933.75   0.3078003   
21169.5   58880.5   0.3972638   
21203.25   58827.25   0.4190992   
21237   58774   0.4209456   B1-D3-452
21297.75   58659.25   0.3078003   
21277.5   58697.5   0.3907089   
21257.25   58735.75   0.4116787   
21629.5   58813   0.3078003   
21650   58772   0.378556   
21670.5   58731   0.3970888   
21691   58690   0.4023164   B1-D3-454
21751.75   58553.5   0.3078003   
21731.5   58599   0.3784617   
21711.25   58644.5   0.3969782   
21672.75   58841   0.3792917   
21736.5   58828   0.4317505   
21800.25   58815   0.4604065   
22042.5   58738.25   0.416447   
21983   58759.5   0.4892165   
21923.5   58780.75   0.5321614   
21795   58581.5   0.3793951   
21818   58655   0.431904   
21841   58728.5   0.4605855   
22110.5   58756.25   0.3078003   
22119   58795.5   0.3078004   
22127.5   58834.75   0.3754057   
22136   58874   0.3796137   B1-2-37
22088.5   58759.75   0.3078003   
22075   58802.5   0.3708853   
22061.5   58845.25   0.3884651   
22048   58888   0.39303   B1-2-455
22069.75   59095   0.3078003   
22062.5   59026   0.370883   
22055.25   58957   0.3884627   
22123   58680.75   0.3078003   
22144   58644.5   0.3708985   
22165   58608.25   0.3884794   
22186   58572   0.3930473   B1-D3-456
22234.75   58419   0.3078003   
22218.5   58470   0.3708992   
22202.25   58521   0.3884801   
22541.25   58568.25   0.3078003   
22507.5   58541.5   0.3715155   
22473.75   58514.75   0.3891472   
22440   58488   0.3937848   B1-D3-457
22298.25   58398   0.3078003   
22345.5   58428   0.3715165   
22392.75   58458   0.3891482   
22503   58465.5   0.3078003   
22482   58473   0.3715482   
22461   58480.5   0.3891824   
22627   58543.75   0.3078003   
22679   58492.5   0.3711443   
22731   58441.25   0.3887454   
22783   58390   0.3933353   B1-D3-64
22739.5   58288.75   0.3078003   
22754   58322.5   0.3711283   
22768.5   58356.25   0.388728   
22588.75   58441   0.3078003   
22653.5   58424   0.3711596   
22718.25   58407   0.3887619   
23022.5   58446   0.3078003   
22980   58421   0.3712697   
22937.5   58396   0.3888811   
22895   58371   0.393498   B1-D3-459
22767.5   58284   0.3078003   
22810   58313   0.3712686   
22852.5   58342   0.3888799   
22976   58341   0.3078003   
22949   58351   0.3713095   
22922   58361   0.3889241   
22787.5   58252.25   0.3078003   
22850   58249.5   0.3739185   
22912.5   58246.75   0.3917477   
22975   58244   0.3966593   B1-331-59
23163.25   58172.75   0.3078003   
23100.5   58196.5   0.3739198   
23037.75   58220.25   0.3917491   
22996   58309.25   0.3078003   
22989   58287.5   0.3740841   
22982   58265.75   0.3919269   
23080   58430.25   0.3078003   
23095   58389.5   0.3798586   
23110   58348.75   0.3986815   
23125   58308   0.4040582   B1-D3-460
23200.75   58188.75   0.3078003   
23175.5   58228.5   0.3797739   
23150.25   58268.25   0.3985766   
23033.5   58325.25   0.3078003   
23064   58319.5   0.380146   
23094.5   58313.75   0.3990381   
23506.75   58331.25   0.3078003   
23437.5   58309.5   0.3709691   
23368.25   58287.75   0.3885557   
23299   58266   0.3931288   B1-D3-66
23244.25   58178.25   0.3078003   
23262.5   58207.5   0.3709674   
23280.75   58236.75   0.388554   
23554   58737.75   0.3078003   
23572   58699.5   0.3714749   
23590   58661.25   0.3891032   
23608   58623   0.3936812   B1-321-61
23737.75   58692   0.3078003   
23694.5   58669   0.3714023   
23651.25   58646   0.3890246   
24070.5   58256.25   0.3078003   
24109   58287.5   0.3709342   
24147.5   58318.75   0.3885181   
24186   58350   0.3930885   B1-2-464
24432   58148.25   0.3078003   
24350   58215.5   0.3709342   
24268   58282.75   0.388518   
24237.75   58527.75   0.3078003   
24220.5   58468.5   0.3709333   
24203.25   58409.25   0.388517   
24049.75   58290.75   0.3078003   
24067.5   58356.5   0.3760946   
24085.25   58422.25   0.3942053   
24033.25   58601.25   0.3078003   
24056.5   58563.5   0.3706779   
24079.75   58525.75   0.3882409   
24217   58562.25   0.3078003   
24179   58537.5   0.3706779   
24141   58512.75   0.3882409   
24089   58206.25   0.3078003   
24146   58187.5   0.3762282   
24203   58168.75   0.3943618   
24260   58150   0.3994255   B1-330-64
24450.5   58098.25   0.3078003   
24387   58115.5   0.3762269   
24323.5   58132.75   0.3943603   
24232.25   57940   0.3078003   
24241.5   58010   0.3762285   
24250.75   58080   0.3943621   
24487.75   58125.75   0.3078003   
24461.5   58170.5   0.370701   
24435.25   58215.25   0.3882657   
24409   58260   0.3928147   B1-2-465
24475.75   58459.5   0.3078003   
24453.5   58393   0.3707007   
24431.25   58326.5   0.3882653   
24474   58050   0.3078003   
24434   58019   0.3732767   
24394   57988   0.3910531   
24354   57957   0.3958464   B1-D3-465
24255.75   57891.75   0.3078003   
24288.5   57913.5   0.3732874   
24321.25   57935.25   0.3910647   
24500.75   58021.75   0.3078003   
24487.5   57962.5   0.3709086   
24474.25   57903.25   0.3884903   
24461   57844   0.3930593   B1-331-65
24282.5   57863.5   0.3078003   
24342   57857   0.3709095   
24401.5   57850.5   0.3884913   
24652.25   57757   0.3078003   
24588.5   57786   0.3709092   
24524.75   57815   0.388491   
24540.5   58031   0.3078003   
24567   57981   0.3708025   
24593.5   57931   0.3883755   
24620   57881   0.3929342   B1-D3-466
24692   57766.25   0.3078003   
24668   57804.5   0.3708026   
24644   57842.75   0.3883755   
24580   58065.5   0.3078003   
24646   58050   0.3736126   
24712   58034.5   0.3914167   
24778   58019   0.3964354   B1-330-66
24955.75   57986.75   0.3078003   
24896.5   57997.5   0.3739703   
24837.25   58008.25   0.3918038   
24731.5   57800.75   0.3078003   
24747   57873.5   0.3736128   
24762.5   57946.25   0.3914168   
24937.75   57870.5   0.3078003   
24884.5   57920   0.3739381   
24831.25   57969.5   0.391769   
25047   58008.25   0.3803034   
25079   58040.5   0.4332515   
25111   58072.75   0.462158   
25143   58105   0.4689551   B1-2-468
25201.5   58283.5   0.3793616   
25182   58224   0.4318541   
25162.5   58164.5   0.4605274   
25032   58012.5   0.3422803   
25049   58049   0.4157292   
25066   58085.5   0.4404272   
25083   58122   0.4476624   B1-2-043
25000.75   58015.25   0.3078003   
24986.5   58054.5   0.3744919   
24972.25   58093.75   0.3923683   
24958   58133   0.3971138   B1-2-467
24979.75   58340   0.3078003   
24972.5   58271   0.3742301   
24965.25   58202   0.392085   
25035.25   57928.25   0.3078003   
25055.5   57880.5   0.3886575   
25075.75   57832.75   0.409245   
25096   57785   0.4186494   B1-D3-468
25175.5   57686.75   0.3078003   
25149   57719.5   0.3995236   
25122.5   57752.25   0.4215125   
25017.25   57812   0.3078003   
25043.5   57803   0.3882094   
25069.75   57794   0.4087135   
25074.5   57963.5   0.3219879   
25134   57951   0.4020958   
25193.5   57938.5   0.4242893   
25253   57926   0.430181   B1-330-68
25433.75   57877.25   0.3219506   
25373.5   57893.5   0.4020904   
25313.25   57909.75   0.4242835   
25214.75   57722   0.3219506   
25227.5   57790   0.4020904   
25240.25   57858   0.4242835   
25531.25   57889.25   0.3078003   
25568.5   57917.5   0.3707294   
25605.75   57945.75   0.3882964   
25643   57974   0.3928488   B1-2-470
25709.75   58148   0.3078003   
25687.5   58090   0.3707303   
25665.25   58032   0.3882974   
25505.75   57895.25   0.3078003   
25517.5   57929.5   0.3706811   
25529.25   57963.75   0.3882443   
25541   57998   0.3927923   B1-2-044
25684.25   58154   0.3078003   
25636.5   58102   0.3706812   
25588.75   58050   0.3882445   
25472.25   57900.25   0.3078003   
25450.5   57939.5   0.3707072   
25428.75   57978.75   0.3882723   
25407   58018   0.3928218   B1-2-469
25445.25   58210   0.3078003   
25432.5   58146   0.3707067   
25419.75   58082   0.3882717   
25478.75   57800.25   0.3217896   
25463.5   57739.5   0.4020671   
25448.25   57678.75   0.4242583   
25433   57618   0.4181042   B1-331-69
25259.75   57645   0.3078003   
25317.5   57636   0.3866505   
25375.25   57627   0.40687   
25613   57545.25   0.3078003   
25553   57569.5   0.3865048   
25493   57593.75   0.4066988   
25550.75   57845.25   0.3078003   
25607.5   57829.5   0.370927   
25664.25   57813.75   0.3885102   
25721   57798   0.3930807   B1-330-70
25889.75   57747   0.3078003   
25833.5   57764   0.3709276   
25777.25   57781   0.3885108   
25963.25   57790.25   0.3078003   
25980.5   57850.5   0.3782001   
25997.75   57910.75   0.3966718   
26015   57971   0.4019251   B1-321-71
25929.5   57774.5   0.3078003   
25913   57819   0.3715016   
25896.5   57863.5   0.389132   
25880   57908   0.3937552   B1-2-471
25907.75   57703   0.3078003   
25869.5   57676   0.372919   
25831.25   57649   0.390666   
25793   57622   0.395398   B1-D3-471
25703   57546.25   0.3078003   
25733   57571.5   0.3728815   
25763   57596.75   0.3906254   
25931.25   57698.25   0.3078003   
25916.5   57666.5   0.3743079   
25901.75   57634.75   0.3921692   
25887   57603   0.3970422   B1-D3-77
25726.5   57541.5   0.3078003   
25780   57562   0.3742923   
25833.5   57582.5   0.3921522   
25937.5   57681   0.3078003   
25929   57632   0.3786287   
25920.5   57583   0.3971739   
25912   57534   0.4026133   B1-331-71
25732.75   57524.25   0.3078003   
25792.5   57527.5   0.3788574   
25852.25   57530.75   0.3974418   
20648.75   59069.5   0.3078003   
20674.5   59023   0.3720224   
20700.25   58976.5   0.3896957   
20726   58930   0.3943659   B1-D3-450
20780.75   58795   0.3078003   
20762.5   58840   0.3720207   
20744.25   58885   0.3896939   
20607   59055   0.3078003   
20591   58994   0.3707957   
20575   58933   0.3883681   
20559   58872   0.3929261   B1-331-49
20739   58780.5   0.3078003   
20679   58811   0.3707957   
20619   58841.5   0.3883681   
23554.75   58297   0.3078003   
23533.5   58241   0.37254   
23512.25   58185   0.3902559   
23491   58129   0.3949731   B1-331-61
23674   58042   0.3078003   
23613   58071   0.3725378   
23552   58100   0.3902535   
23292.25   58144   0.3078003   
23358.5   58139   0.3725376   
23424.75   58134   0.3902532   
25145.25   57673.5   0.3078003   
25088.5   57693   0.3916128   
25031.75   57712.5   0.4127361   
24780.75   57729   0.3078003   
24845.5   57730   0.3771521   
24910.25   57731   0.3954442   
24948.75   57576.75   0.3078003   
24957.5   57628.5   0.3771457   
24966.25   57680.25   0.3954366   
24987   57798.75   0.3078003   
24983   57776.5   0.3779117   
24979   57754.25   0.3963339   
22041   59137.5   0.3078003   
22005   59111   0.3707981   
21969   59084.5   0.3883707   
21933   59058   0.392929   B1-321-54
22050   59167   0.3078003   
22023   59170   0.3706712   
21996   59173   0.3882338   
21969   59176   0.3927816   B1-D2-57
23817.75   58739.75   0.3078003   
23854.5   58764.5   0.370674   
23891.25   58789.25   0.3882368   
23928   58814   0.3927869   B1-320-62
23989.5   58682.75   0.3078003   
23969   58726.5   0.3706782   
23948.5   58770.25   0.3882412   
24776.75   58476.25   0.3078003   
24819.5   58508.5   0.3734505   
24862.25   58540.75   0.3912412   
24905   58573   0.3958447   B1-320-66
24966.5   58450   0.3078003   
24946   58491   0.3731106   
24925.5   58532   0.3908733   
24757   58401   0.3078003   
24780   58358   0.3706682   
24803   58315   0.3882306   
24826   58272   0.3927783   B1-321-66
24946.75   58374.75   0.3078003   
24906.5   58340.5   0.3706682   
24866.25   58306.25   0.3882306   
24767.5   58441.75   0.3078003   
24801   58439.5   0.3706639   
24834.5   58437.25   0.3882262   
24868   58435   0.3927738   B1-D2-69
24957.25   58415.5   0.3078003   
24927.5   58422   0.3706639   
24897.75   58428.5   0.3882262   
25009.5   58357.5   0.3078003   
25032   58306   0.3706846   
25054.5   58254.5   0.388248   
25077   58203   0.392796   B1-321-67
25185   58308   0.3078003   
25149   58273   0.3706846   
25113   58238   0.388248   
25240.75   58294.25   0.4397673   
25260.5   58245.5   0.5286814   
25280.25   58196.75   0.5577487   
25418.5   58242.5   0.4397673   
25379   58211   0.5286814   
25339.5   58179.5   0.5729823   
25480.5   58228.5   0.3078003   
25503   58183   0.3708775   
25525.5   58137.5   0.3884566   
25686   58177.5   0.3078003   
25640   58149   0.3708775   
25594   58120.5   0.3884566   
25590.75   58203   0.3078003   
25576.5   58166   0.371982   
25562.25   58129   0.389652   
22933.5   58701.5   0.3078003   
22998   58711   0.3913803   
23062.5   58720.5   0.4124685   
23127   58730   0.402835   B1-321-59
23070.75   58857.5   0.3078003   
23089.5   58815   0.3749038   
23108.25   58772.5   0.392814   
23259.75   58782.5   0.3078003   
23215.5   58765   0.3749406   
23171.25   58747.5   0.3928539   
23174.25   58835   0.3078003   
23158.5   58800   0.3749287   
23142.75   58765   0.3928409   
21770.75   59538   0.3078003   
21766.5   59487   0.3708214   
21762.25   59436   0.3883958   
21758   59385   0.3929562   B1-320-53
25177.75   58667.5   0.3078003   
25196.5   58628   0.3708903   
25215.25   58588.5   0.3884705   
25234   58549   0.3930359   B1-1-468
25224.25   58394.5   0.3078003   
25227.5   58446   0.3708881   
25230.75   58497.5   0.3884681   
21072.75   59323.25   0.3078003   
21047.5   59271.5   0.3709081   
21022.25   59219.75   0.3884898   
20997   59168   0.3930581   B1-2-451
25543   57809.25   0.4397673   
25592   57757.5   0.5286814   
25641   57705.75   0.5928453   
25882   57711   0.3420814   
25818   57692   0.4152482   
25754   57673   0.4398278   
25677.25   57554.25   0.3420058   
25681.5   57587.5   0.4150655   
25685.75   57620.75   0.4396001   
22100.75   59114.75   0.3078003   
22124.5   59065.5   0.3707255   
22148.25   59016.25   0.3882921   
22172   58967   0.3928436   B1-321-55
22286.75   59058.5   0.3078003   
22248.5   59028   0.3707254   
22210.25   58997.5   0.388292   
22448.75   58817.5   0.3802528   
22515.5   58830   0.4331763   
22582.25   58842.5   0.4620703   
22814   58732.75   0.3933573   
22759   58773.5   0.4532728   
22704   58814.25   0.4858609   
22677.5   58962.25   0.327523   
22668   58926.5   0.4028975   
22658.5   58890.75   0.4251572   
22873.25   58719   0.3397217   
22877.5   58746   0.4095157   
22881.75   58773   0.4327654   
22886   58800   0.4172434   B1-321-58
23010.5   58875   0.3078003   
22969   58850   0.3815575   
22927.5   58825   0.4007892   
22736.75   58948.5   0.3078003   
22786.5   58899   0.3817937   
22836.25   58849.5   0.4010823   
24278.25   58544.5   0.3078003   
24301.5   58502   0.3739728   
24324.75   58459.5   0.3918065   
24460.5   58498.75   0.3078003   
24423   58471.5   0.3755837   
24385.5   58444.25   0.3936068   
21709.25   59554.75   0.3078003   
21643.5   59520.5   0.3712512   
21577.75   59486.25   0.3888611   
21512   59452   0.3934587   B1-320-52
21392   59375.5   0.3078003   
21432   59401   0.3712471   
21472   59426.5   0.3888566   
22731   59308   0.3078003   
22704   59286   0.3898804   
22677   59264   0.4106958   
22650   59242   0.4299891   B1-1-457
22677.75   59059   0.341101   
22668.5   59120   0.4128772   
22659.25   59181   0.4368725   
21038   58964.25   0.3078003   
20974   58941.5   0.3728252   
20910   58918.75   0.3905645   
20846   58896   0.3952226   B1-D3-56
20678.75   59061   0.3078003   
20734.5   59006   0.372738   
20790.25   58951   0.3904701   
20810.75   58786.5   0.3078003   
20822.5   58823   0.3726895   
20834.25   58859.5   0.3904176   
22588.25   58624.75   0.3078003   
22601.5   58654.5   0.3707006   
22614.75   58684.25   0.3882652   
22628   58714   0.3928144   B1-2-038
20632.75   59153.75   0.3078003   
20642.5   59191.5   0.3737676   
20652.25   59229.25   0.3915844   
20662   59267   0.3964168   B1-2-34
22081.5   58662.75   0.4256801   
22061   58608.5   0.504778   
22040.5   58554.25   0.5523349   
21834   58506   0.4256801   
21896   58504   0.504778   
21958   58502   0.5523349   
22193.25   58401   0.3382888   
22135.5   58434   0.4061011   
22077.75   58467   0.4287514   
23331.25   58802.5   0.3078003   
23358.5   58805   0.3707063   
23385.75   58807.5   0.3882713   
23413   58810   0.3928219   B1-D2-63
23505.25   58784.5   0.3078003   
23474.5   58793   0.3707086   
23443.75   58801.5   0.3882739   
23245.75   58855   0.3078003   
23301.5   58840   0.3707063   
23357.25   58825   0.3882713   
25251.75   58335.25   0.3078003   
25282.5   58327.5   0.3706636   
25313.25   58319.75   0.3882258   
25344   58312   0.3927734   B1-D2-71
25429.5   58283.5   0.3078003   
25401   58293   0.3706636   
25372.5   58302.5   0.3882258   
26098.75   58431.25   0.3078003   
26092.5   58407.5   0.3734968   
26086.25   58383.75   0.3912913   
26080   58360   0.3959408   B1-1-071
25968.25   58209.25   0.3078003   
26005.5   58259.5   0.3732279   
26042.75   58309.75   0.3910003   
23578.5   58373   0.3078003   
23581   58393   0.373451   
23583.5   58413   0.3912417   
23548.5   58690.25   0.3078003   
23561   58604.5   0.3775871   
23573.5   58518.75   0.3959537   
23622.25   58301.5   0.3078003   
23668.5   58250   0.3710635   
23714.75   58198.5   0.388658   
23761   58147   0.3932383   B1-D3-68
23964.25   58205.5   0.3078003   
23896.5   58186   0.3710617   
23828.75   58166.5   0.388656   
23741.5   58046.5   0.3078003   
23748   58080   0.3710592   
23754.5   58113.5   0.3886533   
24654   58390.5   0.3707803   
24614   58363.75   0.3883514   
24609   58201.5   0.3707867   
24656.5   58261.75   0.3883584   
25502   57438.75   0.3773161   
23777.5   57901.75   0.3078003   
25840.5   57369.75   0.4397673   
25791.25   57382.5   0.3722405   
21095   59146   0.55   B1-2-035
20905   59565   0.55   B1-20-550
22842   59094   0.55   B1-20-558
25283   58067   0.55   B1-2-143
25756   57943   0.55   B1-2-144
21557   59141   0.55   B1-21-553
21795   59089   0.55   B1-21-554
21277   59099   0.55   B1-2-452
21771   58975   0.55   B1-2-454
21368   59053   0.55   B1-2-M135
21904   58982   0.55   B1-2-P136
21226   59142   0.55   B1-2-P35
21282   58945   0.55   B1-30-552
21406   58580   0.55   B1-31-553
24086   57905   0.55   B1-31-564
20700   59363   0.55   B1-321-49
21816   59132   0.55   B1-321-P54
21551   58614   0.55   B1-331-53
21436   58641   0.55   B1-331-P53
21729   58347   0.55   B1-3-52
22023   58256   0.55   B1-3-53
22607   58121   0.55   B1-3-55
22907   58052   0.55   B1-3-56
24380   57642   0.55   B1-3-61
24721   57569   0.55   B1-3-62
26098   57244   0.55   B1-3-67
21051   58519   0.55   B1-3-D49
21570   58369   0.55   B1-3-D51
22786   58052   0.55   B1-3-D55
24567   57625   0.55   B1-3-D61
25105   57471   0.55   B1-3-D63
21459   58393   0.55   B1-3-F51
22612   58092   0.55   B1-3-F55
22757   58137   0.55   B1-3-P263
22971   58076   0.55   B1-3-P264
24193   57760   0.55   B1-3-P270
25091   57562   0.55   B1-3-P274
23176   58028   0.55   B1-3-SP265
20883   59420   0.55   B1-D2-450
21594   59285   0.55   B1-D2-453
21860   59256   0.55   B1-D2-454
21219   59367   0.55   B1-D2-54
21478   59302   0.55   B1-D2-55
21720   59270   0.55   B1-D2-56
20791   59508   0.55   B1-D2-M52
20763   59545   0.55   B1-D2-P52
21234   59400   0.55   B1-D2-P54
21455   58756   0.55   B1-D3-453
21353   58813   0.55   B1-D3-P58
20900   58570   0.55   G100-38
21496   58410   0.55   G100-40
22059   58284   0.55   G100-42
22365   58181   0.55   G100-43
22655   58111   0.55   G100-44
22961   58053   0.55   G100-45
21704   59300   0.55   G94-40
21348   59078   0.55   G96-39
21526   58751   0.55   G98-40
21401   59067   0.5501845   B1-2-135
21895   58938   0.6221215   B1-2-136
21304   59213   0.5572106   B1-21-552
21156   59126   0.55   B1-2-35
21420   59091   0.5497992   B1-2-P135
25778   57975   0.5807108   B1-2-P144
21679   59030   0.5410503   B1-2-P36
20922   59589   0.5532658   B1-320-P50
21189   59236   0.5550998   B1-321-51
21432   59166   0.5608767   B1-321-52
21703   59120   0.5393287   B1-321-53
21347   59246   0.5572106   B1-321-P52
21591   59192   0.5454029   B1-321-P53
25929   58056   0.6061711   B1-321-P71
21264   58967   0.55   B1-330-P52
22501   58362   0.5776842   B1-331-57
23975   58002   0.636231   B1-331-63
24089   57966   0.5953346   B1-331-P64
20572   58649   0.5301347   B1-3-48
20871   58569   0.5475322   B1-3-49
21155   58497   0.6402671   B1-3-50
22319   58198   0.5698799   B1-3-54
24071   57739   0.6074255   B1-3-60
25252   57445   0.6374448   B1-3-64
20717   58608   0.5423905   B1-3-D48
22160   58217   0.56176   B1-3-F53
20697   58660   0.5421153   B1-3-P253
21132   58546   0.6031066   B1-3-P255
21513   58457   0.5752391   B1-3-P257
22396   58224   0.6228053   B1-3-P261
23980   57820   0.6215415   B1-3-P269
21741   59292   0.55   B1-D2-P56
21351   58788   0.5490912   B1-D3-58
20619   58641   0.5358217   G100-37
19758.8671875   56737.22265625   0.5581932   
251815.28125   56737.22265625   0.4241788   
24804   58221   0.55   B1-2-P142
23658   57894   0.55   B1-3-P267
21888   59322   0.55   B1-20-554
21326   59567   0.55   B1-1-051
23891   58948   0.6348458   B1-1-062
21392   59560   0.55   B1-1-452
23802   58953   0.55   B1-1-462
20987   59705   0.5451367   B1-1-50
24868   58162   0.55   B1-2-142
21015   59547   0.5703998   B1-320-50
21255   59509   0.55   B1-320-51
21904   59373   0.55   B1-320-P54
23866   58555   0.5665736   B1-321-62
21013   59462   0.5940625   B1-D2-P53
21484   59335   0.5597175   B1-D2-P55
25340   57749   0.6311368   B1-D3-469
24388   58814   0.3031   B1-1-64
22382   58805   0.3031   B1-2-137
22869   58692   0.3031   B1-2-138
23331   58575   0.3031   B1-2-139
23783   57820   0.3031   B1-3-59
24940   57525   0.3031   B1-3-63
25525   57379   0.3031   B1-3-65
25825   57292   0.3031   B1-3-66
20822   59847   0.3031   B1-311-49
21262   59719   0.3031   B1-311-51
21775   59589   0.3031   B1-311-53
22278   59442   0.3031   B1-311-55
22758   59330   0.3031   B1-311-57
23243   59228   0.3031   B1-311-59
23702   59084   0.3031   B1-311-61
24184   58970   0.3031   B1-311-63
24692   58830   0.3031   B1-311-65
25159   58707   0.3031   B1-311-67
25641   58588   0.3031   B1-311-69
26105   58455   0.3031   B1-311-71
21102   58987   0.3031   B1-330-51
21609   58854   0.3031   B1-330-53
22102   58717   0.3031   B1-330-55
22575   58595   0.3031   B1-330-57
23065   58471   0.3031   B1-330-59
23576   58353   0.3031   B1-330-61
24032   58225   0.3031   B1-330-63
24514   58081   0.3031   B1-330-65
25015   57976   0.3031   B1-330-67
25494   57861   0.3031   B1-330-69
25946   57730   0.3031   B1-330-71
20623   59116   0.3031   B1-330-J49
20799   58750   0.3031   B1-331-50
21318   58621   0.3031   B1-331-52
21772   58508   0.3031   B1-331-54
22251   58368   0.3031   B1-331-56
22725   58255   0.3031   B1-331-58
23735   58013   0.3031   B1-331-62
24223   57870   0.3031   B1-331-64
25202   57654   0.3031   B1-331-68
25673   57521   0.3031   B1-331-70
23226   58149   0.3031   B1-331-S60
24716   57728   0.3031   B1-331-S66
21098   59375   0.3031   B1-D2-451
21352   59350   0.3031   B1-D2-452
22077   59164   0.3031   B1-D2-455
22325   59089   0.3031   B1-D2-456
23052   58900   0.3031   B1-D2-459
23304   58800   0.3031   B1-D2-460
23536   58776   0.3031   B1-D2-461
23781   58715   0.3031   B1-D2-462
24010   58639   0.3031   B1-D2-463
24255   58587   0.3031   B1-D2-464
24498   58526   0.3031   B1-D2-465
24734   58444   0.3031   B1-D2-466
24987   58409   0.3031   B1-D2-467
25221   58343   0.3031   B1-D2-468
25458   58274   0.3031   B1-D2-469
25732   58206   0.3031   B1-D2-470
25931   58159   0.3031   B1-D2-471
22687   58998   0.3031   B1-D2-60
23190   58870   0.3031   B1-D2-62
25605   58240   0.3031   B1-D2-72
22524   58458   0.3031   B1-D3-63
23003   58331   0.3031   B1-D3-65
24991   57821   0.3031   B1-D3-73
20878.66015625   60014.87890625   0.3031   B1-311-SP68
19758.8671875   593711.9375   0.3031   
251815.28125   593711.9375   0.3031   
20830   59350   0.684   B1-21-550
22613   58277   0.684   B1-31-558
20843   59373   0.684   B1-321-P50
21445   58423   0.684   B1-3-51
23185   57966   0.684   B1-3-57
23477   57895   0.684   B1-3-58
22453   58153   0.684   B1-3-D54
23066   58007   0.684   B1-3-D56
23342   57931   0.684   B1-3-D57
23589   57879   0.684   B1-3-D58
23899   57802   0.684   B1-3-D59
24223   57691   0.684   B1-3-D60
25382   57406   0.684   B1-3-D64
25966   57263   0.684   B1-3-D66
21876   58292   0.684   B1-3-F52
22870   58038   0.684   B1-3-F56
21295   58528   0.684   B1-3-P256
22029   58334   0.684   B1-3-P259
22580   58163   0.684   B1-3-P262
22028   58327   0.684   B1-3-SP258
23439   57955   0.684   B1-3-SP266
24409   57699   0.684   B1-3-SP271
20749   59499   0.684   B1-D2-52
21575   58713   0.684   B1-D3-59
24003   58076   0.684   B1-D3-69
21205   58491   0.684   G100-39
21781   58328   0.684   G100-41
20830   59522   0.684   G94-37
21913   58908   0.684   G96-41
21292   58455   0.684   B1-3-D50
23321   58048   0.684   B1-31-561
20748   59773   0.3215272   B1-1-049
21032   59688   0.5033686   B1-1-050
21562   59539   0.4038291   B1-1-052
21788   59473   0.3824003   B1-1-053
22044   59424   0.3919905   B1-1-054
22847   59191   0.4265586   B1-1-057
24153   58873   0.3670314   B1-1-063
24432   58796   0.312855   B1-1-064
25129   58581   0.3771091   B1-1-067
25828   58434   0.4018065   B1-1-070
20914   59711   0.467508   B1-1-450
21671   59498   0.3647821   B1-1-453
22136   59384   0.3729457   B1-1-455
25048   58624   0.3697467   B1-1-467
20832   59734   0.385876   B1-1-49
21284   59603   0.4647385   B1-1-51
21510   59546   0.428375   B1-1-52
21820   59537   0.3506276   B1-1-53
22267   59360   0.3639041   B1-1-55
22803   59221   0.3804041   B1-1-57
23716   58985   0.3879068   B1-1-61
24929   58668   0.4098051   B1-1-66
25318   58589   0.3921994   B1-1-68
25801   58450   0.4038095   B1-1-70
26044   58285   0.3904935   B1-1-71
21073   59678   0.4649222   B1-1-P50
21558   59574   0.4064699   B1-1-P52
22061   59449   0.3939835   B1-1-P54
22524   59357   0.3964804   B1-1-P56
23974   58948   0.3995606   B1-1-P62
24448   58826   0.356056   B1-1-P64
24941   58709   0.4142297   B1-1-P66
25403   58573   0.3917402   B1-1-P68
25869   58431   0.4001738   B1-1-P70
25149   58614   0.3572966   B1-1-X67
20668   59225   0.3899947   B1-2-034
21166   59494   0.41054   B1-20-551
21372   59459   0.4299028   B1-20-552
21628   59391   0.4601493   B1-20-553
22106   59280   0.3592253   B1-20-555
22352   59211   0.3749802   B1-20-556
23819   58841   0.3920055   B1-20-562
23823   58448   0.4457077   B1-2-140
24305   58315   0.3892888   B1-2-141
21085   59275   0.3895444   B1-21-551
22065   59016   0.3750856   B1-21-555
22530   58898   0.4336801   B1-21-557
22797   58867   0.4018589   B1-21-558
23255   58712   0.3606467   B1-21-560
23723   58607   0.3984758   B1-21-562
23972   58528   0.3856319   B1-21-563
24217   58463   0.3739501   B1-21-564
22772   58841   0.4285767   B1-21-M558
21649   59001   0.4844992   B1-2-36
23581   58505   0.400747   B1-2-40
24704   58322   0.3812319   B1-2-42
25055   58132   0.4266805   B1-2-43
25996   57879   0.3845986   B1-2-45
20797   59216   0.4356638   B1-2-450
20947   59222   0.3893675   B1-2-P134
22395   58848   0.4043367   B1-2-P137
22887   58722   0.344682   B1-2-P138
23362   58575   0.3740973   B1-2-P139
23845   58463   0.4623463   B1-2-P140
24332   58354   0.3958228   B1-2-P141
20698   59251   0.4205581   B1-2-P34
23602   58530   0.3930187   B1-2-P40
24577   58284   0.3879874   B1-2-P42
25080   58156   0.4285778   B1-2-P43
26013   57904   0.3888832   B1-2-P45
20763   59068   0.3767081   B1-30-550
21002   59016   0.3621072   B1-30-551
21489   58889   0.3735709   B1-30-553
22202   58697   0.3582889   B1-30-556
22436   58629   0.3824131   B1-30-557
23148   58473   0.3373985   B1-30-560
23419   58377   0.3720327   B1-30-561
23647   58304   0.3333604   B1-30-562
23938   58251   0.3492589   B1-30-563
24155   58197   0.3783297   B1-30-564
22467   58626   0.3653428   B1-30-F557
23164   58500   0.3622321   B1-30-M560
20692   58780   0.3689143   B1-31-550
20945   58710   0.4328588   B1-31-551
21213   58649   0.4146204   B1-31-552
21659   58530   0.420396   B1-31-554
22374   58322   0.4986194   B1-31-557
22814   58229   0.3638709   B1-31-559
23092   58154   0.4113991   B1-31-560
23572   58041   0.4350696   B1-31-562
24320   57852   0.3566977   B1-31-565
24567   57779   0.3917019   B1-31-566
22012   59324   0.4016502   B1-320-54
25956   58279   0.3597351   B1-320-CSP71
21399   59484   0.4502721   B1-320-P52
21655   59429   0.4197046   B1-320-P53
22142   59295   0.3716501   B1-320-P55
22388   59230   0.3845182   B1-320-P56
22616   59195   0.466723   B1-320-P57
23803   58872   0.4355441   B1-320-P62
24055   58797   0.3907673   B1-320-P63
24794   58605   0.3856522   B1-320-P66
25017   58546   0.376767   B1-320-P67
25274   58494   0.3856916   B1-320-P68
25743   58352   0.3763886   B1-320-P70
21138   59558   0.3958375   B1-320-SP51
20928   59307   0.4672572   B1-321-50
24574   58337   0.3865443   B1-321-65
25786   58034   0.5060953   B1-321-70
22314   58995   0.3540678   B1-321-P56
22557   58940   0.4106669   B1-321-P57
22770   58875   0.4030041   B1-321-P58
23276   58737   0.324364   B1-321-P60
23507   58685   0.4062242   B1-321-P61
23763   58615   0.4083892   B1-321-P62
24002   58555   0.3418667   B1-321-P63
24249   58512   0.3285241   B1-321-P64
24498   58417   0.342019   B1-321-P65
24742   58366   0.3473046   B1-321-P66
24974   58321   0.3309458   B1-321-P67
25467   58194   0.3290693   B1-321-P69
20792   59097   0.3824173   B1-330-P50
21519   58910   0.3577725   B1-330-P53
23207   58495   0.3857272   B1-330-P60
23435   58412   0.3807799   B1-330-P61
23699   58350   0.3610347   B1-330-P62
23932   58294   0.3799038   B1-330-P63
24175   58241   0.382914   B1-330-P64
24416   58174   0.3523114   B1-330-P65
24886   58056   0.4145277   B1-330-P67
25132   57978   0.4057715   B1-330-P68
25356   57920   0.4141714   B1-330-P69
25614   57851   0.3611728   B1-330-P70
20708   58834   0.3687496   B1-331-P50
20919   58764   0.3915744   B1-331-P51
21703   58552   0.364271   B1-331-P54
22399   58384   0.430811   B1-331-P57
22642   58329   0.520717   B1-331-P58
22864   58283   0.3752298   B1-331-P59
23122   58202   0.3660322   B1-331-P60
23610   58090   0.3695986   B1-331-P62
23849   58012   0.4271274   B1-331-P63
24350   57903   0.3874073   B1-331-P65
24583   57834   0.3886505   B1-331-P66
24843   57758   0.3630261   B1-331-P67
25058   57712   0.408767   B1-331-P68
25306   57635   0.3759265   B1-331-P69
25553   57586   0.3994335   B1-331-P70
25785   57524   0.3691362   B1-331-P71
21202   58706   0.4169464   B1-331-SP52
23360   58150   0.3648106   B1-331-SP61
25675   57334   0.3031   B1-3-D65
22201   59120   0.3569196   B1-D2-58
25835   58184   0.3319639   B1-D2-73
26019   58136   0.4024718   B1-D2-74
25991   58108   0.4368517   B1-D2-F74
21968   59206   0.4094402   B1-D2-P57
22225   59140   0.3567467   B1-D2-P58
25123   58399   0.3574639   B1-D2-P70
25363   58324   0.3783345   B1-D2-P71
25837   58220   0.3197541   B1-D2-P73
20981   58856   0.4033351   B1-D3-451
22654   58427   0.3691064   B1-D3-458
23442   58263   0.3753281   B1-D3-461
23636   58170   0.3782272   B1-D3-462
24114   58025   0.5430133   B1-D3-464
24866   57851   0.3558137   B1-D3-467
20609   58953   0.3859706   B1-D3-55
21126   58822   0.4243966   B1-D3-57
23551   58231   0.3689869   B1-D3-67
24239   58018   0.3818808   B1-D3-70
24481   57958   0.3740489   B1-D3-71
24746   57871   0.3719922   B1-D3-72
25210   57775   0.387665   B1-D3-74
25450   57714   0.4245335   B1-D3-75
20655   58972   0.3869315   B1-D3-M55
20626   58987   0.3746371   B1-D3-P55
20859   58926   0.3954358   B1-D3-P56
21105   58847   0.421086   B1-D3-P57
21611   58709   0.5645462   B1-D3-P59
22313   58564   0.3874538   B1-D3-P62
22562   58494   0.3031   B1-D3-P63
22798   58429   0.4007845   B1-D3-P64
23042   58364   0.3325845   B1-D3-P65
23253   58313   0.3795879   B1-D3-P66
23537   58256   0.3556031   B1-D3-P67
23766   58184   0.3961862   B1-D3-P68
24253   58062   0.3906251   B1-D3-P70
24499   57995   0.3390028   B1-D3-P71
24747   57921   0.3866667   B1-D3-P72
24964   57869   0.3055447   B1-D3-P73
25217   57807   0.4057491   B1-D3-P74
25449   57742   0.4121403   B1-D3-P75
21119   59440   0.3164172   G94-38
21408   59370   0.3441471   G94-39
21982   59225   0.4016233   G94-41
22337   59162   0.3355311   G94-42
20769   59235   0.4537106   G96-37
21051   59166   0.4618486   G96-38
21602   59003   0.4349408   G96-40
22791   58708   0.4520149   G96-44
23082   58675   0.4161609   G96-45
20661   58942   0.3926657   G98-37
20943   58866   0.3972615   G98-38
21281   58772   0.4534622   G98-39
22368   58491   0.3803395   G98-43
22620   58434   0.340516   G98-44
22908   58394   0.3929551   G98-45
22592   58434   0.3208125   G98-F44
22255   58524   0.3761094   S117
22096   58828   0.3663152   B1-2-037
24544   58249   0.3853104   B1-2-042
24676   58212   0.4091521   B1-2-466
22122   58410   0.4002572   B1-31-556
25340   58428   0.363826   B1-320-68
24318   58734   0.317481   B1-320-P64
24103   58488   0.3928021   B1-321-63
24660   58102   0.3790912   B1-330-P66
25865   57789   0.356846   B1-330-P71
21030   59058   0.3806643   B1-330-SP51
22163   58468   0.3681313   B1-331-P56
22807   58966   0.3768478   B1-D2-458
25111   58376   0.3438507   B1-D2-70
22715   59036   0.3267584   B1-D2-P60
22182   58608   0.3840695   G98-42
22542   59331   0.3998502   B1-1-056
22596   59154   0.4708065   B1-20-557
23097   58644   0.4027655   B1-2-39
22155   58918   0.3889056   B1-2-P37
23128   58636   0.4045473   B1-2-P39
25537   58028   0.3945541   B1-2-P44
21885   58475   0.4007633   B1-31-555
22505   59168   0.4682394   B1-320-56
24401   58701   0.314781   B1-320-64
25591   58374   0.3928423   B1-320-69
25548   58092   0.3927898   B1-321-69
22070   59061   0.3459939   B1-321-P55
25690   58122   0.3399031   B1-321-P70
22020   58500   0.4027338   B1-331-55
21921   58524   0.3787638   B1-331-P55
24143   58622   0.3560664   B1-D2-66
24625   58495   0.3478798   B1-D2-68
21939   58618   0.4232298   B1-D3-455
22040   58589   0.3880678   B1-D3-61
22067   58623   0.3638268   B1-D3-P61
24015   58124   0.5274342   B1-D3-P69
22582   59079   0.4443505   G94-43
22871   59003   0.4317572   G94-44
22384   59355   0.378994   B1-1-055
23664   59002   0.363008   B1-1-061
24711   58688   0.384076   B1-1-065
24687   58732   0.3649732   B1-1-65
23018   59194   0.3889703   B1-1-P58
23586   58433   0.3937743   B1-2-040
24042   58440   0.3934547   B1-2-041
23568   58896   0.3844738   B1-20-561
22294   58964   0.3717687   B1-21-556
22695   58567   0.3695109   B1-30-558
22958   58490   0.3555013   B1-30-M559
22961   59049   0.3796033   B1-320-58
23570   58927   0.3982959   B1-320-P61
25605   58278   0.3182942   B1-D2-P72
23882   58111   0.4514273   B1-D3-463
22429   59275   0.393239   B1-1-456
23567   59011   0.4364964   B1-1-461
21635   58947   0.4094645   B1-2-036
23023   58782   0.3704074   B1-21-559
22623   58747   0.419506   B1-2-38
22274   58844   0.3939358   B1-2-456
22506   58778   0.4138755   B1-2-457
22983   58639   0.407243   B1-2-459
22636   58785   0.4456074   B1-2-P38
21732   58828   0.4234372   B1-30-554
22986   58509   0.3282579   B1-30-559
22874   59101   0.500264   B1-320-P58
24550   58666   0.3839558   B1-320-P65
22649   58855   0.4311206   B1-321-57
25300   58148   0.3930874   B1-321-68
23038   58807   0.3528831   B1-321-P59
22819   58547   0.3985615   B1-330-58
21762   58846   0.4507695   B1-330-P54
22231   58740   0.3762876   B1-330-P56
22476   58670   0.3735989   B1-330-P57
22722   58607   0.3785868   B1-330-P58
22964   58537   0.3606966   B1-330-P59
22566   59032   0.3808919   B1-D2-457
22443   59061   0.3997697   B1-D2-59
22468   59081   0.4224988   B1-D2-P59
24139   58654   0.3617279   B1-D2-P66
21814   58650   0.4243076   B1-D3-60
21831   58677   0.4383633   B1-D3-P60
22243   58846   0.3911537   G96-42
22477   58781   0.4110488   G96-43
21864   58636   0.4283027   G98-41
25630   58463   0.3744915   B1-1-069
24298   58848   0.402404   B1-1-464
24553   58751   0.3932174   B1-1-465
24202   58863   0.3722975   B1-1-63
25652   58485   0.3645554   B1-1-69
24069   58379   0.3827415   B1-2-41
25305   58095   0.4796429   B1-2-P143
24078   58414   0.388347   B1-2-P41
24159   58754   0.3947466   B1-320-63
25567   57670   0.4539481   B1-D3-470
21094   59296   0.3659308   B1-21-M551
25508   58006   0.3895239   B1-2-44
23944   59023   0.49072   B1-311-62
21118   59293   0.4001187   B1-321-P51
24855   57551   0.379072   B1-3-SP273
23268   59116   0.416773   B1-1-059
23332   59070   0.4230469   B1-1-460
23233   59109   0.4301582   B1-1-59
23474   59139   0.4512305   B1-311-60
23376   58664   0.428906   B1-321-60
24647   57651   0.4519061   B1-3-SP272
24654   58496   0.3413175   B1-D2-P68
23478   59043   0.457678   B1-1-060
23415   59061   0.4673598   B1-1-60
23494   59074   0.4584447   B1-1-P60
23346   58918   0.4048744   B1-20-560
23425   58933   0.4309881   B1-320-60
25509   58422   0.4142329   B1-320-P69
23346   58974   0.4270173   B1-320-SP60
20993   59421   0.5194691   B1-D2-53
22935   58969   0.3785117   B1-D2-P61
24348   58417   0.3936583   B1-321-64
24398   58596   0.3284085   B1-D2-67
24882   58459   0.3926554   B1-D2-P69
23469   58550   0.4628808   B1-2-461
21954   58762   0.4517385   B1-30-555
25827   58313   0.3723081   B1-320-70
25226   58268   0.353707   B1-321-P68
21864   58802   0.483329   B1-330-54
21986   58803   0.4756199   B1-330-P55
24428   58565   0.3194546   B1-D2-P67
23421   58843   0.3851054   B1-D2-P63
23489   58658   0.4338554   B1-21-561
23895   58686   0.3706806   B1-D2-65
23918   58711   0.3394061   B1-D2-P65
23861   57963   0.4653975   B1-31-563
23660   58742   0.3370136   B1-D2-64
23666   58771   0.3554553   B1-D2-P64
25690   57654   0.396112   B1-D3-76
25701   57685   0.4423084   B1-D3-P76
23086   59128   0.4304878   B1-1-459
23113   59036   0.3887938   B1-20-559
23217   58979   0.4010661   B1-320-59
23174   58894   0.3083033   B1-D2-P62
22998   59141   0.3943052   B1-1-058
22956   59175   0.3930091   B1-1-58
23077   59021   0.370254   B1-320-P59
23151   58933   0.3145574   G94-45
24975   57732   0.3976825   B1-331-67
25918   57330   0.5298166   B1-3-P278
25710   57369   0.3031   B1-3-P277
