24629.25   58848.25   0.3078003   
24566.5   58866.5   0.3708816   
24503.75   58884.75   0.3884611   
24441   58903   0.3930269   B1-311-64
24265.75   58652.25   0.3078003   
24276.5   58717.5   0.370664   
24287.25   58782.75   0.3882262   
24298   58848   0.3927739   B1-1-464
24231   58628.75   0.3078003   
24207   58670.5   0.3706722   
24183   58712.25   0.3882348   
24159   58754   0.3927826   B1-320-63
24657.25   58810.25   0.3078003   
24622.5   58790.5   0.3709394   
24587.75   58770.75   0.3885236   
24553   58751   0.3930948   B1-1-465
21370   59075   0.3915073   
21339   59083   0.4506267   
21308   59091   0.4824533   
21145.75   59015   0.3451992   
21189.5   59043   0.4162372   
21233.25   59071   0.4410852   
21333.25   59287.25   0.4397673   
21314.5   59224.5   0.5286814   
21295.75   59161.75   0.5928453   
21233.5   59300   0.4397673   
21248   59233   0.5286814   
21262.5   59166   0.5928453   
21394   59032.5   0.3869997   
21387   58998   0.4436933   
21380   58963.5   0.4742181   
21373   58929   0.4433623   B1-330-52
21169.75   58972.5   0.3188382   
21237.5   58958   0.4016396   
21305.25   58943.5   0.4237955   
21550   58872.75   0.3190897   
21491   58891.5   0.401676   
21432   58910.25   0.4238349   
21187.75   58848.75   0.3294166   
21249.5   58875.5   0.4031717   
21311.25   58902.25   0.4254541   
21432.5   59059.25   0.3899469   
21464   59051.5   0.448379   
21495.5   59043.75   0.4796064   
21588.5   58899.5   0.3078003   
21568   58945   0.3884687   
21547.5   58990.5   0.4090211   
21395.75   59271.5   0.4397673   
21439.5   59193   0.5286814   
21483.25   59114.5   0.5928453   
21577.25   59222.75   0.3078003   
21560.5   59160.5   0.3884647   
21543.75   59098.25   0.4090164   
22389   58832.25   0.3078003   
22396   58859.5   0.3903121   
22403   58886.75   0.4112079   
22346.25   59045.25   0.3078003   
22367.5   59001.5   0.3750532   
22388.75   58957.75   0.3929853   
22527   59002.5   0.3078003   
22488   58973   0.3750546   
22449   58943.5   0.392987   
22355   58814.75   0.3078003   
22328   58824.5   0.3929906   
22301   58834.25   0.4143217   
22145   58748.75   0.3078003   
22188   58780.5   0.3767938   
22231   58812.25   0.3950244   
22372   58773.25   0.3287068   
22362   58741.5   0.4030689   
22352   58709.75   0.4253428   
22342   58678   0.4126957   B1-330-56
22273.75   58445.5   0.3078003   
22296.5   58523   0.3794636   
22319.25   58600.5   0.3981916   
22478.5   58513   0.3078003   
22433   58568   0.3792824   
22387.5   58623   0.3979667   
22413   58798.25   0.3078003   
22444   58791.5   0.3913863   
22475   58784.75   0.4124755   
22506   58778   0.4026977   B1-2-457
22557.75   58640.75   0.3078003   
22540.5   58686.5   0.3749015   
22523.25   58732.25   0.3928115   
22551   58968.5   0.3078003   
22536   58905   0.3749017   
22521   58841.5   0.3928117   
22519.5   58538   0.3078003   
22515   58618   0.3744965   
22510.5   58698   0.3923733   
22838.5   58958.25   0.3078003   
22870   58950.5   0.3078004   
22901.5   58942.75   0.3753953   
23022.25   58908.75   0.3078003   
22992.5   58917.5   0.3078004   
22962.75   58926.25   0.3753953   
22837.25   58698.75   0.3750386   
22805.5   58705.5   0.4258298   
22773.75   58712.25   0.4532708   
22742   58719   0.4484727   B1-2-458
22616.75   58626   0.3397911   
22658.5   58657   0.4096853   
22700.25   58688   0.4329714   
22790.75   58904.25   0.340755   
22774.5   58842.5   0.4120396   
22758.25   58780.75   0.4358314   
22700.75   58928.25   0.3611784   
22714.5   58858.5   0.4184916   
22728.25   58788.75   0.4440327   
22856.5   58655.75   0.4046218   
22844   58619.5   0.4702126   
22831.5   58583.25   0.5076704   
22819   58547   0.4962827   B1-330-58
22636   58583   0.3976334   
22697   58571   0.4596009   
22758   58559   0.4941339   
23003.5   58490   0.3864579   
22942   58509   0.4428151   
22880.5   58528   0.4732066   
22597.75   58480.25   0.3865671   
22671.5   58502.5   0.4429921   
22745.25   58524.75   0.4734105   
22921.5   58667   0.3078003   
22974   58642   0.3907374   
23026.5   58617   0.4117125   
23068.5   58501.25   0.3078003   
23072   58531.5   0.3759373   
23075.5   58561.75   0.3940209   
23247.75   58748   0.3078003   
23191.5   58696   0.3774489   
23135.25   58644   0.3957918   
23342.25   58597.25   0.3078003   
23353.5   58619.5   0.374567   
23364.75   58641.75   0.3924495   
23322   58766   0.3078003   
23340   58732   0.3723833   
23358   58698   0.3900863   
23496   58748   0.3078003   
23456   58720   0.3723837   
23416   58692   0.3900868   
23302.25   58582.5   0.3078003   
23273.5   58590   0.3746721   
23244.75   58597.5   0.3925633   
23102.75   58504.5   0.3078003   
23140.5   58538   0.3724726   
23178.25   58571.5   0.390183   
23282   58751.25   0.3078003   
23260   58702.5   0.3724719   
23238   58653.75   0.3901822   
23324.75   58549.5   0.3078003   
23318.5   58524   0.3758902   
23312.25   58498.5   0.3939658   
23306   58473   0.3967576   B1-330-60
23125.25   58471.5   0.3078003   
23185.5   58472   0.373104   
23245.75   58472.5   0.3908663   
23508.5   58383   0.3078003   
23441   58413   0.3731044   
23373.5   58443   0.3908667   
23365.5   58568.75   0.3078003   
23400   58562.5   0.3747466   
23434.5   58556.25   0.3926439   
23549.25   58402.25   0.3078003   
23522.5   58451.5   0.3724878   
23495.75   58500.75   0.3901994   
23519.25   58719.5   0.3078003   
23502.5   58663   0.3724868   
23485.75   58606.5   0.3901983   
23833.75   58474.75   0.3172082   
23844.5   58501.5   0.4014035   
23855.25   58528.25   0.4235399   
23802.25   58675   0.3078003   
23823.5   58635   0.3781989   
23844.75   58595   0.3966703   
23790   58456.5   0.3078003   
23757   58465   0.3935124   
23724   58473.5   0.4149222   
23604.75   58385.25   0.3078003   
23633.5   58417.5   0.3756029   
23662.25   58449.75   0.3936293   
23758.5   58656.75   0.3078003   
23736   58598.5   0.375602   
23713.5   58540.25   0.3936282   
23815.75   58409.75   0.3235873   
23808.5   58371.5   0.4023274   
23801.25   58333.25   0.4245401   
23794   58295   0.4112655   B1-330-62
23630.5   58338.5   0.3078003   
23685   58324   0.3780039   
23739.5   58309.5   0.3964419   
23972.5   58242.5   0.3078003   
23913   58260   0.3779957   
23853.5   58277.5   0.3964323   
23852   58437.5   0.3387044   
23881   58427   0.4070787   
23910   58416.5   0.4298802   
24008.75   58270.25   0.3078003   
23985.5   58315.5   0.3807112   
23962.25   58360.75   0.3997393   
20806.75   59795.5   0.3078003   
20791.5   59744   0.3744741   
20776.25   59692.5   0.392349   
20761   59641   0.3972278   B1-320-49
20852.5   59475.25   0.3078003   
20822   59530.5   0.374442   
20791.5   59585.75   0.3923143   
20863.25   59811.5   0.3078003   
20904.5   59776   0.3733808   
20945.75   59740.5   0.3911658   
20987   59705   0.3959595   B1-1-50
21193.25   59715.5   0.3078003   
21124.5   59712   0.3733786   
21055.75   59708.5   0.3911633   
20909   59491.25   0.3078003   
20935   59562.5   0.3733756   
20961   59633.75   0.3911601   
20882.75   59827.75   0.3078003   
20943.5   59808.5   0.3748443   
21004.25   59789.25   0.3927495   
21065   59770   0.3976854   B1-311-50
21212.75   59731.75   0.3078003   
21163.5   59744.5   0.3748512   
21114.25   59757.25   0.3927571   
21235.5   59697.75   0.3078003   
21209   59676.5   0.3707023   
21182.5   59655.25   0.388267   
21156   59634   0.3928162   B1-1-451
21112.5   59439.75   0.3078003   
21127   59504.5   0.3707019   
21141.5   59569.25   0.3882666   
21294.5   59679.25   0.3078003   
21327   59639.5   0.3709495   
21359.5   59599.75   0.3885346   
21392   59560   0.3931059   B1-1-452
21362   59402.5   0.3078003   
21372   59455   0.370948   
21382   59507.5   0.3885329   
21324   59675.75   0.3078003   
21386   59632.5   0.3709766   
21448   59589.25   0.3885639   
21510   59546   0.3931364   B1-1-52
21708.75   59578.25   0.3078003   
21642.5   59567.5   0.3709766   
21576.25   59556.75   0.3885639   
21391.5   59399   0.3078003   
21431   59448   0.370973   
21470.5   59497   0.3885599   
21573   59350.25   0.3078003   
21552   59415.5   0.370973   
21531   59480.75   0.3885599   
21329.75   59702.5   0.3078003   
21397.5   59686   0.3782001   
21465.25   59669.5   0.3966718   
21533   59653   0.4019251   B1-311-52
21714.5   59605   0.3078003   
21654   59621   0.3782001   
21593.5   59637   0.3966718   
21803   59560.25   0.3078003   
21831   59531.5   0.3709555   
21859   59502.75   0.388541   
21887   59474   0.3931127   B1-1-454
21866.75   59310.5   0.3078003   
21873.5   59365   0.3709536   
21880.25   59419.5   0.388539   
21837   59574.5   0.3078003   
21899   59560   0.3781034   
21961   59545.5   0.3965585   
22023   59531   0.4018031   B1-311-54
22214.25   59464.25   0.3078003   
22150.5   59486.5   0.3781043   
22086.75   59508.75   0.3965595   
22207.25   59439   0.3078003   
22136.5   59436   0.3709745   
22065.75   59433   0.3885616   
21995   59430   0.3931341   B1-1-54
21893.75   59299.5   0.3078003   
21927.5   59343   0.370971   
21961.25   59386.5   0.3885579   
22271.75   59396.25   0.3078003   
22265.5   59350.5   0.3710489   
22259.25   59304.75   0.3886421   
22253   59259   0.393223   B1-320-55
22121   59187.75   0.3078003   
22165   59211.5   0.3710489   
22209   59235.25   0.3886421   
22307   59131.5   0.3078003   
22289   59174   0.3710476   
22271   59216.5   0.3886408   
22315.75   59400.25   0.3078003   
22353.5   59358.5   0.3707123   
22391.25   59316.75   0.3882778   
22429   59275   0.3928279   B1-1-456
22675.75   59316.25   0.3078003   
22593.5   59302.5   0.3707125   
22511.25   59288.75   0.3882781   
22351   59135.5   0.3078003   
22377   59182   0.3707118   
22403   59228.5   0.3882773   
22531.75   59092.75   0.3078003   
22497.5   59153.5   0.3707118   
22463.25   59214.25   0.3882773   
22344.75   59427.25   0.3078003   
22411.5   59412.5   0.3706776   
22478.25   59397.75   0.3882406   
22545   59383   0.3927885   B1-311-56
22704.75   59343.25   0.3078003   
22651.5   59356.5   0.3706775   
22598.25   59369.75   0.3882405   
22753.75   59278.25   0.3078003   
22749.5   59226.5   0.3725538   
22745.25   59174.75   0.3902708   
22741   59123   0.3950035   B1-320-57
22609.75   59054.75   0.3078003   
22653.5   59077.5   0.3725765   
22697.25   59100.25   0.3902953   
22790.5   59005.25   0.3078003   
22774   59044.5   0.3725306   
22757.5   59083.75   0.3902457   
22700.5   59029.25   0.3078003   
22714   59060.5   0.3725965   
22727.5   59091.75   0.390317   
22788.5   59305.5   0.3078003   
22819   59281   0.3707818   
22849.5   59256.5   0.388353   
22880   59232   0.3929091   B1-1-458
22825.25   59032.5   0.3078003   
22843.5   59099   0.3707806   
22861.75   59165.5   0.3883518   
22816.5   59314.25   0.3078003   
22875   59298.5   0.3707649   
22933.5   59282.75   0.3883348   
22992   59267   0.3928891   B1-311-58
23180.25   59237.75   0.3078003   
23117.5   59247.5   0.3707634   
23054.75   59257.25   0.3883331   
23203.75   59203   0.3078003   
23164.5   59178   0.3748869   
23125.25   59153   0.3927958   
23086   59128   0.3980634   B1-1-459
22876.75   59006.5   0.3078003   
22946.5   59047   0.3757365   
23016.25   59087.5   0.3937858   
23060.5   58957   0.3078003   
23069   59014   0.3748226   
23077.5   59071   0.3927262   
23300.75   59205.75   0.3078003   
23358.5   59183.5   0.3866605   
23416.25   59161.25   0.4068817   
23645   59097.75   0.3078003   
23588   59111.5   0.3866611   
23531   59125.25   0.4068824   
23346.5   58884.75   0.3905424   
23389   58969.5   0.4492369   
23431.5   59054.25   0.4806929   
23668.25   59065.75   0.3078003   
23634.5   59047.5   0.3865262   
23600.75   59029.25   0.4067239   
23369.75   58852.75   0.3904882   
23435.5   58905.5   0.4491587   
23501.25   58958.25   0.4805939   
23543.75   58834.75   0.3078003   
23551.5   58893.5   0.3865265   
23559.25   58952.25   0.4067242   
23570   58804.5   0.3078003   
23604   58833   0.3706831   
23638   58861.5   0.3882465   
23672   58890   0.3927944   B1-320-61
23753.75   58758.75   0.3078003   
23726.5   58802.5   0.3706831   
23699.25   58846.25   0.3882465   
23762.5   59068.75   0.3078003   
23823   59053.5   0.3741043   
23883.5   59038.25   0.3919488   
23944   59023   0.3967939   B1-311-62
23821.75   58792   0.3078003   
23862.5   58869   0.3740731   
23903.25   58946   0.3919151   
24688.5   58778   0.3078003   
24685   58726   0.3714006   
24681.5   58674   0.3890228   
24678   58622   0.3936408   B1-320-65
24720   58488.5   0.3078003   
24706   58533   0.3714078   
24692   58577.5   0.3890306   
24720   58794   0.3078003   
24748   58758   0.3712377   
24776   58722   0.3888465   
24804   58686   0.3934595   B1-1-466
24751.5   58504.5   0.3078003   
24769   58565   0.371262   
24786.5   58625.5   0.3888727   
24753.5   58814.5   0.3078003   
24815   58799   0.3852954   
24876.5   58783.5   0.4052772   
24938   58768   0.4104582   B1-311-66
25103.75   58722.25   0.3078003   
25048.5   58737.5   0.3860933   
24993.25   58752.75   0.406215   
24785   58525   0.3078003   
24836   58606   0.3844193   
24887   58687   0.4042474   
24974.75   58498.75   0.3078003   
24962.5   58588.5   0.385089   
24950.25   58678.25   0.4050347   
25131.25   58686.25   0.3078003   
25103.5   58665.5   0.3722229   
25075.75   58644.75   0.3899127   
25048   58624   0.3944592   B1-1-467
25002.25   58462.75   0.3078003   
25017.5   58516.5   0.3719791   
25032.75   58570.25   0.3896488   
25019   58429.5   0.3078003   
25051   58450   0.3078004   
25083   58470.5   0.3753953   
25194.5   58380   0.3078003   
25168   58417   0.3078004   
25141.5   58454   0.3753953   
25112   58404.75   0.3078003   
25113   58433.5   0.3078004   
25114   58462.25   0.3753953   
25198.75   58677.5   0.3314784   
25238.5   58648   0.4034703   
25278.25   58618.5   0.4257773   
25217   58691   0.3422087   
25275   58675   0.4155563   
25333   58659   0.4402117   
25391   58643   0.4474086   B1-311-68
25578.5   58601.75   0.3421963   
25516   58615.5   0.4155263   
25453.5   58629.25   0.4401743   
25568.25   58582.75   0.3078003   
25495.5   58577.5   0.3710847   
25422.75   58572.25   0.3886809   
25253.25   58399   0.3078003   
25285.5   58455   0.3710315   
25317.75   58511   0.3886232   
25431   58347.25   0.3078003   
25404   58420.5   0.3710314   
25377   58493.75   0.3886232   
25600.25   58573   0.3078003   
25559.5   58558   0.3732706   
25518.75   58543   0.3910465   
25478   58528   0.3955182   B1-1-469
25463   58337.5   0.3078003   
25468   58401   0.3727347   
25473   58464.5   0.3904666   
25628.5   58534.5   0.3078003   
25616   58481   0.3833345   
25603.5   58427.5   0.4029725   
25491.25   58299   0.3078003   
25524.5   58324   0.3833071   
25557.75   58349   0.4029402   
25696.75   58248   0.3078003   
25661.5   58290   0.3833152   
25626.25   58332   0.4029498   
25601.5   58273.5   0.4102113   
25598   58307   0.4788615   
25594.5   58340.5   0.5183196   
25662   58555   0.3078003   
25683   58522   0.3736134   
25704   58489   0.3914176   
25725   58456   0.3958901   B1-1-470
25730.25   58268.5   0.3078003   
25728.5   58331   0.3730251   
25726.75   58393.5   0.3907809   
25681   58553.5   0.3078003   
25721   58519   0.3734535   
25761   58484.5   0.3912445   
26029   58453.75   0.3078003   
25953   58452.5   0.3732734   
25877   58451.25   0.3910496   
25749.25   58267   0.3078003   
25766.5   58328   0.3729581   
25783.75   58389   0.3907083   
25700   58572.5   0.3440807   
25759   58557   0.4160794   
25818   58541.5   0.4408788   
25877   58526   0.4481146   B1-311-70
26048   58472.75   0.3441221   
25991   58490.5   0.4160852   
25934   58508.25   0.4408864   
26064.5   58437.25   0.3078003   
26024   58419.5   0.3718871   
25983.5   58401.75   0.3895493   
25934   58215.25   0.3078003   
25937   58271.5   0.371698   
25940   58327.75   0.3893446   
25960.25   58181.75   0.3078003   
25989.5   58204.5   0.3078004   
26018.75   58227.25   0.3753953   
21045.75   59001.5   0.3078003   
20989.5   59016   0.3709252   
20933.25   59030.5   0.3885083   
20877   59045   0.3930787   B1-330-50
20686.5   59098.25   0.3078003   
20750   59080.5   0.370926   
20813.5   59062.75   0.3885092   
20869.5   58748.25   0.3385134   
20940   58746.5   0.4066296   
21010.5   58744.75   0.4293616   
21081   58743   0.4344822   B1-331-51
21258.75   58651.5   0.3394609   
21199.5   58682   0.4088787   
21140.25   58712.5   0.4319916   
21114.75   58802.25   0.3164582   
21103.5   58782.5   0.4012949   
21092.25   58762.75   0.4234224   
21544.5   58837.5   0.3078003   
21480   58821   0.3759483   
21415.5   58804.5   0.3940339   
21351   58788   0.3992823   B1-D3-58
21326.25   58662.75   0.3078003   
21334.5   58704.5   0.3757977   
21342.75   58746.25   0.3938574   
21182.25   58813.5   0.3078003   
21238.5   58805   0.3765985   
21294.75   58796.5   0.3947956   
21570.5   58829.5   0.3078003   
21532   58805   0.3722906   
21493.5   58780.5   0.389986   
21455   58756   0.3947049   B1-D3-453
21352.25   58654.75   0.3078003   
21386.5   58688.5   0.3722808   
21420.75   58722.25   0.3899753   
21545   58723.75   0.3078003   
21515   58734.5   0.372359   
21485   58745.25   0.3900601   
21376.25   58619.25   0.4397673   
21434.5   58617.5   0.5286814   
21492.75   58615.75   0.5928453   
21716.75   58534.5   0.4397673   
21661.5   58561   0.5286814   
21606.25   58587.5   0.5928453   
21569   58688.25   0.3772128   
21563   58663.5   0.4288439   
21557   58638.75   0.4569144   
21629.5   58813   0.3078003   
21650   58772   0.3840873   
21670.5   58731   0.4038572   
21691   58690   0.4093025   B1-D3-454
21751.75   58553.5   0.3078003   
21731.5   58599   0.3840351   
21711.25   58644.5   0.4037959   
21604   58707.25   0.3078003   
21633   58701.5   0.3846577   
21662   58695.75   0.4045277   
21660.25   58803   0.3078003   
21711.5   58752   0.3709715   
21762.75   58701   0.3885584   
22030   58700.25   0.3078003   
21958   58683.5   0.3709696   
21886   58666.75   0.3885563   
21782.5   58543.5   0.3078003   
21793   58579   0.3709683   
21803.5   58614.5   0.3885549   
21887.25   58904   0.3409841   
21879.5   58870   0.4125946   
21871.75   58836   0.4365204   
21672.75   58841   0.3078003   
21736.5   58828   0.3756821   
21800.25   58815   0.3937219   
22042.5   58738.25   0.3078003   
21983   58759.5   0.3756832   
21923.5   58780.75   0.3937234   
22110.5   58756.25   0.3078003   
22119   58795.5   0.369918   
22127.5   58834.75   0.3874369   
21933.25   58925.5   0.374028   
21971.5   58913   0.4244345   
22009.75   58900.5   0.4515786   
22333   58746.75   0.3078003   
22284   58688.5   0.3966301   
22235   58630.25   0.4184225   
22123   58680.75   0.3078003   
22144   58644.5   0.3762877   
22165   58608.25   0.3944315   
22234.75   58419   0.3078003   
22218.5   58470   0.3762859   
22202.25   58521   0.3944293   
22580.25   58960.75   0.3078003   
22594.5   58889.5   0.3719278   
22608.75   58818.25   0.3895933   
22623   58747   0.3942576   B1-2-38
22671   58935.25   0.3078003   
22655   58872.5   0.3719308   
22639   58809.75   0.3895965   
22313.5   58366.5   0.3078003   
22376   58365   0.3894702   
22438.5   58363.5   0.4102092   
22501   58362   0.4157299   B1-331-57
22669   58281.75   0.3078003   
22613   58308.5   0.3894699   
22557   58335.25   0.4102088   
22518.25   58434   0.3078003   
22512.5   58410   0.3896526   
22506.75   58386   0.4104255   
22739.5   58288.75   0.3078003   
22754   58322.5   0.3727337   
22768.5   58356.25   0.3904656   
22783   58390   0.3952397   B1-D3-64
22588.75   58441   0.3078003   
22653.5   58424   0.3727971   
22718.25   58407   0.3905341   
23022.5   58446   0.3078003   
22980   58421   0.377934   
22937.5   58396   0.3963601   
22895   58371   0.4016475   B1-D3-459
22767.5   58284   0.3078003   
22810   58313   0.3779364   
22852.5   58342   0.3963628   
22976   58341   0.3078003   
22949   58351   0.3780728   
22922   58361   0.3965226   
22787.5   58252.25   0.3078003   
22850   58249.5   0.371269   
22912.5   58246.75   0.3888804   
22975   58244   0.3934934   B1-331-59
23163.25   58172.75   0.3078003   
23100.5   58196.5   0.3712677   
23037.75   58220.25   0.3888789   
22996   58309.25   0.3078003   
22989   58287.5   0.3712993   
22982   58265.75   0.3889132   
23080   58430.25   0.3078003   
23095   58389.5   0.3710726   
23110   58348.75   0.3886678   
23125   58308   0.3932566   B1-D3-460
23200.75   58188.75   0.3078003   
23175.5   58228.5   0.3710712   
23150.25   58268.25   0.3886663   
23033.5   58325.25   0.3078003   
23064   58319.5   0.3710873   
23094.5   58313.75   0.3886837   
23584   58420.5   0.3078003   
23592   58488   0.3727759   
23600   58555.5   0.3905111   
23554   58737.75   0.3078003   
23572   58699.5   0.3713608   
23590   58661.25   0.3889797   
23737.75   58692   0.3078003   
23694.5   58669   0.3713608   
23651.25   58646   0.3889797   
23591   58307.25   0.3078003   
23606   58261.5   0.3708041   
23621   58215.75   0.3883772   
23636   58170   0.3929361   B1-D3-462
23710.25   58052.25   0.3078003   
23685.5   58091.5   0.3708041   
23660.75   58130.75   0.3883772   
24070.5   58256.25   0.3078003   
24109   58287.5   0.3706902   
24147.5   58318.75   0.388254   
24186   58350   0.3928021   B1-2-464
24237.75   58527.75   0.3078003   
24220.5   58468.5   0.3706899   
24203.25   58409.25   0.3882537   
23893   58458   0.3689869   
23963   58468   0.4195932   
24033   58478   0.445473   
24217   58562.25   0.3078003   
24179   58537.5   0.3707206   
24141   58512.75   0.3882868   
23994.5   58196.5   0.3078003   
23957   58168   0.3708144   
23919.5   58139.5   0.3883885   
23882   58111   0.3929481   B1-D3-463
23771.75   58037.5   0.3078003   
23808.5   58062   0.3708143   
23845.25   58086.5   0.3883883   
23795   58010.25   0.3078003   
23855   58007.5   0.3708665   
23915   58004.75   0.3884447   
23975   58002   0.3930094   B1-331-63
24161   57903   0.3078003   
24099   57936   0.3708667   
24037   57969   0.3884449   
24052.5   58175   0.3078003   
24073   58125   0.3719655   
24093.5   58075   0.3896341   
24114   58025   0.3943259   B1-D3-464
24195.75   57908.75   0.3078003   
24168.5   57947.5   0.3720095   
24141.25   57986.25   0.3896817   
24089   58206.25   0.3078003   
24146   58187.5   0.3729988   
24203   58168.75   0.3907524   
24260   58150   0.3955323   B1-330-64
24450.5   58098.25   0.3078003   
24387   58115.5   0.3730302   
24323.5   58132.75   0.3907864   
24820   58174.5   0.4029148   
24772   58187   0.4676103   
24724   58199.5   0.5044341   
24554.5   58113.75   0.376088   
24595   58146.5   0.4272789   
24635.5   58179.25   0.4550282   
24719.5   58386   0.3796209   
24705   58328   0.4322388   
24690.5   58270   0.4609763   
24487.75   58125.75   0.3078003   
24461.5   58170.5   0.3717834   
24435.25   58215.25   0.389437   
24409   58260   0.3940987   B1-2-465
24652.75   58398   0.3078003   
24571.5   58352   0.3718047   
24490.25   58306   0.38946   
24474   58050   0.3078003   
24434   58019   0.3858089   
24394   57988   0.4058807   
24354   57957   0.4111497   B1-D3-465
24255.75   57891.75   0.3078003   
24288.5   57913.5   0.3857934   
24321.25   57935.25   0.4058626   
24282.5   57863.5   0.3078003   
24342   57857   0.3766368   
24401.5   57850.5   0.3948405   
24461   57844   0.3999449   B1-331-65
24652.25   57757   0.3078003   
24588.5   57786   0.3766385   
24524.75   57815   0.3948424   
24540.5   58031   0.3712422   
24567   57981   0.4206747   
24593.5   57931   0.4468527   
24620   57881   0.4629855   B1-D3-466
24916.25   57952.25   0.3862098   
24817.5   57928.5   0.442413   
24718.75   57904.75   0.4727435   
24692   57766.25   0.3712639   
24668   57804.5   0.4207037   
24644   57842.75   0.4468896   
24845.5   58126.25   0.3805808   
24823   58090.5   0.4336629   
24800.5   58054.75   0.4626381   
24580   58065.5   0.3078003   
24646   58050   0.3836393   
24712   58034.5   0.4033307   
24955.75   57986.75   0.3078003   
24896.5   57997.5   0.3841079   
24837.25   58008.25   0.4038815   
25248   58076.5   0.3078003   
25213   58086   0.3897168   
25178   58095.5   0.4105017   
25047   58008.25   0.3078003   
25079   58040.5   0.3746635   
25111   58072.75   0.3925539   
25201.5   58283.5   0.3078003   
25182   58224   0.3746635   
25162.5   58164.5   0.392554   
25032   58012.5   0.3078003   
25049   58049   0.3703207   
25066   58085.5   0.387863   
24890.5   58154.75   0.3384817   
24913   58147.5   0.4065548   
24935.5   58140.25   0.4292752   
25000.75   58015.25   0.3078003   
24986.5   58054.5   0.3766443   
24972.25   58093.75   0.3948492   
25035.25   57928.25   0.3078003   
25055.5   57880.5   0.3707167   
25075.75   57832.75   0.3882827   
25175.5   57686.75   0.3078003   
25149   57719.5   0.370716   
25122.5   57752.25   0.3882819   
25063.75   57925.75   0.3078003   
25112.5   57875.5   0.3708144   
25161.25   57825.25   0.3883884   
25423   57839.5   0.3078003   
25352   57818   0.3708143   
25281   57796.5   0.3883883   
25204   57684.25   0.3078003   
25206   57714.5   0.3708134   
25208   57744.75   0.3883873   
25275.5   58031.75   0.3401434   
25268   57996.5   0.4105457   
25260.5   57961.25   0.4340166   
25253   57926   0.4191423   B1-330-68
25074.5   57963.5   0.3078003   
25134   57951   0.3834677   
25193.5   57938.5   0.403129   
25433.75   57877.25   0.3078003   
25373.5   57893.5   0.3834692   
25313.25   57909.75   0.4031308   
25727.75   57950.75   0.3378466   
25699.5   57958.5   0.4050609   
25671.25   57966.25   0.4275504   
25531.25   57889.25   0.3078003   
25568.5   57917.5   0.370905   
25605.75   57945.75   0.3884864   
25709.75   58148   0.3078003   
25687.5   58090   0.370903   
25665.25   58032   0.3884842   
25505.75   57895.25   0.3078003   
25517.5   57929.5   0.3706968   
25529.25   57963.75   0.3882611   
25541   57998   0.3928101   B1-2-044
25684.25   58154   0.3078003   
25636.5   58102   0.370697   
25588.75   58050   0.3882614   
25314   58054.75   0.3078003   
25345   58042.5   0.389832   
25376   58030.25   0.4106384   
25472.25   57900.25   0.3078003   
25450.5   57939.5   0.374701   
25428.75   57978.75   0.3925945   
25445.25   58210   0.3078003   
25432.5   58146   0.3747009   
25419.75   58082   0.3925945   
25455.5   57833   0.3078003   
25417   57805   0.3707121   
25378.5   57777   0.3882776   
25340   57749   0.3928276   B1-D3-469
25236.5   57677.75   0.3078003   
25271   57701.5   0.3707114   
25305.5   57725.25   0.388277   
25478.75   57800.25   0.3078003   
25463.5   57739.5   0.3707046   
25448.25   57678.75   0.3882695   
25433   57618   0.3928188   B1-331-69
25259.75   57645   0.3078003   
25317.5   57636   0.3707042   
25375.25   57627   0.3882691   
25613   57545.25   0.3078003   
25553   57569.5   0.3707044   
25493   57593.75   0.3882694   
25297.25   57488.25   0.3078003   
25342.5   57531.5   0.3707042   
25387.75   57574.75   0.3882691   
25512.25   57813.25   0.3078003   
25530.5   57765.5   0.3708663   
25548.75   57717.75   0.3884445   
25567   57670   0.393009   B1-D3-470
25646.5   57558.25   0.3078003   
25620   57595.5   0.3708663   
25593.5   57632.75   0.3884445   
25747.25   57906.75   0.336826   
25738.5   57870.5   0.4042449   
25729.75   57834.25   0.4266157   
25550.75   57845.25   0.3078003   
25607.5   57829.5   0.3709477   
25664.25   57813.75   0.3885326   
25889.75   57747   0.3078003   
25833.5   57764   0.3709474   
25777.25   57781   0.3885323   
25963.25   57790.25   0.3078003   
25980.5   57850.5   0.3078004   
25997.75   57910.75   0.3753952   
25952   58112   0.3078003   
25973   58065   0.3078004   
25994   58018   0.3753952   
25787   57934.25   0.3300102   
25818   57925.5   0.4032577   
25849   57916.75   0.4255471   
25929.5   57774.5   0.3078003   
25913   57819   0.3078004   
25896.5   57863.5   0.3763365   
25918.25   58096.25   0.3078003   
25905.5   58033.5   0.3687534   
25892.75   57970.75   0.3862045   
25907.75   57703   0.3078003   
25869.5   57676   0.3720965   
25831.25   57649   0.3897759   
25793   57622   0.3944504   B1-D3-471
25703   57546.25   0.3078003   
25733   57571.5   0.3720903   
25763   57596.75   0.3897692   
25931.25   57698.25   0.3078003   
25916.5   57666.5   0.3732452   
25901.75   57634.75   0.391019   
25887   57603   0.3958016   B1-D3-77
25726.5   57541.5   0.3078003   
25780   57562   0.3732425   
25833.5   57582.5   0.3910161   
25937.5   57681   0.3078003   
25929   57632   0.3728964   
25920.5   57583   0.3906416   
25912   57534   0.3953792   B1-331-71
25732.75   57524.25   0.3078003   
25792.5   57527.5   0.3728721   
25852.25   57530.75   0.3906152   
20648.75   59069.5   0.3078003   
20674.5   59023   0.3710228   
20700.25   58976.5   0.3886139   
20726   58930   0.3931924   B1-D3-450
20780.75   58795   0.3078003   
20762.5   58840   0.371022   
20744.25   58885   0.388613   
20607   59055   0.3078003   
20591   58994   0.3741549   
20575   58933   0.3920035   
20559   58872   0.3968875   B1-331-49
20739   58780.5   0.3078003   
20679   58811   0.3741819   
20619   58841.5   0.3920327   
25005   57915   0.3078003   
24995   57854   0.3706676   
24985   57793   0.38823   
25145.25   57673.5   0.3078003   
25088.5   57693   0.3706675   
25031.75   57712.5   0.3882299   
24780.75   57729   0.3078003   
24845.5   57730   0.3706675   
24910.25   57731   0.3882299   
24948.75   57576.75   0.3078003   
24957.5   57628.5   0.3706675   
24966.25   57680.25   0.3882299   
25182.75   57516.75   0.4397673   
25113.5   57588.5   0.5286814   
25044.25   57660.25   0.5928453   
20916   59451.75   0.3078003   
20949   59483.5   0.3707163   
20982   59515.25   0.3882822   
21015   59547   0.3928324   B1-320-50
21077.25   59418   0.3078003   
21056.5   59461   0.3707156   
21035.75   59504   0.3882814   
20849.5   59439.75   0.3078003   
20816   59459.5   0.3707547   
20782.5   59479.25   0.3883238   
20749   59499   0.392878   B1-D2-52
21904.5   58968   0.3410862   
21914   58998   0.4128415   
21923.5   59028   0.4368281   
21878.25   59206.5   0.3078003   
21896.5   59157   0.3757259   
21914.75   59107.5   0.3937734   
22041   59137.5   0.3078003   
22005   59111   0.3757259   
21969   59084.5   0.3937733   
21887.25   59236   0.3078003   
21914.5   59216   0.3706638   
21941.75   59196   0.3882259   
21969   59176   0.3927736   B1-D2-57
22050   59167   0.3078003   
22023   59170   0.3706638   
21996   59173   0.3882259   
24776.75   58476.25   0.3078003   
24819.5   58508.5   0.3711508   
24862.25   58540.75   0.3887524   
24905   58573   0.3933404   B1-320-66
24966.5   58450   0.3078003   
24946   58491   0.371146   
24925.5   58532   0.3887473   
24857.5   58189.5   0.3399196   
24847   58217   0.4099991   
24836.5   58244.5   0.4333526   
24757   58401   0.3078003   
24780   58358   0.3756402   
24803   58315   0.393673   
24946.75   58374.75   0.3078003   
24906.5   58340.5   0.3756388   
24866.25   58306.25   0.3936713   
24767.5   58441.75   0.3078003   
24801   58439.5   0.3707697   
24834.5   58437.25   0.3883401   
24868   58435   0.3928943   B1-D2-69
24957.25   58415.5   0.3078003   
24927.5   58422   0.3707675   
24897.75   58428.5   0.3883376   
24920.25   58172.25   0.3078003   
24972.5   58182.5   0.392592   
25024.75   58192.75   0.413863   
25009.5   58357.5   0.3078003   
25032   58306   0.3078005   
25054.5   58254.5   0.3780783   
25185   58308   0.3078003   
25149   58273   0.3078005   
25113   58238   0.3780783   
25102.5   58332.75   0.3078003   
25094   58289.5   0.3078005   
25085.5   58246.25   0.3780783   
25250.75   58364.25   0.3078003   
25280.5   58385.5   0.3078004   
25310.25   58406.75   0.3753953   
25428.5   58312.5   0.3078003   
25399   58351   0.3078004   
25369.5   58389.5   0.3753953   
25480.5   58228.5   0.3078003   
25503   58183   0.37089   
25525.5   58137.5   0.3884701   
25686   58177.5   0.3078003   
25640   58149   0.37089   
25594   58120.5   0.3884702   
25590.75   58203   0.3078003   
25576.5   58166   0.3720489   
25562.25   58129   0.3897244   
25755.75   58232.75   0.3078003   
25779.5   58259.5   0.3706761   
25803.25   58286.25   0.388239   
25905   58197.5   0.3078003   
25879   58236   0.3706761   
25853   58274.5   0.388239   
25833   58216.25   0.3078003   
25831   58248.5   0.3706763   
25829   58280.75   0.3882393   
21770.75   59538   0.3078003   
21766.5   59487   0.3706893   
21762.25   59436   0.3882529   
21758   59385   0.3928009   B1-320-53
21635   59310   0.3078003   
21676   59335   0.370689   
21717   59360   0.3882526   
21834.5   59288.25   0.3078003   
21809   59320.5   0.370689   
21783.5   59352.75   0.3882526   
25177.75   58667.5   0.3078003   
25196.5   58628   0.3718853   
25215.25   58588.5   0.3895473   
25224.25   58394.5   0.3078003   
25227.5   58446   0.3716967   
25230.75   58497.5   0.3893432   
21075.75   59032.25   0.3078003   
21049.5   59077.5   0.3713385   
21023.25   59122.75   0.3889555   
20997   59168   0.3936172   B1-2-451
20911.5   59357   0.3078003   
20940   59294   0.3713381   
20968.5   59231   0.3889551   
21072.75   59323.25   0.3078003   
21047.5   59271.5   0.3713436   
21022.25   59219.75   0.388961   
21163.5   59317.25   0.3078003   
21108   59267.5   0.3715159   
21052.5   59217.75   0.3891476   
22061.25   58692.25   0.3078003   
22020.5   58667.5   0.3707814   
21979.75   58642.75   0.3883526   
21939   58618   0.3929089   B1-D3-455
21813.75   58535.5   0.3078003   
21855.5   58563   0.3707807   
21897.25   58590.5   0.3883519   
25543   57809.25   0.3078003   
25592   57757.5   0.3726118   
25641   57705.75   0.3903335   
25690   57654   0.39506   B1-D3-76
25882   57711   0.3078003   
25818   57692   0.3726118   
25754   57673   0.3903335   
25677.25   57554.25   0.3078003   
25681.5   57587.5   0.372614   
25685.75   57620.75   0.3903359   
21847   58983.5   0.3762075   
21799   59029   0.4274438   
21751   59074.5   0.4552282   
21703   59120   0.4260995   B1-321-53
21632.5   58920.5   0.3078003   
21656   58987   0.3886427   
21679.5   59053.5   0.4092275   
21621.25   59243.75   0.3078003   
21648.5   59202.5   0.3878536   
21675.75   59161.25   0.4082914   
21820.75   59222   0.3078003   
21781.5   59188   0.3878199   
21742.25   59154   0.4082514   
22211.5   59412.5   0.3078003   
22145   59383   0.3706938   
22078.5   59353.5   0.3882579   
22012   59324   0.3928062   B1-320-54
21898   59273   0.3078003   
21936   59290   0.3706936   
21974   59307   0.3882576   
22060.75   59204   0.3078003   
22044.5   59244   0.3706935   
22028.25   59284   0.3882575   
21964.25   58945.25   0.3445178   
22033.5   58952.5   0.416141   
22102.75   58959.75   0.4409595   
22329.5   58845.5   0.3078003   
22277   58886   0.3908916   
22224.5   58926.5   0.4118953   
22100.75   59114.75   0.3078003   
22124.5   59065.5   0.3772901   
22148.25   59016.25   0.3956058   
22286.75   59058.5   0.3078003   
22248.5   59028   0.3772901   
22210.25   58997.5   0.3956057   
22873.25   58719   0.3078003   
22877.5   58746   0.3909205   
22881.75   58773   0.4119297   
22826.75   58924.5   0.3078003   
22846.5   58883   0.3751122   
22866.25   58841.5   0.3930545   
23010.5   58875   0.3078003   
22969   58850   0.3751122   
22927.5   58825   0.3930545   
24278.25   58544.5   0.3078003   
24301.5   58502   0.3707158   
24324.75   58459.5   0.3882816   
24348   58417   0.3928323   B1-321-64
25763.5   57965.75   0.3383823   
25771   57988.5   0.406321   
25778.5   58011.25   0.4290054   
25745.5   58163   0.3078003   
25759   58120   0.3706825   
25772.5   58077   0.3882458   
25894.75   58127.75   0.3078003   
25858.5   58096.5   0.3706825   
25822.25   58065.25   0.3882458   
25822.75   58146.5   0.3078003   
25810.5   58109   0.3706827   
25798.25   58071.5   0.388246   
22731   59308   0.3078003   
22704   59286   0.3707413   
22677   59264   0.3883092   
22650   59242   0.3928632   B1-1-457
22587   59084.5   0.3078003   
22608   59137   0.370743   
22629   59189.5   0.3883111   
21038   58964.25   0.3078003   
20974   58941.5   0.3719547   
20910   58918.75   0.3896224   
20846   58896   0.3943066   B1-D3-56
20678.75   59061   0.3078003   
20734.5   59006   0.3719357   
20790.25   58951   0.3896018   
20810.75   58786.5   0.3078003   
20822.5   58823   0.3718945   
20834.25   58859.5   0.3895572   
21056   58840.5   0.3078003   
20986   58859   0.3720992   
20916   58877.5   0.3897788   
22588.25   58624.75   0.3078003   
22601.5   58654.5   0.3715613   
22614.75   58684.25   0.3891966   
22628   58714   0.3938254   B1-2-038
20632.75   59153.75   0.3078003   
20642.5   59191.5   0.3789106   
20652.25   59229.25   0.3975055   
20662   59267   0.4028912   B1-2-34
20827.75   59381.75   0.3078003   
20772.5   59343.5   0.3790205   
20717.25   59305.25   0.3976418   
22081.5   58662.75   0.3078003   
22061   58608.5   0.3706895   
22040.5   58554.25   0.3882532   
22020   58500   0.3928013   B1-331-55
21834   58506   0.3078003   
21896   58504   0.3706894   
21958   58502   0.388253   
22193.25   58401   0.3078003   
22135.5   58434   0.3706896   
22077.75   58467   0.3882533   
21912   58344   0.3078003   
21948   58396   0.3706893   
21984   58448   0.388253   
23331.25   58802.5   0.3078003   
23358.5   58805   0.3706758   
23385.75   58807.5   0.3882387   
23413   58810   0.3927866   B1-D2-63
23505.25   58784.5   0.3078003   
23474.5   58793   0.3706758   
23443.75   58801.5   0.3882387   
25298.25   58128.25   0.3078003   
25313.5   58189.5   0.3831152   
25328.75   58250.75   0.4027146   
25251.75   58335.25   0.3078003   
25282.5   58327.5   0.3740128   
25313.25   58319.75   0.3918498   
25429.5   58283.5   0.3078003   
25401   58293   0.3740128   
25372.5   58302.5   0.3918498   
26098.75   58431.25   0.3078003   
26092.5   58407.5   0.3733163   
26086.25   58383.75   0.3910961   
26080   58360   0.3955787   B1-1-071
25968.25   58209.25   0.3078003   
26005.5   58259.5   0.3727919   
26042.75   58309.75   0.3905285   
20837.25   59405.75   0.3078003   
20791.5   59391.5   0.3762632   
20745.75   59377.25   0.3944027   
20700   59363   0.3994703   B1-321-49
21260.25   59666.5   0.3078003   
21258.5   59614   0.3706805   
21256.75   59561.5   0.3882436   
21255   59509   0.3927915   B1-320-51
21137.25   59408.5   0.3078003   
21176.5   59442   0.3706803   
21215.75   59475.5   0.3882434   
21327.75   59389.75   0.3078003   
21303.5   59429.5   0.3706803   
21279.25   59469.25   0.3882434   
21228   59402.5   0.3078003   
21237   59438   0.3706805   
21246   59473.5   0.3882436   
25151.5   58675.5   0.3078003   
25144   58644   0.37196   
25136.5   58612.5   0.3896282   
25129   58581   0.3941723   B1-1-067
25022.5   58452   0.3078003   
25058   58495   0.3717533   
25093.5   58538   0.3894045   
22100.5   58744.75   0.3078003   
22099   58772.5   0.3706822   
22097.5   58800.25   0.3882454   
22096   58828   0.3927934   B1-2-037
20666.5   59141   0.3078003   
20710   59166   0.3708696   
20753.5   59191   0.3884481   
20797   59216   0.3930135   B1-2-450
20861.5   59369   0.3078003   
20840   59318   0.3708706   
20818.5   59267   0.3884492   
25502   57438.75   0.3151453   
22125   58287.75   0.3078003   
24305   58315   0.55   B1-2-141
24550   58666   0.55   B1-320-P65
20572   58649   0.55   B1-3-48
20871   58569   0.55   B1-3-49
21155   58497   0.55   B1-3-50
22607   58121   0.6185   B1-3-55
23185   57966   0.55   B1-3-57
23477   57895   0.55   B1-3-58
23783   57820   0.55   B1-3-59
24380   57642   0.55   B1-3-61
25825   57292   0.55   B1-3-66
21570   58369   0.55   B1-3-D51
24223   57691   0.55   B1-3-D60
21459   58393   0.55   B1-3-F51
22612   58092   0.55   B1-3-F55
21513   58457   0.55   B1-3-P257
23980   57820   0.55   B1-3-P269
24193   57760   0.55   B1-3-P270
23176   58028   0.55   B1-3-SP265
23439   57955   0.55   B1-3-SP266
24398   58596   0.55   B1-D2-67
23253   58313   0.55   B1-D3-P66
21496   58410   0.55   G100-40
24153   58873   0.5544289   B1-1-063
24202   58863   0.5527239   B1-1-63
24184   58970   0.5786938   B1-311-63
23572   58041   0.5709133   B1-31-562
24055   58797   0.576548   B1-320-P63
23491   58129   0.6004938   B1-331-61
24071   57739   0.5558692   B1-3-60
22786   58052   0.674655   B1-3-D55
23342   57931   0.5858587   B1-3-D57
23899   57802   0.5629808   B1-3-D59
23658   57894   0.6309022   B1-3-P267
24010   58639   0.5876649   B1-D2-463
24498   58526   0.5924254   B1-D2-465
23174   58894   0.5565813   B1-D2-P62
24428   58565   0.5737905   B1-D2-P67
23299   58266   0.5953359   B1-D3-66
23761   58147   0.5700468   B1-D3-68
24239   58018   0.6496363   B1-D3-70
23766   58184   0.5953439   B1-D3-P68
19758.8671875   56737.22265625   0.5437859   
251815.28125   56737.22265625   0.3093084   
24388   58814   0.542272   B1-1-64
24401   58701   0.5342859   B1-320-64
24318   58734   0.548166   B1-320-P64
21401   59067   0.3031   B1-2-135
21895   58938   0.3031   B1-2-136
22382   58805   0.3031   B1-2-137
22869   58692   0.3031   B1-2-138
23331   58575   0.3031   B1-2-139
23823   58448   0.3031   B1-2-140
24868   58162   0.3031   B1-2-142
25283   58067   0.3031   B1-2-143
25756   57943   0.3031   B1-2-144
21445   58423   0.3031   B1-3-51
22023   58256   0.3031   B1-3-53
22907   58052   0.3031   B1-3-56
24721   57569   0.3031   B1-3-62
24940   57525   0.3031   B1-3-63
25252   57445   0.3031   B1-3-64
25525   57379   0.3031   B1-3-65
26098   57244   0.3031   B1-3-67
21876   58292   0.3031   B1-3-F52
22160   58217   0.3031   B1-3-F53
20822   59847   0.3031   B1-311-49
21262   59719   0.3031   B1-311-51
21775   59589   0.3031   B1-311-53
22278   59442   0.3031   B1-311-55
22758   59330   0.3031   B1-311-57
23243   59228   0.3031   B1-311-59
23702   59084   0.3031   B1-311-61
24692   58830   0.3031   B1-311-65
25159   58707   0.3031   B1-311-67
25641   58588   0.3031   B1-311-69
26105   58455   0.3031   B1-311-71
21102   58987   0.3031   B1-330-51
21609   58854   0.3031   B1-330-53
22102   58717   0.3031   B1-330-55
22575   58595   0.3031   B1-330-57
23065   58471   0.3031   B1-330-59
23576   58353   0.3031   B1-330-61
24032   58225   0.3031   B1-330-63
24514   58081   0.3031   B1-330-65
25015   57976   0.3031   B1-330-67
25494   57861   0.3031   B1-330-69
25946   57730   0.3031   B1-330-71
20623   59116   0.3031   B1-330-J49
20799   58750   0.3031   B1-331-50
21318   58621   0.3031   B1-331-52
21772   58508   0.3031   B1-331-54
22251   58368   0.3031   B1-331-56
22725   58255   0.3031   B1-331-58
23735   58013   0.3031   B1-331-62
24223   57870   0.3031   B1-331-64
25202   57654   0.3031   B1-331-68
25673   57521   0.3031   B1-331-70
23226   58149   0.3031   B1-331-S60
24716   57728   0.3031   B1-331-S66
20883   59420   0.3031   B1-D2-450
21098   59375   0.3031   B1-D2-451
21352   59350   0.3031   B1-D2-452
21594   59285   0.3031   B1-D2-453
21860   59256   0.3031   B1-D2-454
22077   59164   0.3031   B1-D2-455
22325   59089   0.3031   B1-D2-456
22566   59032   0.3031   B1-D2-457
22807   58966   0.3031   B1-D2-458
23052   58900   0.3031   B1-D2-459
23304   58800   0.3031   B1-D2-460
23536   58776   0.3031   B1-D2-461
23781   58715   0.3031   B1-D2-462
24255   58587   0.3031   B1-D2-464
24734   58444   0.3031   B1-D2-466
24987   58409   0.3031   B1-D2-467
25221   58343   0.3031   B1-D2-468
25458   58274   0.3031   B1-D2-469
25732   58206   0.3031   B1-D2-470
25931   58159   0.3031   B1-D2-471
22687   58998   0.3031   B1-D2-60
25111   58376   0.3031   B1-D2-70
25605   58240   0.3031   B1-D2-72
25835   58184   0.3031   B1-D2-73
26019   58136   0.3031   B1-D2-74
21219   59367   0.3031   B1-D2-54
21126   58822   0.3031   B1-D3-57
21575   58713   0.3031   B1-D3-59
22524   58458   0.3031   B1-D3-63
23003   58331   0.3031   B1-D3-65
20878.66015625   60014.87890625   0.3031   B1-311-SP68
19758.8671875   593711.9375   0.3031   
251815.28125   593711.9375   0.3031   
24332   58354   0.684   B1-2-P141
23321   58048   0.684   B1-31-561
23360   58150   0.684   B1-331-SP61
20717   58608   0.684   B1-3-D48
21051   58519   0.684   B1-3-D49
21292   58455   0.684   B1-3-D50
23066   58007   0.684   B1-3-D56
23589   57879   0.684   B1-3-D58
25675   57334   0.684   B1-3-D65
25966   57263   0.684   B1-3-D66
22870   58038   0.684   B1-3-F56
20697   58660   0.684   B1-3-P253
21132   58546   0.684   B1-3-P255
22580   58163   0.684   B1-3-P262
22757   58137   0.684   B1-3-P263
22971   58076   0.684   B1-3-P264
25710   57369   0.684   B1-3-P277
25918   57330   0.684   B1-3-P278
20619   58641   0.684   G100-37
20900   58570   0.684   G100-38
21205   58491   0.684   G100-39
22655   58111   0.684   G100-44
22961   58053   0.684   G100-45
20748   59773   0.3470327   B1-1-049
21032   59688   0.3936376   B1-1-050
21326   59567   0.3912228   B1-1-051
21562   59539   0.388638   B1-1-052
22044   59424   0.3911122   B1-1-054
22384   59355   0.3775441   B1-1-055
22542   59331   0.3870023   B1-1-056
22847   59191   0.3898135   B1-1-057
22998   59141   0.3956002   B1-1-058
23268   59116   0.3709301   B1-1-059
23891   58948   0.3876445   B1-1-062
24432   58796   0.5107322   B1-1-064
24711   58688   0.3858216   B1-1-065
20914   59711   0.3885287   B1-1-450
23802   58953   0.376667   B1-1-462
24044   58908   0.5236866   B1-1-463
20832   59734   0.3701409   B1-1-49
21820   59537   0.3505812   B1-1-53
22267   59360   0.3572315   B1-1-55
22496   59333   0.3893529   B1-1-56
22803   59221   0.3798026   B1-1-57
22956   59175   0.3971639   B1-1-58
23233   59109   0.3690938   B1-1-59
23938   58934   0.421333   B1-1-62
24687   58732   0.365703   B1-1-65
24929   58668   0.4035607   B1-1-66
21073   59678   0.3895276   B1-1-P50
21558   59574   0.392291   B1-1-P52
22061   59449   0.3913646   B1-1-P54
22524   59357   0.3900868   B1-1-P56
23018   59194   0.3944369   B1-1-P58
23974   58948   0.4474431   B1-1-P62
24448   58826   0.4739655   B1-1-P64
24941   58709   0.4075345   B1-1-P66
25869   58431   0.3892422   B1-1-P70
25149   58614   0.3849082   B1-1-X67
20668   59225   0.3955851   B1-2-034
21095   59146   0.3882432   B1-2-035
21635   58947   0.3433397   B1-2-036
23586   58433   0.3266915   B1-2-040
24544   58249   0.4055658   B1-2-042
20905   59565   0.3659866   B1-20-550
21166   59494   0.3798712   B1-20-551
21372   59459   0.3731246   B1-20-552
21888   59322   0.3282804   B1-20-554
22106   59280   0.3690849   B1-20-555
22352   59211   0.3784234   B1-20-556
22842   59094   0.3675939   B1-20-558
23113   59036   0.4043168   B1-20-559
23819   58841   0.3490639   B1-20-562
20904   59189   0.391348   B1-2-134
20830   59350   0.3410227   B1-21-550
21085   59275   0.3607636   B1-21-551
22530   58898   0.379522   B1-21-557
22797   58867   0.3829361   B1-21-558
23255   58712   0.3585999   B1-21-560
23972   58528   0.4605666   B1-21-563
21094   59296   0.3378689   B1-21-M551
22772   58841   0.4135754   B1-21-M558
21649   59001   0.3952444   B1-2-36
23581   58505   0.3790214   B1-2-40
21368   59053   0.3868234   B1-2-M135
20947   59222   0.3915654   B1-2-P134
22395   58848   0.3565358   B1-2-P137
22887   58722   0.3229886   B1-2-P138
23362   58575   0.3097781   B1-2-P139
23845   58463   0.3270123   B1-2-P140
25305   58095   0.3064328   B1-2-P143
25778   57975   0.3755934   B1-2-P144
20698   59251   0.400653   B1-2-P34
21679   59030   0.4060469   B1-2-P36
22636   58785   0.3965028   B1-2-P38
23602   58530   0.3874007   B1-2-P40
24577   58284   0.4042099   B1-2-P42
20763   59068   0.3751329   B1-30-550
21282   58945   0.4196739   B1-30-552
21489   58889   0.4004853   B1-30-553
22202   58697   0.3676601   B1-30-556
22436   58629   0.3988643   B1-30-557
23647   58304   0.3510615   B1-30-562
23938   58251   0.3521548   B1-30-563
24155   58197   0.3762656   B1-30-564
22958   58490   0.4219941   B1-30-M559
20692   58780   0.3865589   B1-31-550
20945   58710   0.446238   B1-31-551
21213   58649   0.4130579   B1-31-552
22374   58322   0.3819472   B1-31-557
22613   58277   0.4138153   B1-31-558
23092   58154   0.4228436   B1-31-560
23861   57963   0.3952373   B1-31-563
24320   57852   0.3603449   B1-31-565
24567   57779   0.3788421   B1-31-566
21512   59452   0.3790912   B1-320-52
22961   59049   0.3785987   B1-320-58
23217   58979   0.4731337   B1-320-59
23928   58814   0.4346502   B1-320-62
20922   59589   0.3779001   B1-320-P50
21399   59484   0.3826459   B1-320-P52
21655   59429   0.3736206   B1-320-P53
21904   59373   0.3755599   B1-320-P54
22142   59295   0.3744687   B1-320-P55
22388   59230   0.3874865   B1-320-P56
22874   59101   0.3701343   B1-320-P58
23077   59021   0.3812281   B1-320-P59
23803   58872   0.3660039   B1-320-P62
24794   58605   0.3840117   B1-320-P66
25017   58546   0.3802162   B1-320-P67
21138   59558   0.3870482   B1-320-SP51
20928   59307   0.3579843   B1-321-50
22649   58855   0.3820885   B1-321-57
23127   58730   0.3603155   B1-321-59
24574   58337   0.3760303   B1-321-65
25300   58148   0.3332349   B1-321-68
21118   59293   0.3406031   B1-321-P51
21591   59192   0.3482988   B1-321-P53
21816   59132   0.3982513   B1-321-P54
22557   58940   0.334065   B1-321-P57
22770   58875   0.3841324   B1-321-P58
24002   58555   0.4898156   B1-321-P63
24249   58512   0.3248522   B1-321-P64
24498   58417   0.4500421   B1-321-P65
25929   58056   0.3378772   B1-321-P71
21264   58967   0.4188982   B1-330-P52
21519   58910   0.3824756   B1-330-P53
22231   58740   0.3735659   B1-330-P56
23207   58495   0.3804606   B1-330-P60
23435   58412   0.3766397   B1-330-P61
23699   58350   0.3805993   B1-330-P62
24416   58174   0.3799879   B1-330-P65
24660   58102   0.4124561   B1-330-P66
24886   58056   0.3988941   B1-330-P67
25132   57978   0.3758134   B1-330-P68
25356   57920   0.3969163   B1-330-P69
20708   58834   0.369999   B1-331-P50
20919   58764   0.387666   B1-331-P51
21921   58524   0.3819763   B1-331-P55
22399   58384   0.3889853   B1-331-P57
22642   58329   0.3676535   B1-331-P58
22864   58283   0.3732184   B1-331-P59
23122   58202   0.3587449   B1-331-P60
23610   58090   0.4628455   B1-331-P62
23849   58012   0.3654711   B1-331-P63
24089   57966   0.3747417   B1-331-P64
24350   57903   0.3873761   B1-331-P65
24583   57834   0.4179324   B1-331-P66
24843   57758   0.375412   B1-331-P67
25553   57586   0.3766914   B1-331-P70
25785   57524   0.3642311   B1-331-P71
21202   58706   0.4021592   B1-331-SP52
22319   58198   0.3480475   B1-3-54
22453   58153   0.549465   B1-3-D54
25382   57406   0.309871   B1-3-D64
22396   58224   0.4609795   B1-3-P261
24409   57699   0.4850764   B1-3-SP271
24647   57651   0.3031   B1-3-SP272
24855   57551   0.3031   B1-3-SP273
21720   59270   0.3699825   B1-D2-56
24143   58622   0.4099663   B1-D2-66
20791   59508   0.3832478   B1-D2-M52
20763   59545   0.3953746   B1-D2-P52
22715   59036   0.3314223   B1-D2-P60
22935   58969   0.3664694   B1-D2-P61
24139   58654   0.4229953   B1-D2-P66
20981   58856   0.374721   B1-D3-451
21237   58774   0.3748466   B1-D3-452
22440   58488   0.3423789   B1-D3-457
22654   58427   0.3746009   B1-D3-458
20609   58953   0.3886487   B1-D3-55
24003   58076   0.3837324   B1-D3-69
24481   57958   0.4055138   B1-D3-71
24991   57821   0.3817912   B1-D3-73
25450   57714   0.3814342   B1-D3-75
20655   58972   0.3873819   B1-D3-M55
20626   58987   0.3762083   B1-D3-P55
20859   58926   0.3942472   B1-D3-P56
21105   58847   0.3031   B1-D3-P57
21353   58813   0.4041209   B1-D3-P58
21611   58709   0.3246305   B1-D3-P59
22067   58623   0.3587078   B1-D3-P61
22313   58564   0.3907022   B1-D3-P62
22798   58429   0.4218216   B1-D3-P64
23042   58364   0.3301091   B1-D3-P65
24015   58124   0.3597125   B1-D3-P69
24253   58062   0.5484435   B1-D3-P70
24499   57995   0.3823194   B1-D3-P71
24747   57921   0.4589397   B1-D3-P72
24964   57869   0.3651017   B1-D3-P73
25217   57807   0.3945919   B1-D3-P74
25449   57742   0.3726492   B1-D3-P75
25701   57685   0.3943247   B1-D3-P76
22365   58181   0.4492793   G100-43
20830   59522   0.3641964   G94-37
22337   59162   0.3379808   G94-42
23151   58933   0.4770226   G94-45
20769   59235   0.3971658   G96-37
21051   59166   0.3897175   G96-38
21348   59078   0.4316562   G96-39
21602   59003   0.4001422   G96-40
21913   58908   0.360617   G96-41
20661   58942   0.3934152   G98-37
20943   58866   0.3847823   G98-38
21281   58772   0.3874498   G98-39
21526   58751   0.3545842   G98-40
21864   58636   0.3902626   G98-41
22182   58608   0.4012164   G98-42
22368   58491   0.3569517   G98-43
22620   58434   0.3515266   G98-44
22908   58394   0.4039192   G98-45
22592   58434   0.3172715   G98-F44
22255   58524   0.3861065   S117
25630   58463   0.3791727   B1-1-069
25652   58485   0.3724539   B1-1-69
21304   59213   0.4288177   B1-21-552
24217   58463   0.3737838   B1-21-564
21156   59126   0.4154524   B1-2-35
21277   59099   0.4771607   B1-2-452
25643   57974   0.3933204   B1-2-470
25880   57908   0.3856314   B1-2-471
21420   59091   0.3756028   B1-2-P135
21226   59142   0.4507943   B1-2-P35
21002   59016   0.3586474   B1-30-551
21189   59236   0.4079493   B1-321-51
24103   58488   0.392898   B1-321-63
25786   58034   0.3928117   B1-321-70
20843   59373   0.3098976   B1-321-P50
21347   59246   0.3970236   B1-321-P52
25721   57798   0.3934207   B1-330-70
24175   58241   0.3916263   B1-330-P64
25614   57851   0.3651333   B1-330-P70
25865   57789   0.3406716   B1-330-P71
21030   59058   0.3599763   B1-330-SP51
21436   58641   0.4116381   B1-331-P53
25058   57712   0.3848928   B1-331-P68
25306   57635   0.3590861   B1-331-P69
24567   57625   0.3807316   B1-3-D61
24625   58495   0.3984997   B1-D2-68
23666   58771   0.3603885   B1-D2-P64
24654   58496   0.34149   B1-D2-P68
22040   58589   0.3821439   B1-D3-61
21408   59370   0.3180006   G94-39
23664   59002   0.3617228   B1-1-061
23716   58985   0.3568614   B1-1-61
23568   58896   0.3665133   B1-20-561
21904   58982   0.3677164   B1-2-P136
24804   58221   0.4249551   B1-2-P142
21954   58762   0.3795541   B1-30-555
23570   58927   0.3785517   B1-320-P61
25548   58092   0.3927987   B1-321-69
25690   58122   0.3409514   B1-321-P70
20792   59097   0.3830463   B1-330-P50
21703   58552   0.4186066   B1-331-P54
21478   59302   0.3434299   B1-D2-55
21484   59335   0.3359871   B1-D2-P55
22225   59140   0.3546124   B1-D2-P58
21831   58677   0.3924553   B1-D3-P60
22871   59003   0.3058722   G94-44
21788   59473   0.3784564   B1-1-053
22136   59384   0.3734473   B1-1-455
23567   59011   0.3930042   B1-1-461
21284   59603   0.3755585   B1-1-51
21557   59141   0.3907819   B1-21-553
21795   59089   0.4128614   B1-21-554
22065   59016   0.3753104   B1-21-555
23489   58658   0.3762346   B1-21-561
23723   58607   0.365247   B1-21-562
24704   58322   0.3951808   B1-2-42
25508   58006   0.391444   B1-2-44
21771   58975   0.3808166   B1-2-454
22048   58888   0.3930548   B1-2-455
24958   58133   0.3928168   B1-2-467
23128   58636   0.3935398   B1-2-P39
25537   58028   0.3949517   B1-2-P44
21732   58828   0.366273   B1-30-554
23419   58377   0.3959242   B1-30-561
23474   59139   0.3947518   B1-311-60
22814   58229   0.3788309   B1-31-559
21933   59058   0.3941828   B1-321-54
23608   58623   0.3928388   B1-321-61
24826   58272   0.3933518   B1-321-66
25077   58203   0.379604   B1-321-67
22070   59061   0.3460642   B1-321-P55
23507   58685   0.3493225   B1-321-P61
24742   58366   0.3689577   B1-321-P66
24974   58321   0.3238572   B1-321-P67
21864   58802   0.3939778   B1-330-54
24778   58019   0.4211121   B1-330-66
21762   58846   0.3768439   B1-330-P54
21986   58803   0.3705656   B1-330-P55
22163   58468   0.3767147   B1-331-P56
22201   59120   0.3542409   B1-D2-58
22443   59061   0.3399877   B1-D2-59
23895   58686   0.4163741   B1-D2-65
22468   59081   0.3337625   B1-D2-P59
23918   58711   0.4389531   B1-D2-P65
23442   58263   0.4894314   B1-D3-461
22562   58494   0.3330125   B1-D3-P63
21671   59498   0.3578457   B1-1-453
23079   58592   0.3962415   B1-2-039
24042   58440   0.4227967   B1-2-041
21628   59391   0.351568   B1-20-553
22596   59154   0.3706877   B1-20-557
22294   58964   0.3732409   B1-21-556
23023   58782   0.3508488   B1-21-559
23097   58644   0.3912562   B1-2-39
24069   58379   0.3925124   B1-2-41
21527   59036   0.4155812   B1-2-453
22274   58844   0.3939946   B1-2-456
22983   58639   0.3872325   B1-2-459
23216   58605   0.3950007   B1-2-460
23469   58550   0.3947627   B1-2-461
23691   58482   0.3964103   B1-2-462
23939   58406   0.4104207   B1-2-463
25143   58105   0.3928326   B1-2-468
25407   58018   0.3930221   B1-2-469
24078   58414   0.4002009   B1-2-P41
23148   58473   0.3317739   B1-30-560
22467   58626   0.3863344   B1-30-F557
23164   58500   0.3526106   B1-30-M560
21885   58475   0.3503545   B1-31-555
22505   59168   0.3730627   B1-320-56
22616   59195   0.3868047   B1-320-P57
22172   58967   0.3931278   B1-321-55
22410   58914   0.3962927   B1-321-56
22886   58800   0.3933129   B1-321-58
23376   58664   0.3932378   B1-321-60
23866   58555   0.3931087   B1-321-62
22314   58995   0.3473877   B1-321-P56
23038   58807   0.3495418   B1-321-P59
23763   58615   0.3505234   B1-321-P62
25226   58268   0.3144652   B1-321-P68
22476   58670   0.3798998   B1-330-P57
22964   58537   0.3964045   B1-330-P59
23932   58294   0.3773002   B1-330-P63
25344   58312   0.3928009   B1-D2-71
24882   58459   0.3939054   B1-D2-P69
22186   58572   0.4042557   B1-D3-456
22582   59079   0.304859   G94-43
22477   58781   0.40694   G96-43
22791   58708   0.4342146   G96-44
23082   58675   0.3892966   G96-45
22136   58874   0.3843801   B1-2-37
22155   58918   0.39112   B1-2-P37
22986   58509   0.3826008   B1-30-559
23276   58737   0.3219581   B1-321-P60
23551   58231   0.4226847   B1-D3-67
22243   58846   0.3912056   G96-42
23332   59070   0.4234381   B1-1-460
23494   59074   0.3974164   B1-1-P60
23346   58918   0.3733293   B1-20-560
24086   57905   0.3889772   B1-31-564
23346   58974   0.4141244   B1-320-SP60
22029   58334   0.3328277   B1-3-P259
20993   59421   0.335408   B1-D2-53
21013   59462   0.3654698   B1-D2-P53
23537   58256   0.3962149   B1-D3-P67
23478   59043   0.4071437   B1-1-060
23415   59061   0.4122579   B1-1-60
22695   58567   0.4548028   B1-30-558
22122   58410   0.356747   B1-31-556
23425   58933   0.3929733   B1-320-60
22722   58607   0.4354579   B1-330-P58
22028   58327   0.329558   B1-3-SP258
23190   58870   0.4995039   B1-D2-62
23421   58843   0.3855389   B1-D2-P63
25363   58324   0.3754932   B1-D2-P71
22059   58284   0.3116732   G100-42
25080   58156   0.3903758   B1-2-P43
21659   58530   0.4344822   B1-31-554
21551   58614   0.4807666   B1-331-53
21119   59440   0.3129706   G94-38
21982   59225   0.3878696   G94-41
21234   59400   0.3112562   B1-D2-P54
25083   58122   0.3914012   B1-2-043
25996   57879   0.3065378   B1-2-45
21295   58528   0.5291721   B1-3-P256
23660   58742   0.3560167   B1-D2-64
25991   58108   0.3056156   B1-D2-F74
21741   59292   0.3582072   B1-D2-P56
21968   59206   0.3887614   B1-D2-P57
21704   59300   0.3659108   G94-40
25350   58567   0.3899494   B1-1-068
25234   58549   0.3927819   B1-1-468
25943   58384   0.392936   B1-1-471
25801   58450   0.3928   B1-1-70
25403   58573   0.3902871   B1-1-P68
25591   58374   0.3350519   B1-320-69
25509   58422   0.3558331   B1-320-P69
26015   57971   0.311989   B1-321-71
21729   58347   0.3796124   B1-3-52
21781   58328   0.3450529   G100-41
25318   58589   0.3928176   B1-1-68
25055   58132   0.3895197   B1-2-43
21406   58580   0.4197979   B1-31-553
25115   58491   0.3692506   B1-320-67
25274   58494   0.3823547   B1-320-P68
22933   58935   0.369243   B1-D2-61
24746   57871   0.4445125   B1-D3-72
26044   58285   0.3716832   B1-1-71
21432   59166   0.4188872   B1-321-52
25467   58194   0.3195784   B1-321-P69
24676   58212   0.4476728   B1-2-466
25340   58428   0.369061   B1-320-68
25827   58313   0.3801019   B1-320-70
25743   58352   0.3774564   B1-320-P70
24975   57732   0.3856655   B1-331-67
24866   57851   0.39409   B1-D3-467
25096   57785   0.3927986   B1-D3-468
21814   58650   0.3930269   B1-D3-60
25210   57775   0.3927736   B1-D3-74
26048   58250   0.3423962   B1-320-71
25091   57562   0.3140729   B1-3-P274
25828   58434   0.3891587   B1-1-070
25956   58279   0.354349   B1-320-CSP71
25105   57471   0.3031   B1-3-D63
25837   58220   0.3031   B1-D2-P73
26013   57904   0.3031   B1-2-P45
25123   58399   0.3031   B1-D2-P70
25605   58278   0.3031   B1-D2-P72
