24248.25   58953.25   0.3078003   
24312.5   58936.5   0.3727078   
24376.75   58919.75   0.3904374   
24441   58903   0.3953863   B1-311-64
24629.25   58848.25   0.3078003   
24566.5   58866.5   0.3727286   
24503.75   58884.75   0.3904599   
24483.75   58620.25   0.3078003   
24469.5   58714.5   0.3732345   
24455.25   58808.75   0.3910074   
24212.5   58939.5   0.3078003   
24241   58909   0.3707308   
24269.5   58878.5   0.3882978   
24298   58848   0.3928497   B1-1-464
24265.75   58652.25   0.3078003   
24276.5   58717.5   0.3707305   
24287.25   58782.75   0.3882975   
24177.75   58916   0.3078003   
24171.5   58862   0.3706791   
24165.25   58808   0.3882421   
24159   58754   0.39279   B1-320-63
24047.25   58667.75   0.3078003   
24084.5   58696.5   0.370679   
24121.75   58725.25   0.388242   
24291.5   58615.5   0.3078003   
24328   58644   0.3706684   
24364.5   58672.5   0.3882309   
24401   58701   0.3927786   B1-320-64
24473.75   58569.75   0.3078003   
24449.5   58613.5   0.3706684   
24425.25   58657.25   0.3882309   
24657.25   58810.25   0.3078003   
24622.5   58790.5   0.3708429   
24587.75   58770.75   0.3884192   
24553   58751   0.3929805   B1-1-465
24511.75   58582.25   0.3078003   
24525.5   58638.5   0.3708411   
24539.25   58694.75   0.3884173   
21420.25   59125.75   0.377927   
21439.5   59184.5   0.42984   
21458.75   59243.25   0.4581127   
21383.5   59338   0.3078003   
21415   59326   0.3796989   
21446.5   59314   0.3984835   
21565   59289.25   0.3078003   
21536   59293.5   0.3796989   
21507   59297.75   0.3984835   
21370   59075   0.4397673   
21339   59083   0.5286814   
21308   59091   0.5928453   
21145.75   59015   0.3860745   
21189.5   59043   0.4421937   
21233.25   59071   0.472491   
21333.25   59287.25   0.4397673   
21314.5   59224.5   0.5286814   
21295.75   59161.75   0.5928453   
21233.5   59300   0.4397673   
21248   59233   0.5286814   
21262.5   59166   0.5928453   
21394   59032.5   0.4056689   
21387   58998   0.4718349   
21380   58963.5   0.5096579   
21169.75   58972.5   0.3450222   
21237.5   58958   0.4162122   
21305.25   58943.5   0.4410525   
21550   58872.75   0.340709   
21491   58891.5   0.4119273   
21432   58910.25   0.4356951   
21432.5   59059.25   0.391184   
21464   59051.5   0.4501611   
21495.5   59043.75   0.4818635   
21588.5   58899.5   0.3078003   
21568   58945   0.390504   
21547.5   58990.5   0.4114355   
21577.25   59222.75   0.3078003   
21560.5   59160.5   0.3904523   
21543.75   59098.25   0.4113743   
22389   58832.25   0.3078003   
22396   58859.5   0.3914183   
22403   58886.75   0.4125122   
22346.25   59045.25   0.3078003   
22367.5   59001.5   0.3753515   
22388.75   58957.75   0.3933347   
22527   59002.5   0.3078003   
22488   58973   0.3753524   
22449   58943.5   0.3933358   
22355   58814.75   0.3078003   
22328   58824.5   0.39069   
22301   58834.25   0.4116562   
22145   58748.75   0.3078003   
22188   58780.5   0.3751653   
22231   58812.25   0.3931167   
22312.25   59027.75   0.3078003   
22299.5   58966.5   0.3751704   
22286.75   58905.25   0.3931226   
22372   58773.25   0.3078003   
22362   58741.5   0.3949326   
22352   58709.75   0.4165568   
22342   58678   0.4031619   B1-330-56
22162   58707.25   0.3078003   
22222   58697.5   0.3754004   
22282   58687.75   0.3933921   
22516.75   58615.75   0.3078003   
22458.5   58636.5   0.375447   
22400.25   58657.25   0.3934466   
22273.75   58445.5   0.3078003   
22296.5   58523   0.3754975   
22319.25   58600.5   0.3935059   
22478.5   58513   0.3078003   
22433   58568   0.3754385   
22387.5   58623   0.3934367   
22413   58798.25   0.3078003   
22444   58791.5   0.3948397   
22475   58784.75   0.4164498   
22506   58778   0.4068725   B1-2-457
22557.75   58640.75   0.3078003   
22540.5   58686.5   0.3761532   
22523.25   58732.25   0.3942739   
22551   58968.5   0.3078003   
22536   58905   0.3761451   
22521   58841.5   0.3942645   
22838.5   58958.25   0.3078003   
22870   58950.5   0.3078004   
22901.5   58942.75   0.3753953   
23022.25   58908.75   0.3078003   
22992.5   58917.5   0.3078004   
22962.75   58926.25   0.3753953   
22837.25   58698.75   0.3078003   
22805.5   58705.5   0.3941622   
22773.75   58712.25   0.4156702   
22616.75   58626   0.3078003   
22658.5   58657   0.3756799   
22700.25   58688   0.3937194   
22790.75   58904.25   0.3078003   
22774.5   58842.5   0.3756772   
22758.25   58780.75   0.3937163   
22856.5   58655.75   0.3905255   
22844   58619.5   0.4492124   
22831.5   58583.25   0.480662   
22636   58583   0.3346304   
22697   58571   0.4039268   
22758   58559   0.4262715   
23003.5   58490   0.3345766   
22942   58509   0.4039191   
22880.5   58528   0.426263   
22921.5   58667   0.3078003   
22974   58642   0.398223   
23026.5   58617   0.4201235   
23068.5   58501.25   0.3078003   
23072   58531.5   0.3773876   
23075.5   58561.75   0.3957199   
23247.75   58748   0.3078003   
23191.5   58696   0.3796475   
23135.25   58644   0.3984197   
23342.25   58597.25   0.3078003   
23353.5   58619.5   0.3724599   
23364.75   58641.75   0.3901691   
23322   58766   0.3078003   
23340   58732   0.3078004   
23358   58698   0.3774092   
23496   58748   0.3078003   
23456   58720   0.3707613   
23416   58692   0.3883309   
23302.25   58582.5   0.3078003   
23273.5   58590   0.3738377   
23244.75   58597.5   0.3916603   
23102.75   58504.5   0.3078003   
23140.5   58538   0.3721045   
23178.25   58571.5   0.3897845   
23282   58751.25   0.3078003   
23260   58702.5   0.3721043   
23238   58653.75   0.3897843   
23324.75   58549.5   0.3078003   
23318.5   58524   0.3874256   
23312.25   58498.5   0.4077837   
23306   58473   0.4078003   B1-330-60
23125.25   58471.5   0.3078003   
23185.5   58472   0.3808219   
23245.75   58472.5   0.3998767   
23508.5   58383   0.3078003   
23441   58413   0.3808219   
23373.5   58443   0.3998767   
23365.5   58568.75   0.3078003   
23400   58562.5   0.373441   
23434.5   58556.25   0.391231   
23549.25   58402.25   0.3078003   
23522.5   58451.5   0.3717092   
23495.75   58500.75   0.3893568   
23519.25   58719.5   0.3078003   
23502.5   58663   0.3717092   
23485.75   58606.5   0.3893568   
23612.25   58694   0.3078003   
23564.5   58646   0.3717092   
23516.75   58598   0.3893568   
23833.75   58474.75   0.3078003   
23844.5   58501.5   0.3877684   
23855.25   58528.25   0.4081904   
23802.25   58675   0.3078003   
23823.5   58635   0.3745381   
23844.75   58595   0.3924183   
23974   58618   0.3078003   
23938   58597   0.3745381   
23902   58576   0.3924183   
23790   58456.5   0.3078003   
23757   58465   0.3875437   
23724   58473.5   0.4079238   
23604.75   58385.25   0.3078003   
23633.5   58417.5   0.3745262   
23662.25   58449.75   0.3924054   
23667.75   58677   0.3078003   
23675.5   58612   0.3745258   
23683.25   58547   0.392405   
23815.75   58409.75   0.3180567   
23808.5   58371.5   0.4015264   
23801.25   58333.25   0.423673   
23794   58295   0.4115913   B1-330-62
23630.5   58338.5   0.3078003   
23685   58324   0.3787467   
23739.5   58309.5   0.3973121   
23972.5   58242.5   0.3078003   
23913   58260   0.3787577   
23853.5   58277.5   0.3973249   
23852   58437.5   0.3078003   
23881   58427   0.3913822   
23910   58416.5   0.4124706   
24008.75   58270.25   0.3078003   
23985.5   58315.5   0.3764562   
23962.25   58360.75   0.3946289   
23992.25   58580.75   0.3078003   
23974.5   58522.5   0.3835766   
23956.75   58464.25   0.403257   
20806.75   59795.5   0.3078003   
20791.5   59744   0.3717381   
20776.25   59692.5   0.389388   
20761   59641   0.3940414   B1-320-49
20852.5   59475.25   0.3078003   
20822   59530.5   0.3717524   
20791.5   59585.75   0.3894035   
20863.25   59811.5   0.3078003   
20904.5   59776   0.3757158   
20945.75   59740.5   0.3937616   
20987   59705   0.3987839   B1-1-50
21193.25   59715.5   0.3078003   
21124.5   59712   0.3757024   
21055.75   59708.5   0.3937459   
20909   59491.25   0.3078003   
20935   59562.5   0.3757465   
20961   59633.75   0.3937975   
20882.75   59827.75   0.3078003   
20943.5   59808.5   0.3736914   
21004.25   59789.25   0.3915019   
21065   59770   0.396331   B1-311-50
21212.75   59731.75   0.3078003   
21163.5   59744.5   0.3736978   
21114.25   59757.25   0.3915089   
21235.5   59697.75   0.3078003   
21209   59676.5   0.3781368   
21182.5   59655.25   0.3965976   
21156   59634   0.4019058   B1-1-451
21112.5   59439.75   0.3078003   
21127   59504.5   0.378233   
21141.5   59569.25   0.3967103   
21294.5   59679.25   0.3078003   
21327   59639.5   0.3708485   
21359.5   59599.75   0.3884253   
21392   59560   0.3929873   B1-1-452
21362   59402.5   0.3078003   
21372   59455   0.3708471   
21382   59507.5   0.3884237   
21324   59675.75   0.3078003   
21386   59632.5   0.3713083   
21448   59589.25   0.3889228   
21708.75   59578.25   0.3078003   
21642.5   59567.5   0.3713082   
21576.25   59556.75   0.3889228   
21391.5   59399   0.3078003   
21431   59448   0.3713079   
21470.5   59497   0.3889225   
21573   59350.25   0.3078003   
21552   59415.5   0.3713079   
21531   59480.75   0.3889225   
21667.5   59339   0.3078003   
21615   59408   0.3716189   
21562.5   59477   0.389259   
21329.75   59702.5   0.3078003   
21397.5   59686   0.3709145   
21465.25   59669.5   0.3884967   
21533   59653   0.3930656   B1-311-52
21714.5   59605   0.3078003   
21654   59621   0.3709144   
21593.5   59637   0.3884966   
21803   59560.25   0.3078003   
21831   59531.5   0.3707235   
21859   59502.75   0.38829   
21887   59474   0.3928411   B1-1-454
21866.75   59310.5   0.3078003   
21873.5   59365   0.370723   
21880.25   59419.5   0.3882895   
21761.75   59321   0.3078003   
21803.5   59372   0.3707233   
21845.25   59423   0.3882897   
21837   59574.5   0.3078003   
21899   59560   0.3711932   
21961   59545.5   0.3887983   
22023   59531   0.3933943   B1-311-54
22214.25   59464.25   0.3078003   
22150.5   59486.5   0.3711953   
22086.75   59508.75   0.3888006   
22207.25   59439   0.3078003   
22136.5   59436   0.3705946   
22065.75   59433   0.3881527   
21893.75   59299.5   0.3078003   
21927.5   59343   0.3703473   
21961.25   59386.5   0.3878911   
22056.5   59230.5   0.3078003   
22036   59297   0.370438   
22015.5   59363.5   0.3879871   
22271.75   59396.25   0.3078003   
22265.5   59350.5   0.3706712   
22259.25   59304.75   0.3882338   
22253   59259   0.3927815   B1-320-55
22121   59187.75   0.3078003   
22165   59211.5   0.3706711   
22209   59235.25   0.3882337   
22307   59131.5   0.3078003   
22289   59174   0.3706711   
22271   59216.5   0.3882337   
22315.75   59400.25   0.3078003   
22353.5   59358.5   0.3708805   
22391.25   59316.75   0.3884599   
22429   59275   0.3930241   B1-1-456
22675.75   59316.25   0.3078003   
22593.5   59302.5   0.3708802   
22511.25   59288.75   0.3884596   
22351   59135.5   0.3078003   
22377   59182   0.3708767   
22403   59228.5   0.3884558   
22344.75   59427.25   0.3078003   
22411.5   59412.5   0.3742972   
22478.25   59397.75   0.3921575   
22545   59383   0.3970388   B1-311-56
22704.75   59343.25   0.3078003   
22651.5   59356.5   0.3742972   
22598.25   59369.75   0.3921575   
22370   59108.75   0.3078003   
22415   59128.5   0.3708535   
22460   59148.25   0.3884307   
22505   59168   0.3929932   B1-320-56
22550.75   59066   0.3078003   
22535.5   59100   0.3708522   
22520.25   59134   0.3884293   
22753.75   59278.25   0.3078003   
22749.5   59226.5   0.3706751   
22745.25   59174.75   0.3882379   
22741   59123   0.3927855   B1-320-57
22609.75   59054.75   0.3078003   
22653.5   59077.5   0.3706748   
22697.25   59100.25   0.3882375   
22790.5   59005.25   0.3078003   
22774   59044.5   0.3706748   
22757.5   59083.75   0.3882377   
22700.5   59029.25   0.3078003   
22714   59060.5   0.3706748   
22727.5   59091.75   0.3882376   
22788.5   59305.5   0.3078003   
22819   59281   0.3707202   
22849.5   59256.5   0.3882864   
22880   59232   0.3928371   B1-1-458
22825.25   59032.5   0.3078003   
22843.5   59099   0.3707197   
22861.75   59165.5   0.3882859   
22816.5   59314.25   0.3078003   
22875   59298.5   0.3710765   
22933.5   59282.75   0.3886721   
23180.25   59237.75   0.3078003   
23117.5   59247.5   0.3710761   
23054.75   59257.25   0.3886716   
22853.25   59041.25   0.3078003   
22899.5   59116.5   0.3718419   
22945.75   59191.75   0.3895004   
23203.75   59203   0.3078003   
23164.5   59178   0.3740802   
23125.25   59153   0.3919228   
23086   59128   0.3970963   B1-1-459
22876.75   59006.5   0.3078003   
22946.5   59047   0.3748115   
23016.25   59087.5   0.3927141   
23060.5   58957   0.3078003   
23069   59014   0.3740293   
23077.5   59071   0.3918676   
23164   58934.5   0.3078003   
23138   58999   0.3744639   
23112   59063.5   0.3923379   
23300.75   59205.75   0.3078003   
23358.5   59183.5   0.3709922   
23416.25   59161.25   0.3885807   
23474   59139   0.393151   B1-311-60
23645   59097.75   0.3078003   
23588   59111.5   0.3709893   
23531   59125.25   0.3885777   
23520.5   58866.75   0.3078003   
23505   58957.5   0.3709798   
23489.5   59048.25   0.3885674   
23668.25   59065.75   0.3078003   
23634.5   59047.5   0.3078004   
23600.75   59029.25   0.3763363   
23543.75   58834.75   0.3078003   
23551.5   58893.5   0.368753   
23559.25   58952.25   0.3862041   
23694.5   59035.5   0.3078003   
23687   58987   0.3679131   
23679.5   58938.5   0.3853154   
23570   58804.5   0.3078003   
23604   58833   0.3078004   
23638   58861.5   0.3758466   
23753.75   58758.75   0.3078003   
23726.5   58802.5   0.3078004   
23699.25   58846.25   0.3758466   
23663   58779   0.3078003   
23666   58816   0.3078004   
23669   58853   0.3758466   
23727   59051.25   0.3078003   
23752   59018.5   0.370672   
23777   58985.75   0.3882346   
23802   58953   0.3927824   B1-1-462
23786.25   58774.5   0.3078003   
23791.5   58834   0.3706719   
23796.75   58893.5   0.3882346   
23761   59046.5   0.3078003   
23820   59009   0.3706889   
23879   58971.5   0.3882526   
23938   58934   0.3928007   B1-1-62
24122.5   58961   0.3078003   
24061   58952   0.370689   
23999.5   58943   0.3882526   
23820.25   58769.75   0.3078003   
23859.5   58824.5   0.3706888   
23898.75   58879.25   0.3882524   
23762.5   59068.75   0.3078003   
23823   59053.5   0.3708076   
23883.5   59038.25   0.3883811   
23944   59023   0.3929402   B1-311-62
24124   58983.25   0.3078003   
24064   58996.5   0.3708078   
24004   59009.75   0.3883812   
24149   58954.5   0.3078003   
24114   58939   0.3078004   
24079   58923.5   0.3763292   
24018.5   58706.25   0.3078003   
24027   58773.5   0.3687268   
24035.5   58840.75   0.3861764   
24688.5   58778   0.3078003   
24685   58726   0.3706943   
24681.5   58674   0.3882584   
24678   58622   0.3928069   B1-320-65
24543   58550   0.3078003   
24588   58574   0.3706941   
24633   58598   0.3882582   
24720   58488.5   0.3078003   
24706   58533   0.3706941   
24692   58577.5   0.3882582   
24720   58794   0.3078003   
24748   58758   0.3707204   
24776   58722   0.3882867   
24804   58686   0.3928379   B1-1-466
24751.5   58504.5   0.3078003   
24769   58565   0.3707207   
24786.5   58625.5   0.388287   
24753.5   58814.5   0.3078003   
24815   58799   0.3866883   
24876.5   58783.5   0.4069144   
24938   58768   0.4130266   B1-311-66
25103.75   58722.25   0.3078003   
25048.5   58737.5   0.3880134   
24993.25   58752.75   0.4084811   
24781   58778.5   0.3078003   
24870   58727   0.3712704   
24959   58675.5   0.3888819   
25048   58624   0.3935204   B1-1-467
25131.25   58686.25   0.3078003   
25103.5   58665.5   0.3713678   
25075.75   58644.75   0.3889872   
25002.25   58462.75   0.3078003   
25017.5   58516.5   0.3712668   
25032.75   58570.25   0.388878   
25198.75   58677.5   0.3277037   
25238.5   58648   0.4029236   
25278.25   58618.5   0.4251855   
25217   58691   0.3078003   
25275   58675   0.3816938   
25333   58659   0.4009584   
25391   58643   0.4061963   B1-311-68
25578.5   58601.75   0.3078003   
25516   58615.5   0.3816786   
25453.5   58629.25   0.4009395   
25568.25   58582.75   0.3078003   
25495.5   58577.5   0.3711494   
25422.75   58572.25   0.3887509   
25350   58567   0.3932902   B1-1-068
25253.25   58399   0.3078003   
25285.5   58455   0.3710839   
25317.75   58511   0.38868   
25431   58347.25   0.3078003   
25404   58420.5   0.3710839   
25377   58493.75   0.38868   
25600.25   58573   0.3426462   
25559.5   58558   0.415877   
25518.75   58543   0.4406142   
25478   58528   0.4489095   B1-1-469
25463   58337.5   0.3545493   
25468   58401   0.4175563   
25473   58464.5   0.4428099   
25628.5   58534.5   0.3078003   
25616   58481   0.3758351   
25603.5   58427.5   0.3939013   
25591   58374   0.3981512   B1-320-69
25491.25   58299   0.3078003   
25524.5   58324   0.3748797   
25557.75   58349   0.392788   
25696.75   58248   0.3078003   
25661.5   58290   0.3749477   
25626.25   58332   0.3928617   
25662   58555   0.3078003   
25683   58522   0.3879123   
25704   58489   0.4083611   
25725   58456   0.4128738   B1-1-470
25730.25   58268.5   0.3078003   
25728.5   58331   0.3865384   
25726.75   58393.5   0.4067382   
25681   58553.5   0.3078003   
25721   58519   0.386952   
25761   58484.5   0.4072243   
25801   58450   0.411751   B1-1-70
26029   58453.75   0.3078003   
25953   58452.5   0.3862706   
25877   58451.25   0.4064234   
25749.25   58267   0.3078003   
25766.5   58328   0.3856859   
25783.75   58389   0.4057363   
25700   58572.5   0.3078003   
25759   58557   0.3826394   
25818   58541.5   0.4021315   
25877   58526   0.4070509   B1-311-70
26048   58472.75   0.3078003   
25991   58490.5   0.38214   
25934   58508.25   0.401512   
26064.5   58437.25   0.3078003   
26024   58419.5   0.3712689   
25983.5   58401.75   0.3888802   
25943   58384   0.3934449   B1-1-471
25934   58215.25   0.3078003   
25937   58271.5   0.3712059   
25940   58327.75   0.3888121   
21045.75   59001.5   0.3078003   
20989.5   59016   0.380932   
20933.25   59030.5   0.4000132   
20877   59045   0.4052785   B1-330-50
20686.5   59098.25   0.3078003   
20750   59080.5   0.3809295   
20813.5   59062.75   0.4000101   
20869.5   58748.25   0.3078003   
20940   58746.5   0.3780685   
21010.5   58744.75   0.3965176   
21081   58743   0.4006246   B1-331-51
21114.75   58802.25   0.3078003   
21103.5   58782.5   0.3762795   
21092.25   58762.75   0.3944219   
21135.75   58933.75   0.3078003   
21169.5   58880.5   0.3731792   
21203.25   58827.25   0.3909476   
21237   58774   0.3960715   B1-D3-452
21153.75   58810   0.3078003   
21181.5   58798   0.3737682   
21209.25   58786   0.3915851   
21164.25   58937.25   0.3078003   
21226.5   58887.5   0.3796713   
21288.75   58837.75   0.3984492   
21351   58788   0.402941   B1-D3-58
21544.5   58837.5   0.3078003   
21480   58821   0.3783646   
21415.5   58804.5   0.3968644   
21570.5   58829.5   0.3078003   
21532   58805   0.3723869   
21493.5   58780.5   0.3900901   
21455   58756   0.3948379   B1-D3-453
21545   58723.75   0.3078003   
21515   58734.5   0.3724599   
21485   58745.25   0.3901691   
21629.5   58813   0.3240696   
21650   58772   0.4023973   
21670.5   58731   0.4246157   
21691   58690   0.4307204   B1-D3-454
21751.75   58553.5   0.326036   
21731.5   58599   0.4026821   
21711.25   58644.5   0.424924   
21604   58707.25   0.3254101   
21633   58701.5   0.4025915   
21662   58695.75   0.4248258   
21660.25   58803   0.3078003   
21711.5   58752   0.3741456   
21762.75   58701   0.3919934   
21814   58650   0.3969526   B1-D3-60
22030   58700.25   0.3078003   
21958   58683.5   0.3741347   
21886   58666.75   0.3919817   
21782.5   58543.5   0.3078003   
21793   58579   0.3743913   
21803.5   58614.5   0.3922594   
21887.25   58904   0.3407152   
21879.5   58870   0.4119425   
21871.75   58836   0.4357135   
21672.75   58841   0.3078003   
21736.5   58828   0.3755942   
21800.25   58815   0.3936191   
22042.5   58738.25   0.3078003   
21983   58759.5   0.3755943   
21923.5   58780.75   0.3936192   
22110.5   58756.25   0.3078003   
22119   58795.5   0.3702798   
22127.5   58834.75   0.3878196   
21933.25   58925.5   0.373709   
21971.5   58913   0.4239939   
22009.75   58900.5   0.4510443   
22123   58680.75   0.3078003   
22144   58644.5   0.3712392   
22165   58608.25   0.3888481   
22186   58572   0.393447   B1-D3-456
22234.75   58419   0.3078003   
22218.5   58470   0.371241   
22202.25   58521   0.38885   
22076.5   58584.75   0.3078003   
22113   58580.5   0.3712373   
22149.5   58576.25   0.388846   
22313.5   58366.5   0.3078003   
22376   58365   0.390692   
22438.5   58363.5   0.4116586   
22501   58362   0.4173444   B1-331-57
22669   58281.75   0.3078003   
22613   58308.5   0.3907579   
22557   58335.25   0.4117368   
22518.25   58434   0.3078003   
22512.5   58410   0.3910322   
22506.75   58386   0.4120621   
22627   58543.75   0.3078003   
22679   58492.5   0.3733633   
22731   58441.25   0.3911468   
22783   58390   0.3959817   B1-D3-64
22739.5   58288.75   0.3078003   
22754   58322.5   0.3732935   
22768.5   58356.25   0.3910713   
22588.75   58441   0.3078003   
22653.5   58424   0.3735347   
22718.25   58407   0.3913324   
23022.5   58446   0.3078003   
22980   58421   0.3789503   
22937.5   58396   0.3975548   
22895   58371   0.4031555   B1-D3-459
22767.5   58284   0.3078003   
22810   58313   0.3789986   
22852.5   58342   0.3976147   
22976   58341   0.3078003   
22949   58351   0.3796003   
22922   58361   0.3983611   
22787.5   58252.25   0.3078003   
22850   58249.5   0.3892524   
22912.5   58246.75   0.4099509   
22975   58244   0.4156463   B1-331-59
22996   58309.25   0.3078003   
22989   58287.5   0.3896751   
22982   58265.75   0.4104522   
23080   58430.25   0.3078003   
23095   58389.5   0.386727   
23110   58348.75   0.40696   
23125   58308   0.4125721   B1-D3-460
23200.75   58188.75   0.3078003   
23175.5   58228.5   0.386727   
23150.25   58268.25   0.40696   
23033.5   58325.25   0.3078003   
23064   58319.5   0.3874974   
23094.5   58313.75   0.4078689   
23123.5   58419.75   0.3078003   
23182   58368.5   0.3820289   
23240.5   58317.25   0.401374   
23299   58266   0.4067084   B1-D3-66
23506.75   58331.25   0.3078003   
23437.5   58309.5   0.3820289   
23368.25   58287.75   0.401374   
23244.25   58178.25   0.3078003   
23262.5   58207.5   0.3820289   
23280.75   58236.75   0.401374   
23488   58239.75   0.3078003   
23425   58248.5   0.3823446   
23362   58257.25   0.4017657   
23591   58307.25   0.3078003   
23606   58261.5   0.3729252   
23621   58215.75   0.3906727   
23636   58170   0.3955174   B1-D3-462
23710.25   58052.25   0.3078003   
23685.5   58091.5   0.3729169   
23660.75   58130.75   0.3906637   
23516.75   57963.75   0.3078003   
23556.5   58032.5   0.3731608   
23596.25   58101.25   0.3909277   
23572.25   58215.75   0.3078003   
23593.5   58200.5   0.3730047   
23614.75   58185.25   0.3907588   
24070.5   58256.25   0.3078003   
24109   58287.5   0.3708558   
24147.5   58318.75   0.3884332   
24186   58350   0.3929955   B1-2-464
24237.75   58527.75   0.3078003   
24220.5   58468.5   0.3708537   
24203.25   58409.25   0.388431   
24049.75   58290.75   0.3078003   
24067.5   58356.5   0.3782516   
24085.25   58422.25   0.3967321   
24033.25   58601.25   0.3078003   
24056.5   58563.5   0.370672   
24079.75   58525.75   0.3882346   
24217   58562.25   0.3078003   
24179   58537.5   0.370672   
24141   58512.75   0.3882346   
23994.5   58196.5   0.3078003   
23957   58168   0.3707196   
23919.5   58139.5   0.3882858   
23882   58111   0.3928363   B1-D3-463
23771.75   58037.5   0.3078003   
23808.5   58062   0.3707189   
23845.25   58086.5   0.388285   
24017.75   58169.25   0.3078003   
24003.5   58113.5   0.3707988   
23989.25   58057.75   0.3883714   
23975   58002   0.3929292   B1-331-63
23795   58010.25   0.3078003   
23855   58007.5   0.3707981   
23915   58004.75   0.3883706   
24161   57903   0.3078003   
24099   57936   0.3707988   
24037   57969   0.3883715   
23831   57865.5   0.3078003   
23879   57911   0.3707978   
23927   57956.5   0.3883703   
24052.5   58175   0.3078003   
24073   58125   0.3709087   
24093.5   58075   0.3884904   
24114   58025   0.3930357   B1-D3-464
24195.75   57908.75   0.3078003   
24168.5   57947.5   0.3708693   
24141.25   57986.25   0.3884477   
24089   58206.25   0.3078003   
24146   58187.5   0.3747122   
24203   58168.75   0.3926067   
24260   58150   0.3975393   B1-330-64
24450.5   58098.25   0.3078003   
24387   58115.5   0.3747287   
24323.5   58132.75   0.3926246   
24232.25   57940   0.3078003   
24241.5   58010   0.374729   
24250.75   58080   0.3926249   
24820   58174.5   0.3396346   
24772   58187   0.4093029   
24724   58199.5   0.4325069   
24554.5   58113.75   0.3078003   
24595   58146.5   0.3770864   
24635.5   58179.25   0.3953671   
24719.5   58386   0.3396733   
24705   58328   0.4093976   
24690.5   58270   0.4326219   
24126.25   58233.75   0.3078003   
24220.5   58242.5   0.3743826   
24314.75   58251.25   0.39225   
24409   58260   0.3972903   B1-2-465
24487.75   58125.75   0.3078003   
24461.5   58170.5   0.374383   
24435.25   58215.25   0.3922505   
24475.75   58459.5   0.3078003   
24453.5   58393   0.3747682   
24431.25   58326.5   0.3926673   
24474   58050   0.3078003   
24434   58019   0.3827037   
24394   57988   0.4022112   
24354   57957   0.4072953   B1-D3-465
24255.75   57891.75   0.3078003   
24288.5   57913.5   0.3824782   
24321.25   57935.25   0.4019315   
24500.75   58021.75   0.3078003   
24487.5   57962.5   0.3736368   
24474.25   57903.25   0.3914429   
24461   57844   0.3962692   B1-331-65
24282.5   57863.5   0.3078003   
24342   57857   0.3736408   
24401.5   57850.5   0.3914472   
24652.25   57757   0.3078003   
24588.5   57786   0.3736484   
24524.75   57815   0.3914554   
24540.5   58031   0.3078003   
24567   57981   0.3709028   
24593.5   57931   0.3884841   
24620   57881   0.3930524   B1-D3-466
24692   57766.25   0.3078003   
24668   57804.5   0.3709036   
24644   57842.75   0.3884849   
24845.5   58126.25   0.3419319   
24823   58090.5   0.4148867   
24800.5   58054.75   0.4393772   
24778   58019   0.416936   B1-330-66
24580   58065.5   0.3078003   
24646   58050   0.3787034   
24712   58034.5   0.3972614   
24955.75   57986.75   0.3078003   
24896.5   57997.5   0.378038   
24837.25   58008.25   0.3964819   
25047   58008.25   0.3078003   
25079   58040.5   0.3710281   
25111   58072.75   0.3886195   
25143   58105   0.3932018   B1-2-468
25201.5   58283.5   0.3078003   
25182   58224   0.3710328   
25162.5   58164.5   0.3886247   
25032   58012.5   0.3078003   
25049   58049   0.3706038   
25066   58085.5   0.3881625   
24890.5   58154.75   0.3392259   
24913   58147.5   0.4083056   
24935.5   58140.25   0.4312967   
25000.75   58015.25   0.3078003   
24986.5   58054.5   0.3768882   
24972.25   58093.75   0.3951349   
25035.25   57928.25   0.3078003   
25055.5   57880.5   0.3708014   
25075.75   57832.75   0.3883743   
25096   57785   0.3929328   B1-D3-468
25175.5   57686.75   0.3078003   
25149   57719.5   0.3708014   
25122.5   57752.25   0.3883743   
25074.5   57963.5   0.3078003   
25134   57951   0.3708008   
25193.5   57938.5   0.3883736   
25253   57926   0.3929321   B1-330-68
25433.75   57877.25   0.3078003   
25373.5   57893.5   0.3708008   
25313.25   57909.75   0.3883736   
25531.25   57889.25   0.3078003   
25568.5   57917.5   0.3708078   
25605.75   57945.75   0.3883812   
25643   57974   0.3929403   B1-2-470
25472.25   57900.25   0.3078003   
25450.5   57939.5   0.3706793   
25428.75   57978.75   0.3882423   
25407   58018   0.3927902   B1-2-469
25445.25   58210   0.3078003   
25432.5   58146   0.3706791   
25419.75   58082   0.3882422   
25455.5   57833   0.3078003   
25417   57805   0.3717291   
25378.5   57777   0.3893783   
25340   57749   0.3940202   B1-D3-469
25236.5   57677.75   0.3078003   
25271   57701.5   0.3717253   
25305.5   57725.25   0.3893741   
25259.75   57645   0.3078003   
25317.5   57636   0.3716903   
25375.25   57627   0.3893363   
25433   57618   0.393977   B1-331-69
25613   57545.25   0.3078003   
25553   57569.5   0.3716905   
25493   57593.75   0.3893365   
25512.25   57813.25   0.3078003   
25530.5   57765.5   0.3760159   
25548.75   57717.75   0.3941131   
25567   57670   0.3986942   B1-D3-470
25646.5   57558.25   0.3078003   
25620   57595.5   0.3752859   
25593.5   57632.75   0.3932579   
25929.5   57774.5   0.3078003   
25913   57819   0.372489   
25896.5   57863.5   0.3902007   
25880   57908   0.3949564   B1-2-471
25918.25   58096.25   0.3078003   
25905.5   58033.5   0.3725594   
25892.75   57970.75   0.3902768   
25907.75   57703   0.3078003   
25869.5   57676   0.3722098   
25831.25   57649   0.3898985   
25793   57622   0.3945826   B1-D3-471
25703   57546.25   0.3078003   
25733   57571.5   0.3722022   
25763   57596.75   0.3898903   
25937.5   57681   0.4004761   
25929   57632   0.4639174   
25920.5   57583   0.4997217   
25912   57534   0.5094914   B1-331-71
25732.75   57524.25   0.4004761   
25792.5   57527.5   0.4639174   
25852.25   57530.75   0.4997217   
20648.75   59069.5   0.3078003   
20674.5   59023   0.3743188   
20700.25   58976.5   0.3921809   
20726   58930   0.3970625   B1-D3-450
20780.75   58795   0.3078003   
20762.5   58840   0.374316   
20744.25   58885   0.3921779   
20607   59055   0.3078003   
20591   58994   0.3770237   
20575   58933   0.3952937   
20559   58872   0.4004183   B1-331-49
20739   58780.5   0.3078003   
20679   58811   0.3769987   
20619   58841.5   0.3952644   
25145.25   57673.5   0.3078003   
25088.5   57693   0.3708109   
25031.75   57712.5   0.3883846   
24975   57732   0.392944   B1-331-67
24780.75   57729   0.3078003   
24845.5   57730   0.3708113   
24910.25   57731   0.388385   
24948.75   57576.75   0.3078003   
24957.5   57628.5   0.3708106   
24966.25   57680.25   0.3883843   
20916   59451.75   0.3078003   
20949   59483.5   0.3955204   
20982   59515.25   0.4172333   
21015   59547   0.4227039   B1-320-50
21077.25   59418   0.3078003   
21056.5   59461   0.3954511   
21035.75   59504   0.4171534   
20849.5   59439.75   0.3078003   
20816   59459.5   0.3821502   
20782.5   59479.25   0.4015246   
20749   59499   0.40676   B1-D2-52
21904.5   58968   0.3407419   
21914   58998   0.4120077   
21923.5   59028   0.4357927   
21878.25   59206.5   0.3078003   
21896.5   59157   0.3755327   
21914.75   59107.5   0.3935471   
22041   59137.5   0.3078003   
22005   59111   0.3755327   
21969   59084.5   0.3935471   
21887.25   59236   0.3078003   
21914.5   59216   0.3078004   
21941.75   59196   0.3753953   
22050   59167   0.3078003   
22023   59170   0.3078004   
21996   59173   0.3753953   
23817.75   58739.75   0.3078003   
23854.5   58764.5   0.3078004   
23891.25   58789.25   0.3753954   
23928   58814   0.3796034   B1-320-62
23989.5   58682.75   0.3078003   
23969   58726.5   0.3078004   
23948.5   58770.25   0.3753954   
24776.75   58476.25   0.3078003   
24819.5   58508.5   0.3687264   
24862.25   58540.75   0.3861759   
24966.5   58450   0.3078003   
24946   58491   0.3078004   
24925.5   58532   0.3763292   
24857.5   58189.5   0.3380457   
24847   58217   0.4055293   
24836.5   58244.5   0.4280912   
24757   58401   0.3078003   
24780   58358   0.3750048   
24803   58315   0.3929286   
24946.75   58374.75   0.3078003   
24906.5   58340.5   0.3750044   
24866.25   58306.25   0.3929281   
24767.5   58441.75   0.3078003   
24801   58439.5   0.3078004   
24834.5   58437.25   0.3753953   
24957.25   58415.5   0.3078003   
24927.5   58422   0.3078004   
24897.75   58428.5   0.3753953   
24920.25   58172.25   0.3378155   
24972.5   58182.5   0.4049878   
25024.75   58192.75   0.427466   
25009.5   58357.5   0.3078003   
25032   58306   0.3749954   
25054.5   58254.5   0.3929176   
25185   58308   0.3078003   
25149   58273   0.3749955   
25113   58238   0.3929178   
25250.75   58364.25   0.3078003   
25280.5   58385.5   0.3078004   
25310.25   58406.75   0.3753953   
25428.5   58312.5   0.3078003   
25399   58351   0.3078004   
25369.5   58389.5   0.3753953   
25480.5   58228.5   0.3078003   
25503   58183   0.3719261   
25525.5   58137.5   0.3895915   
25548   58092   0.3942698   B1-321-69
25686   58177.5   0.3078003   
25640   58149   0.3719532   
25594   58120.5   0.3896208   
25755.75   58232.75   0.3078003   
25779.5   58259.5   0.3706646   
25803.25   58286.25   0.3882268   
25827   58313   0.3927745   B1-320-70
25905   58197.5   0.3078003   
25879   58236   0.3706646   
25853   58274.5   0.3882268   
22933.5   58701.5   0.3078003   
22998   58711   0.3911473   
23062.5   58720.5   0.4121988   
23070.75   58857.5   0.3078003   
23089.5   58815   0.3746052   
23108.25   58772.5   0.3924909   
23259.75   58782.5   0.3078003   
23215.5   58765   0.3746306   
23171.25   58747.5   0.3925183   
23174.25   58835   0.3078003   
23158.5   58800   0.3746263   
23142.75   58765   0.3925138   
25177.75   58667.5   0.3078003   
25196.5   58628   0.3721058   
25215.25   58588.5   0.3897859   
25224.25   58394.5   0.3078003   
25227.5   58446   0.3718739   
25230.75   58497.5   0.3895349   
21075.75   59032.25   0.3188914   
21049.5   59077.5   0.4016473   
21023.25   59122.75   0.4238039   
20997   59168   0.4349571   B1-2-451
20911.5   59357   0.3206535   
20940   59294   0.4019025   
20968.5   59231   0.4240801   
21072.75   59323.25   0.3171596   
21047.5   59271.5   0.4013965   
21022.25   59219.75   0.4235323   
21163.5   59317.25   0.3594582   
21108   59267.5   0.4182489   
21052.5   59217.75   0.4437153   
22061.25   58692.25   0.3078003   
22020.5   58667.5   0.3717264   
21979.75   58642.75   0.3893754   
21939   58618   0.3940772   B1-D3-455
21813.75   58535.5   0.3078003   
21855.5   58563   0.3719172   
21897.25   58590.5   0.3895819   
21891.75   58373.5   0.3078003   
21907.5   58455   0.3717321   
21923.25   58536.5   0.3893815   
22014.75   58596.25   0.3078003   
21989.5   58603.5   0.371727   
21964.25   58610.75   0.389376   
21847   58983.5   0.338416   
21799   59029   0.4064004   
21751   59074.5   0.429097   
21632.5   58920.5   0.3078003   
21656   58987   0.3735582   
21679.5   59053.5   0.3913578   
21621.25   59243.75   0.3078003   
21648.5   59202.5   0.3735517   
21675.75   59161.25   0.3913507   
21820.75   59222   0.3078003   
21781.5   59188   0.3735462   
21742.25   59154   0.3913448   
21715.75   59232.5   0.3078003   
21711.5   59195   0.373548   
21707.25   59157.5   0.3913467   
21964.25   58945.25   0.3405331   
22033.5   58952.5   0.4114975   
22102.75   58959.75   0.4351729   
22100.75   59114.75   0.3078003   
22124.5   59065.5   0.3755251   
22148.25   59016.25   0.3935381   
22286.75   59058.5   0.3078003   
22248.5   59028   0.3755261   
22210.25   58997.5   0.3935392   
22586.75   58987.75   0.3078003   
22607.5   58943.5   0.3707374   
22628.25   58899.25   0.388305   
22649   58855   0.3928575   B1-321-57
22767.5   58938.25   0.3078003   
22728   58910.5   0.3707372   
22688.5   58882.75   0.3883048   
22677.5   58962.25   0.3078003   
22668   58926.5   0.3707374   
22658.5   58890.75   0.388305   
22873.25   58719   0.3078003   
22877.5   58746   0.3939081   
22881.75   58773   0.4153777   
22826.75   58924.5   0.3078003   
22846.5   58883   0.3755632   
22866.25   58841.5   0.3935828   
23010.5   58875   0.3078003   
22969   58850   0.3755633   
22927.5   58825   0.3935829   
24290.75   58589.25   0.3078003   
24326.5   58591.5   0.3706801   
24362.25   58593.75   0.3882432   
24398   58596   0.3927912   B1-D2-67
24473   58543.5   0.3078003   
24448   58561   0.3706801   
24423   58578.5   0.3882432   
24278.25   58544.5   0.3078003   
24301.5   58502   0.3739717   
24324.75   58459.5   0.3918053   
24460.5   58498.75   0.3078003   
24423   58471.5   0.3755814   
24385.5   58444.25   0.3936041   
25745.5   58163   0.3078003   
25759   58120   0.3735714   
25772.5   58077   0.3913721   
25786   58034   0.3961815   B1-321-70
25894.75   58127.75   0.3078003   
25858.5   58096.5   0.3735632   
25822.25   58065.25   0.3913631   
22731   59308   0.3078003   
22704   59286   0.370676   
22677   59264   0.3882388   
22587   59084.5   0.3078003   
22608   59137   0.3706762   
22629   59189.5   0.388239   
21038   58964.25   0.3078003   
20974   58941.5   0.3734252   
20910   58918.75   0.3912139   
20846   58896   0.3960514   B1-D3-56
20678.75   59061   0.3078003   
20734.5   59006   0.3735074   
20790.25   58951   0.3913028   
20810.75   58786.5   0.3078003   
20822.5   58823   0.3734165   
20834.25   58859.5   0.3912044   
21056   58840.5   0.3078003   
20986   58859   0.3734772   
20916   58877.5   0.39127   
22588.25   58624.75   0.3078003   
22601.5   58654.5   0.3709084   
22614.75   58684.25   0.3884901   
22628   58714   0.3930586   B1-2-038
20632.75   59153.75   0.3078003   
20642.5   59191.5   0.3883808   
20652.25   59229.25   0.4089169   
20662   59267   0.4144922   B1-2-34
20827.75   59381.75   0.3078003   
20772.5   59343.5   0.3886931   
20717.25   59305.25   0.4092873   
23331.25   58802.5   0.3078003   
23358.5   58805   0.3706644   
23385.75   58807.5   0.3882266   
23413   58810   0.3927743   B1-D2-63
23505.25   58784.5   0.3078003   
23474.5   58793   0.3706644   
23443.75   58801.5   0.3882266   
26098.75   58431.25   0.3078003   
26092.5   58407.5   0.3782133   
26086.25   58383.75   0.3966873   
26080   58360   0.4019419   B1-1-071
23622.25   58301.5   0.3078003   
23668.5   58250   0.3708298   
23714.75   58198.5   0.388405   
23964.25   58205.5   0.3078003   
23896.5   58186   0.3708298   
23828.75   58166.5   0.388405   
23741.5   58046.5   0.3078003   
23748   58080   0.3708282   
23754.5   58113.5   0.3884033   
23288.5   59154.25   0.3078003   
23334   59080.5   0.3809351   
23379.5   59006.75   0.4000171   
23334.25   58833.25   0.3078003   
23364.5   58866.5   0.3839111   
23394.75   58899.75   0.4036501   
23508.25   58815.25   0.3078003   
23480.5   58854.5   0.3838353   
23452.75   58893.75   0.403561   
23248.75   58885.75   0.3139658   
23307.5   58901.5   0.4009339   
23366.25   58917.25   0.4230316   
20837.25   59405.75   0.3334657   
20791.5   59391.5   0.4037582   
20745.75   59377.25   0.4260889   
20700   59363   0.4321146   B1-321-49
21260.25   59666.5   0.3078003   
21258.5   59614   0.3714839   
21256.75   59561.5   0.3891129   
21255   59509   0.3937458   B1-320-51
21137.25   59408.5   0.3078003   
21176.5   59442   0.3715037   
21215.75   59475.5   0.3891343   
21327.75   59389.75   0.3078003   
21303.5   59429.5   0.3714734   
21279.25   59469.25   0.3891016   
21228   59402.5   0.3078003   
21237   59438   0.3715131   
21246   59473.5   0.3891445   
25151.5   58675.5   0.3078003   
25144   58644   0.3857794   
25136.5   58612.5   0.4058462   
25129   58581   0.41044   B1-1-067
25022.5   58452   0.3078003   
25058   58495   0.3846387   
25093.5   58538   0.4045053   
22100.5   58744.75   0.3078003   
22099   58772.5   0.3707085   
22097.5   58800.25   0.3882738   
22096   58828   0.3928238   B1-2-037
20666.5   59141   0.318696   
20710   59166   0.401619   
20753.5   59191   0.4237732   
20797   59216   0.4297949   B1-2-450
20861.5   59369   0.320637   
20840   59318   0.4019001   
20818.5   59267   0.4240776   
24601   58424   0.3836709   
21516   58404   0.684   
25283   58067   0.55   B1-2-143
25300   58148   0.55   B1-321-68
20572   58649   0.55   B1-3-48
24721   57569   0.55   B1-3-62
25252   57445   0.55   B1-3-64
25525   57379   0.55   B1-3-65
26098   57244   0.55   B1-3-67
22786   58052   0.55   B1-3-D55
25966   57263   0.55   B1-3-D66
22612   58092   0.6185   B1-3-F55
25091   57562   0.55   B1-3-P274
25918   57330   0.55   B1-3-P278
24855   57551   0.55   B1-3-SP273
24747   57921   0.55   B1-D3-P72
25217   57807   0.55   B1-D3-P74
25537   58028   0.6116444   B1-2-P44
25382   57406   0.5637698   B1-3-D64
25701   57685   0.5746269   B1-D3-P76
19758.8671875   56737.22265625   0.4496826   
251815.28125   56737.22265625   0.3999155   
26044   58285   0.55   B1-1-71
21758   59385   0.5915276   B1-320-53
26048   58250   0.5408142   B1-320-71
25690   58122   0.6685303   B1-321-P70
24866   57851   0.55   B1-D3-467
25690   57654   0.577398   B1-D3-76
21401   59067   0.3031   B1-2-135
21895   58938   0.3031   B1-2-136
22382   58805   0.3031   B1-2-137
22869   58692   0.3031   B1-2-138
23331   58575   0.3031   B1-2-139
23823   58448   0.3031   B1-2-140
24868   58162   0.3031   B1-2-142
20871   58569   0.3031   B1-3-49
21155   58497   0.3031   B1-3-50
21445   58423   0.3031   B1-3-51
21729   58347   0.3031   B1-3-52
22023   58256   0.3031   B1-3-53
22319   58198   0.3031   B1-3-54
22907   58052   0.3031   B1-3-56
23477   57895   0.3031   B1-3-58
23783   57820   0.3031   B1-3-59
24071   57739   0.3031   B1-3-60
24940   57525   0.3031   B1-3-63
25825   57292   0.3031   B1-3-66
21876   58292   0.3031   B1-3-F52
20822   59847   0.3031   B1-311-49
21262   59719   0.3031   B1-311-51
21775   59589   0.3031   B1-311-53
22278   59442   0.3031   B1-311-55
22758   59330   0.3031   B1-311-57
23243   59228   0.3031   B1-311-59
23702   59084   0.3031   B1-311-61
24184   58970   0.3031   B1-311-63
24692   58830   0.3031   B1-311-65
25159   58707   0.3031   B1-311-67
25641   58588   0.3031   B1-311-69
26105   58455   0.3031   B1-311-71
21102   58987   0.3031   B1-330-51
21609   58854   0.3031   B1-330-53
22102   58717   0.3031   B1-330-55
22575   58595   0.3031   B1-330-57
23065   58471   0.3031   B1-330-59
23576   58353   0.3031   B1-330-61
24032   58225   0.3031   B1-330-63
24514   58081   0.3031   B1-330-65
25015   57976   0.3031   B1-330-67
25494   57861   0.3031   B1-330-69
25946   57730   0.3031   B1-330-71
20623   59116   0.3031   B1-330-J49
20799   58750   0.3031   B1-331-50
21772   58508   0.3031   B1-331-54
22251   58368   0.3031   B1-331-56
22725   58255   0.3031   B1-331-58
23735   58013   0.3031   B1-331-62
24223   57870   0.3031   B1-331-64
25202   57654   0.3031   B1-331-68
25673   57521   0.3031   B1-331-70
23226   58149   0.3031   B1-331-S60
24716   57728   0.3031   B1-331-S66
20883   59420   0.3031   B1-D2-450
21098   59375   0.3031   B1-D2-451
21352   59350   0.3031   B1-D2-452
21594   59285   0.3031   B1-D2-453
21860   59256   0.3031   B1-D2-454
22077   59164   0.3031   B1-D2-455
22325   59089   0.3031   B1-D2-456
22566   59032   0.3031   B1-D2-457
22807   58966   0.3031   B1-D2-458
23052   58900   0.3031   B1-D2-459
23304   58800   0.3031   B1-D2-460
23536   58776   0.3031   B1-D2-461
23781   58715   0.3031   B1-D2-462
24010   58639   0.3031   B1-D2-463
24255   58587   0.3031   B1-D2-464
24498   58526   0.3031   B1-D2-465
24734   58444   0.3031   B1-D2-466
24987   58409   0.3031   B1-D2-467
25221   58343   0.3031   B1-D2-468
25458   58274   0.3031   B1-D2-469
25732   58206   0.3031   B1-D2-470
25931   58159   0.3031   B1-D2-471
21720   59270   0.3031   B1-D2-56
22201   59120   0.3031   B1-D2-58
22687   58998   0.3031   B1-D2-60
23190   58870   0.3031   B1-D2-62
23660   58742   0.3031   B1-D2-64
21219   59367   0.3031   B1-D2-54
21126   58822   0.3031   B1-D3-57
21575   58713   0.3031   B1-D3-59
22040   58589   0.3031   B1-D3-61
22524   58458   0.3031   B1-D3-63
23003   58331   0.3031   B1-D3-65
23551   58231   0.3031   B1-D3-67
20878.66015625   60014.87890625   0.3031   B1-311-SP68
19758.8671875   593711.9375   0.3031   
251815.28125   593711.9375   0.3031   
24544   58249   0.684   B1-2-042
23092   58154   0.684   B1-31-560
22607   58121   0.684   B1-3-55
23185   57966   0.684   B1-3-57
24380   57642   0.684   B1-3-61
22453   58153   0.684   B1-3-D54
23066   58007   0.684   B1-3-D56
24223   57691   0.684   B1-3-D60
24567   57625   0.684   B1-3-D61
25105   57471   0.684   B1-3-D63
25675   57334   0.684   B1-3-D65
22870   58038   0.684   B1-3-F56
22580   58163   0.684   B1-3-P262
22757   58137   0.684   B1-3-P263
22971   58076   0.684   B1-3-P264
25710   57369   0.684   B1-3-P277
23176   58028   0.684   B1-3-SP265
24409   57699   0.684   B1-3-SP271
20619   58641   0.684   G100-37
22655   58111   0.684   G100-44
22961   58053   0.684   G100-45
23321   58048   0.684   B1-31-561
25305   58095   0.684   B1-2-P143
20748   59773   0.344889   B1-1-049
21032   59688   0.3979843   B1-1-050
21326   59567   0.3914415   B1-1-051
21562   59539   0.3904706   B1-1-052
21788   59473   0.4182152   B1-1-053
22384   59355   0.3784276   B1-1-055
22542   59331   0.3888299   B1-1-056
22998   59141   0.393024   B1-1-058
23268   59116   0.338395   B1-1-059
23478   59043   0.3892719   B1-1-060
23891   58948   0.390677   B1-1-062
24432   58796   0.3904408   B1-1-064
25630   58463   0.385444   B1-1-069
25828   58434   0.409416   B1-1-070
20914   59711   0.3906782   B1-1-450
20832   59734   0.3693204   B1-1-49
21284   59603   0.3761847   B1-1-51
21820   59537   0.3512773   B1-1-53
22496   59333   0.3911193   B1-1-56
22803   59221   0.3789076   B1-1-57
22956   59175   0.389747   B1-1-58
23233   59109   0.3479117   B1-1-59
23716   58985   0.3738382   B1-1-61
24202   58863   0.3738426   B1-1-63
24388   58814   0.3948714   B1-1-64
24929   58668   0.3876863   B1-1-66
25652   58485   0.3810177   B1-1-69
21073   59678   0.3950985   B1-1-P50
21558   59574   0.3908899   B1-1-P52
22061   59449   0.3900419   B1-1-P54
22524   59357   0.3929796   B1-1-P56
23494   59074   0.3904605   B1-1-P60
23974   58948   0.3915057   B1-1-P62
24448   58826   0.3922633   B1-1-P64
24941   58709   0.3933059   B1-1-P66
25403   58573   0.3917501   B1-1-P68
25869   58431   0.4053331   B1-1-P70
25149   58614   0.3992402   B1-1-X67
20668   59225   0.4101452   B1-2-034
21095   59146   0.4315108   B1-2-035
25541   57998   0.5324727   B1-2-044
20905   59565   0.3647546   B1-20-550
21166   59494   0.3841279   B1-20-551
21372   59459   0.3728918   B1-20-552
21628   59391   0.3608996   B1-20-553
22352   59211   0.3769504   B1-20-556
22596   59154   0.3772637   B1-20-557
22842   59094   0.3665149   B1-20-558
23819   58841   0.3723032   B1-20-562
20904   59189   0.423763   B1-2-134
24305   58315   0.3919259   B1-2-141
25756   57943   0.3994497   B1-2-144
20830   59350   0.3554594   B1-21-550
21085   59275   0.3984638   B1-21-551
22530   58898   0.3803823   B1-21-557
23255   58712   0.358959   B1-21-560
24217   58463   0.3737911   B1-21-564
21094   59296   0.3690989   B1-21-M551
24069   58379   0.3875663   B1-2-41
25508   58006   0.5202422   B1-2-44
25996   57879   0.3595622   B1-2-45
22983   58639   0.4026365   B1-2-459
20947   59222   0.4278462   B1-2-P134
21420   59091   0.3575704   B1-2-P135
22395   58848   0.3582521   B1-2-P137
22887   58722   0.3250756   B1-2-P138
23362   58575   0.3095413   B1-2-P139
23845   58463   0.3153222   B1-2-P140
24332   58354   0.398551   B1-2-P141
25778   57975   0.3970539   B1-2-P144
20698   59251   0.4174493   B1-2-P34
24577   58284   0.5811073   B1-2-P42
26013   57904   0.3520047   B1-2-P45
20763   59068   0.3844433   B1-30-550
21002   59016   0.3677968   B1-30-551
21282   58945   0.4336862   B1-30-552
22202   58697   0.3575152   B1-30-556
22436   58629   0.3819811   B1-30-557
22695   58567   0.400003   B1-30-558
23148   58473   0.3342964   B1-30-560
23419   58377   0.3838157   B1-30-561
23647   58304   0.3359079   B1-30-562
23938   58251   0.3493506   B1-30-563
24155   58197   0.3684897   B1-30-564
22467   58626   0.3635608   B1-30-F557
22958   58490   0.3840709   B1-30-M559
23164   58500   0.362354   B1-30-M560
20692   58780   0.3748225   B1-31-550
20945   58710   0.3658173   B1-31-551
21213   58649   0.3707227   B1-31-552
21406   58580   0.3561099   B1-31-553
21659   58530   0.4133533   B1-31-554
21885   58475   0.360837   B1-31-555
22374   58322   0.3717714   B1-31-557
22613   58277   0.4146413   B1-31-558
22814   58229   0.3884226   B1-31-559
23572   58041   0.3727683   B1-31-562
23861   57963   0.3622339   B1-31-563
24320   57852   0.3510121   B1-31-565
24567   57779   0.3993474   B1-31-566
22961   59049   0.3775872   B1-320-58
25115   58491   0.3851798   B1-320-67
25956   58279   0.3953746   B1-320-CSP71
20922   59589   0.3778978   B1-320-P50
21399   59484   0.3826089   B1-320-P52
22388   59230   0.386829   B1-320-P56
22874   59101   0.3653053   B1-320-P58
23803   58872   0.383982   B1-320-P62
24318   58734   0.3840845   B1-320-P64
24550   58666   0.3843159   B1-320-P65
24794   58605   0.3854175   B1-320-P66
25017   58546   0.3814693   B1-320-P67
25509   58422   0.4263454   B1-320-P69
25743   58352   0.3955097   B1-320-P70
21138   59558   0.3958684   B1-320-SP51
20928   59307   0.3850375   B1-321-50
21432   59166   0.4185258   B1-321-52
26015   57971   0.3410076   B1-321-71
20843   59373   0.318224   B1-321-P50
21118   59293   0.3809346   B1-321-P51
24249   58512   0.32784   B1-321-P64
24742   58366   0.3572893   B1-321-P66
25226   58268   0.3396255   B1-321-P68
25467   58194   0.3344267   B1-321-P69
25929   58056   0.3505208   B1-321-P71
25721   57798   0.4647177   B1-330-70
20792   59097   0.3997622   B1-330-P50
21264   58967   0.4391309   B1-330-P52
21519   58910   0.3949313   B1-330-P53
22231   58740   0.3774323   B1-330-P56
22476   58670   0.3746782   B1-330-P57
23207   58495   0.3878135   B1-330-P60
23435   58412   0.3827989   B1-330-P61
23699   58350   0.3820421   B1-330-P62
24175   58241   0.3599092   B1-330-P64
24416   58174   0.3681172   B1-330-P65
24660   58102   0.3710469   B1-330-P66
25132   57978   0.3644826   B1-330-P68
25356   57920   0.3813228   B1-330-P69
25614   57851   0.3724316   B1-330-P70
21030   59058   0.3811147   B1-330-SP51
21318   58621   0.3586479   B1-331-52
21551   58614   0.3437626   B1-331-53
22020   58500   0.3406433   B1-331-55
23491   58129   0.3526844   B1-331-61
20708   58834   0.3729106   B1-331-P50
20919   58764   0.3621492   B1-331-P51
21436   58641   0.3834732   B1-331-P53
21703   58552   0.3558552   B1-331-P54
21921   58524   0.3835401   B1-331-P55
22163   58468   0.3565309   B1-331-P56
22399   58384   0.3900364   B1-331-P57
22642   58329   0.3682879   B1-331-P58
22864   58283   0.3855841   B1-331-P59
23122   58202   0.5096574   B1-331-P60
23849   58012   0.3664399   B1-331-P63
24089   57966   0.3845132   B1-331-P64
24350   57903   0.395283   B1-331-P65
24583   57834   0.3895961   B1-331-P66
24843   57758   0.3940535   B1-331-P67
25058   57712   0.384525   B1-331-P68
25306   57635   0.360119   B1-331-P69
25553   57586   0.3752408   B1-331-P70
25785   57524   0.4551386   B1-331-P71
21202   58706   0.4031979   B1-331-SP52
23360   58150   0.4612187   B1-331-SP61
23589   57879   0.3031   B1-3-D58
23899   57802   0.3214633   B1-3-D59
22160   58217   0.3031   B1-3-F53
21295   58528   0.3148478   B1-3-P256
21513   58457   0.5196677   B1-3-P257
22396   58224   0.4620397   B1-3-P261
23658   57894   0.3031   B1-3-P267
23980   57820   0.3341863   B1-3-P269
23439   57955   0.4045424   B1-3-SP266
24647   57651   0.5073361   B1-3-SP272
20993   59421   0.3584901   B1-D2-53
25111   58376   0.3388132   B1-D2-70
25605   58240   0.3386908   B1-D2-72
25991   58108   0.3606095   B1-D2-F74
20791   59508   0.3892624   B1-D2-M52
20763   59545   0.3998473   B1-D2-P52
21013   59462   0.39406   B1-D2-P53
22468   59081   0.3624181   B1-D2-P59
22715   59036   0.3308827   B1-D2-P60
23174   58894   0.3031   B1-D2-P62
24428   58565   0.3820964   B1-D2-P67
25123   58399   0.3412886   B1-D2-P70
25605   58278   0.3691612   B1-D2-P72
20981   58856   0.3751014   B1-D3-451
22440   58488   0.3431965   B1-D3-457
22654   58427   0.3721652   B1-D3-458
23442   58263   0.3664314   B1-D3-461
20609   58953   0.3919915   B1-D3-55
24003   58076   0.3842452   B1-D3-69
24239   58018   0.37773   B1-D3-70
24481   57958   0.3773068   B1-D3-71
24991   57821   0.4106655   B1-D3-73
25210   57775   0.4811397   B1-D3-74
25450   57714   0.3887227   B1-D3-75
25887   57603   0.4671755   B1-D3-77
20655   58972   0.3910841   B1-D3-M55
20626   58987   0.3792014   B1-D3-P55
20859   58926   0.396772   B1-D3-P56
21353   58813   0.406971   B1-D3-P58
21611   58709   0.3440452   B1-D3-P59
21831   58677   0.3956966   B1-D3-P60
22067   58623   0.3226648   B1-D3-P61
22313   58564   0.3857966   B1-D3-P62
22562   58494   0.3031   B1-D3-P63
22798   58429   0.4073391   B1-D3-P64
23042   58364   0.3380758   B1-D3-P65
23253   58313   0.402611   B1-D3-P66
23766   58184   0.3936597   B1-D3-P68
24015   58124   0.3599843   B1-D3-P69
24253   58062   0.3893949   B1-D3-P70
24499   57995   0.3405128   B1-D3-P71
24964   57869   0.4133655   B1-D3-P73
25449   57742   0.3808791   B1-D3-P75
21205   58491   0.3081965   G100-39
21496   58410   0.5755775   G100-40
21781   58328   0.3031   G100-41
22365   58181   0.4348821   G100-43
20830   59522   0.3622612   G94-37
20769   59235   0.4290435   G96-37
21051   59166   0.4346152   G96-38
21913   58908   0.3617608   G96-41
20661   58942   0.397177   G98-37
20943   58866   0.3844231   G98-38
21281   58772   0.3991497   G98-39
21526   58751   0.3602829   G98-40
21864   58636   0.3931373   G98-41
22182   58608   0.3908489   G98-42
22368   58491   0.3596045   G98-43
22620   58434   0.3406991   G98-44
22908   58394   0.4033396   G98-45
22592   58434   0.3180066   G98-F44
22255   58524   0.3799326   S117
22044   59424   0.3899881   B1-1-054
22136   59384   0.3673334   B1-1-455
21304   59213   0.4686793   B1-21-552
21156   59126   0.4603769   B1-2-35
21277   59099   0.5188938   B1-2-452
21368   59053   0.4374251   B1-2-M135
21226   59142   0.4854818   B1-2-P35
21189   59236   0.454576   B1-321-51
24103   58488   0.3927902   B1-321-63
24574   58337   0.4958181   B1-321-65
21347   59246   0.4374671   B1-321-P52
24498   58417   0.3444526   B1-321-P65
21292   58455   0.305535   B1-3-D50
21132   58546   0.3261999   B1-3-P255
21234   59400   0.3115241   B1-D2-P54
24139   58654   0.3578951   B1-D2-P66
23537   58256   0.3058273   B1-D3-P67
20900   58570   0.3066164   G100-38
21119   59440   0.3128726   G94-38
21348   59078   0.4863974   G96-39
25083   58122   0.3925535   B1-2-043
22623   58747   0.3978806   B1-2-38
23097   58644   0.3960373   B1-2-39
21771   58975   0.3734533   B1-2-454
21904   58982   0.363779   B1-2-P136
24804   58221   0.3930643   B1-2-P142
22636   58785   0.397976   B1-2-P38
23128   58636   0.3968158   B1-2-P39
21489   58889   0.4085076   B1-30-553
21732   58828   0.3663535   B1-30-554
21954   58762   0.3807805   B1-30-555
22557   58940   0.3454287   B1-321-P57
21762   58846   0.3716159   B1-330-P54
25865   57789   0.3691206   B1-330-P71
20697   58660   0.5076615   B1-3-P253
25835   58184   0.3466088   B1-D2-73
26019   58136   0.395698   B1-D2-74
22871   59003   0.305759   G94-44
22847   59191   0.3896884   B1-1-057
21995   59430   0.3914352   B1-1-54
23415   59061   0.3930082   B1-1-60
24687   58732   0.3652667   B1-1-65
23018   59194   0.3895089   B1-1-P58
21635   58947   0.3344934   B1-2-036
21557   59141   0.391404   B1-21-553
21795   59089   0.388185   B1-21-554
22065   59016   0.3765257   B1-21-555
22294   58964   0.3739862   B1-21-556
22772   58841   0.3729654   B1-21-M558
25055   58132   0.3931618   B1-2-43
22048   58888   0.3944221   B1-2-455
24676   58212   0.3933143   B1-2-466
24958   58133   0.392995   B1-2-467
21679   59030   0.3844247   B1-2-P36
22155   58918   0.394322   B1-2-P37
25080   58156   0.3965339   B1-2-P43
22992   59267   0.3930998   B1-311-58
21703   59120   0.3942742   B1-321-53
22172   58967   0.39384   B1-321-55
23608   58623   0.3635964   B1-321-61
24826   58272   0.3927962   B1-321-66
25077   58203   0.393632   B1-321-67
21591   59192   0.3453118   B1-321-P53
22070   59061   0.3475983   B1-321-P55
22314   58995   0.348563   B1-321-P56
24974   58321   0.329533   B1-321-P67
21864   58802   0.393969   B1-330-54
21986   58803   0.3691166   B1-330-P55
24886   58056   0.3838564   B1-330-P67
22443   59061   0.3582807   B1-D2-59
23895   58686   0.3326387   B1-D2-65
23918   58711   0.3265561   B1-D2-P65
21105   58847   0.3065725   B1-D3-P57
24711   58688   0.3860867   B1-1-065
22267   59360   0.3570383   B1-1-55
23079   58592   0.3994013   B1-2-039
24042   58440   0.3930233   B1-2-041
23972   58528   0.3673826   B1-21-563
21649   59001   0.3788461   B1-2-36
22136   58874   0.3879463   B1-2-37
21527   59036   0.420759   B1-2-453
22274   58844   0.3967741   B1-2-456
22742   58719   0.3960281   B1-2-458
23216   58605   0.3936722   B1-2-460
23469   58550   0.3928557   B1-2-461
23691   58482   0.3930223   B1-2-462
23939   58406   0.3938222   B1-2-463
22986   58509   0.3597975   B1-30-559
24086   57905   0.3535331   B1-31-564
22616   59195   0.3886043   B1-320-P57
22410   58914   0.3977422   B1-321-56
22886   58800   0.3934531   B1-321-58
23866   58555   0.3928378   B1-321-62
24002   58555   0.3419585   B1-321-P63
21373   58929   0.4612077   B1-330-52
22819   58547   0.4494766   B1-330-58
22722   58607   0.4057702   B1-330-P58
22964   58537   0.3847672   B1-330-P59
23932   58294   0.3755623   B1-330-P63
24193   57760   0.4705168   B1-3-P270
21704   59300   0.3107149   G94-40
22337   59162   0.3381959   G94-42
22582   59079   0.306937   G94-43
21602   59003   0.3829916   G96-40
22243   58846   0.3940904   G96-42
22477   58781   0.4060246   G96-43
22791   58708   0.4044806   G96-44
23332   59070   0.3719751   B1-1-460
22106   59280   0.3430429   B1-20-555
22797   58867   0.3527883   B1-21-558
23023   58782   0.3615505   B1-21-559
24078   58414   0.3946751   B1-2-P41
22122   58410   0.3279972   B1-31-556
22012   59324   0.3595436   B1-320-54
21904   59373   0.3668099   B1-320-P54
22142   59295   0.3600775   B1-320-P55
22770   58875   0.3423482   B1-321-P58
23038   58807   0.3323832   B1-321-P59
23276   58737   0.319178   B1-321-P60
22029   58334   0.3218178   B1-3-P259
22028   58327   0.320958   B1-3-SP258
22059   58284   0.307114   G100-42
23082   58675   0.401943   G96-45
21888   59322   0.3111961   B1-20-554
24905   58573   0.3841618   B1-320-66
24746   57871   0.489531   B1-D3-72
24882   58459   0.3656426   B1-D2-P69
24055   58797   0.3777437   B1-320-P63
24153   58873   0.352569   B1-1-063
21671   59498   0.3874496   B1-1-453
23567   59011   0.3852119   B1-1-461
24044   58908   0.352328   B1-1-463
24704   58322   0.3943455   B1-2-42
24348   58417   0.3935739   B1-321-64
21570   58369   0.5637488   B1-3-D51
24143   58622   0.3536585   B1-D2-66
24625   58495   0.3424559   B1-D2-68
23664   59002   0.3427803   B1-1-061
23586   58433   0.3363543   B1-2-040
23723   58607   0.3607587   B1-21-562
23581   58505   0.3731044   B1-2-40
23602   58530   0.3813277   B1-2-P40
23763   58615   0.3558508   B1-321-P62
24868   58435   0.3646219   B1-D2-69
24654   58496   0.3507498   B1-D2-P68
21408   59370   0.3042027   G94-39
22650   59242   0.3861989   B1-1-457
25234   58549   0.3934752   B1-1-468
25340   58428   0.3642986   B1-320-68
25274   58494   0.3851567   B1-320-P68
22225   59140   0.3137936   B1-D2-P58
23421   58843   0.3902322   B1-D2-P63
25318   58589   0.4092163   B1-1-68
22933   58935   0.3587964   B1-D2-61
25837   58220   0.3496993   B1-D2-P73
20717   58608   0.487766   B1-3-D48
21478   59302   0.3492234   B1-D2-55
21512   59452   0.3666734   B1-320-52
23127   58730   0.4000575   B1-321-59
23376   58664   0.365521   B1-321-60
21484   59335   0.3354232   B1-D2-P55
23346   58918   0.3969592   B1-20-560
23489   58658   0.3711565   B1-21-561
23425   58933   0.3943854   B1-320-60
23346   58974   0.3869649   B1-320-SP60
23507   58685   0.3388634   B1-321-P61
22935   58969   0.352068   B1-D2-P61
23761   58147   0.3929237   B1-D3-68
21933   59058   0.3885085   B1-321-54
23610   58090   0.385523   B1-331-P62
21969   59176   0.3404902   B1-D2-57
21968   59206   0.3258815   B1-D2-P57
21982   59225   0.3393836   G94-41
23570   58927   0.3595851   B1-320-P61
23568   58896   0.3394445   B1-20-561
21051   58519   0.3130795   B1-3-D49
23342   57931   0.532204   B1-3-D57
21459   58393   0.4050642   B1-3-F51
23113   59036   0.3626391   B1-20-559
23672   58890   0.3416812   B1-320-61
21655   59429   0.4056324   B1-320-P53
23077   59021   0.3680585   B1-320-P59
21510   59546   0.3930171   B1-1-52
23151   58933   0.3033044   G94-45
21816   59132   0.355108   B1-321-P54
23217   58979   0.3031   B1-320-59
23666   58771   0.3031   B1-D2-P64
25344   58312   0.3031   B1-D2-71
25363   58324   0.3031   B1-D2-P71
21741   59292   0.3031   B1-D2-P56
