21289   59182   0.4838063   
21352   59222   0.5507176   
21415   59262   0.6166484   
21383.5   59338   0.3217004   
21415   59326   0.3992809   
21446.5   59314   0.4189155   
21565   59289.25   0.3217004   
21536   59293.5   0.3992809   
21507   59297.75   0.4189155   
21262.75   59088.75   0.4223801   
21299.5   59035.5   0.4889429   
21336.25   58982.25   0.5248991   
21172   58867.5   0.4211103   
21239   58888   0.4869444   
21306   58908.5   0.5225249   
21358   58842   0.3597147   
21363   58871   0.4394551   
21368   58900   0.465815   
21301.25   59115.5   0.4838063   
21376.5   59089   0.5847363   
21451.75   59062.5   0.6496815   
21396.5   58868.75   0.4345582   
21440   58924.5   0.5073431   
21483.5   58980.25   0.5469494   
22162   58707.25   0.3808939   
22222   58697.5   0.4452193   
22282   58687.75   0.472535   
22510   58943.5   0.3595312   
22454   58855   0.4390147   
22398   58766.5   0.4652956   
22507   58540   0.4469063   
22452   58586   0.5263075   
22397   58632   0.5699919   
22657.75   59007.75   0.3217004   
22749.5   58983.5   0.3978514   
22841.25   58959.25   0.4173757   
22933   58935   0.4226318   B1-D2-61
22856.5   58655.75   0.3988567   
22844   58619.5   0.454473   
22831.5   58583.25   0.4834462   
23003.5   58490   0.3217004   
22942   58509   0.4089254   
22880.5   58528   0.4302325   
22626.25   58507.25   0.3217004   
22690.5   58520.5   0.4089251   
22754.75   58533.75   0.4302322   
22921.5   58667   0.3716388   
22974   58642   0.4440238   
23026.5   58617   0.4711612   
23268   58579.25   0.3609332   
23205   58583.5   0.4423807   
23142   58587.75   0.4692649   
23068.5   58501.25   0.3217004   
23072   58531.5   0.4090184   
23075.5   58561.75   0.4303416   
23342.25   58597.25   0.3217004   
23353.5   58619.5   0.4010394   
23364.75   58641.75   0.4208096   
23322   58766   0.3217004   
23340   58732   0.399221   
23358   58698   0.418851   
23496   58748   0.3217004   
23456   58720   0.399221   
23416   58692   0.418851   
23365.5   58568.75   0.3217004   
23400   58562.5   0.4068593   
23434.5   58556.25   0.4278093   
23469   58550   0.4295584   B1-2-461
23751   58484.75   0.3217004   
23657   58506.5   0.4023565   
23563   58528.25   0.422372   
23307   58372.25   0.3217004   
23361   58431.5   0.401854   
23415   58490.75   0.4217572   
20995   59668.75   0.4838063   
20917   59659.5   0.5847363   
20839   59650.25   0.6268932   
20950   59506.75   0.4838063   
20887   59551.5   0.5847363   
20824   59596.25   0.6327787   
21093.75   59667   0.3217004   
21114.5   59656   0.397805   
21135.25   59645   0.4173258   
21156   59634   0.4225783   B1-1-451
22051.5   59469.5   0.3217004   
22042   59490   0.3978086   
22032.5   59510.5   0.4173296   
22023   59531   0.4225824   B1-311-54
22214.25   59464.25   0.3217004   
22150.5   59486.5   0.3978086   
22086.75   59508.75   0.4173296   
22044.5   59444.25   0.3217004   
22028   59439.5   0.3978353   
22011.5   59434.75   0.4173583   
21995   59430   0.4226131   B1-1-54
21893.75   59299.5   0.3217004   
21927.5   59343   0.3978351   
21961.25   59386.5   0.4173582   
22315.75   59400.25   0.3217004   
22353.5   59358.5   0.3988429   
22391.25   59316.75   0.4184437   
22429   59275   0.4237766   B1-1-456
22344.75   59427.25   0.3217004   
22411.5   59412.5   0.4020407   
22478.25   59397.75   0.4219857   
22545   59383   0.4275276   B1-311-56
22704.75   59343.25   0.3217004   
22651.5   59356.5   0.402199   
22598.25   59369.75   0.4221794   
22560.75   59119.75   0.3217004   
22555.5   59207.5   0.4019023   
22550.25   59295.25   0.4218163   
22550.75   59066   0.3217004   
22535.5   59100   0.397969   
22520.25   59134   0.4175024   
22277   59132   0.3217004   
22353   59144   0.4049459   
22429   59156   0.4255403   
22753.75   59278.25   0.3217004   
22749.5   59226.5   0.3992168   
22745.25   59174.75   0.4188464   
22741   59123   0.4241662   B1-320-57
22609.75   59054.75   0.3217004   
22653.5   59077.5   0.3991441   
22697.25   59100.25   0.418768   
22816.5   59314.25   0.3217004   
22875   59298.5   0.4001006   
22933.5   59282.75   0.4197984   
22992   59267   0.4252286   B1-311-58
22840   59279.5   0.3733289   
22922   59229   0.4442421   
23004   59178.5   0.4714121   
22696   59056   0.4509904   
22826   59080   0.5327647   
22956   59104   0.5777147   
23520.5   58866.75   0.3217004   
23505   58957.5   0.3978086   
23489.5   59048.25   0.4173295   
23474   59139   0.4225823   B1-311-60
23570   58804.5   0.3217004   
23604   58833   0.3978026   
23638   58861.5   0.4173232   
23753.75   58758.75   0.3217004   
23726.5   58802.5   0.3978025   
23699.25   58846.25   0.417323   
24124   58983.25   0.3217004   
24064   58996.5   0.3978332   
24004   59009.75   0.4173561   
23944   59023   0.4226108   B1-311-62
24149   58954.5   0.3217004   
24114   58939   0.397807   
24079   58923.5   0.4173279   
24044   58908   0.4225805   B1-1-463
24967.75   58687.75   0.3217004   
24994.5   58666.5   0.3978354   
25021.25   58645.25   0.4173585   
25177.75   58413.25   0.3217004   
25134.5   58483.5   0.3996436   
25091.25   58553.75   0.4193062   
25253.25   58399   0.4759866   
25285.5   58455   0.5722259   
25317.75   58511   0.6318712   
25600.25   58573   0.3957641   
25559.5   58558   0.4501801   
25518.75   58543   0.4782662   
25478   58528   0.490475   B1-1-469
25463   58337.5   0.4007844   
25468   58401   0.4572166   
25473   58464.5   0.4868182   
25628.5   58534.5   0.3217004   
25616   58481   0.3978063   
25603.5   58427.5   0.4173272   
25591   58374   0.4225798   B1-320-69
25491.25   58299   0.3217004   
25524.5   58324   0.3978063   
25557.75   58349   0.4173272   
25696.75   58248   0.3217004   
25661.5   58290   0.3978063   
25626.25   58332   0.4173272   
25662   58555   0.3217004   
25683   58522   0.3978089   
25704   58489   0.4173299   
25725   58456   0.4225827   B1-1-470
25730.25   58268.5   0.3217004   
25728.5   58331   0.3978088   
25726.75   58393.5   0.4173298   
25700   58572.5   0.3217004   
25759   58557   0.3978435   
25818   58541.5   0.4173672   
25877   58526   0.4226227   B1-311-70
26048   58472.75   0.3217004   
25991   58490.5   0.3978435   
25934   58508.25   0.4173672   
26064.5   58437.25   0.3217004   
26024   58419.5   0.3978089   
25983.5   58401.75   0.4173299   
25943   58384   0.4225827   B1-1-471
26090.75   58403.75   0.3217004   
26076.5   58352.5   0.3978091   
26062.25   58301.25   0.4173301   
26048   58250   0.422583   B1-320-71
26005.25   58143.5   0.3217004   
26019.5   58179   0.3978091   
26033.75   58214.5   0.4173301   
21837.75   59185.75   0.3217004   
21815.5   59115.5   0.3978051   
21793.25   59045.25   0.4173259   
21771   58975   0.4225784   B1-2-454
21335   58585   0.4838063   
21375   58642   0.5847363   
21415   58699   0.5611879   
21378.5   58798.75   0.3217004   
21404   58784.5   0.4170615   
21429.5   58770.25   0.439981   
21716.75   58534.5   0.3564965   
21661.5   58561   0.4313762   
21606.25   58587.5   0.4564137   
21565.25   58430.25   0.3526183   
21560.5   58491.5   0.4297686   
21555.75   58552.75   0.4545659   
21359   58549.5   0.4838063   
21423   58571   0.5534716   
21487   58592.5   0.5380011   
21751.75   58553.5   0.3217004   
21731.5   58599   0.39805   
21711.25   58644.5   0.4175897   
21691   58690   0.4228611   B1-D3-454
22042.5   58738.25   0.4668236   
21983   58759.5   0.5575689   
21923.5   58780.75   0.6010906   
21795   58581.5   0.4682754   
21818   58655   0.550048   
21841   58728.5   0.6145264   
22123   58680.75   0.3217004   
22144   58644.5   0.3984591   
22165   58608.25   0.4180303   
22186   58572   0.4232373   B1-D3-456
22234.75   58419   0.3217004   
22218.5   58470   0.3983347   
22202.25   58521   0.4178963   
22468   58513.5   0.3217004   
22374   58533   0.3983337   
22280   58552.5   0.4178952   
22994.5   58450.75   0.3217004   
22924   58430.5   0.3978437   
22853.5   58410.25   0.4173674   
22783   58390   0.4226223   B1-D3-64
22763.5   58200.25   0.3217004   
22770   58263.5   0.3978428   
22776.5   58326.75   0.4173664   
22617.25   58468   0.3217004   
22672.5   58442   0.3978431   
22727.75   58416   0.4173668   
24295.5   58353   0.3217004   
24259   58352   0.3978098   
24222.5   58351   0.4173309   
24186   58350   0.4225838   B1-2-464
24105   58398   0.3217004   
24132   58382   0.3978098   
24159   58366   0.4173309   
24029   58338.25   0.3217004   
23980   58262.5   0.3978151   
23931   58186.75   0.4173366   
23882   58111   0.4225901   B1-D3-463
23771.75   58037.5   0.3217004   
23808.5   58062   0.3978151   
23845.25   58086.5   0.4173366   
23972.75   58084.75   0.3217004   
23942.5   58093.5   0.3978156   
23912.25   58102.25   0.4173371   
23795   58165.75   0.3217004   
23824   58147.5   0.3978151   
23853   58129.25   0.4173366   
24161   57768.75   0.3217004   
24099   57846.5   0.3978139   
24037   57924.25   0.4173352   
23975   58002   0.4225886   B1-331-63
23996   58057.5   0.3217004   
23989   58039   0.3978142   
23982   58020.5   0.4173356   
24277.5   58271.75   0.3614368   
24223   58189.5   0.442706   
24168.5   58107.25   0.469647   
24087   58316.75   0.4838063   
24096   58219.5   0.5847363   
24105   58122.25   0.5774745   
24195.75   57908.75   0.3217004   
24168.5   57947.5   0.4017635   
24141.25   57986.25   0.4216465   
24195.75   57774.5   0.3217004   
24168.5   57858   0.4017628   
24141.25   57941.5   0.4216456   
24030.75   58063.25   0.3217004   
24058.5   58050.5   0.4017645   
24086.25   58037.75   0.4216477   
24601.75   58266   0.4198187   
24626.5   58248   0.4849584   
24651.25   58230   0.5201889   
24830.5   58397.25   0.4581402   
24779   58335.5   0.5437224   
24727.5   58273.75   0.5919722   
24351.25   58330.5   0.3217004   
24370.5   58307   0.3978248   
24389.75   58283.5   0.4173471   
24409   58260   0.4226013   B1-2-465
24535   58278   0.3217004   
24493   58272   0.3978251   
24451   58266   0.4173474   
24955.75   57986.75   0.3217004   
24896.5   57997.5   0.4084233   
24837.25   58008.25   0.4296436   
24778   58019   0.4499314   B1-330-66
24731.5   57800.75   0.3217004   
24747   57873.5   0.4081437   
24762.5   57946.25   0.4293157   
25027.75   58286.75   0.3217004   
24944.5   58197.5   0.4102169   
24861.25   58108.25   0.4317723   
24856   58349   0.3988659   
24830   58239   0.4544858   
24804   58129   0.4834618   
25249.5   58101.75   0.3217004   
25194   58108.5   0.3979068   
25138.5   58115.25   0.4174354   
25083   58122   0.4227326   B1-2-043
25032   58012.5   0.3217004   
25049   58049   0.3979707   
25066   58085.5   0.4175042   
25364   58070.75   0.3217004   
25423   58046.5   0.3979486   
25482   58022.25   0.4174804   
25541   57998   0.4227281   B1-2-044
25684.25   58154   0.3217004   
25636.5   58102   0.397921   
25588.75   58050   0.4174507   
25153.25   57608.75   0.3217004   
25215.5   57655.5   0.3980114   
25277.75   57702.25   0.4175481   
25340   57749   0.4228165   B1-D3-469
25394.75   57459   0.3217004   
25407.5   57512   0.397832   
25420.25   57565   0.4173549   
25646.5   57558.25   0.3217004   
25620   57595.5   0.3978144   
25593.5   57632.75   0.4173359   
25567   57670   0.4225891   B1-D3-470
25889.75   57747   0.3217004   
25833.5   57764   0.397828   
25777.25   57781   0.4173506   
25721   57798   0.4226049   B1-330-70
25685   57590.25   0.3217004   
25697   57659.5   0.397828   
25709   57728.75   0.4173506   
25963.25   57790.25   0.3217004   
25980.5   57850.5   0.3978074   
25997.75   57910.75   0.4173282   
26015   57971   0.4225809   B1-321-71
25997   58073.75   0.3217004   
26003   58039.5   0.3978073   
26009   58005.25   0.4173282   
25937.5   57681   0.3217004   
25929   57632   0.3980057   
25920.5   57583   0.4175419   
25912   57534   0.4228253   B1-331-71
25732.75   57524.25   0.3217004   
25792.5   57527.5   0.3980552   
25852.25   57530.75   0.4175952   
25952.5   57330.75   0.3217004   
25939   57398.5   0.3980063   
25925.5   57466.25   0.4175425   
25760.5   57410.25   0.3217004   
25811   57451.5   0.3980089   
25861.5   57492.75   0.4175454   
22059.75   58802.25   0.3217004   
22017.5   58887.5   0.3981737   
21975.25   58972.75   0.4177228   
21933   59058   0.4229805   B1-321-54
21878.25   59206.5   0.3217004   
21896.5   59157   0.3981333   
21914.75   59107.5   0.4176794   
23817.75   58739.75   0.3217004   
23854.5   58764.5   0.3217006   
23891.25   58789.25   0.4005669   
24089.25   58670   0.3217004   
24035.5   58718   0.3956659   
23981.75   58766   0.4150749   
25248   58122   0.3217004   
25191   58149   0.3978074   
25134   58176   0.4173282   
25185   58308   0.3217004   
25149   58273   0.402683   
25113   58238   0.4227716   
25102.5   58332.75   0.3217004   
25094   58289.5   0.3978074   
25085.5   58246.25   0.4173282   
25365.75   58094.25   0.3217004   
25426.5   58093.5   0.3950542   
25487.25   58092.75   0.4144397   
25480.5   58228.5   0.3217004   
25503   58183   0.3217005   
25525.5   58137.5   0.4001399   
25686   58177.5   0.3217004   
25640   58149   0.3217005   
25594   58120.5   0.4001399   
25755.75   58232.75   0.3217004   
25779.5   58259.5   0.3217005   
25803.25   58286.25   0.3992947   
22933.5   58701.5   0.4838063   
22998   58711   0.5847363   
23062.5   58720.5   0.6535183   
23280   58613.75   0.4838063   
23229   58652.5   0.5847363   
23178   58691.25   0.6535183   
23259.75   58782.5   0.4069759   
23215.5   58765   0.4661754   
23171.25   58747.5   0.4975066   
25224.25   58394.5   0.3217004   
25227.5   58446   0.3977987   
25230.75   58497.5   0.417319   
21621.25   59243.75   0.3217004   
21648.5   59202.5   0.3978062   
21675.75   59161.25   0.417327   
21703   59120   0.4225796   B1-321-53
21820.75   59222   0.3217004   
21781.5   59188   0.3978062   
21742.25   59154   0.417327   
22048.75   59417.75   0.3217004   
22036.5   59386.5   0.3986848   
22024.25   59355.25   0.4182734   
22211.5   59412.5   0.3217004   
22145   59383   0.3980545   
22078.5   59353.5   0.4175945   
21898   59273   0.3217004   
21936   59290   0.3980545   
21974   59307   0.4175944   
22153.75   59171   0.3217004   
22106.5   59222   0.3980557   
22059.25   59273   0.4175958   
22119.5   58779.5   0.3217004   
22137   58842   0.4018505   
22154.5   58904.5   0.4217529   
22172   58967   0.4270846   B1-321-55
22193.75   59081.75   0.3217004   
22186.5   59043.5   0.4015244   
22179.25   59005.25   0.4213539   
22873.25   58719   0.3656096   
22877.5   58746   0.4432451   
22881.75   58773   0.4702663   
22886   58800   0.4562579   B1-321-58
22646   58974   0.3217004   
22726   58916   0.4081647   
22806   58858   0.4293403   
25745.5   58163   0.3217004   
25759   58120   0.3956493   
25772.5   58077   0.4150576   
25939.75   58089.5   0.3217004   
25888.5   58071   0.3217006   
25837.25   58052.5   0.4005618   
21392   59375.5   0.3217004   
21432   59401   0.3978081   
21472   59426.5   0.4173291   
21512   59452   0.4225819   B1-320-52
21573.5   59326.75   0.3217004   
21553   59368.5   0.3978081   
21532.5   59410.25   0.4173291   
22731   59308   0.3217004   
22704   59286   0.4000448   
22677   59264   0.4197384   
22650   59242   0.4251642   B1-1-457
22808.75   58697.5   0.3411241   
22748.5   58703   0.4284146   
22688.25   58708.5   0.4530057   
22581.5   58952.5   0.3217004   
22597   58873   0.4030616   
22612.5   58793.5   0.4232347   
22578.5   58549   0.3217004   
22595   58604   0.4030472   
22611.5   58659   0.4232172   
21277.5   59148   0.4293953   
21329   59154   0.4995328   
21380.5   59160   0.5376938   
21553.5   59255.25   0.3356394   
21513   59225.5   0.4277686   
21472.5   59195.75   0.4522613   
23334.25   58833.25   0.3217004   
23364.5   58866.5   0.4233998   
23394.75   58899.75   0.4472716   
23508.25   58815.25   0.3283011   
23480.5   58854.5   0.4269041   
23452.75   58893.75   0.4512652   
22100.5   58744.75   0.3997986   
22099   58772.5   0.4558121   
22097.5   58800.25   0.4850911   
22096   58828   0.4932404   B1-2-037
23314.5   58843.5   0.3217004   
23325   58887   0.3981214   
23335.5   58930.5   0.4176666   
23346   58974   0.4229435   B1-320-SP60
23544.5   58813.75   0.3217004   
23553   58851.5   0.3978041   
23561.5   58889.25   0.4173248   
23570   58927   0.4225771   B1-320-P61
25203   58410.75   0.3217004   
25185   58478.5   0.4015832   
25167   58546.25   0.4214259   
25285.25   58138.25   0.3217004   
25265.5   58181.5   0.3968414   
25245.75   58224.75   0.4162956   
25222.25   58324.25   0.3217004   
25223.5   58305.5   0.3968414   
25224.75   58286.75   0.4162956   
25400   58272.5   0.3217004   
25342   58271   0.3968414   
25284   58269.5   0.4162956   
25345.5   58119.75   0.3217004   
25386   58144.5   0.3978087   
25426.5   58169.25   0.4173297   
25460.25   58254   0.3217004   
25462.5   58234   0.3978087   
25464.75   58214   0.4173297   
25261.75   58065.75   0.3217004   
25218.5   58036.5   0.3979766   
25175.25   58007.25   0.4175105   
25132   57978   0.4227823   B1-330-P68
25044.25   57976.5   0.3217004   
25073.5   57977   0.3979869   
25102.75   57977.5   0.4175217   
25243.25   57999.25   0.3217004   
25181.5   57903.5   0.3978484   
25119.75   57807.75   0.4173725   
25058   57712   0.4226168   B1-331-P68
24969.5   57571.75   0.3217004   
24999   57618.5   0.3978351   
25028.5   57665.25   0.4173582   
25082.75   57599.5   0.3217004   
25074.5   57637   0.3978351   
25066.25   57674.5   0.4173582   
24905.75   57591.25   0.3217004   
24956.5   57631.5   0.3978351   
25007.25   57671.75   0.4173582   
25157.25   57651.5   0.3217004   
25223.5   57741   0.3976731   
25289.75   57830.5   0.4171836   
25721.5   58185   0.3217004   
25711   58164   0.3217005   
25700.5   58143   0.3992947   
22832.25   58670.75   0.3564575   
22795.5   58649.5   0.4312764   
22758.75   58628.25   0.4562992   
22602   58522.25   0.3217004   
22642   58550.5   0.4047633   
22682   58578.75   0.4253169   
22563.75   59009   0.3217004   
22561.5   58986   0.3980434   
22559.25   58963   0.4175825   
22557   58940   0.4228575   B1-321-P57
22560.75   58605.5   0.3217004   
22559.5   58717   0.3980503   
22558.25   58828.5   0.41759   
23866.75   58420.75   0.3217004   
23888.5   58378.5   0.3979383   
23910.25   58336.25   0.4174693   
24041.5   58384   0.3217004   
24005   58354   0.3979383   
23968.5   58324   0.4174693   
23807.5   58211.5   0.3217004   
23849   58239   0.3982162   
23890.5   58266.5   0.4177687   
25076.75   58362.25   0.3217004   
25042.5   58348.5   0.3978481   
25008.25   58334.75   0.4173721   
24905   58424.5   0.4838063   
24928   58390   0.5847363   
24951   58355.5   0.6413951   
23703.75   58032.25   0.3217004   
23672.5   58051.5   0.3978252   
23641.25   58070.75   0.4173475   
23610   58090   0.4226016   B1-331-P62
23510.25   57943.75   0.3217004   
23543.5   57992.5   0.3978252   
23576.75   58041.25   0.4173475   
23481.75   57988.75   0.3217004   
23524.5   58022.5   0.3978254   
23567.25   58056.25   0.4173477   
23727   58160.5   0.3217004   
23688   58137   0.3978253   
23649   58113.5   0.4173476   
22595.5   58204.5   0.3217004   
22611   58246   0.3978064   
22626.5   58287.5   0.4173273   
22642   58329   0.4225799   B1-331-P58
22728.25   58185   0.3217004   
22699.5   58233   0.3978065   
22670.75   58281   0.4173273   
22582   58452.75   0.3217004   
22602   58411.5   0.3978064   
22622   58370.25   0.4173273   
22288   58372   0.3605163   
22325   58376   0.4413799   
22362   58380   0.4680846   
22534.75   58218.25   0.4401947   
22489.5   58273.5   0.5159204   
22444.25   58328.75   0.5573536   
22521.25   58466.5   0.4401947   
22480.5   58439   0.5159204   
22439.75   58411.5   0.5573536   
23278.75   58481.75   0.4838063   
23226.5   58388.5   0.5847363   
23174.25   58295.25   0.6535183   
23079.25   58403.75   0.3302927   
23093.5   58336.5   0.4271387   
23107.75   58269.25   0.4515355   
23080   58055.75   0.3252459   
23094   58104.5   0.4265443   
23108   58153.25   0.4508504   
23008.75   58107.5   0.328802   
23046.5   58139   0.4269632   
23084.25   58170.5   0.4513332   
23162.5   58071.5   0.3283773   
23149   58115   0.4269131   
23135.5   58158.5   0.4512755   
23359.75   58016.75   0.4838063   
23280.5   58078.5   0.5847363   
23201.25   58140.25   0.5876199   
23220.25   58285.25   0.4838063   
23187.5   58257.5   0.5847363   
23154.75   58229.75   0.6535183   
23824.5   58501   0.3217004   
23804   58539   0.3979647   
23783.5   58577   0.4174978   
23776.5   58690   0.3217004   
23772   58665   0.3979647   
23767.5   58640   0.4174978   
24048   58620.25   0.3217004   
23953   58618.5   0.3979684   
23858   58616.75   0.4175017   
21089.25   59648   0.3217004   
21105.5   59618   0.4146866   
21121.75   59588   0.4371455   
21204   59246   0.4470837   
21182   59350   0.5265901   
21160   59454   0.5703304   
21044.25   59486   0.3217004   
21075.5   59510   0.4146866   
21106.75   59534   0.4371455   
20970.5   59439.75   0.4759866   
20928   59417.5   0.5722259   
20885.5   59395.25   0.6318712   
21363.75   59383.5   0.3217004   
21375.5   59417   0.3978038   
21387.25   59450.5   0.4173245   
22134.25   58722.75   0.3217004   
22166.5   58728.5   0.397935   
22198.75   58734.25   0.4174657   
23375   58602.5   0.3217004   
23419   58630   0.4149415   
23463   58657.5   0.4374499   
23760.5   58518.5   0.4838063   
23676   58574   0.578235   
23591.5   58629.5   0.5715079   
23528.75   58753.25   0.3217004   
23521.5   58730.5   0.4087413   
23514.25   58707.75   0.4300166   
23712.5   58707.5   0.3217004   
23644   58700   0.4087413   
23575.5   58692.5   0.4300166   
24960   58668.25   0.3217004   
24979   58627.5   0.3978145   
24998   58586.75   0.417336   
25017   58546   0.4195061   B1-320-P67
25170   58393.75   0.3217004   
25119   58444.5   0.3688336   
25068   58495.25   0.4054788   
25087.5   58418.5   0.3217004   
25064   58461   0.3978143   
25040.5   58503.5   0.4173358   
24915.75   58480.75   0.3217004   
24949.5   58502.5   0.3978145   
24983.25   58524.25   0.4173359   
24151.75   58926.75   0.3217004   
24119.5   58883.5   0.3978058   
24087.25   58840.25   0.4173266   
24121   58665.75   0.3217004   
24099   58709.5   0.3978058   
24077   58753.25   0.4173266   
24217.5   58911   0.3217004   
24251   58852   0.3978047   
24284.5   58793   0.4173254   
24186.75   58650   0.3217004   
24230.5   58678   0.3978047   
24274.25   58706   0.4173254   
24311.25   58393.5   0.3217004   
24290.5   58433   0.396177   
24269.75   58472.5   0.4156057   
24120.75   58438.5   0.3217004   
24163.5   58463   0.3962256   
24206.25   58487.5   0.4156561   
24169.5   58594.5   0.3217004   
24196   58567   0.3217006   
24222.5   58539.5   0.4009712   
21035.25   59655.75   0.3217004   
20997.5   59633.5   0.3978112   
20959.75   59611.25   0.4173325   
20922   59589   0.4225855   B1-320-P50
20990.25   59493.75   0.3217004   
20967.5   59525.5   0.3978113   
20944.75   59557.25   0.4173325   
21240.5   59257.25   0.3217004   
21255   59372.5   0.4057915   
21269.5   59487.75   0.4265569   
21335   59413.25   0.3217004   
21318   59476.5   0.397804   
21301   59539.75   0.4173246   
22247.75   59147.5   0.3217004   
22294.5   59175   0.3988196   
22341.25   59202.5   0.4184186   
22388   59230   0.4237496   B1-320-P56
21593.25   59261.75   0.3217004   
21592.5   59238.5   0.3217005   
21591.75   59215.25   0.3992949   
21235.5   59098.25   0.3217004   
21245   59054.5   0.3978066   
21254.5   59010.75   0.4173275   
21264   58967   0.4225801   B1-330-P52
21144.75   58877   0.3217004   
21184.5   58907   0.3978066   
21224.25   58937   0.4173275   
21394.5   58837.25   0.3217004   
21436   58861.5   0.4054548   
21477.5   58885.75   0.4261621   
21519   58910   0.431722   B1-330-P53
23884.25   58486   0.3217004   
23923.5   58509   0.3978038   
23962.75   58532   0.4173245   
24059   58449.25   0.3217004   
24040   58484.5   0.3978038   
24021   58519.75   0.4173245   
24107.75   58605.25   0.3217004   
24072.5   58588.5   0.3978038   
24037.25   58571.75   0.4173245   
23808.5   58434.75   0.3217004   
23772   58406.5   0.4068295   
23735.5   58378.25   0.4277744   
23504   58053.75   0.3217004   
23569   58152.5   0.4070364   
23634   58251.25   0.4280171   
23364.5   58322.25   0.3974953   
23476   58331.5   0.452581   
23587.5   58340.75   0.4811482   
23749.25   58225.5   0.3217004   
23732.5   58267   0.406885   
23715.75   58308.5   0.4278394   
23763.5   58012.75   0.3217004   
23792   58012.5   0.3978103   
23820.5   58012.25   0.4173315   
23849   58012   0.4225844   B1-331-P63
23570   57924.25   0.3217004   
23663   57953.5   0.3978102   
23756   57982.75   0.4173314   
24129.5   57771.25   0.3217004   
24036   57851.5   0.3978103   
23942.5   57931.75   0.4173315   
23964.5   58060   0.3217004   
23926   58044   0.3978106   
23887.5   58028   0.4173318   
24292.75   58325.75   0.3217004   
24253.5   58297.5   0.3980883   
24214.25   58269.25   0.4176309   
24175   58241   0.4229057   B1-330-P64
24102.25   58370.75   0.3217004   
24126.5   58327.5   0.398089   
24150.75   58284.25   0.4176316   
24536.75   58256.5   0.3217004   
24496.5   58229   0.3978571   
24456.25   58201.5   0.4173819   
24416   58174   0.4226384   B1-330-P65
21199   59179.75   0.3217004   
21172   59217.5   0.3978059   
21145   59255.25   0.4173267   
21039.25   59419.75   0.3217004   
21065.5   59377.5   0.3978059   
21091.75   59335.25   0.4173267   
21177   59121   0.3217004   
21128   59100   0.397906   
21079   59079   0.4174345   
21030   59058   0.4226986   B1-330-SP51
21017.25   59361   0.3217004   
21021.5   59260   0.397919   
21025.75   59159   0.4174485   
20901.75   58959   0.3217004   
20944.5   58992   0.3979061   
20987.25   59025   0.4174347   
21086.25   58899.75   0.3217004   
21067.5   58952.5   0.3979058   
21048.75   59005.25   0.4174343   
22155   58786.5   0.3217004   
22208   58856   0.3980507   
22261   58925.5   0.4175903   
22229.25   59088.75   0.3217004   
22257.5   59057.5   0.3980573   
22285.75   59026.25   0.4175975   
21149.5   58586   0.3217004   
21167   58626   0.3978156   
21184.5   58666   0.4173371   
21271.75   58572.5   0.3217004   
21248.5   58617   0.3978158   
21225.25   58661.5   0.4173373   
21129.25   58811.75   0.3217004   
21153.5   58776.5   0.3978155   
21177.75   58741.25   0.4173371   
21315.25   58786.25   0.3217004   
21277.5   58759.5   0.3978156   
21239.75   58732.75   0.4173371   
21078.75   58600.5   0.3217004   
21025.5   58655   0.3970285   
20972.25   58709.5   0.4164899   
20874   58885.5   0.3217004   
20889   58845   0.3967412   
20904   58804.5   0.4161916   
21058.5   58826.25   0.3217004   
21012   58805.5   0.3967412   
20965.5   58784.75   0.4161916   
24254.75   57878.25   0.3217004   
24286.5   57886.5   0.3979464   
24318.25   57894.75   0.417478   
24350   57903   0.4227409   B1-331-P65
24254.75   57744   0.3217004   
24286.5   57797   0.3979455   
24318.25   57850   0.417477   
24682.75   57754.5   0.3217004   
24649.5   57781   0.3979245   
24616.25   57807.5   0.4174545   
24583   57834   0.4227164   B1-331-P66
24571   57677.25   0.3217004   
24575   57729.5   0.3979244   
24579   57781.75   0.4174543   
24631   57696.75   0.3217004   
24615   57742.5   0.397925   
24599   57788.25   0.4174551   
21026   58618   0.3217004   
20920   58690   0.3986306   
20814   58762   0.418215   
20821.25   58903   0.3217004   
20783.5   58880   0.3978059   
20745.75   58857   0.4173267   
24799   58510.75   0.4838063   
24716   58562.5   0.5847363   
24633   58614.25   0.6535183   
24904.25   58683   0.3217004   
24867.5   58657   0.3997846   
24830.75   58631   0.4194581   
24794   58605   0.4248607   B1-320-P66
24860   58495.5   0.3217004   
24838   58532   0.3997793   
24816   58568.5   0.4194524   
24877.5   58714.75   0.3217004   
24814   58720.5   0.3979172   
24750.5   58726.25   0.4174466   
24687   58732   0.4227078   B1-1-65
24618.25   58304.5   0.3217004   
24659.5   58325   0.3978631   
24700.75   58345.5   0.4173883   
24742   58366   0.4226453   B1-321-P66
24847   58435.75   0.3217004   
24812   58412.5   0.3978631   
24777   58389.25   0.4173883   
24597.75   58238.5   0.3217004   
24618.5   58193   0.4086079   
24639.25   58147.5   0.4298601   
24660   58102   0.4361873   B1-330-P66
24332.25   57793.75   0.3217004   
24441.5   57896.5   0.409447   
24550.75   57999.25   0.4308445   
25925.75   57744.75   0.3217004   
25905.5   57759.5   0.3978153   
25885.25   57774.25   0.4173368   
25865   57789   0.42259   B1-330-P71
25959.5   58028.25   0.3217004   
25928   57948.5   0.3978152   
25896.5   57868.75   0.4173368   
25643   57537.25   0.3217004   
25613   57553.5   0.3977836   
25583   57569.75   0.4173027   
25424.75   57451   0.3217004   
25467.5   57496   0.3977836   
25510.25   57541   0.4173027   
25670.75   57423.25   0.3217004   
25631.5   57477.5   0.3977784   
25592.25   57531.75   0.4172971   
25265.5   57492.5   0.3217004   
25279   57540   0.3978062   
25292.5   57587.5   0.417327   
25306   57635   0.4225796   B1-331-P69
25363   57463.25   0.3217004   
25344   57520.5   0.3978062   
25325   57577.75   0.417327   
25144.75   57580.25   0.3217004   
25198.5   57598.5   0.3978062   
25252.25   57616.75   0.4173271   
20923.5   59339.5   0.4838063   
20834   59217   0.5847363   
20744.5   59094.5   0.6059052   
20808   58937.5   0.4058348   
20757   58949   0.4644668   
20706   58960.5   0.4955081   
23282.25   58844.75   0.3217004   
23260.5   58889.5   0.398739   
23238.75   58934.25   0.4183317   
23217   58979   0.4236565   B1-320-59
24373.5   58369.75   0.3217004   
24415   58385.5   0.3978425   
24456.5   58401.25   0.4173661   
24498   58417   0.4226215   B1-321-P65
24557.25   58317.25   0.3217004   
24537.5   58350.5   0.3978428   
24517.75   58383.75   0.4173664   
24231.75   58570.75   0.3217004   
24320.5   58519.5   0.3978422   
24409.25   58468.25   0.4173658   
24786   58448.5   0.3217004   
24690   58438   0.3978426   
24594   58427.5   0.4173663   
22570   59043.75   0.3217004   
22574   59055.5   0.3217004   
22578   59067.25   0.3217004   
21613.25   59338.25   0.3997186   
21632.5   59391.5   0.4556981   
21651.75   59444.75   0.484951   
21671   59498   0.5017326   B1-1-453
21812.75   59316.5   0.4093426   
21765.5   59377   0.4696054   
21718.25   59437.5   0.5016035   
25514.75   57840   0.4236397   
25614   57851   0.4291833   B1-330-P70
22939.5   58169.5   0.4141751   
21624.75   59031.5   0.4688529   
21635   58947   0.475955   B1-2-036
25890.25   58339.5   0.4253017   
24884.5   57769.5   0.469935   
23250.75   59031.75   0.5098284   
23233   59109   0.5188213   B1-1-59
21887   59474   0.55   B1-1-454
21820   59537   0.55   B1-1-53
23716   58985   0.55   B1-1-61
21732   58828   0.734   B1-30-554
20822   59847   0.734   B1-311-49
21262   59719   0.734   B1-311-51
21533   59653   0.55   B1-311-52
21775   59589   0.55   B1-311-53
23702   59084   0.55   B1-311-61
24441   58903   0.55   B1-311-64
24692   58830   0.55   B1-311-65
25159   58707   0.55   B1-311-67
21885   58475   0.734   B1-31-555
21762   58846   0.55   B1-330-P54
22020   58500   0.55   B1-331-55
21729   58347   0.734   B1-3-52
22023   58256   0.55   B1-3-53
24721   57569   0.55   B1-3-62
22160   58217   0.55   B1-3-F53
22029   58334   0.734   B1-3-P259
22028   58327   0.734   B1-3-SP258
22040   58589   0.55   B1-D3-61
21781   58328   0.734   G100-41
22059   58284   0.55   G100-42
23243   59228   0.5721034   B1-311-59
22122   58410   0.6805739   B1-31-556
24388   58814   0.3198   B1-1-64
21073   59678   0.3198   B1-1-P50
22061   59449   0.3198   B1-1-P54
24941   58709   0.3198   B1-1-P66
22869   58692   0.3198   B1-2-138
23331   58575   0.3198   B1-2-139
23845   58463   0.3198   B1-2-P140
24332   58354   0.3198   B1-2-P141
25305   58095   0.3198   B1-2-P143
21226   59142   0.3198   B1-2-P35
24078   58414   0.3198   B1-2-P41
24577   58284   0.3198   B1-2-P42
20572   58649   0.3198   B1-3-48
20871   58569   0.3198   B1-3-49
21155   58497   0.3198   B1-3-50
21445   58423   0.3198   B1-3-51
23477   57895   0.3198   B1-3-58
24071   57739   0.3198   B1-3-60
24940   57525   0.3198   B1-3-63
25252   57445   0.3198   B1-3-64
25525   57379   0.3198   B1-3-65
26098   57244   0.3198   B1-3-67
21570   58369   0.3198   B1-3-D51
22453   58153   0.3198   B1-3-D54
22786   58052   0.3198   B1-3-D55
23066   58007   0.3198   B1-3-D56
24223   57691   0.3198   B1-3-D60
24567   57625   0.3198   B1-3-D61
25382   57406   0.3198   B1-3-D64
25966   57263   0.3198   B1-3-D66
21876   58292   0.3198   B1-3-F52
22612   58092   0.3198   B1-3-F55
22870   58038   0.3198   B1-3-F56
21132   58546   0.3198   B1-3-P255
21295   58528   0.3198   B1-3-P256
22580   58163   0.3198   B1-3-P262
22757   58137   0.3198   B1-3-P263
22971   58076   0.3198   B1-3-P264
25091   57562   0.3198   B1-3-P274
25710   57369   0.3198   B1-3-P277
23176   58028   0.3198   B1-3-SP265
23439   57955   0.3198   B1-3-SP266
24647   57651   0.3198   B1-3-SP272
24855   57551   0.3198   B1-3-SP273
22278   59442   0.3198   B1-311-55
22758   59330   0.3198   B1-311-57
24184   58970   0.3198   B1-311-63
25641   58588   0.3198   B1-311-69
26105   58455   0.3198   B1-311-71
22102   58717   0.3198   B1-330-55
23065   58471   0.3198   B1-330-59
25015   57976   0.3198   B1-330-67
25946   57730   0.3198   B1-330-71
21772   58508   0.3198   B1-331-54
22251   58368   0.3198   B1-331-56
23735   58013   0.3198   B1-331-62
24223   57870   0.3198   B1-331-64
25673   57521   0.3198   B1-331-70
24716   57728   0.3198   B1-331-S66
21352   59350   0.3198   B1-D2-452
21594   59285   0.3198   B1-D2-453
21860   59256   0.3198   B1-D2-454
22566   59032   0.3198   B1-D2-457
23304   58800   0.3198   B1-D2-460
23536   58776   0.3198   B1-D2-461
23781   58715   0.3198   B1-D2-462
25221   58343   0.3198   B1-D2-468
25458   58274   0.3198   B1-D2-469
25732   58206   0.3198   B1-D2-470
21219   59367   0.3198   B1-D2-54
24143   58622   0.3198   B1-D2-66
25111   58376   0.3198   B1-D2-70
26019   58136   0.3198   B1-D2-74
22201   59120   0.3198   B1-D2-58
25991   58108   0.3198   B1-D2-F74
21013   59462   0.3198   B1-D2-P53
24882   58459   0.3198   B1-D2-P69
24003   58076   0.3198   B1-D3-69
20859   58926   0.3198   B1-D3-P56
21105   58847   0.3198   B1-D3-P57
21353   58813   0.3198   B1-D3-P58
22562   58494   0.3198   B1-D3-P63
23253   58313   0.3198   B1-D3-P66
23766   58184   0.3198   B1-D3-P68
25217   57807   0.3198   B1-D3-P74
20878.66015625   60014.87890625   0.3198   B1-311-SP68
19758.8671875   593711.9375   0.3198   
19758.8671875   56737.22265625   0.3198   
251815.28125   56737.22265625   0.3198   
251815.28125   593711.9375   0.3198   
20748   59773   0.735   B1-1-049
25391   58643   0.735   B1-311-68
25403   58573   0.735   B1-1-P68
21788   59473   0.5260525   B1-1-053
22044   59424   0.3344593   B1-1-054
22384   59355   0.4081033   B1-1-055
22542   59331   0.4275608   B1-1-056
23478   59043   0.4184667   B1-1-060
23891   58948   0.440297   B1-1-062
25828   58434   0.4244942   B1-1-070
26080   58360   0.3865536   B1-1-071
24298   58848   0.3942313   B1-1-464
24804   58686   0.4086266   B1-1-466
22496   59333   0.4269328   B1-1-56
23415   59061   0.4410442   B1-1-60
23938   58934   0.4201384   B1-1-62
24929   58668   0.3300404   B1-1-66
25801   58450   0.4259903   B1-1-70
26044   58285   0.4224331   B1-1-71
22524   59357   0.4259396   B1-1-P56
23974   58948   0.4252637   B1-1-P62
25869   58431   0.4226317   B1-1-P70
23586   58433   0.4297576   B1-2-040
24544   58249   0.3250639   B1-2-042
21888   59322   0.3561364   B1-20-554
22352   59211   0.4200784   B1-20-556
22596   59154   0.3744309   B1-20-557
21895   58938   0.4565962   B1-2-136
23823   58448   0.3198   B1-2-140
24868   58162   0.440044   B1-2-142
25283   58067   0.3198   B1-2-143
25756   57943   0.428765   B1-2-144
21795   59089   0.4106196   B1-21-554
22065   59016   0.4043515   B1-21-555
22294   58964   0.4229481   B1-21-556
22797   58867   0.4268482   B1-21-558
22772   58841   0.4280788   B1-21-M558
22136   58874   0.4196873   B1-2-37
23581   58505   0.4224358   B1-2-40
25055   58132   0.4194871   B1-2-43
25508   58006   0.4198698   B1-2-44
25996   57879   0.4071821   B1-2-45
22048   58888   0.4080029   B1-2-455
22742   58719   0.4276691   B1-2-458
23939   58406   0.3797368   B1-2-463
24958   58133   0.4087549   B1-2-467
25143   58105   0.4179805   B1-2-468
25407   58018   0.3906647   B1-2-469
25643   57974   0.4210472   B1-2-470
25880   57908   0.4127569   B1-2-471
22887   58722   0.3990449   B1-2-P138
23362   58575   0.3198   B1-2-P139
25778   57975   0.4271629   B1-2-P144
22155   58918   0.4240254   B1-2-P37
22636   58785   0.4270297   B1-2-P38
26013   57904   0.4148531   B1-2-P45
21002   59016   0.4169128   B1-30-551
21489   58889   0.4294668   B1-30-553
23419   58377   0.4161904   B1-30-561
23647   58304   0.4500387   B1-30-562
24320   57852   0.4171427   B1-31-565
24567   57779   0.4159046   B1-31-566
21758   59385   0.4743423   B1-320-53
24905   58573   0.3926259   B1-320-66
25956   58279   0.4200005   B1-320-CSP71
21655   59429   0.4786525   B1-320-P53
21904   59373   0.4236089   B1-320-P54
22616   59195   0.4032604   B1-320-P57
25509   58422   0.4594538   B1-320-P69
25743   58352   0.4066902   B1-320-P70
22649   58855   0.4074558   B1-321-57
21816   59132   0.3895947   B1-321-P54
22070   59061   0.3965105   B1-321-P55
22770   58875   0.4222942   B1-321-P58
23576   58353   0.4746566   B1-330-61
24514   58081   0.4070103   B1-330-65
23435   58412   0.4299547   B1-330-P61
24886   58056   0.4141674   B1-330-P67
22975   58244   0.4142755   B1-331-59
24461   57844   0.3968904   B1-331-65
24975   57732   0.4404545   B1-331-67
25202   57654   0.3822671   B1-331-68
22163   58468   0.4991653   B1-331-P56
24843   57758   0.4262241   B1-331-P67
25785   57524   0.388148   B1-331-P71
22607   58121   0.3198   B1-3-55
24380   57642   0.3198   B1-3-61
21051   58519   0.3198   B1-3-D49
21292   58455   0.3198   B1-3-D50
25105   57471   0.3198   B1-3-D63
25675   57334   0.3198   B1-3-D65
21459   58393   0.3198   B1-3-F51
24193   57760   0.3198   B1-3-P270
24409   57699   0.3283297   B1-3-SP271
22077   59164   0.3823439   B1-D2-455
21720   59270   0.399524   B1-D2-56
21969   59176   0.4048892   B1-D2-57
21741   59292   0.4055454   B1-D2-P56
21968   59206   0.396441   B1-D2-P57
22225   59140   0.3198   B1-D2-P58
23174   58894   0.4441695   B1-D2-P62
20981   58856   0.3800373   B1-D3-451
21237   58774   0.4112245   B1-D3-452
23636   58170   0.4121514   B1-D3-462
24354   57957   0.4258018   B1-D3-465
24620   57881   0.4222717   B1-D3-466
24866   57851   0.4241573   B1-D3-467
25793   57622   0.3839269   B1-D3-471
23003   58331   0.3746476   B1-D3-65
23551   58231   0.4284064   B1-D3-67
24481   57958   0.4236296   B1-D3-71
24746   57871   0.4055972   B1-D3-72
24991   57821   0.4202739   B1-D3-73
25450   57714   0.4267596   B1-D3-75
25690   57654   0.3927664   B1-D3-76
25887   57603   0.4037623   B1-D3-77
23042   58364   0.3629404   B1-D3-P65
23537   58256   0.4416921   B1-D3-P67
24499   57995   0.4250124   B1-D3-P71
24747   57921   0.4228649   B1-D3-P72
25701   57685   0.4058468   B1-D3-P76
21205   58491   0.3198   G100-39
22655   58111   0.3198   G100-44
22961   58053   0.3198   G100-45
21704   59300   0.4069473   G94-40
21051   59166   0.4133814   G96-38
22791   58708   0.3737558   G96-44
20943   58866   0.3749731   G98-38
21281   58772   0.3837127   G98-39
22182   58608   0.4191664   G98-42
22880   59232   0.4168006   B1-1-458
25048   58624   0.4226542   B1-1-467
21284   59603   0.4225771   B1-1-51
23018   59194   0.4633918   B1-1-P58
21095   59146   0.3949469   B1-2-035
22382   58805   0.4435838   B1-2-137
21085   59275   0.4038863   B1-21-551
22530   58898   0.4028662   B1-21-557
23023   58782   0.5289721   B1-21-559
21094   59296   0.4093295   B1-21-M551
21156   59126   0.3459329   B1-2-35
22506   58778   0.4260946   B1-2-457
23216   58605   0.4634835   B1-2-460
23691   58482   0.3921184   B1-2-462
22395   58848   0.4329472   B1-2-P137
23128   58636   0.5168769   B1-2-P39
25080   58156   0.4232104   B1-2-P43
22202   58697   0.4252144   B1-30-556
21659   58530   0.3936036   B1-31-554
22253   59259   0.3821014   B1-320-55
22505   59168   0.4229823   B1-320-56
25115   58491   0.3963574   B1-320-67
22410   58914   0.4108571   B1-321-56
23127   58730   0.5403336   B1-321-59
25077   58203   0.4225854   B1-321-67
23038   58807   0.5063211   B1-321-P59
23491   58129   0.3797908   B1-331-61
21703   58552   0.3657852   B1-331-P54
21513   58457   0.3732615   B1-3-P257
23052   58900   0.4574943   B1-D2-459
22443   59061   0.3747205   B1-D2-59
23190   58870   0.4403318   B1-D2-62
22468   59081   0.3715962   B1-D2-P59
22654   58427   0.3933308   B1-D3-458
21496   58410   0.3256774   G100-40
22477   58781   0.4384839   G96-43
22255   58524   0.3979945   S117
22847   59191   0.4258953   B1-1-057
22998   59141   0.4811127   B1-1-058
24432   58796   0.4045228   B1-1-064
24711   58688   0.4412149   B1-1-065
24553   58751   0.5071   B1-1-465
25234   58549   0.4224966   B1-1-468
22803   59221   0.393679   B1-1-57
22956   59175   0.464427   B1-1-58
24448   58826   0.4395363   B1-1-P64
23113   59036   0.4648015   B1-20-559
20830   59350   0.4904296   B1-21-550
20997   59168   0.4275286   B1-2-451
21904   58982   0.4256692   B1-2-P136
21015   59547   0.3704198   B1-320-50
24401   58701   0.4227012   B1-320-64
24678   58622   0.508255   B1-320-65
23077   59021   0.4621422   B1-320-P59
24550   58666   0.5490112   B1-320-P65
20843   59373   0.477484   B1-321-P50
21102   58987   0.3915782   B1-330-51
21609   58854   0.5150319   B1-330-53
22575   58595   0.3504506   B1-330-57
24032   58225   0.3766148   B1-330-63
21551   58614   0.4847887   B1-331-53
20883   59420   0.4848809   B1-D2-450
22807   58966   0.4160567   B1-D2-458
24498   58526   0.4676487   B1-D2-465
24734   58444   0.3798175   B1-D2-466
20993   59421   0.341193   B1-D2-53
22687   58998   0.3536752   B1-D2-60
24398   58596   0.4368468   B1-D2-67
24625   58495   0.4559417   B1-D2-68
22715   59036   0.3982527   B1-D2-P60
22935   58969   0.4361596   B1-D2-P61
24428   58565   0.4493661   B1-D2-P67
24654   58496   0.4504408   B1-D2-P68
21455   58756   0.4268153   B1-D3-453
22895   58371   0.3986444   B1-D3-459
21351   58788   0.3250026   B1-D3-58
21575   58713   0.4864483   B1-D3-59
21611   58709   0.4815207   B1-D3-P59
22067   58623   0.4733075   B1-D3-P61
22313   58564   0.4282236   B1-D3-P62
22871   59003   0.4385674   G94-44
23151   58933   0.452555   G94-45
21526   58751   0.4439967   G98-40
22620   58434   0.3633237   G98-44
22908   58394   0.3988705   G98-45
25129   58581   0.4181013   B1-1-067
23086   59128   0.4846025   B1-1-459
22267   59360   0.3473174   B1-1-55
25149   58614   0.4225805   B1-1-X67
22106   59280   0.4039277   B1-20-555
21649   59001   0.4608348   B1-2-36
21679   59030   0.4392403   B1-2-P36
23602   58530   0.4414935   B1-2-P40
21282   58945   0.4532168   B1-30-552
23148   58473   0.4045041   B1-30-560
23938   58251   0.4141062   B1-30-563
22958   58490   0.3714068   B1-30-M559
23164   58500   0.4341497   B1-30-M560
22613   58277   0.4102128   B1-31-558
22012   59324   0.4228835   B1-320-54
22142   59295   0.3916408   B1-320-P55
24574   58337   0.3450296   B1-321-65
21373   58929   0.4902306   B1-330-52
23306   58473   0.3921623   B1-330-60
23207   58495   0.4404849   B1-330-P60
23932   58294   0.4226069   B1-330-P63
22399   58384   0.422781   B1-331-P57
22319   58198   0.4066759   B1-3-54
22325   59089   0.3861476   B1-D2-456
24987   58409   0.3967873   B1-D2-467
21126   58822   0.3223965   B1-D3-57
24964   57869   0.3937627   B1-D3-P73
22337   59162   0.402097   G94-42
22582   59079   0.3320817   G94-43
25350   58567   0.4347087   B1-1-068
25630   58463   0.4030615   B1-1-069
25318   58589   0.4826801   B1-1-68
25652   58485   0.3928083   B1-1-69
22628   58714   0.4343259   B1-2-038
23079   58592   0.4340218   B1-2-039
21401   59067   0.4760548   B1-2-135
24305   58315   0.3233257   B1-2-141
21557   59141   0.4449201   B1-21-553
22623   58747   0.4300953   B1-2-38
21277   59099   0.3833991   B1-2-452
21527   59036   0.5259718   B1-2-453
22983   58639   0.45274   B1-2-459
21368   59053   0.4380181   B1-2-M135
22695   58567   0.4162826   B1-30-558
22986   58509   0.3456829   B1-30-559
24155   58197   0.418034   B1-30-564
25340   58428   0.4364313   B1-320-68
25274   58494   0.4227206   B1-320-P68
23376   58664   0.4225862   B1-321-60
22819   58547   0.4275221   B1-330-58
24260   58150   0.3994133   B1-330-64
22722   58607   0.4228838   B1-330-P58
22964   58537   0.3863303   B1-330-P59
21318   58621   0.3535336   B1-331-52
22440   58488   0.3619807   B1-D3-457
24239   58018   0.3844958   B1-D3-70
22798   58429   0.4221066   B1-D3-P64
24253   58062   0.4017864   B1-D3-P70
21408   59370   0.3398628   G94-39
21348   59078   0.4332395   G96-39
21602   59003   0.4781021   G96-40
22368   58491   0.3842627   G98-43
20914   59711   0.4426109   B1-1-450
20832   59734   0.5699503   B1-1-49
20987   59705   0.3283696   B1-1-50
20905   59565   0.4111709   B1-20-550
21628   59391   0.4500215   B1-20-553
23255   58712   0.4362344   B1-21-560
21065   59770   0.4069781   B1-311-50
20761   59641   0.4275498   B1-320-49
20700   59363   0.5284151   B1-321-49
21189   59236   0.3553865   B1-321-51
23276   58737   0.3856267   B1-321-P60
25356   57920   0.4162797   B1-330-P69
20749   59499   0.4663636   B1-D2-52
24868   58435   0.3243659   B1-D2-69
20791   59508   0.4557847   B1-D2-M52
20763   59545   0.445844   B1-D2-P52
20830   59522   0.4311296   G94-37
23664   59002   0.5112686   B1-1-061
23567   59011   0.4357001   B1-1-461
23494   59074   0.4173677   B1-1-P60
23489   58658   0.4378166   B1-21-561
23097   58644   0.5191321   B1-2-39
25537   58028   0.4201041   B1-2-P44
22814   58229   0.3649062   B1-31-559
24086   57905   0.3994657   B1-31-564
24348   58417   0.3504498   B1-321-64
23794   58295   0.3687544   B1-330-62
25253   57926   0.3520782   B1-330-68
25494   57861   0.4210698   B1-330-69
22231   58740   0.4200428   B1-330-P56
23699   58350   0.4308499   B1-330-P62
24089   57966   0.3931543   B1-331-P64
25553   57586   0.4203125   B1-331-P70
20726   58930   0.4156924   B1-D3-450
23125   58308   0.4426849   B1-D3-460
23442   58263   0.437807   B1-D3-461
24114   58025   0.3769931   B1-D3-464
25096   57785   0.4088636   B1-D3-468
25449   57742   0.4226106   B1-D3-P75
23082   58675   0.5284846   G96-45
20668   59225   0.4987537   B1-2-034
20662   59267   0.5065337   B1-2-34
20797   59216   0.4421709   B1-2-450
22274   58844   0.4109908   B1-2-456
20698   59251   0.5000147   B1-2-P34
22436   58629   0.4581389   B1-30-557
22467   58626   0.4397478   B1-30-F557
23321   58048   0.4208946   B1-31-561
20877   59045   0.3913282   B1-330-50
20623   59116   0.4733339   B1-330-J49
22476   58670   0.4418317   B1-330-P57
22864   58283   0.400237   B1-331-P59
23226   58149   0.4705284   B1-331-S60
23360   58150   0.4340894   B1-331-SP61
23342   57931   0.3372065   B1-3-D57
25918   57330   0.3332309   B1-3-P278
23299   58266   0.3857707   B1-D3-66
20769   59235   0.469873   G96-37
22243   58846   0.3872256   G96-42
23802   58953   0.4780704   B1-1-462
20904   59189   0.409591   B1-2-134
21304   59213   0.3428287   B1-21-552
20947   59222   0.4089155   B1-2-P134
20763   59068   0.4131727   B1-30-550
21954   58762   0.4482858   B1-30-555
22374   58322   0.4047436   B1-31-557
20928   59307   0.3463219   B1-321-50
21591   59192   0.3956821   B1-321-P53
22314   58995   0.4195364   B1-321-P56
21864   58802   0.4840778   B1-330-54
21986   58803   0.4265215   B1-330-P55
20559   58872   0.3929853   B1-331-49
22396   58224   0.3459735   B1-3-P261
21939   58618   0.536247   B1-D3-455
20609   58953   0.4115967   B1-D3-55
20655   58972   0.4336822   B1-D3-M55
20626   58987   0.4135444   B1-D3-P55
22365   58181   0.3666224   G100-43
21913   58908   0.4503124   G96-41
20661   58942   0.415518   G98-37
22592   58434   0.3545635   G98-F44
23672   58890   0.421259   B1-320-61
20792   59097   0.4023269   B1-330-P50
24153   58873   0.3742542   B1-1-063
24202   58863   0.3700954   B1-1-63
24042   58440   0.3354271   B1-2-041
23568   58896   0.4194085   B1-20-561
23819   58841   0.3831251   B1-20-562
24676   58212   0.4862426   B1-2-466
24804   58221   0.4625511   B1-2-P142
25827   58313   0.4012974   B1-320-70
23803   58872   0.4109799   B1-320-P62
24826   58272   0.4601935   B1-321-66
25929   58056   0.3206672   B1-321-P71
21814   58650   0.4582732   B1-D3-60
23761   58147   0.3215659   B1-D3-68
21831   58677   0.4717367   B1-D3-P60
21864   58636   0.48722   G98-41
22136   59384   0.3621578   B1-1-455
22842   59094   0.4514553   B1-20-558
22961   59049   0.4326136   B1-320-58
22874   59101   0.4651136   B1-320-P58
22342   58678   0.4908292   B1-330-56
22501   58362   0.4067003   B1-331-57
21921   58524   0.6138725   B1-331-P55
25835   58184   0.343639   B1-D2-73
25837   58220   0.3481647   B1-D2-P73
22524   58458   0.3294406   B1-D3-63
23861   57963   0.4126425   B1-31-563
25300   58148   0.3314674   B1-321-68
25931   58159   0.3454108   B1-D2-471
23660   58742   0.3623756   B1-D2-64
23666   58771   0.3637762   B1-D2-P64
21982   59225   0.4004112   G94-41
23608   58623   0.4186144   B1-321-61
23507   58685   0.4242911   B1-321-P61
23268   59116   0.5075926   B1-1-059
23346   58918   0.4114612   B1-20-560
23425   58933   0.4230542   B1-320-60
24103   58488   0.3515872   B1-321-63
23421   58843   0.3804604   B1-D2-P63
22725   58255   0.3890423   B1-331-58
23928   58814   0.4034956   B1-320-62
21399   59484   0.4121468   B1-320-P52
25786   58034   0.4106809   B1-321-70
25344   58312   0.3476532   B1-D2-71
25605   58240   0.321697   B1-D2-72
25363   58324   0.3290308   B1-D2-P71
25605   58278   0.3355063   B1-D2-P72
21326   59567   0.434714   B1-1-051
21562   59539   0.5084593   B1-1-052
21372   59459   0.4002823   B1-20-552
23972   58528   0.4035417   B1-21-563
24217   58463   0.3868327   B1-21-564
23572   58041   0.4054676   B1-31-562
24318   58734   0.4154364   B1-320-P64
25548   58092   0.3919813   B1-321-69
24002   58555   0.3836553   B1-321-P63
24249   58512   0.3548185   B1-321-P64
25690   58122   0.3659793   B1-321-P70
25433   57618   0.4223709   B1-331-69
23899   57802   0.3447576   B1-3-D59
23980   57820   0.3296678   B1-3-P269
24255   58587   0.3413786   B1-D2-464
23413   58810   0.3715965   B1-D2-63
23895   58686   0.3411992   B1-D2-65
21484   59335   0.3499162   B1-D2-P55
23918   58711   0.3533472   B1-D2-P65
23332   59070   0.4531851   B1-1-460
23723   58607   0.355157   B1-21-562
24704   58322   0.4342287   B1-2-42
21420   59091   0.4715879   B1-2-P135
21432   59166   0.4165864   B1-321-52
21347   59246   0.3664695   B1-321-P52
23763   58615   0.3278709   B1-321-P62
24974   58321   0.3960001   B1-321-P67
25226   58268   0.3590511   B1-321-P68
25467   58194   0.355217   B1-321-P69
23783   57820   0.3494492   B1-3-59
23658   57894   0.3429179   B1-3-P267
24010   58639   0.3536075   B1-D2-463
21478   59302   0.3389717   B1-D2-55
23092   58154   0.4295183   B1-31-560
23122   58202   0.4557583   B1-331-P60
21406   58580   0.436919   B1-31-553
21436   58641   0.4495631   B1-331-P53
21118   59293   0.4103108   B1-321-P51
21098   59375   0.4002729   B1-D2-451
21119   59440   0.354048   G94-38
21392   59560   0.4162521   B1-1-452
21166   59494   0.3516922   B1-20-551
20945   58710   0.3229205   B1-31-551
21255   59509   0.3746703   B1-320-51
21138   59558   0.4201291   B1-320-SP51
21510   59546   0.4235886   B1-1-52
21558   59574   0.5160576   B1-1-P52
20919   58764   0.3421065   B1-331-P51
21213   58649   0.3855023   B1-31-552
21081   58743   0.3508646   B1-331-51
21202   58706   0.387422   B1-331-SP52
20692   58780   0.3477756   B1-31-550
24159   58754   0.3473358   B1-320-63
24055   58797   0.4023661   B1-320-P63
20708   58834   0.3874068   B1-331-P50
20799   58750   0.3198   B1-331-50
20697   58660   0.3198   B1-3-P253
23589   57879   0.3198   B1-3-D58
21234   59400   0.3198   B1-D2-P54
20717   58608   0.3198   B1-3-D48
20619   58641   0.3198   G100-37
20846   58896   0.3198   B1-D3-56
23866   58555   0.3198   B1-321-62
25210   57775   0.3198   B1-D3-74
24139   58654   0.3198   B1-D2-P66
23185   57966   0.3198   B1-3-57
25825   57292   0.3198   B1-3-66
22907   58052   0.3198   B1-3-56
24015   58124   0.3198   B1-D3-P69
21032   59688   0.3198   B1-1-050
24938   58768   0.3198   B1-311-66
20900   58570   0.3198   G100-38
24069   58379   0.3198   B1-2-41
25123   58399   0.3198   B1-D2-P70
