21103   59328.75   0.42242   
21193   59195.5   0.4890057   
21283   59062.25   0.5249738   
21373   58929   0.5349392   B1-330-52
22355   58814.75   0.3665906   
22328   58824.5   0.4433718   
22301   58834.25   0.470412   
22274   58844   0.4474424   B1-2-456
22145   58748.75   0.3217004   
22188   58780.5   0.4059753   
22231   58812.25   0.4267725   
22219.25   59051   0.3217004   
22237.5   58982   0.4059941   
22255.75   58913   0.4267946   
22372   58773.25   0.3591686   
22362   58741.5   0.4381305   
22352   58709.75   0.4642559   
22342   58678   0.4441908   B1-330-56
22162   58707.25   0.3217004   
22222   58697.5   0.4045926   
22282   58687.75   0.425108   
22273.75   58445.5   0.3217004   
22296.5   58523   0.4045542   
22319.25   58600.5   0.4250611   
23022.25   58908.75   0.3217004   
22992.5   58917.5   0.3978081   
22962.75   58926.25   0.4173291   
22933   58935   0.4225819   B1-D2-61
23545.5   58563.5   0.3217004   
23489   58597   0.4088345   
23432.5   58630.5   0.4301259   
23322   58766   0.3217004   
23340   58732   0.4042062   
23358   58698   0.4246352   
23496   58748   0.3217004   
23456   58720   0.4042063   
23416   58692   0.4246353   
23283.75   58400.75   0.4838063   
23314.5   58488.5   0.5847363   
23345.25   58576.25   0.6028425   
23568.75   58535   0.3217004   
23535.5   58540   0.4137068   
23502.25   58545   0.4359757   
23307   58372.25   0.3217004   
23361   58431.5   0.4137069   
23415   58490.75   0.4359759   
23520   58329.5   0.449186   
23503   58403   0.5299394   
23486   58476.5   0.5743402   
20950   59506.75   0.4838063   
20887   59551.5   0.5551955   
20824   59596.25   0.6297367   
21048.75   59505   0.5303399   
21084.5   59548   0.7349998   
21120.25   59591   0.735   
21156   59634   0.734   B1-1-451
22207.25   59439   0.3678883   
22136.5   59436   0.4435394   
22065.75   59433   0.4706046   
21995   59430   0.4781909   B1-1-54
21893.75   59299.5   0.3734555   
21927.5   59343   0.4442585   
21961.25   59386.5   0.4714309   
22529.25   59363.5   0.3217004   
22534.5   59370   0.3978754   
22539.75   59376.5   0.4174015   
22344.75   59427.25   0.3217004   
22411.5   59412.5   0.3978798   
22478.25   59397.75   0.4174063   
22519.25   59309.75   0.3217004   
22514.5   59262.5   0.399901   
22509.75   59215.25   0.4195835   
22505   59168   0.4250698   B1-320-56
22277   59132   0.3217004   
22353   59144   0.4000251   
22429   59156   0.4197171   
23311   58867.5   0.3217004   
23318   58935   0.3978039   
23325   59002.5   0.4173245   
23332   59070   0.422577   B1-1-460
23619.5   58620   0.3217004   
23637   58710   0.4016097   
23654.5   58800   0.4214583   
23570   58804.5   0.3217004   
23604   58833   0.4002613   
23638   58861.5   0.4199716   
24967.75   58687.75   0.3217004   
24994.5   58666.5   0.3978763   
25021.25   58645.25   0.4174026   
25048   58624   0.4226605   B1-1-467
25550.5   58114.5   0.4375446   
25564   58201   0.5119214   
25577.5   58287.5   0.546429   
25491.25   58299   0.3217004   
25524.5   58324   0.4237575   
25557.75   58349   0.4476779   
21716.75   58534.5   0.3217004   
21661.5   58561   0.3978247   
21606.25   58587.5   0.417347   
21551   58614   0.4226005   B1-331-53
21565.25   58430.25   0.3217004   
21560.5   58491.5   0.3978239   
21555.75   58552.75   0.417346   
21751.75   58553.5   0.3217004   
21731.5   58599   0.3978639   
21711.25   58644.5   0.4173891   
22123   58680.75   0.3217004   
22144   58644.5   0.3978354   
22165   58608.25   0.4173585   
22186   58572   0.4226123   B1-D3-456
22234.75   58419   0.3217004   
22218.5   58470   0.3978341   
22202.25   58521   0.417357   
22096.75   58610.25   0.3217004   
22126.5   58597.5   0.397834   
22156.25   58584.75   0.417357   
22828.75   58648.25   0.4838063   
22770.5   58574.5   0.5847363   
22712.25   58500.75   0.6535183   
22585   58477.25   0.4142308   
22608   58460.5   0.4767341   
22631   58443.75   0.5103762   
22861   58639   0.4838063   
22835   58556   0.5847363   
22809   58473   0.6535183   
23135.5   58332.25   0.4838063   
23018   58351.5   0.5847363   
22900.5   58370.75   0.5499229   
22972   58118   0.3269126   
22973   58160   0.4267406   
22974   58202   0.4510767   
23183.5   58295.75   0.4838063   
23114   58278.5   0.5847363   
23044.5   58261.25   0.617354   
24295.5   58353   0.3217004   
24259   58352   0.3978236   
24222.5   58351   0.4173458   
24105   58398   0.3217004   
24132   58382   0.3978236   
24159   58366   0.4173458   
24029   58338.25   0.3217004   
23980   58262.5   0.3978899   
23931   58186.75   0.4174171   
23972.75   58084.75   0.3217004   
23942.5   58093.5   0.3978937   
23912.25   58102.25   0.4174213   
23795   58165.75   0.3217004   
23824   58147.5   0.3978897   
23853   58129.25   0.4174169   
24277.5   58271.75   0.4838063   
24223   58189.5   0.5740345   
24168.5   58107.25   0.5858199   
24087   58316.75   0.4838063   
24096   58219.5   0.5847363   
24105   58122.25   0.6018419   
24195.75   57774.5   0.3217004   
24168.5   57858   0.4025066   
24141.25   57941.5   0.4225557   
24030.75   58063.25   0.3217004   
24058.5   58050.5   0.402493   
24086.25   58037.75   0.4225391   
24601.75   58266   0.3217004   
24626.5   58248   0.3978022   
24651.25   58230   0.4173228   
24351.25   58330.5   0.3217004   
24370.5   58307   0.3978884   
24389.75   58283.5   0.4174155   
24409   58260   0.4226743   B1-2-465
24535   58278   0.3217004   
24493   58272   0.3978881   
24451   58266   0.4174153   
24627.25   58217.75   0.3217004   
24677.5   58151.5   0.3978372   
24727.75   58085.25   0.4173604   
24778   58019   0.4226159   B1-330-66
24955.75   57986.75   0.3217004   
24896.5   57997.5   0.3978379   
24837.25   58008.25   0.4173613   
25047   58008.25   0.3217004   
25079   58040.5   0.3982741   
25111   58072.75   0.4178311   
25143   58105   0.4231198   B1-2-468
25032   58012.5   0.3217004   
25049   58049   0.3980006   
25066   58085.5   0.4175364   
25083   58122   0.4228041   B1-2-043
25000.75   58015.25   0.3217004   
24986.5   58054.5   0.3979853   
24972.25   58093.75   0.4175199   
24958   58133   0.4227864   B1-2-467
25563.5   58014.5   0.3217004   
25590   58001   0.3978537   
25616.5   57987.5   0.4173782   
25643   57974   0.4226345   B1-2-470
25538   58020.5   0.3217004   
25539   58013   0.397807   
25540   58005.5   0.4173279   
25541   57998   0.4225805   B1-2-044
25394.75   57459   0.3217004   
25407.5   57512   0.397825   
25420.25   57565   0.4173473   
25433   57618   0.4226013   B1-331-69
25667.5   57681.25   0.3217004   
25634   57677.5   0.3979236   
25600.5   57673.75   0.4174535   
25567   57670   0.4227152   B1-D3-470
25583   57970.5   0.3217004   
25629   57913   0.3978421   
25675   57855.5   0.4173657   
25721   57798   0.4226204   B1-330-70
25706   57713.25   0.3217004   
25711   57741.5   0.3978409   
25716   57769.75   0.4173644   
25963.25   57790.25   0.3217004   
25980.5   57850.5   0.4020515   
25997.75   57910.75   0.4219989   
26015   57971   0.4275327   B1-321-71
25929.5   57774.5   0.3265735   
25913   57819   0.4267007   
25896.5   57863.5   0.4510307   
25880   57908   0.4721217   B1-2-471
25745.75   57740.75   0.396274   
25790.5   57796.5   0.4508836   
25835.25   57852.25   0.4790866   
25907.75   57703   0.3217004   
25869.5   57676   0.3981472   
25831.25   57649   0.4176943   
25793   57622   0.422951   B1-D3-471
25703   57546.25   0.3217004   
25733   57571.5   0.3981256   
25763   57596.75   0.4176711   
25724   57669.25   0.3217004   
25747   57653.5   0.3981107   
25770   57637.75   0.417655   
25937.5   57681   0.3217004   
25929   57632   0.3986983   
25920.5   57583   0.418288   
25912   57534   0.423603   B1-331-71
25732.75   57524.25   0.3217004   
25792.5   57527.5   0.3987635   
25852.25   57530.75   0.4183583   
25952.5   57330.75   0.3217004   
25939   57398.5   0.3986158   
25925.5   57466.25   0.4181991   
21878.25   59206.5   0.3217004   
21896.5   59157   0.3978091   
21914.75   59107.5   0.4173302   
21933   59058   0.422583   B1-321-54
24086.25   58694   0.3217004   
24033.5   58734   0.3978119   
23980.75   58774   0.4173332   
23928   58814   0.4225863   B1-320-62
22947   58724   0.4838063   
23007   58726   0.5847363   
23067   58728   0.6093082   
23070.75   58857.5   0.3217004   
23089.5   58815   0.3978797   
23108.25   58772.5   0.4174061   
23259.75   58782.5   0.3217004   
23215.5   58765   0.3978797   
23171.25   58747.5   0.4174061   
23174.25   58835   0.3217004   
23158.5   58800   0.3978797   
23142.75   58765   0.4174061   
25224.25   58394.5   0.3217004   
25227.5   58446   0.3978106   
25230.75   58497.5   0.4173318   
25234   58549   0.4225847   B1-1-468
22061.25   58692.25   0.3217004   
22020.5   58667.5   0.3978719   
21979.75   58642.75   0.4173978   
21939   58618   0.4226556   B1-D3-455
21813.75   58535.5   0.3217004   
21855.5   58563   0.3978738   
21897.25   58590.5   0.4173999   
22014.75   58596.25   0.3217004   
21989.5   58603.5   0.3978704   
21964.25   58610.75   0.4173962   
21621.25   59243.75   0.3217004   
21648.5   59202.5   0.3978171   
21675.75   59161.25   0.4173387   
21703   59120   0.4225922   B1-321-53
21820.75   59222   0.3217004   
21781.5   59188   0.3978171   
21742.25   59154   0.4173387   
22886.75   58741.5   0.3217004   
22886.5   58761   0.3978043   
22886.25   58780.5   0.417325   
22886   58800   0.4225774   B1-321-58
23010.5   58875   0.3217004   
22969   58850   0.3978043   
22927.5   58825   0.417325   
21573.5   59326.75   0.3217004   
21553   59368.5   0.3978457   
21532.5   59410.25   0.4173696   
21512   59452   0.4226253   B1-320-52
22555.5   59328.25   0.4170768   
22587   59299.5   0.4808522   
22618.5   59270.75   0.5153519   
22443.5   58782.25   0.4456804   
22505   58759.5   0.5243723   
22566.5   58736.75   0.5676689   
22628   58714   0.5671332   B1-2-038
22822.25   58720   0.4392745   
22757.5   58718   0.5145376   
22692.75   58716   0.5556507   
22578.5   58549   0.4330386   
22595   58604   0.505034   
22611.5   58659   0.5442145   
23334.25   58833.25   0.3217004   
23364.5   58866.5   0.3978137   
23394.75   58899.75   0.4173351   
23425   58933   0.4225883   B1-320-60
25203   58410.75   0.3217004   
25185   58478.5   0.397805   
25167   58546.25   0.4173257   
25149   58614   0.4225782   B1-1-X67
25120.5   58435.5   0.3217004   
25130   58495   0.397805   
25139.5   58554.5   0.4173257   
25519.5   58069.5   0.3217004   
25502   58111   0.3978051   
25484.5   58152.5   0.4173259   
25282.5   58305.75   0.3217004   
25344   58268.5   0.3978051   
25405.5   58231.25   0.4173259   
25460.25   58254   0.3217004   
25462.5   58234   0.3978051   
25464.75   58214   0.4173259   
25044.25   57976.5   0.3217004   
25073.5   57977   0.3980337   
25102.75   57977.5   0.4175721   
25132   57978   0.4228423   B1-330-P68
25025.75   57910   0.3217004   
25036.5   57844   0.3987453   
25047.25   57778   0.4183386   
25058   57712   0.4236959   B1-331-P68
25166   57668.5   0.3217004   
25130   57683   0.3988008   
25094   57697.5   0.4183983   
25491.75   58001   0.3217004   
25446.5   57974   0.4012936   
25401.25   57947   0.4210835   
25356   57920   0.4252703   B1-330-P69
25240.5   57720.5   0.3217004   
25279   57787   0.3995942   
25317.5   57853.5   0.419253   
25614.75   57743.75   0.3217004   
25528.5   57802.5   0.3995224   
25442.25   57861.25   0.4191756   
25556.25   57983.75   0.3217004   
25575.5   57939.5   0.3982357   
25594.75   57895.25   0.4177897   
25614   57851   0.4230759   B1-330-P70
25679.25   57726.5   0.3217004   
25657.5   57768   0.3982363   
25635.75   57809.5   0.4177902   
22857.75   58760.25   0.3217004   
22828.5   58798.5   0.3980128   
22799.25   58836.75   0.4175496   
22770   58875   0.4228142   B1-321-P58
22981.5   58893.75   0.3217004   
22911   58887.5   0.3980059   
22840.5   58881.25   0.4175421   
22906.25   58675.75   0.4170415   
22925.5   58629.5   0.4808008   
22944.75   58583.25   0.5152908   
23180.75   58369   0.4838063   
23108.5   58425   0.5847363   
23036.25   58481   0.6535183   
22425.75   58838.75   0.4413053   
22469.5   58872.5   0.5175893   
22513.25   58906.25   0.5594088   
22804.5   58776.5   0.4556879   
22722   58831   0.5400125   
22639.5   58885.5   0.5711241   
23866.75   58420.75   0.3217004   
23888.5   58378.5   0.3978164   
23910.25   58336.25   0.417338   
24041.5   58384   0.3217004   
24005   58354   0.3978165   
23968.5   58324   0.4173381   
23807.5   58211.5   0.3217004   
23849   58239   0.3978165   
23890.5   58266.5   0.4173381   
24676.25   58293.25   0.3217004   
24775.5   58302.5   0.397808   
24874.75   58311.75   0.4173289   
25076.75   58362.25   0.3217004   
25042.5   58348.5   0.3978078   
25008.25   58334.75   0.4173288   
24905   58424.5   0.3217004   
24928   58390   0.3978078   
24951   58355.5   0.4173288   
23510.25   57943.75   0.3217004   
23543.5   57992.5   0.4079641   
23576.75   58041.25   0.429105   
23481.75   57988.75   0.3217004   
23524.5   58022.5   0.4079641   
23567.25   58056.25   0.429105   
23555.25   58214.5   0.4454875   
23573.5   58173   0.5240682   
23591.75   58131.5   0.5673038   
23727   58160.5   0.3217004   
23688   58137   0.4079641   
23649   58113.5   0.429105   
23220.25   58285.25   0.3217004   
23187.5   58257.5   0.3978586   
23154.75   58229.75   0.4173834   
23122   58202   0.4226401   B1-331-P60
23346.5   57985.75   0.3217004   
23351   58040.5   0.3978053   
23355.5   58095.25   0.4173261   
23360   58150   0.4225786   B1-331-SP61
23419.25   58003.75   0.3217004   
23399.5   58052.5   0.3978053   
23379.75   58101.25   0.4173261   
23279.75   58272.25   0.3217004   
23306.5   58231.5   0.3978053   
23333.25   58190.75   0.4173261   
23492.75   58229.5   0.3217004   
23448.5   58203   0.3978053   
23404.25   58176.5   0.4173261   
23824.5   58501   0.3217004   
23804   58539   0.39781   
23783.5   58577   0.4173311   
23763   58615   0.422584   B1-321-P62
23642.25   58551.25   0.3217004   
23682.5   58572.5   0.39781   
23722.75   58593.75   0.4173312   
24045   58644.25   0.3217004   
23951   58634.5   0.39781   
23857   58624.75   0.4173311   
23578.25   58568.75   0.3217004   
23554.5   58607.5   0.3978086   
23530.75   58646.25   0.4173295   
23507   58685   0.4225823   B1-321-P61
23528.75   58753.25   0.3217004   
23521.5   58730.5   0.3978086   
23514.25   58707.75   0.4173295   
23298.5   58337.75   0.3217004   
23344   58362.5   0.3978371   
23389.5   58387.25   0.4173604   
23435   58412   0.4226152   B1-330-P61
23511.5   58295   0.3217004   
23486   58334   0.3978368   
23460.5   58373   0.41736   
24960   58668.25   0.3217004   
24979   58627.5   0.397821   
24998   58586.75   0.417343   
25017   58546   0.4225966   B1-320-P67
25087.5   58418.5   0.3217004   
25064   58461   0.3978207   
25040.5   58503.5   0.4173427   
24915.75   58480.75   0.3217004   
24949.5   58502.5   0.3978209   
24983.25   58524.25   0.4173429   
24118   58689.75   0.3217004   
24097   58725.5   0.3217005   
24076   58761.25   0.3992947   
24055   58797   0.4040021   B1-320-P63
24183.75   58674   0.3217004   
24228.5   58694   0.3978045   
24273.25   58714   0.4173252   
24400.5   58607.25   0.3217004   
24373   58649.5   0.3978045   
24345.5   58691.75   0.4173252   
24311.25   58393.5   0.3217004   
24290.5   58433   0.4066174   
24269.75   58472.5   0.4275256   
24120.75   58438.5   0.3217004   
24163.5   58463   0.4066204   
24206.25   58487.5   0.4275291   
24169.5   58594.5   0.3217004   
24196   58567   0.4031364   
24222.5   58539.5   0.4233263   
24383.25   58551.75   0.415934   
24338.5   58538.5   0.4791901   
24293.75   58525.25   0.5133774   
22275.25   59421.5   0.3217004   
22272.5   59401   0.4007874   
22269.75   59380.5   0.4205382   
22267   59360   0.4269934   B1-1-55
22217.5   59180   0.3217004   
22234   59240   0.4024029   
22250.5   59300   0.4224288   
22305.5   59389   0.3217004   
22333   59336   0.4003965   
22360.5   59283   0.4201172   
22388   59230   0.4255478   B1-320-P56
22247.75   59147.5   0.3217004   
22294.5   59175   0.4003575   
22341.25   59202.5   0.4200752   
21593.25   59261.75   0.3217004   
21592.5   59238.5   0.3217005   
21591.75   59215.25   0.3992949   
21591   59192   0.4040022   B1-321-P53
23884.25   58486   0.3217004   
23923.5   58509   0.397805   
23962.75   58532   0.4173257   
24059   58449.25   0.3217004   
24040   58484.5   0.397805   
24021   58519.75   0.4173257   
24107.75   58605.25   0.3217004   
24072.5   58588.5   0.397805   
24037.25   58571.75   0.4173257   
23808.5   58434.75   0.3217004   
23772   58406.5   0.3217006   
23735.5   58378.25   0.4005401   
23626.25   58485   0.3217004   
23650.5   58440   0.3955774   
23674.75   58395   0.414983   
23577.5   58279.5   0.3217004   
23618   58303   0.3217006   
23658.5   58326.5   0.4005389   
23749.25   58225.5   0.3217004   
23732.5   58267   0.3955701   
23715.75   58308.5   0.4149754   
23570   57924.25   0.3217004   
23663   57953.5   0.3978575   
23756   57982.75   0.4173824   
23964.5   58060   0.3217004   
23926   58044   0.3978609   
23887.5   58028   0.4173859   
23786.75   58141   0.4838063   
23807.5   58098   0.5847363   
23828.25   58055   0.6134357   
24292.75   58325.75   0.3217004   
24253.5   58297.5   0.3980203   
24214.25   58269.25   0.4175576   
24102.25   58370.75   0.3217004   
24126.5   58327.5   0.3980202   
24150.75   58284.25   0.4175575   
24536.75   58256.5   0.3217004   
24496.5   58229   0.3978657   
24456.25   58201.5   0.4173911   
24478.25   58039.75   0.4838063   
24457.5   58084.5   0.5847363   
24436.75   58129.25   0.6535183   
21017.25   59361   0.4838063   
21021.5   59260   0.5847363   
21025.75   59159   0.5896426   
20874   58885.5   0.3217004   
20889   58845   0.3978035   
20904   58804.5   0.4173241   
24336.5   58241.25   0.4838063   
24341   58128.5   0.5847363   
24345.5   58015.75   0.6535183   
24254.75   57744   0.3217004   
24286.5   57797   0.4054349   
24318.25   57850   0.4261386   
24512.75   57694.5   0.3217004   
24458.5   57764   0.4054349   
24404.25   57833.5   0.4261386   
24461.75   57972   0.4838063   
24424.5   57949   0.5847363   
24387.25   57926   0.6535183   
24578.5   58171.5   0.4212241   
24580   58059   0.4871237   
24581.5   57946.5   0.5227378   
24571   57677.25   0.3217004   
24575   57729.5   0.4152585   
24579   57781.75   0.4378284   
24520   57954.75   0.3217004   
24541   57914.5   0.4152595   
24562   57874.25   0.4378296   
20821.25   58903   0.3217004   
20783.5   58880   0.4226679   
20745.75   58857   0.4464401   
24606.25   58537.75   0.3217004   
24587.5   58580.5   0.3978041   
24568.75   58623.25   0.4173248   
24550   58666   0.4225771   B1-320-P65
24458.5   58590.25   0.3217004   
24489   58615.5   0.3978041   
24519.5   58640.75   0.4173248   
24904.25   58683   0.3217004   
24867.5   58657   0.3979516   
24830.75   58631   0.4174836   
24794   58605   0.4227461   B1-320-P66
24689   58523.25   0.3217004   
24724   58550.5   0.3979492   
24759   58577.75   0.417481   
24860   58495.5   0.3217004   
24838   58532   0.3979503   
24816   58568.5   0.4174823   
24877.5   58714.75   0.3217004   
24814   58720.5   0.3980034   
24750.5   58726.25   0.4175394   
24687   58732   0.4228062   B1-1-65
24662.25   58555   0.3217004   
24670.5   58614   0.3980016   
24678.75   58673   0.4175375   
24618.25   58304.5   0.3217004   
24659.5   58325   0.3978119   
24700.75   58345.5   0.4173331   
24676   58463.5   0.3217004   
24698   58431   0.3978119   
24720   58398.5   0.4173331   
24847   58435.75   0.3217004   
24812   58412.5   0.3978122   
24777   58389.25   0.4173335   
25925.75   57744.75   0.3217004   
25905.5   57759.5   0.3996934   
25885.25   57774.25   0.4193598   
25865   57789   0.4246728   B1-330-P71
25742   57711   0.3217004   
25783   57737   0.399545   
25824   57763   0.4192   
25643   57537.25   0.3217004   
25613   57553.5   0.397955   
25583   57569.75   0.4174873   
25553   57586   0.4227431   B1-331-P70
25424.75   57451   0.3217004   
25467.5   57496   0.3979434   
25510.25   57541   0.4174749   
25664   57660.25   0.3217004   
25627   57635.5   0.3979451   
25590   57610.75   0.4174766   
25228   57649.25   0.3217004   
25254   57644.5   0.398055   
25280   57639.75   0.417595   
25306   57635   0.4228494   B1-331-P69
25265.5   57492.5   0.3217004   
25279   57540   0.3980345   
25292.5   57587.5   0.417573   
25363   57463.25   0.3217004   
25344   57520.5   0.3980301   
25325   57577.75   0.4175682   
20808   58937.5   0.3217004   
20757   58949   0.3987759   
20706   58960.5   0.4183716   
20655   58972   0.4236993   B1-D3-M55
23093.25   58919.75   0.3217004   
23134.5   58939.5   0.3949764   
23175.75   58959.25   0.4143589   
23217   58979   0.4096564   B1-320-59
23282.25   58844.75   0.3217004   
23260.5   58889.5   0.3217005   
23238.75   58934.25   0.4001208   
23196.75   58897.25   0.3217004   
23203.5   58924.5   0.3217005   
23210.25   58951.75   0.4001208   
24373.5   58369.75   0.3217004   
24415   58385.5   0.3978463   
24456.5   58401.25   0.4173703   
24557.25   58317.25   0.3217004   
24537.5   58350.5   0.3978388   
24517.75   58383.75   0.4173622   
24593.25   58475.5   0.3217004   
24561.5   58456   0.3978388   
24529.75   58436.5   0.4173622   
24445.5   58528   0.3217004   
24463   58491   0.3978388   
24480.5   58454   0.4173622   
22911   58701.25   0.3217004   
22935   58680.5   0.3978322   
22959   58659.75   0.4173551   
22983   58639   0.4226097   B1-2-459
20883   58617.75   0.3217004   
20895   58666.5   0.3978031   
20907   58715.25   0.4173236   
20830.25   58635.25   0.4838063   
20789.5   58701.5   0.5847363   
20748.75   58767.75   0.6369422   
24686.5   57635.25   0.3217004   
20606   58695.25   0.3255626   
24829.75   57780.5   0.4226281   
24774.25   57887   0.4454006   
23887.25   58870.25   0.4681996   
24044   58908   0.4249188   B1-1-463
24447.25   58734.25   0.4173245   
22063.75   58335   0.4057602   
22104.5   58414   0.464355   
22002   58346.5   0.4838063   
21562   59539   0.55   B1-1-052
21788   59473   0.55   B1-1-053
22847   59191   0.55   B1-1-057
23478   59043   0.55   B1-1-060
25350   58567   0.55   B1-1-068
25828   58434   0.734   B1-1-070
26080   58360   0.55   B1-1-071
22880   59232   0.55   B1-1-458
23567   59011   0.55   B1-1-461
25725   58456   0.55   B1-1-470
25943   58384   0.55   B1-1-471
21284   59603   0.55   B1-1-51
21510   59546   0.55   B1-1-52
21820   59537   0.55   B1-1-53
22956   59175   0.55   B1-1-58
23233   59109   0.55   B1-1-59
25318   58589   0.55   B1-1-68
25652   58485   0.55   B1-1-69
26044   58285   0.55   B1-1-71
25403   58573   0.55   B1-1-P68
25869   58431   0.55   B1-1-P70
20668   59225   0.55   B1-2-034
22106   59280   0.55   B1-20-555
22842   59094   0.55   B1-20-558
23113   59036   0.55   B1-20-559
21895   58938   0.55   B1-2-136
21649   59001   0.55   B1-2-36
21771   58975   0.55   B1-2-454
22048   58888   0.55   B1-2-455
20698   59251   0.55   B1-2-P34
21679   59030   0.55   B1-2-P36
20763   59068   0.55   B1-30-550
21732   58828   0.55   B1-30-554
21065   59770   0.734   B1-311-50
22992   59267   0.55   B1-311-58
23702   59084   0.55   B1-311-61
25159   58707   0.734   B1-311-67
25391   58643   0.734   B1-311-68
25877   58526   0.734   B1-311-70
22374   58322   0.55   B1-31-557
22613   58277   0.55   B1-31-558
21758   59385   0.55   B1-320-53
22741   59123   0.734   B1-320-57
25340   58428   0.55   B1-320-68
25827   58313   0.734   B1-320-70
25956   58279   0.55   B1-320-CSP71
21655   59429   0.734   B1-320-P53
22874   59101   0.55   B1-320-P58
23077   59021   0.55   B1-320-P59
25929   58056   0.734   B1-321-P71
21609   58854   0.734   B1-330-53
21762   58846   0.55   B1-330-P54
21986   58803   0.55   B1-330-P55
21318   58621   0.55   B1-331-52
22501   58362   0.734   B1-331-57
22725   58255   0.55   B1-331-58
21436   58641   0.55   B1-331-P53
21155   58497   0.55   B1-3-50
21445   58423   0.55   B1-3-51
22319   58198   0.734   B1-3-54
22607   58121   0.55   B1-3-55
24940   57525   0.55   B1-3-63
21292   58455   0.55   B1-3-D50
22612   58092   0.55   B1-3-F55
21295   58528   0.55   B1-3-P256
22396   58224   0.734   B1-3-P261
22757   58137   0.55   B1-3-P263
25091   57562   0.55   B1-3-P274
22077   59164   0.55   B1-D2-455
25931   58159   0.55   B1-D2-471
26019   58136   0.55   B1-D2-74
21741   59292   0.734   B1-D2-P56
21455   58756   0.55   B1-D3-453
20609   58953   0.55   B1-D3-55
22365   58181   0.734   G100-43
22655   58111   0.55   G100-44
21704   59300   0.55   G94-40
21982   59225   0.55   G94-41
22582   59079   0.55   G94-43
21526   58751   0.55   G98-40
20748   59773   0.5255646   B1-1-049
21326   59567   0.5658962   B1-1-051
22998   59141   0.5446917   B1-1-058
25630   58463   0.5469775   B1-1-069
21392   59560   0.5544468   B1-1-452
21671   59498   0.6396448   B1-1-453
21887   59474   0.5404388   B1-1-454
23086   59128   0.5431547   B1-1-459
25478   58528   0.5594379   B1-1-469
20832   59734   0.6147715   B1-1-49
22803   59221   0.5794086   B1-1-57
21558   59574   0.5519632   B1-1-P52
23018   59194   0.5432251   B1-1-P58
23494   59074   0.5387405   B1-1-P60
22596   59154   0.5704422   B1-20-557
21557   59141   0.5346377   B1-21-553
22065   59016   0.5433793   B1-21-555
20662   59267   0.5444541   B1-2-34
20797   59216   0.5826023   B1-2-450
21904   58982   0.55   B1-2-P136
21954   58762   0.5967719   B1-30-555
20822   59847   0.4084857   B1-311-49
21262   59719   0.6248792   B1-311-51
21533   59653   0.5451262   B1-311-52
21775   59589   0.5624392   B1-311-53
22758   59330   0.5316178   B1-311-57
23243   59228   0.5186746   B1-311-59
23474   59139   0.5194105   B1-311-60
24184   58970   0.6134515   B1-311-63
25641   58588   0.6076592   B1-311-69
26105   58455   0.5763738   B1-311-71
21406   58580   0.5516003   B1-31-553
22961   59049   0.55   B1-320-58
26048   58250   0.5430087   B1-320-71
21399   59484   0.58018   B1-320-P52
22616   59195   0.5660802   B1-320-P57
25743   58352   0.6432363   B1-320-P70
20700   59363   0.5468227   B1-321-49
25077   58203   0.5392216   B1-321-67
22070   59061   0.540552   B1-321-P55
21864   58802   0.5769923   B1-330-54
20623   59116   0.5521609   B1-330-J49
20792   59097   0.5667353   B1-330-P50
22642   58329   0.6081118   B1-331-P58
22907   58052   0.5453893   B1-3-56
22786   58052   0.5415601   B1-3-D55
23066   58007   0.5322158   B1-3-D56
25105   57471   0.5526247   B1-3-D63
21459   58393   0.6398171   B1-3-F51
22870   58038   0.5450522   B1-3-F56
22580   58163   0.5486311   B1-3-P262
25835   58184   0.5806667   B1-D2-73
25991   58108   0.5910438   B1-D2-F74
25837   58220   0.5887368   B1-D2-P73
21205   58491   0.5486549   G100-39
20769   59235   0.5802904   G96-37
21602   59003   0.5985168   G96-40
21913   58908   0.55   G96-41
19758.8671875   56737.22265625   0.3605154   
251815.28125   56737.22265625   0.4298976   
25801   58450   0.734   B1-1-70
23415   59061   0.55   B1-1-60
21372   59459   0.6036824   B1-20-552
20904   59189   0.6295357   B1-2-134
22023   59531   0.5440428   B1-311-54
21255   59509   0.6467104   B1-320-51
22399   58384   0.6143516   B1-331-P57
21352   59350   0.6815971   B1-D2-452
20749   59499   0.55   B1-D2-52
20791   59508   0.556614   B1-D2-M52
21408   59370   0.617534   G94-39
24388   58814   0.3198   B1-1-64
22524   59357   0.3198   B1-1-P56
24941   58709   0.3198   B1-1-P66
22382   58805   0.3198   B1-2-137
22887   58722   0.3198   B1-2-P138
23845   58463   0.3198   B1-2-P140
24332   58354   0.3198   B1-2-P141
23602   58530   0.3198   B1-2-P40
24078   58414   0.3198   B1-2-P41
24577   58284   0.3198   B1-2-P42
25537   58028   0.3198   B1-2-P44
20572   58649   0.3198   B1-3-48
20871   58569   0.3198   B1-3-49
21729   58347   0.3198   B1-3-52
22023   58256   0.3198   B1-3-53
23477   57895   0.3198   B1-3-58
24721   57569   0.3198   B1-3-62
25252   57445   0.3198   B1-3-64
26098   57244   0.3198   B1-3-67
21570   58369   0.3198   B1-3-D51
22453   58153   0.3198   B1-3-D54
23342   57931   0.3198   B1-3-D57
24223   57691   0.3198   B1-3-D60
24567   57625   0.3198   B1-3-D61
25382   57406   0.3198   B1-3-D64
25966   57263   0.3198   B1-3-D66
22160   58217   0.3198   B1-3-F53
22971   58076   0.3198   B1-3-P264
23439   57955   0.3198   B1-3-SP266
22278   59442   0.3198   B1-311-55
22102   58717   0.3198   B1-330-55
25015   57976   0.3198   B1-330-67
25946   57730   0.3198   B1-330-71
21772   58508   0.3198   B1-331-54
22251   58368   0.3198   B1-331-56
25202   57654   0.3198   B1-331-68
25673   57521   0.3198   B1-331-70
21594   59285   0.3198   B1-D2-453
21860   59256   0.3198   B1-D2-454
23052   58900   0.3198   B1-D2-459
23304   58800   0.3198   B1-D2-460
23536   58776   0.3198   B1-D2-461
25221   58343   0.3198   B1-D2-468
25458   58274   0.3198   B1-D2-469
23190   58870   0.3198   B1-D2-62
24143   58622   0.3198   B1-D2-66
24625   58495   0.3198   B1-D2-68
25111   58376   0.3198   B1-D2-70
22201   59120   0.3198   B1-D2-58
21013   59462   0.3198   B1-D2-P53
24139   58654   0.3198   B1-D2-P66
24428   58565   0.3198   B1-D2-P67
24654   58496   0.3198   B1-D2-P68
24882   58459   0.3198   B1-D2-P69
22040   58589   0.3198   B1-D3-61
24003   58076   0.3198   B1-D3-69
20859   58926   0.3198   B1-D3-P56
22067   58623   0.3198   B1-D3-P61
22562   58494   0.3198   B1-D3-P63
23253   58313   0.3198   B1-D3-P66
23537   58256   0.3198   B1-D3-P67
23766   58184   0.3198   B1-D3-P68
24499   57995   0.3198   B1-D3-P71
25701   57685   0.3198   B1-D3-P76
20878.66015625   60014.87890625   0.3198   B1-311-SP68
19758.8671875   593711.9375   0.3198   
251815.28125   593711.9375   0.3198   
21032   59688   0.735   B1-1-050
20987   59705   0.735   B1-1-50
21635   58947   0.735   B1-2-036
24692   58830   0.735   B1-311-65
20559   58872   0.735   B1-331-49
21073   59678   0.735   B1-1-P50
20914   59711   0.735   B1-1-450
22044   59424   0.4771246   B1-1-054
22384   59355   0.3906364   B1-1-055
24711   58688   0.4044885   B1-1-065
25129   58581   0.4169332   B1-1-067
22136   59384   0.4622252   B1-1-455
22429   59275   0.3999352   B1-1-456
24298   58848   0.4264072   B1-1-464
24804   58686   0.3984265   B1-1-466
24929   58668   0.3298785   B1-1-66
22061   59449   0.477288   B1-1-P54
22096   58828   0.4556601   B1-2-037
21888   59322   0.4051006   B1-20-554
22352   59211   0.4222053   B1-20-556
23346   58918   0.3974985   B1-20-560
23823   58448   0.3198   B1-2-140
24868   58162   0.4225358   B1-2-142
25283   58067   0.4276653   B1-2-143
21304   59213   0.5465546   B1-21-552
21795   59089   0.4600736   B1-21-554
22294   58964   0.4222383   B1-21-556
23489   58658   0.4272423   B1-21-561
23723   58607   0.4168633   B1-21-562
22136   58874   0.4611629   B1-2-37
22623   58747   0.5728999   B1-2-38
24704   58322   0.3919912   B1-2-42
25055   58132   0.4439215   B1-2-43
25996   57879   0.4100005   B1-2-45
22506   58778   0.5240211   B1-2-457
22742   58719   0.5265915   B1-2-458
22395   58848   0.4090596   B1-2-P137
24804   58221   0.4149639   B1-2-P142
25305   58095   0.4300621   B1-2-P143
22636   58785   0.5743881   B1-2-P38
25080   58156   0.4704714   B1-2-P43
26013   57904   0.4133715   B1-2-P45
22202   58697   0.3833259   B1-30-556
22436   58629   0.4444266   B1-30-557
22467   58626   0.4563512   B1-30-F557
24938   58768   0.3291404   B1-311-66
21659   58530   0.3724757   B1-31-554
21885   58475   0.3776749   B1-31-555
23321   58048   0.3920382   B1-31-561
22012   59324   0.5034119   B1-320-54
22253   59259   0.4116724   B1-320-55
24905   58573   0.3917576   B1-320-66
25115   58491   0.3932237   B1-320-67
21904   59373   0.4647128   B1-320-P54
22142   59295   0.506874   B1-320-P55
25274   58494   0.4573937   B1-320-P68
23346   58974   0.4213194   B1-320-SP60
21189   59236   0.4937736   B1-321-51
21432   59166   0.546859   B1-321-52
22410   58914   0.4932846   B1-321-56
24826   58272   0.409232   B1-321-66
25300   58148   0.4197445   B1-321-68
21816   59132   0.4194902   B1-321-P54
22314   58995   0.4158984   B1-321-P56
25226   58268   0.3503432   B1-321-P68
25253   57926   0.4210777   B1-330-68
25494   57861   0.4097099   B1-330-69
22231   58740   0.4111499   B1-330-P56
22476   58670   0.4958374   B1-330-P57
24886   58056   0.4164365   B1-330-P67
24975   57732   0.4441571   B1-331-67
21703   58552   0.3531813   B1-331-P54
21921   58524   0.368811   B1-331-P55
24843   57758   0.4214922   B1-331-P67
25785   57524   0.3898399   B1-331-P71
23226   58149   0.3868503   B1-331-S60
25525   57379   0.3252478   B1-3-65
25825   57292   0.3288906   B1-3-66
25675   57334   0.3484951   B1-3-D65
24193   57760   0.3198   B1-3-P270
25710   57369   0.3295927   B1-3-P277
25918   57330   0.3342279   B1-3-P278
22325   59089   0.3693514   B1-D2-456
24987   58409   0.3972508   B1-D2-467
21219   59367   0.5602291   B1-D2-54
21720   59270   0.5966052   B1-D2-56
22443   59061   0.4578973   B1-D2-59
23413   58810   0.3626572   B1-D2-63
23895   58686   0.4127862   B1-D2-65
25344   58312   0.3935143   B1-D2-71
21968   59206   0.5109909   B1-D2-P57
22225   59140   0.3198   B1-D2-P58
22468   59081   0.4650282   B1-D2-P59
22935   58969   0.4619735   B1-D2-P61
23174   58894   0.3313571   B1-D2-P62
23421   58843   0.3786922   B1-D2-P63
23918   58711   0.4128656   B1-D2-P65
25123   58399   0.3198   B1-D2-P70
25363   58324   0.4051416   B1-D2-P71
20981   58856   0.3547847   B1-D3-451
22440   58488   0.481248   B1-D3-457
25096   57785   0.4080678   B1-D3-468
25340   57749   0.4078194   B1-D3-469
21814   58650   0.437637   B1-D3-60
23299   58266   0.3462098   B1-D3-66
24991   57821   0.4037257   B1-D3-73
25210   57775   0.3661764   B1-D3-74
25450   57714   0.4179929   B1-D3-75
25887   57603   0.417875   B1-D3-77
21831   58677   0.4696213   B1-D3-P60
22313   58564   0.416058   B1-D3-P62
24964   57869   0.3789698   B1-D3-P73
25217   57807   0.3870705   B1-D3-P74
25449   57742   0.4130412   B1-D3-P75
22961   58053   0.4001642   G100-45
22337   59162   0.4022968   G94-42
22871   59003   0.504545   G94-44
22243   58846   0.4343287   G96-42
22477   58781   0.4911131   G96-43
22791   58708   0.4835121   G96-44
20661   58942   0.4545065   G98-37
21864   58636   0.4442244   G98-41
22182   58608   0.4214267   G98-42
22368   58491   0.443904   G98-43
22255   58524   0.4018008   S117
23331   58575   0.4607668   B1-2-139
20830   59350   0.5421526   B1-21-550
21085   59275   0.4627492   B1-21-551
22797   58867   0.4154042   B1-21-558
23255   58712   0.4018397   B1-21-560
21094   59296   0.4525599   B1-21-M551
20997   59168   0.5398756   B1-2-451
23216   58605   0.4750504   B1-2-460
25407   58018   0.3965272   B1-2-469
20947   59222   0.5658569   B1-2-P134
23362   58575   0.4633219   B1-2-P139
23419   58377   0.403847   B1-30-561
20928   59307   0.4905163   B1-321-50
22172   58967   0.4413229   B1-321-55
23127   58730   0.4227695   B1-321-59
23376   58664   0.4485222   B1-321-60
20843   59373   0.530365   B1-321-P50
23276   58737   0.3692475   B1-321-P60
20877   59045   0.4857014   B1-330-50
23306   58473   0.4268371   B1-330-60
22722   58607   0.5492961   B1-330-P58
24416   58174   0.4227278   B1-330-P65
21051   58519   0.4508218   B1-3-D49
20883   59420   0.4466738   B1-D2-450
22807   58966   0.4903032   B1-D2-458
20993   59421   0.3588087   B1-D2-53
23442   58263   0.3438749   B1-D3-461
20626   58987   0.4912687   B1-D3-P55
20943   58866   0.3879072   G98-38
24553   58751   0.4819852   B1-1-465
22496   59333   0.322824   B1-1-56
25508   58006   0.3464376   B1-2-44
23469   58550   0.4227621   B1-2-461
22155   58918   0.4652689   B1-2-P37
21138   59558   0.6726902   B1-320-SP51
24103   58488   0.3519731   B1-321-63
24032   58225   0.3837668   B1-330-63
20799   58750   0.4129056   B1-331-50
20708   58834   0.4225858   B1-331-P50
20717   58608   0.3278665   B1-3-D48
20697   58660   0.3473293   B1-3-P253
23176   58028   0.4481758   B1-3-SP265
20726   58930   0.4137273   B1-D3-450
22542   59331   0.3746117   B1-1-056
24432   58796   0.3618563   B1-1-064
24202   58863   0.477852   B1-1-63
24448   58826   0.4064908   B1-1-P64
22869   58692   0.3793481   B1-2-138
24441   58903   0.4883774   B1-311-64
24348   58417   0.3542031   B1-321-64
23079   58592   0.45145   B1-2-039
21401   59067   0.5314556   B1-2-135
24305   58315   0.3210163   B1-2-141
22530   58898   0.5342763   B1-21-557
22772   58841   0.4375258   B1-21-M558
23097   58644   0.443819   B1-2-39
21277   59099   0.5260653   B1-2-452
23691   58482   0.3634446   B1-2-462
21368   59053   0.5263679   B1-2-M135
21420   59091   0.5262836   B1-2-P135
21226   59142   0.5187357   B1-2-P35
23128   58636   0.4528528   B1-2-P39
21282   58945   0.5457499   B1-30-552
22986   58509   0.5008522   B1-30-559
23148   58473   0.4624941   B1-30-560
22958   58490   0.5042831   B1-30-M559
23164   58500   0.4751886   B1-30-M560
22649   58855   0.5269614   B1-321-57
21118   59293   0.4599842   B1-321-P51
21347   59246   0.5890537   B1-321-P52
22557   58940   0.5251347   B1-321-P57
23065   58471   0.4794709   B1-330-59
23794   58295   0.3820628   B1-330-62
24260   58150   0.3888443   B1-330-64
21264   58967   0.536644   B1-330-P52
22964   58537   0.4976723   B1-330-P59
23207   58495   0.4901695   B1-330-P60
22566   59032   0.5393288   B1-D2-457
22715   59036   0.6060734   B1-D2-P60
21351   58788   0.5499543   B1-D3-58
22524   58458   0.4646198   B1-D3-63
21353   58813   0.5481096   B1-D3-P58
24253   58062   0.4137972   B1-D3-P70
21348   59078   0.5383891   G96-39
23082   58675   0.4332652   G96-45
22620   58434   0.514932   G98-44
22592   58434   0.4960315   G98-F44
23586   58433   0.3622836   B1-2-040
23581   58505   0.3327989   B1-2-40
23092   58154   0.4275463   B1-31-560
25591   58374   0.4288635   B1-320-69
25509   58422   0.4738781   B1-320-P69
25690   58122   0.4557271   B1-321-P70
25732   58206   0.5402033   B1-D2-470
21969   59176   0.4929427   B1-D2-57
25605   58278   0.4497055   B1-D2-P72
22654   58427   0.5460995   B1-D3-458
24544   58249   0.3285887   B1-2-042
25756   57943   0.4375784   B1-2-144
25778   57975   0.5012177   B1-2-P144
23647   58304   0.3398808   B1-30-562
24086   57905   0.3600395   B1-31-564
25786   58034   0.5405263   B1-321-70
22575   58595   0.4759677   B1-330-57
22819   58547   0.4666259   B1-330-58
23576   58353   0.3290909   B1-330-61
23699   58350   0.3796075   B1-330-P62
22975   58244   0.4265607   B1-331-59
23975   58002   0.3515748   B1-331-63
24089   57966   0.3537792   B1-331-P64
21876   58292   0.3619522   B1-3-F52
24398   58596   0.321444   B1-D2-67
23636   58170   0.3680555   B1-D3-462
24114   58025   0.3478126   B1-D3-464
24015   58124   0.3202688   B1-D3-P69
20692   58780   0.4270918   B1-31-550
22814   58229   0.5120146   B1-31-559
24159   58754   0.3672777   B1-320-63
22864   58283   0.4802258   B1-331-P59
21098   59375   0.4439183   B1-D2-451
21234   59400   0.5981674   B1-D2-P54
22895   58371   0.4797271   B1-D3-459
23125   58308   0.3965536   B1-D3-460
22783   58390   0.4876672   B1-D3-64
23003   58331   0.4481606   B1-D3-65
25690   57654   0.3277263   B1-D3-76
22798   58429   0.4928514   B1-D3-P64
23042   58364   0.4626944   B1-D3-P65
21781   58328   0.3323836   G100-41
21119   59440   0.4958594   G94-38
22908   58394   0.4821598   G98-45
20905   59565   0.4860157   B1-20-550
23568   58896   0.3787389   B1-20-561
23939   58406   0.3752996   B1-2-463
20761   59641   0.4988815   B1-320-49
20922   59589   0.5424373   B1-320-P50
23570   58927   0.4290928   B1-320-P61
22163   58468   0.4131255   B1-331-P56
24010   58639   0.3628123   B1-D2-463
21478   59302   0.4729811   B1-D2-55
20763   59545   0.5327259   B1-D2-P52
21484   59335   0.4650742   B1-D2-P55
23761   58147   0.3218697   B1-D3-68
20830   59522   0.5046902   G94-37
22122   58410   0.4405919   B1-31-556
23672   58890   0.4107693   B1-320-61
23608   58623   0.3349374   B1-321-61
23866   58555   0.3852456   B1-321-62
21513   58457   0.4409921   B1-3-P257
24868   58435   0.3200672   B1-D2-69
23664   59002   0.5038995   B1-1-061
23802   58953   0.4230659   B1-1-462
23716   58985   0.4733166   B1-1-61
24042   58440   0.3342347   B1-2-041
23819   58841   0.4209149   B1-20-562
23803   58872   0.4213442   B1-320-P62
24574   58337   0.3427464   B1-321-65
22020   58500   0.3854177   B1-331-55
23781   58715   0.4278639   B1-D2-462
21691   58690   0.4226341   B1-D3-454
21575   58713   0.5056664   B1-D3-59
21611   58709   0.4901592   B1-D3-P59
23660   58742   0.3738405   B1-D2-64
23666   58771   0.371455   B1-D2-P64
23268   59116   0.512998   B1-1-059
21166   59494   0.6011102   B1-20-551
23023   58782   0.3813555   B1-21-559
24676   58212   0.4072851   B1-2-466
21015   59547   0.5461122   B1-320-50
23038   58807   0.3777879   B1-321-P59
24514   58081   0.3796405   B1-330-65
24660   58102   0.4048831   B1-330-P66
22687   58998   0.55   B1-D2-60
22650   59242   0.4932146   B1-1-457
23185   57966   0.4376017   B1-3-57
22545   59383   0.3357795   B1-311-56
21496   58410   0.5033206   G100-40
24855   57551   0.4536144   B1-3-SP273
23891   58948   0.4537266   B1-1-062
23938   58934   0.4282164   B1-1-62
23974   58948   0.438282   B1-1-P62
21628   59391   0.55   B1-20-553
21527   59036   0.55   B1-2-453
21489   58889   0.55   B1-30-553
23944   59023   0.4811273   B1-311-62
23572   58041   0.329166   B1-31-562
24567   57779   0.3352567   B1-31-566
24742   58366   0.4102564   B1-321-P66
21519   58910   0.55   B1-330-P53
23491   58129   0.369713   B1-331-61
23610   58090   0.347536   B1-331-P62
24583   57834   0.3609492   B1-331-P66
24716   57728   0.3511988   B1-331-S66
22029   58334   0.4350534   B1-3-P259
22028   58327   0.4262238   B1-3-SP258
24734   58444   0.3849204   B1-D2-466
25605   58240   0.4323286   B1-D2-72
24620   57881   0.389512   B1-D3-466
24866   57851   0.4308691   B1-D3-467
24746   57871   0.4081045   B1-D3-72
24747   57921   0.4270016   B1-D3-P72
23151   58933   0.3774986   G94-45
21281   58772   0.5386871   G98-39
24153   58873   0.4839807   B1-1-063
21095   59146   0.4574225   B1-2-035
21156   59126   0.422577   B1-2-35
21002   59016   0.4451081   B1-30-551
22695   58567   0.55   B1-30-558
20945   58710   0.3239153   B1-31-551
21213   58649   0.5268274   B1-31-552
21102   58987   0.424398   B1-330-51
21030   59058   0.4486024   B1-330-SP51
21081   58743   0.4299736   B1-331-51
20919   58764   0.3576587   B1-331-P51
21202   58706   0.5152449   B1-331-SP52
21132   58546   0.512767   B1-3-P255
21237   58774   0.5175743   B1-D3-452
21126   58822   0.4519387   B1-D3-57
21105   58847   0.4427025   B1-D3-P57
21051   59166   0.4990523   G96-38
25467   58194   0.3957902   B1-321-P69
24678   58622   0.384354   B1-320-65
22059   58284   0.3509331   G100-42
23972   58528   0.4066976   B1-21-563
24320   57852   0.340977   B1-31-565
24002   58555   0.3910372   B1-321-P63
23932   58294   0.4195013   B1-330-P63
24223   57870   0.3443564   B1-331-64
24461   57844   0.3524083   B1-331-65
24350   57903   0.3706889   B1-331-P65
24354   57957   0.3974411   B1-D3-465
24239   58018   0.412754   B1-D3-70
24498   58417   0.3990467   B1-321-P65
24498   58526   0.3594094   B1-D2-465
24217   58463   0.3605503   B1-21-564
24186   58350   0.4036475   B1-2-464
24401   58701   0.3890328   B1-320-64
24318   58734   0.403123   B1-320-P64
24249   58512   0.3507043   B1-321-P64
24175   58241   0.4221408   B1-330-P64
24255   58587   0.3368505   B1-D2-464
23938   58251   0.4118958   B1-30-563
24155   58197   0.4120252   B1-30-564
23861   57963   0.3296845   B1-31-563
24974   58321   0.4021931   B1-321-P67
23735   58013   0.3312892   B1-331-62
23849   58012   0.3399508   B1-331-P63
23882   58111   0.3759711   B1-D3-463
23783   57820   0.3198   B1-3-59
23899   57802   0.3198   B1-3-D59
23980   57820   0.3198   B1-3-P269
23658   57894   0.3198   B1-3-P267
20900   58570   0.3198   G100-38
23589   57879   0.3198   B1-3-D58
24409   57699   0.3198   B1-3-SP271
24380   57642   0.3198   B1-3-61
24647   57651   0.3198   B1-3-SP272
20846   58896   0.3198   B1-D3-56
25548   58092   0.3198   B1-321-69
24071   57739   0.3198   B1-3-60
23551   58231   0.3198   B1-D3-67
24481   57958   0.3198   B1-D3-71
20619   58641   0.3198   G100-37
24069   58379   0.3198   B1-2-41
