23898.5   58933.5   0.4236546   
23823   58919   0.4952322   
23747.5   58904.5   0.5352338   
23694.5   59035.5   0.3878356   
23687   58987   0.4411515   
23679.5   58938.5   0.4697923   
23298.5   58893   0.420607   
23423   58892   0.4902604   
23547.5   58891   0.5294467   
24720   58794   0.3129003   
24748   58758   0.3871499   
24776   58722   0.4060507   
24804   58686   0.4111525   B1-1-466
24753.5   58814.5   0.3129003   
24815   58799   0.3868963   
24876.5   58783.5   0.4057721   
24938   58768   0.4108549   B1-311-66
25681   58553.5   0.3129003   
25721   58519   0.3871471   
25761   58484.5   0.4060476   
25801   58450   0.4114985   B1-1-70
26029   58453.75   0.3129003   
25953   58452.5   0.3877426   
25877   58451.25   0.4067017   
24314   58303   0.4618339   
24296   58252   0.5571278   
24278   58201   0.6254114   
24076.25   58130.5   0.4618339   
24137.5   58137   0.5571278   
24198.75   58143.5   0.6254114   
24439.25   58033.75   0.4618339   
24379.5   58072.5   0.5571278   
24319.75   58111.25   0.6254114   
25292   58052.75   0.3508   
25279   58010.5   0.4292794   
25266   57968.25   0.4551966   
25253   57926   0.4632568   B1-330-68
25123.25   58098.5   0.3662126   
25166.5   58041   0.4316447   
25209.75   57983.5   0.4581451   
25036.25   57883.25   0.3506868   
25108.5   57897.5   0.4290024   
25180.75   57911.75   0.4548447   
25040   57581   0.4618339   
25140   57637   0.5571278   
25240   57693   0.6254114   
25058   57839   0.4618339   
25152   57809   0.5571278   
25246   57779   0.6172493   
24948.75   57576.75   0.3129003   
24957.5   57628.5   0.386802   
24966.25   57680.25   0.4056685   
24975   57732   0.41108   B1-331-67
24966.75   57834.75   0.3129003   
24969.5   57800.5   0.3873742   
24972.25   57766.25   0.4062971   
25016.5   58185   0.3499459   
24953   58214   0.4271892   
24889.5   58243   0.4525414   
24766.75   58008.75   0.4618339   
24786.5   58096.5   0.5571278   
24806.25   58184.25   0.6254114   
26098.75   58431.25   0.3442006   
26092.5   58407.5   0.4176825   
26086.25   58383.75   0.4411842   
26080   58360   0.4476268   B1-1-071
23032.75   59150.75   0.3129003   
23047.5   59107.5   0.3873401   
23062.25   59064.25   0.4062596   
23077   59021   0.4117244   B1-320-P59
22970.5   58982   0.3129003   
23006   58995   0.3875709   
23041.5   59008   0.4065131   
23149.75   58925.75   0.3129003   
23125.5   58957.5   0.388001   
23101.25   58989.25   0.4069856   
23071.75   59172.75   0.3129003   
23125.5   59151.5   0.4020316   
23179.25   59130.25   0.4236892   
23584.75   59090.25   0.4320141   
23467.5   59096.5   0.5082435   
23350.25   59102.75   0.5514197   
23188.75   58947.75   0.3129003   
23203.5   59001.5   0.402321   
23218.25   59055.25   0.4240243   
23613   59056.5   0.3129003   
23524   59029   0.3974136   
23435   59001.5   0.4179331   
23346   58974   0.4287628   B1-320-SP60
23217   58914   0.3129003   
23260   58934   0.4058982   
23303   58954   0.4281386   
25518   58594.5   0.4412965   
25395   58601   0.5235639   
25272   58607.5   0.5711467   
25129.5   58452.75   0.3842853   
25136   58506.5   0.43646   
25142.5   58560.25   0.4640471   
25549.25   58564.5   0.3129003   
25457.5   58541   0.4000827   
25365.75   58517.5   0.4213316   
25274   58494   0.4250666   B1-320-P68
25160.75   58422.75   0.3129003   
25198.5   58446.5   0.3970775   
25236.25   58470.25   0.4175053   
25285.25   58138.25   0.3129003   
25265.5   58181.5   0.3941242   
25245.75   58224.75   0.413937   
25116.5   58184   0.3129003   
25153   58212   0.3921337   
25189.5   58240   0.4116066   
25148.75   58366.25   0.3129003   
25174.5   58333.5   0.3902466   
25200.25   58300.75   0.4094898   
25345.5   58119.75   0.3129003   
25386   58144.5   0.3949531   
25426.5   58169.25   0.414932   
25467   58194   0.4180408   B1-321-P69
25209   58347.75   0.3129003   
25295   58296.5   0.3908603   
25381   58245.25   0.4101782   
25608   58546.5   0.3129003   
25575   58505   0.388071   
25542   58463.5   0.4070625   
25219.5   58404.75   0.3129003   
25316   58410.5   0.3882153   
25412.5   58416.25   0.407221   
25093   58111.5   0.3503846   
25106   58067   0.4282628   
25119   58022.5   0.4539052   
25132   57978   0.4563265   B1-330-P68
25006   57896.25   0.347255   
25048   57923.5   0.4209515   
25090   57950.75   0.4448011   
24969.5   57571.75   0.3129003   
24999   57618.5   0.3870708   
25028.5   57665.25   0.4059637   
25058   57712   0.4114688   B1-331-P68
24987.5   57829.75   0.3129003   
25011   57790.5   0.3877683   
25034.5   57751.25   0.4067299   
25317.75   58051.25   0.3129003   
25330.5   58007.5   0.4077774   
25343.25   57963.75   0.4302493   
25356   57920   0.4333814   B1-330-P69
25491.75   58001   0.3129003   
25446.5   57974   0.4032792   
25401.25   57947   0.4251339   
22924.75   58743.25   0.3471447   
22962.5   58764.5   0.4206818   
23000.25   58785.75   0.4445025   
23038   58807   0.4543823   B1-321-P59
23105.5   58678.75   0.3508713   
23083   58721.5   0.4294537   
23060.5   58764.25   0.455418   
22960.75   58928.5   0.3469524   
22986.5   58888   0.4202121   
23012.25   58847.5   0.4439823   
23140   58872.25   0.3477048   
23106   58850.5   0.4220483   
23072   58828.75   0.4460199   
22857.75   58760.25   0.3129003   
22828.5   58798.5   0.388165   
22799.25   58836.75   0.4071658   
22669.5   58807.5   0.3129003   
22703   58830   0.3874481   
22736.5   58852.5   0.4063781   
22728.75   58995.75   0.3129003   
22742.5   58955.5   0.3873467   
22756.25   58915.25   0.4062669   
22893.75   58945.5   0.3129003   
22852.5   58922   0.3879436   
22811.25   58898.5   0.4069226   
22845.75   58693.25   0.3129003   
22804.5   58664.5   0.4010641   
22763.25   58635.75   0.4225687   
22657.5   58740.5   0.4618339   
22679   58696   0.5571278   
22700.5   58651.5   0.6254114   
22602   58522.25   0.3129003   
22642   58550.5   0.4005101   
22682   58578.75   0.4218757   
22779   58473.5   0.3129003   
22760   58518   0.4054288   
22741   58562.5   0.4276114   
22906.25   58675.75   0.3697264   
22925.5   58629.5   0.4321015   
22944.75   58583.25   0.4587125   
22964   58537   0.4793636   B1-330-P59
22969.25   58191.25   0.4101775   
22967.5   58306.5   0.4745629   
22965.75   58421.75   0.5096146   
22839.5   58456   0.3705531   
22881   58483   0.432209   
22922.5   58510   0.458846   
23022.5   58407.25   0.3703644   
23003   58450.5   0.4321845   
22983.5   58493.75   0.4588155   
22616.25   58823.75   0.3129003   
22596.5   58862.5   0.3831556   
22576.75   58901.25   0.4017671   
22490.25   59045.75   0.3129003   
22512.5   59010.5   0.3795834   
22534.75   58975.25   0.398145   
22675.5   59012   0.3129003   
22636   58988   0.379418   
22596.5   58964   0.3979757   
22596   58756.25   0.4345946   
22556   58727.5   0.5124715   
22516   58698.75   0.5568714   
22353.75   58590.5   0.3309348   
22394.5   58617   0.4160033   
22435.25   58643.5   0.4393476   
22540.5   58538   0.3320091   
22519   58582   0.4161393   
22497.5   58626   0.4394963   
23866.75   58420.75   0.3129003   
23888.5   58378.5   0.4105586   
23910.25   58336.25   0.4333529   
24041.5   58384   0.3129003   
24005   58354   0.41044   
23968.5   58324   0.4332216   
23994.25   58166.5   0.4335571   
23973.5   58209   0.5107436   
23952.75   58251.5   0.554631   
25053.5   58197.25   0.3129003   
25027   58238.5   0.3862514   
25000.5   58279.75   0.4050637   
25085.75   58379.5   0.3129003   
25048.5   58360   0.3860012   
25011.25   58340.5   0.4047887   
25031.5   58131   0.422976   
24983   58106   0.4941356   
24934.5   58081   0.5339386   
24781.75   57954.75   0.3993989   
24816.5   57988.5   0.4584144   
24851.25   58022.25   0.4898499   
24944.5   57915.75   0.3980993   
24925   57962.5   0.4564573   
24905.5   58009.25   0.4875003   
23786.25   58369.75   0.4440357   
23727.5   58276.5   0.5279679   
23668.75   58183.25   0.5768983   
23739.75   57887.5   0.4045428   
23696.5   57955   0.4660152   
23653.25   58022.5   0.4994323   
23481.75   57988.75   0.4064031   
23524.5   58022.5   0.4687709   
23567.25   58056.25   0.5028468   
23555.25   58214.5   0.4440357   
23573.5   58173   0.5279679   
23591.75   58131.5   0.5768983   
22595.5   58204.5   0.3129003   
22611   58246   0.3859065   
22626.5   58287.5   0.4046847   
22582   58452.75   0.3129003   
22602   58411.5   0.3859188   
22622   58370.25   0.4046983   
22759   58404   0.3129003   
22720   58379   0.3859172   
22681   58354   0.4046966   
22534.75   58218.25   0.3129003   
22489.5   58273.5   0.3866462   
22444.25   58328.75   0.4054974   
22334.5   58519   0.3129003   
22356   58474   0.3867815   
22377.5   58429   0.405646   
22521.25   58466.5   0.3129003   
22480.5   58439   0.386805   
22439.75   58411.5   0.4056718   
23008.75   58107.5   0.3129003   
23046.5   58139   0.3940372   
23084.25   58170.5   0.4138325   
23122   58202   0.4223654   B1-331-P60
23162.5   58071.5   0.3129003   
23149   58115   0.3960457   
23135.5   58158.5   0.4162437   
23062   58323.5   0.3129003   
23082   58283   0.3970968   
23102   58242.5   0.4175298   
23220.25   58285.25   0.3129003   
23187.5   58257.5   0.3983591   
23154.75   58229.75   0.419137   
22868.5   58099.25   0.3129003   
22867   58160.5   0.3862447   
22865.5   58221.75   0.4050562   
22651   58193   0.3129003   
22722   58223   0.3863102   
22793   58253   0.4051282   
22944.25   58127.75   0.3129003   
22917.5   58179.5   0.3864358   
22890.75   58231.25   0.4052662   
23222   58058.5   0.4618339   
23268   58089   0.5571278   
23314   58119.5   0.6254114   
23419.25   58003.75   0.4618339   
23399.5   58052.5   0.5571278   
23379.75   58101.25   0.6254114   
23279.75   58272.25   0.4618339   
23306.5   58231.5   0.5571278   
23333.25   58190.75   0.6254114   
23492.75   58229.5   0.4618339   
23448.5   58203   0.5571278   
23404.25   58176.5   0.6254114   
24915.75   57583.25   0.3129003   
24891.5   57641.5   0.4050555   
24867.25   57699.75   0.4271909   
24517.5   57713.75   0.4618339   
24626   57728.5   0.5571278   
24734.5   57743.25   0.6254114   
24771   57880.25   0.3129003   
24795   57839.5   0.4050739   
24819   57798.75   0.4272124   
24933.75   57841.25   0.3129003   
24903.5   57813.5   0.4052519   
24873.25   57785.75   0.4274126   
23921.25   58864.75   0.4618339   
23868.5   58781.5   0.5571278   
23815.75   58698.25   0.5806615   
23824.5   58501   0.3129003   
23804   58539   0.3869511   
23783.5   58577   0.4058322   
23642.25   58551.25   0.3129003   
23682.5   58572.5   0.3876467   
23722.75   58593.75   0.4065964   
23879.25   58687   0.3129003   
23840.5   58663   0.3865651   
23801.75   58639   0.4054083   
21089.25   59648   0.3129003   
21105.5   59618   0.3906923   
21121.75   59588   0.4099898   
21138   59558   0.4163298   B1-320-SP51
21044.25   59486   0.3129003   
21075.5   59510   0.3923938   
21106.75   59534   0.4118984   
21210   59439.5   0.3129003   
21186   59479   0.3915696   
21162   59518.5   0.4109738   
20957.5   59473.5   0.4166867   
20902   59485   0.4840797   
20846.5   59496.5   0.5218856   
20791   59508   0.5321329   B1-D2-M52
20970.5   59439.75   0.416321   
20928   59417.5   0.4835376   
20885.5   59395.25   0.5211691   
20843   59373   0.5314257   B1-321-P50
21526.75   59358.5   0.3129003   
21569.5   59382   0.3837886   
21612.25   59405.5   0.4024085   
21719.5   59326.25   0.3129003   
21698   59360.5   0.3816396   
21676.5   59394.75   0.4002308   
21275.25   59421   0.3129003   
21316.5   59442   0.3857252   
21357.75   59463   0.4044856   
21462.75   59372.25   0.3129003   
21441.5   59409.5   0.3856721   
21420.25   59446.75   0.4044272   
21882   59019.5   0.3129003   
21860   59057   0.4027651   
21838   59094.5   0.4245386   
21713.25   59055.5   0.3129003   
21747.5   59081   0.4028654   
21781.75   59106.5   0.4246547   
21759.75   59252   0.3129003   
21778.5   59212   0.4027357   
21797.25   59172   0.4245045   
21930   59187.5   0.4618339   
21892   59169   0.5571278   
21854   59150.5   0.6254114   
21945.5   59001.75   0.3129003   
21987   59021.5   0.3846729   
22028.5   59041.25   0.4033296   
22133.75   58953.75   0.3129003   
22112.5   58989.5   0.3846783   
22091.25   59025.25   0.4033356   
21993.5   59169.75   0.3129003   
22019   59133.5   0.3845405   
22044.5   59097.25   0.4031842   
22186.25   59120.25   0.3129003   
22147.5   59100.5   0.3841259   
22108.75   59080.75   0.4027503   
22174   58873.5   0.3129003   
22193   58829   0.3885175   
22212   58784.5   0.407553   
22231   58740   0.4115483   B1-330-P56
22108   58652.25   0.3129003   
22149   58681.5   0.3868907   
22190   58710.75   0.405766   
22292.5   58608   0.3129003   
22272   58652   0.3870537   
22251.5   58696   0.4059449   
23323.25   58555   0.3969961   
23284.5   58535   0.4547864   
23245.75   58515   0.4855353   
23207   58495   0.4931456   B1-330-P60
23241.5   58358.5   0.3958952   
23230   58404   0.4531052   
23218.5   58449.5   0.4836152   
23340.5   58615.5   0.4085703   
23319   58656   0.4720864   
23297.5   58696.5   0.5067277   
23276   58737   0.5144958   B1-321-P60
23165   58661.25   0.4075539   
23202   58686.5   0.4705154   
23239   58711.75   0.5049223   
23199.5   58854.75   0.4070029   
23225   58815.5   0.4696639   
23250.5   58776.25   0.5039438   
23398.25   58602.5   0.4618339   
23434.5   58630   0.5571278   
23470.75   58657.5   0.5798845   
23578.25   58568.75   0.3917614   
23554.5   58607.5   0.4467059   
23530.75   58646.25   0.4764833   
23257.25   58841.75   0.4618339   
23340.5   58789.5   0.5571278   
23423.75   58737.25   0.6254114   
23380.25   58534.25   0.4563574   
23398.5   58493.5   0.5480548   
23416.75   58452.75   0.608319   
23560.25   58500.5   0.4563574   
23518.5   58471   0.5480548   
23476.75   58441.5   0.608319   
23298.5   58337.75   0.4563574   
23344   58362.5   0.5480548   
23389.5   58387.25   0.608319   
23511.5   58295   0.4563574   
23486   58334   0.5480548   
23460.5   58373   0.608319   
25096.5   58435.75   0.3129003   
25070   58472.5   0.3885724   
25043.5   58509.25   0.4076133   
25017   58546   0.4128217   B1-320-P67
24341.5   58826.25   0.3996379   
24295   58838.5   0.4587713   
24248.5   58850.75   0.4902921   
24031   58926.75   0.4370193   
24088   58905.5   0.5165449   
24145   58884.25   0.5621512   
24304.75   58809.75   0.3681753   
24221.5   58805.5   0.4318999   
24138.25   58801.25   0.4584621   
24055   58797   0.4537478   B1-320-P63
23994.25   58910.25   0.3494311   
24014.5   58872.5   0.4259296   
24034.75   58834.75   0.4509413   
23952.25   58732.5   0.3467668   
23986.5   58754   0.4197583   
24020.75   58775.5   0.4434798   
24118   58689.75   0.3129003   
24097   58725.5   0.4122461   
24076   58761.25   0.4352198   
24370.5   58794   0.3129003   
24353   58774   0.4002646   
24335.5   58754   0.4215632   
24183.75   58674   0.3129003   
24228.5   58694   0.3913645   
24273.25   58714   0.4107438   
24353.25   58738.5   0.3129003   
24318.5   58663   0.3865952   
24283.75   58587.5   0.4054413   
24311.25   58393.5   0.3129003   
24290.5   58433   0.3844616   
24269.75   58472.5   0.4030975   
24120.75   58438.5   0.3129003   
24163.5   58463   0.3852112   
24206.25   58487.5   0.403921   
24166.5   58618.5   0.3129003   
24194   58583   0.3844697   
24221.5   58547.5   0.4031065   
21035.25   59655.75   0.3507556   
20997.5   59633.5   0.4291707   
20959.75   59611.25   0.4550585   
20922   59589   0.4634303   B1-320-P50
20990.25   59493.75   0.3616202   
20967.5   59525.5   0.4310476   
20944.75   59557.25   0.4574035   
21125.75   59659.25   0.3129003   
21178.5   59640.5   0.3858583   
21231.25   59621.75   0.4046318   
21246.5   59450.75   0.3129003   
21259   59501.5   0.3859108   
21271.5   59552.25   0.4046895   
22000.75   59471   0.3129003   
21940.5   59493   0.3853057   
21880.25   59515   0.4040248   
21760.75   59353.25   0.3129003   
21780.5   59414.5   0.3852874   
21800.25   59475.75   0.4040047   
22021.75   59430   0.3129003   
21982.5   59411   0.4096636   
21943.25   59392   0.4323627   
21781.75   59312.25   0.3129003   
21822.5   59332.5   0.4092098   
21863.25   59352.75   0.4318582   
21952   59247.75   0.4334073   
21936   59289.5   0.5105009   
21920   59331.25   0.5543193   
22081.25   59410.5   0.3129003   
22101.5   59372   0.3851839   
22121.75   59333.5   0.403891   
22011.5   59228.25   0.3129003   
22055   59250.5   0.3851668   
22098.5   59272.75   0.4038722   
22204.25   59178.75   0.3129003   
22183.5   59217.5   0.3851597   
22162.75   59256.25   0.4038644   
22112.5   59426.75   0.3129003   
22164   59404.5   0.3860729   
22215.5   59382.25   0.4048676   
22459.75   59357.75   0.3129003   
22395.5   59358.5   0.385864   
22331.25   59359.25   0.4046381   
22235.5   59195   0.3129003   
22246   59250   0.3858696   
22256.5   59305   0.4046442   
22490   59325.25   0.3129003   
22456   59293.5   0.3856566   
22422   59261.75   0.4044102   
22265.75   59162.5   0.3129003   
22306.5   59185   0.3854817   
22347.25   59207.5   0.4042181   
22448   59118.25   0.3129003   
22428   59155.5   0.385481   
22408   59192.75   0.4042174   
22547   59316.5   0.3129003   
22570   59276   0.385436   
22593   59235.5   0.404168   
22505   59109.5   0.3129003   
22542   59138   0.3853902   
22579   59166.5   0.4041176   
22690.25   59075.75   0.3129003   
22665.5   59115.5   0.3853912   
22640.75   59155.25   0.4041188   
22611.5   59293   0.3129003   
22699   59229   0.3873482   
22786.5   59165   0.4062684   
22982   59170.75   0.3129003   
22946   59147.5   0.3862464   
22910   59124.25   0.4050581   
22754.75   59052.25   0.3129003   
22794.5   59068.5   0.3862287   
22834.25   59084.75   0.4050387   
22919.75   59002   0.3129003   
22904.5   59035   0.3862448   
22889.25   59068   0.4050564   
21462.75   59116.25   0.3129003   
21505.5   59141.5   0.3907929   
21548.25   59166.75   0.4101025   
21657   59070.5   0.3129003   
21635   59111   0.3920621   
21613   59151.5   0.4115263   
21510.75   59299.25   0.3129003   
21537.5   59263.5   0.3903782   
21564.25   59227.75   0.4096375   
21703.5   59267   0.3129003   
21666   59242   0.3893362   
21628.5   59217   0.4084686   
21401.75   59129.75   0.3598881   
21383.5   59168.5   0.4308224   
21365.25   59207.25   0.4571238   
21256.25   59168   0.3554224   
21286.5   59194   0.4302418   
21316.75   59220   0.4564027   
21262.25   59361.5   0.3506476   
21290.5   59323   0.4289064   
21318.75   59284.5   0.4547228   
21449.75   59312.75   0.350271   
21415.5   59290.5   0.4279848   
21381.25   59268.25   0.453552   
21381   59060   0.3486412   
21342   59029   0.424151   
21303   58998   0.4486861   
21235.5   59098.25   0.3487065   
21245   59054.5   0.4242977   
21254.5   59010.75   0.448872   
21144.75   58877   0.3467745   
21184.5   58907   0.4197772   
21224.25   58937   0.4435006   
21444.75   59045.75   0.3129003   
21469.5   59000.5   0.3912336   
21494.25   58955.25   0.410597   
21639   59000   0.3129003   
21599   58970   0.3946193   
21559   58940   0.4145314   
21394.5   58837.25   0.3129003   
21436   58861.5   0.3899689   
21477.5   58885.75   0.4091782   
21588   58759.25   0.3129003   
21565   58809.5   0.3902147   
21542   58859.75   0.409454   
21868.5   58948   0.3129003   
21833   58914   0.3856914   
21797.5   58880   0.4044485   
21699.75   58984   0.3129003   
21720.5   58938   0.3858249   
21741.25   58892   0.4045952   
21648.75   58743.25   0.3129003   
21686.5   58777.5   0.3856918   
21724.25   58811.75   0.4044489   
21813.75   58719.25   0.3129003   
21796.5   58761.5   0.3856916   
21779.25   58803.75   0.4044487   
21924.5   58937.25   0.3129003   
21945   58892.5   0.3855721   
21965.5   58847.75   0.4043175   
22112.75   58889.25   0.3129003   
22070.5   58860.5   0.3855828   
22028.25   58831.75   0.4043292   
21869.75   58708.5   0.3129003   
21908.5   58740   0.3857071   
21947.25   58771.5   0.4044657   
22046.75   58668   0.3129003   
22026.5   58713   0.3855852   
22006.25   58758   0.4043318   
23884.25   58486   0.3129003   
23923.5   58509   0.3865638   
23962.75   58532   0.4054068   
24002   58555   0.4104537   B1-321-P63
24059   58449.25   0.3129003   
24040   58484.5   0.3865789   
24021   58519.75   0.4054235   
23939   58672   0.3129003   
23960   58633   0.3864939   
23981   58594   0.4053301   
24104.75   58629.25   0.3129003   
24070.5   58604.5   0.3865811   
24036.25   58579.75   0.4054258   
23808.5   58434.75   0.3554779   
23772   58406.5   0.430249   
23735.5   58378.25   0.4564117   
23699   58350   0.4693744   B1-330-P62
23626.25   58485   0.3972176   
23650.5   58440   0.4551219   
23674.75   58395   0.4859298   
23577.5   58279.5   0.346666   
23618   58303   0.4195121   
23658.5   58326.5   0.4432071   
23846   58350.25   0.4618339   
23847   58237.5   0.5571278   
23848   58124.75   0.58499   
23799.5   57868   0.4618339   
23816   57916   0.5571278   
23832.5   57964   0.5842778   
23973.5   58096   0.4618339   
23932   58068   0.5571278   
23890.5   58040   0.5892516   
24292.75   58325.75   0.3129003   
24253.5   58297.5   0.3853056   
24214.25   58269.25   0.4040247   
24102.25   58370.75   0.3129003   
24126.5   58327.5   0.3853138   
24150.75   58284.25   0.4040337   
24055   58153.25   0.3129003   
24095   58182.5   0.3852967   
24135   58211.75   0.4040149   
24353   58309   0.3129003   
24374   58264   0.3858696   
24395   58219   0.4046442   
24478.25   58039.75   0.3129003   
24457.5   58084.5   0.3857825   
24436.75   58129.25   0.4045485   
24664.25   57984.25   0.4618339   
24581.5   58047.5   0.5571278   
24498.75   58110.75   0.6254114   
21199   59179.75   0.3504667   
21172   59217.5   0.4284637   
21145   59255.25   0.4541603   
21118   59293   0.4614761   B1-321-P51
21205   59373.25   0.3505633   
21176   59346.5   0.4287002   
21147   59319.75   0.4544608   
21177   59121   0.3630109   
21128   59100   0.4312285   
21079   59079   0.4576281   
21030   59058   0.4666927   B1-330-SP51
21017.25   59361   0.3723316   
21021.5   59260   0.4324403   
21025.75   59159   0.4591332   
20901.75   58959   0.3847724   
20944.5   58992   0.437095   
20987.25   59025   0.4648175   
21086.25   58899.75   0.3540558   
21067.5   58952.5   0.4300641   
21048.75   59005.25   0.4561821   
22194.75   58937.25   0.3129003   
22234.5   58956.5   0.3946209   
22274.25   58975.75   0.4145333   
22555.5   58837.5   0.3129003   
22475   58890   0.4093093   
22394.5   58942.5   0.4319698   
22247.25   59103.75   0.3129003   
22269.5   59067.5   0.3946764   
22291.75   59031.25   0.4146   
22429.5   59059.5   0.3129003   
22391   59038   0.3946701   
22352.5   59016.5   0.4145923   
22313.25   58671.75   0.3486549   
22313.5   58779.5   0.4241819   
22313.75   58887.25   0.4487253   
23137   58602   0.344152   
23146   58568   0.4176763   
23155   58534   0.4411774   
23164   58500   0.4475091   B1-30-M560
23072.5   58398   0.3426911   
23103   58432   0.4174914   
23133.5   58466   0.4409752   
23859.5   57856.5   0.4618339   
23936   57893   0.5571278   
24012.5   57929.5   0.6254114   
24167   57811.5   0.385263   
24141   57863   0.4377365   
24115   57914.5   0.4655975   
24033.5   58084.5   0.4618339   
24052   58045   0.5571278   
24070.5   58005.5   0.6254114   
24396.5   57987.75   0.4618339   
24294   57980.5   0.5571278   
24191.5   57973.25   0.6254114   
21453.25   58455   0.3129003   
21447.5   58517   0.3850925   
21441.75   58579   0.4037906   
21330.25   58556.25   0.3129003   
21365.5   58584.5   0.3851717   
21400.75   58612.75   0.4038776   
21493.75   58503   0.3129003   
21474.5   58549   0.3851624   
21455.25   58595   0.4038673   
21373.75   58770   0.3129003   
21394.5   58727   0.3851815   
21415.25   58684   0.4038883   
21567.25   58692   0.3129003   
21523.5   58675   0.3851812   
21479.75   58658   0.403888   
21271.75   58572.5   0.3129003   
21248.5   58617   0.3853166   
21225.25   58661.5   0.4040366   
21129.25   58811.75   0.3129003   
21153.5   58776.5   0.3853292   
21177.75   58741.25   0.4040506   
21315.25   58786.25   0.3129003   
21277.5   58759.5   0.385318   
21239.75   58732.75   0.4040383   
21201   58587   0.4618339   
21107   58646   0.5571278   
21013   58705   0.5761957   
20874   58885.5   0.4618339   
20889   58845   0.5571278   
20904   58804.5   0.6254114   
21058.5   58826.25   0.4618339   
21012   58805.5   0.5547299   
20965.5   58784.75   0.6125953   
21560.5   58480.75   0.3129003   
21608   58504.5   0.3846545   
21655.5   58528.25   0.4033094   
21634   58669.75   0.3129003   
21657   58630.5   0.3848807   
21680   58591.25   0.403558   
21799   58645.75   0.3129003   
21767   58614.5   0.3848822   
21735   58583.25   0.4035596   
22062.5   58367.5   0.3129003   
22096   58401   0.3866408   
22129.5   58434.5   0.4054914   
22091   58584.25   0.3129003   
22115   58545.5   0.3866645   
22139   58506.75   0.4055174   
22275.5   58540   0.3129003   
22238   58516   0.3875774   
22200.5   58492   0.4065202   
22002   58381.5   0.3129003   
21975   58429   0.3855081   
21948   58476.5   0.4042471   
21853.5   58638.75   0.3129003   
21876   58600.5   0.385496   
21898.5   58562.25   0.4042339   
22030.5   58598.25   0.3129003   
21994   58573.5   0.3855078   
21957.5   58548.75   0.4042467   
24232.25   57795.75   0.3129003   
24271.5   57831.5   0.3852335   
24310.75   57867.25   0.4039454   
24394.25   57750   0.3129003   
24379.5   57801   0.385214   
24364.75   57852   0.4039241   
24461.75   57972   0.4618339   
24424.5   57949   0.5571278   
24387.25   57926   0.6254114   
24452.5   57732.75   0.3129003   
24496   57766.5   0.3869041   
24539.5   57800.25   0.4057806   
24583   57834   0.4116063   B1-331-P66
24520   57954.75   0.3129003   
24541   57914.5   0.3869406   
24562   57874.25   0.4058208   
24706   57899.25   0.3129003   
24665   57877.5   0.3887648   
24624   57855.75   0.4078276   
20957.75   59370.75   0.3859106   
20902.5   59279.5   0.4385962   
20847.25   59188.25   0.4666535   
20792   59097   0.4711072   B1-330-P50
20842.25   58968.75   0.3822528   
20825.5   59011.5   0.4338107   
20808.75   59054.25   0.4608327   
21033.25   59420.5   0.4048946   
21053.5   59379   0.4665362   
21073.75   59337.5   0.5000779   
20821.25   58903   0.4025526   
20783.5   58880   0.4630936   
20745.75   58857   0.49571   
24453   58345.5   0.3875412   
24513.5   58341.25   0.4064805   
24848.5   58368   0.390894   
24711.25   58352.5   0.410216   
20752.5   58686   0.4618339   
20808   58712   0.5571278   
20699.75   58703.5   0.4109586   
20702.5   58747   0.4757631   
25749.25   58267   0.3129003   
25766.5   58328   0.4092237   
25455.5   57833   0.3857208   
25583   57970.5   0.4065376   
25629   57913   0.4689702   
25675   57855.5   0.5030937   
25550.75   57845.25   0.3999483   
25607.5   57829.5   0.4592346   
25664.25   57813.75   0.4908661   
25889.75   57747   0.3997978   
25833.5   57764   0.4590099   
25777.25   57781   0.4905877   
25963.25   57790.25   0.4032738   
25980.5   57850.5   0.4641509   
25997.75   57910.75   0.497062   
25929.5   57774.5   0.3978537   
25913   57819   0.4560851   
25896.5   57863.5   0.4870627   
25907.75   57703   0.3935876   
25869.5   57676   0.4495347   
25831.25   57649   0.4797121   
25703   57546.25   0.3889928   
25733   57571.5   0.4427489   
25763   57596.75   0.4717423   
25937.5   57681   0.4563574   
25929   57632   0.5480548   
25920.5   57583   0.608319   
25599.25   58029.5   0.3956757   
25661.5   58031   0.4527656   
25723.75   58032.5   0.4832453   
25745.5   58163   0.3761436   
25759   58120   0.4329359   
25772.5   58077   0.4597487   
25676.25   58260   0.3129003   
25620.5   58314   0.4116603   
25665.75   58203   0.3129003   
25599.5   58200   0.4073351   
24505   58782   0.387559   
25925.75   57744.75   0.3129003   
25905.5   57759.5   0.4095507   
25885.25   57774.25   0.4322377   
25865   57789   0.4381237   B1-330-P71
21694   58390.75   0.3129003   
21811   58430.5   0.3820591   
21805.5   58491.25   0.3898347   
25929   58056   0.55   B1-321-P71
25525   57379   0.55   B1-3-65
25825   57292   0.55   B1-3-66
26098   57244   0.55   B1-3-67
25966   57263   0.55   B1-3-D66
25710   57369   0.55   B1-3-P277
25931   58159   0.55   B1-D2-471
25835   58184   0.55   B1-D2-73
25991   58108   0.55   B1-D2-F74
25433   57618   0.5619993   B1-331-69
25553   57586   0.5689222   B1-331-P70
25918   57330   0.576067   B1-3-P278
25567   57670   0.5740906   B1-D3-470
25690   57654   0.5620392   B1-D3-76
25701   57685   0.5625127   B1-D3-P76
251815.28125   56737.22265625   0.3745774   
24388   58814   0.3114   B1-1-64
21073   59678   0.3114   B1-1-P50
22061   59449   0.3114   B1-1-P54
22524   59357   0.3114   B1-1-P56
23018   59194   0.3114   B1-1-P58
23974   58948   0.3114   B1-1-P62
24448   58826   0.3114   B1-1-P64
20947   59222   0.3114   B1-2-P134
21420   59091   0.3114   B1-2-P135
21904   58982   0.3114   B1-2-P136
22887   58722   0.3114   B1-2-P138
23362   58575   0.3114   B1-2-P139
23845   58463   0.3114   B1-2-P140
24332   58354   0.3114   B1-2-P141
25305   58095   0.3114   B1-2-P143
21226   59142   0.3114   B1-2-P35
21679   59030   0.3114   B1-2-P36
22155   58918   0.3114   B1-2-P37
22636   58785   0.3114   B1-2-P38
23128   58636   0.3114   B1-2-P39
23602   58530   0.3114   B1-2-P40
24078   58414   0.3114   B1-2-P41
25080   58156   0.3114   B1-2-P43
25537   58028   0.3114   B1-2-P44
21155   58497   0.3114   B1-3-50
21445   58423   0.3114   B1-3-51
21729   58347   0.3114   B1-3-52
22023   58256   0.3114   B1-3-53
22319   58198   0.3114   B1-3-54
22607   58121   0.3114   B1-3-55
22907   58052   0.3114   B1-3-56
23185   57966   0.3114   B1-3-57
23783   57820   0.3114   B1-3-59
24380   57642   0.3114   B1-3-61
24940   57525   0.3114   B1-3-63
21459   58393   0.3114   B1-3-F51
22870   58038   0.3114   B1-3-F56
20697   58660   0.3114   B1-3-P253
21295   58528   0.3114   B1-3-P256
21513   58457   0.3114   B1-3-P257
22029   58334   0.3114   B1-3-P259
22580   58163   0.3114   B1-3-P262
22971   58076   0.3114   B1-3-P264
24193   57760   0.3114   B1-3-P270
22028   58327   0.3114   B1-3-SP258
23176   58028   0.3114   B1-3-SP265
23439   57955   0.3114   B1-3-SP266
24409   57699   0.3114   B1-3-SP271
23702   59084   0.3114   B1-311-61
24692   58830   0.3114   B1-311-65
25641   58588   0.3114   B1-311-69
26105   58455   0.3114   B1-311-71
24032   58225   0.3114   B1-330-63
25494   57861   0.3114   B1-330-69
25946   57730   0.3114   B1-330-71
25202   57654   0.3114   B1-331-68
25673   57521   0.3114   B1-331-70
22077   59164   0.3114   B1-D2-455
22566   59032   0.3114   B1-D2-457
23781   58715   0.3114   B1-D2-462
24255   58587   0.3114   B1-D2-464
24734   58444   0.3114   B1-D2-466
25732   58206   0.3114   B1-D2-470
21720   59270   0.3114   B1-D2-56
24625   58495   0.3114   B1-D2-68
25111   58376   0.3114   B1-D2-70
21013   59462   0.3114   B1-D2-P53
21234   59400   0.3114   B1-D2-P54
21484   59335   0.3114   B1-D2-P55
21741   59292   0.3114   B1-D2-P56
21968   59206   0.3114   B1-D2-P57
22225   59140   0.3114   B1-D2-P58
22468   59081   0.3114   B1-D2-P59
22715   59036   0.3114   B1-D2-P60
22935   58969   0.3114   B1-D2-P61
23174   58894   0.3114   B1-D2-P62
23918   58711   0.3114   B1-D2-P65
24139   58654   0.3114   B1-D2-P66
25123   58399   0.3114   B1-D2-P70
25363   58324   0.3114   B1-D2-P71
23551   58231   0.3114   B1-D3-67
20859   58926   0.3114   B1-D3-P56
21105   58847   0.3114   B1-D3-P57
21353   58813   0.3114   B1-D3-P58
21611   58709   0.3114   B1-D3-P59
21831   58677   0.3114   B1-D3-P60
22067   58623   0.3114   B1-D3-P61
22313   58564   0.3114   B1-D3-P62
22562   58494   0.3114   B1-D3-P63
22798   58429   0.3114   B1-D3-P64
23042   58364   0.3114   B1-D3-P65
23253   58313   0.3114   B1-D3-P66
23537   58256   0.3114   B1-D3-P67
24015   58124   0.3114   B1-D3-P69
24499   57995   0.3114   B1-D3-P71
24747   57921   0.3114   B1-D3-P72
24964   57869   0.3114   B1-D3-P73
20878.66015625   60014.87890625   0.3114   B1-311-SP68
19758.8671875   593711.9375   0.3114   
19758.8671875   56737.22265625   0.3114   
251815.28125   593711.9375   0.3114   
20748   59773   0.7095   B1-1-049
26044   58285   0.7095   B1-1-71
20822   59847   0.7095   B1-311-49
20761   59641   0.7095   B1-320-49
26048   58250   0.7095   B1-320-71
25956   58279   0.7095   B1-320-CSP71
25382   57406   0.7095   B1-3-D64
25675   57334   0.7095   B1-3-D65
26019   58136   0.7095   B1-D2-74
20662   59267   0.7095   B1-2-34
21032   59688   0.3440548   B1-1-050
22542   59331   0.3114   B1-1-056
22847   59191   0.398603   B1-1-057
22998   59141   0.3371837   B1-1-058
24432   58796   0.3133128   B1-1-064
25630   58463   0.3830231   B1-1-069
25828   58434   0.4195936   B1-1-070
20914   59711   0.5598395   B1-1-450
21156   59634   0.3745281   B1-1-451
22136   59384   0.3805291   B1-1-455
22650   59242   0.3783814   B1-1-457
22880   59232   0.3768515   B1-1-458
23567   59011   0.3940701   B1-1-461
25478   58528   0.3946876   B1-1-469
25725   58456   0.4059026   B1-1-470
25943   58384   0.4996021   B1-1-471
22496   59333   0.3114   B1-1-56
22803   59221   0.3904065   B1-1-57
22956   59175   0.3465428   B1-1-58
24929   58668   0.4225333   B1-1-66
25652   58485   0.3694765   B1-1-69
24941   58709   0.4231626   B1-1-P66
25869   58431   0.4264879   B1-1-P70
21095   59146   0.4447987   B1-2-035
22096   58828   0.3764678   B1-2-037
23079   58592   0.3722121   B1-2-039
23586   58433   0.481344   B1-2-040
25083   58122   0.3499193   B1-2-043
25541   57998   0.336167   B1-2-044
20905   59565   0.485668   B1-20-550
21166   59494   0.4028298   B1-20-551
23346   58918   0.4471745   B1-20-560
20904   59189   0.396503   B1-2-134
21401   59067   0.3301211   B1-2-135
21895   58938   0.3175988   B1-2-136
22869   58692   0.3242671   B1-2-138
23331   58575   0.3703534   B1-2-139
23823   58448   0.333165   B1-2-140
25283   58067   0.3445296   B1-2-143
20830   59350   0.540471   B1-21-550
21085   59275   0.4880662   B1-21-551
21304   59213   0.4480491   B1-21-552
22530   58898   0.3919823   B1-21-557
23023   58782   0.4511196   B1-21-559
23255   58712   0.5066816   B1-21-560
23972   58528   0.4058422   B1-21-563
21156   59126   0.3879209   B1-2-35
21649   59001   0.3117913   B1-2-36
22136   58874   0.3202782   B1-2-37
23097   58644   0.3349259   B1-2-39
25508   58006   0.3144549   B1-2-44
25996   57879   0.478979   B1-2-45
20797   59216   0.5415963   B1-2-450
20997   59168   0.4230083   B1-2-451
21277   59099   0.3754025   B1-2-452
22983   58639   0.4255541   B1-2-459
23216   58605   0.4449992   B1-2-460
23691   58482   0.3971833   B1-2-462
25143   58105   0.365829   B1-2-468
25407   58018   0.3784158   B1-2-469
21368   59053   0.3712685   B1-2-M135
20763   59068   0.4965172   B1-30-550
21002   59016   0.4629659   B1-30-551
22986   58509   0.4613863   B1-30-559
23148   58473   0.4469208   B1-30-560
22958   58490   0.4689803   B1-30-M559
21065   59770   0.3274973   B1-311-50
22278   59442   0.3781568   B1-311-55
22545   59383   0.3114   B1-311-56
22758   59330   0.3359762   B1-311-57
25877   58526   0.3522388   B1-311-70
21015   59547   0.4011635   B1-320-50
21255   59509   0.3891316   B1-320-51
22741   59123   0.369457   B1-320-57
22961   59049   0.3736612   B1-320-58
23425   58933   0.4560767   B1-320-60
24159   58754   0.4045171   B1-320-63
24401   58701   0.3357413   B1-320-64
25827   58313   0.4744774   B1-320-70
24794   58605   0.3849632   B1-320-P66
20700   59363   0.6777083   B1-321-49
20928   59307   0.4179426   B1-321-50
21189   59236   0.4238517   B1-321-51
21432   59166   0.3852682   B1-321-52
22886   58800   0.3619215   B1-321-58
23127   58730   0.4295619   B1-321-59
23866   58555   0.3536519   B1-321-62
24103   58488   0.3548951   B1-321-63
25300   58148   0.3266701   B1-321-68
25548   58092   0.3623159   B1-321-69
25690   58122   0.3874151   B1-321-P70
20877   59045   0.4456644   B1-330-50
21102   58987   0.4389099   B1-330-51
21864   58802   0.3907582   B1-330-54
22102   58717   0.3695556   B1-330-55
22342   58678   0.3740689   B1-330-56
22819   58547   0.4024147   B1-330-58
23065   58471   0.4189919   B1-330-59
23306   58473   0.4960652   B1-330-60
20623   59116   0.6451955   B1-330-J49
25614   57851   0.4577042   B1-330-P70
20559   58872   0.4534642   B1-331-49
20572   58649   0.337062   B1-3-48
23477   57895   0.3264023   B1-3-58
21292   58455   0.3114   B1-3-D50
21570   58369   0.3114   B1-3-D51
23066   58007   0.3114   B1-3-D56
24223   57691   0.3114   B1-3-D60
20883   59420   0.5199186   B1-D2-450
21098   59375   0.4642459   B1-D2-451
21352   59350   0.411698   B1-D2-452
23052   58900   0.4145223   B1-D2-459
25221   58343   0.3301627   B1-D2-468
25458   58274   0.3998317   B1-D2-469
20749   59499   0.5991676   B1-D2-52
20993   59421   0.3900656   B1-D2-53
21219   59367   0.3528342   B1-D2-54
21478   59302   0.333723   B1-D2-55
22933   58935   0.3292501   B1-D2-61
23190   58870   0.3662629   B1-D2-62
23895   58686   0.3114   B1-D2-65
25605   58240   0.3870887   B1-D2-72
20763   59545   0.6001027   B1-D2-P52
20726   58930   0.4556227   B1-D3-450
21237   58774   0.3855743   B1-D3-452
22654   58427   0.3762595   B1-D3-458
23125   58308   0.3773431   B1-D3-460
24620   57881   0.4003756   B1-D3-466
20609   58953   0.4856086   B1-D3-55
20846   58896   0.4066074   B1-D3-56
21351   58788   0.3114   B1-D3-58
21575   58713   0.3133371   B1-D3-59
22040   58589   0.3197561   B1-D3-61
22524   58458   0.3205094   B1-D3-63
24746   57871   0.3324469   B1-D3-72
24991   57821   0.3358521   B1-D3-73
20655   58972   0.4681778   B1-D3-M55
20626   58987   0.4889891   B1-D3-P55
21496   58410   0.3114   G100-40
22961   58053   0.3114   G100-45
20830   59522   0.5325358   G94-37
21119   59440   0.4008239   G94-38
21408   59370   0.3808994   G94-39
20769   59235   0.5942786   G96-37
21051   59166   0.4552626   G96-38
21348   59078   0.3815639   G96-39
21913   58908   0.3490216   G96-41
23082   58675   0.3657115   G96-45
20661   58942   0.4640242   G98-37
21281   58772   0.3689641   G98-39
21864   58636   0.3271787   G98-41
22368   58491   0.3711778   G98-43
22620   58434   0.362343   G98-44
22592   58434   0.3466994   G98-F44
22255   58524   0.3563614   S117
23086   59128   0.3703577   B1-1-459
24298   58848   0.4461825   B1-1-464
24042   58440   0.3262969   B1-2-041
24544   58249   0.4034924   B1-2-042
23113   59036   0.4090634   B1-20-559
23723   58607   0.4061915   B1-21-562
24409   58260   0.3727202   B1-2-465
21775   59589   0.3987597   B1-311-53
24441   58903   0.3557404   B1-311-64
23572   58041   0.487419   B1-31-562
23217   58979   0.3749119   B1-320-59
23928   58814   0.3635734   B1-320-62
24905   58573   0.3961067   B1-320-66
25115   58491   0.4005861   B1-320-67
22649   58855   0.3450646   B1-321-57
23763   58615   0.4131014   B1-321-P62
24514   58081   0.3145886   B1-330-65
24416   58174   0.4104065   B1-330-P65
23589   57879   0.3326817   B1-3-D58
23658   57894   0.3807151   B1-3-P267
24987   58409   0.3292543   B1-D2-467
24868   58435   0.3498086   B1-D2-69
24882   58459   0.3434431   B1-D2-P69
22186   58572   0.3758004   B1-D3-456
22440   58488   0.3802931   B1-D3-457
24481   57958   0.3138742   B1-D3-71
22871   59003   0.3598902   G94-44
23151   58933   0.3209422   G94-45
22182   58608   0.3678499   G98-42
23478   59043   0.4141754   B1-1-060
23664   59002   0.3837043   B1-1-061
24153   58873   0.4821714   B1-1-063
25129   58581   0.4632658   B1-1-067
25350   58567   0.4588527   B1-1-068
24044   58908   0.4218197   B1-1-463
25048   58624   0.4471501   B1-1-467
25234   58549   0.4700313   B1-1-468
21995   59430   0.3485651   B1-1-54
25318   58589   0.4656101   B1-1-68
23494   59074   0.3903114   B1-1-P60
25403   58573   0.443781   B1-1-P68
25149   58614   0.4744868   B1-1-X67
22742   58719   0.3765786   B1-2-458
23939   58406   0.3574925   B1-2-463
24577   58284   0.4176739   B1-2-P42
24184   58970   0.446393   B1-311-63
25159   58707   0.4650859   B1-311-67
25391   58643   0.442834   B1-311-68
23608   58623   0.4061344   B1-321-61
25077   58203   0.3177362   B1-321-67
23610   58090   0.51985   B1-331-P62
24866   57851   0.3753468   B1-D3-467
22791   58708   0.3654773   G96-44
23891   58948   0.3768802   B1-1-062
23938   58934   0.3418615   B1-1-62
23568   58896   0.494475   B1-20-561
23489   58658   0.4948912   B1-21-561
23581   58505   0.3936832   B1-2-40
24069   58379   0.3139935   B1-2-41
21771   58975   0.3571405   B1-2-454
22048   58888   0.3766347   B1-2-455
23469   58550   0.465152   B1-2-461
24186   58350   0.352519   B1-2-464
22436   58629   0.4097168   B1-30-557
22467   58626   0.4225652   B1-30-F557
23944   59023   0.3342276   B1-311-62
23321   58048   0.4566665   B1-31-561
21512   59452   0.3838563   B1-320-52
22012   59324   0.3847425   B1-320-54
23570   58927   0.4767133   B1-320-P61
23376   58664   0.484506   B1-321-60
23507   58685   0.5009785   B1-321-P61
23932   58294   0.4243748   B1-330-P63
23491   58129   0.4918945   B1-331-61
23226   58149   0.4567472   B1-331-S60
23360   58150   0.5111229   B1-331-SP61
23342   57931   0.3282838   B1-3-D57
25105   57471   0.3778043   B1-3-D63
23304   58800   0.4833384   B1-D2-460
23536   58776   0.4995789   B1-D2-461
23413   58810   0.4713493   B1-D2-63
23660   58742   0.4268615   B1-D2-64
24143   58622   0.3119763   B1-D2-66
23421   58843   0.467343   B1-D2-P63
23666   58771   0.4293483   B1-D2-P64
25096   57785   0.4453731   B1-D3-468
23003   58331   0.3903261   B1-D3-65
23299   58266   0.4278301   B1-D3-66
22044   59424   0.3138931   B1-1-054
23415   59061   0.4090458   B1-1-60
22628   58714   0.3488672   B1-2-038
22623   58747   0.3151079   B1-2-38
25055   58132   0.3617814   B1-2-43
22506   58778   0.4306206   B1-2-457
24958   58133   0.419857   B1-2-467
23938   58251   0.4249042   B1-30-563
22992   59267   0.3219956   B1-311-58
24550   58666   0.3542959   B1-320-P65
21933   59058   0.3226418   B1-321-54
21373   58929   0.3879611   B1-330-52
22575   58595   0.3875212   B1-330-57
23794   58295   0.4760524   B1-330-62
24260   58150   0.418712   B1-330-64
24778   58019   0.3928811   B1-330-66
25015   57976   0.4056823   B1-330-67
23735   58013   0.5017188   B1-331-62
23975   58002   0.4019251   B1-331-63
24010   58639   0.3527042   B1-D2-463
25344   58312   0.3375922   B1-D2-71
21939   58618   0.3665112   B1-D3-455
24003   58076   0.3296281   B1-D3-69
24553   58751   0.3621575   B1-1-465
20832   59734   0.6910562   B1-1-49
24202   58863   0.4701829   B1-1-63
24305   58315   0.3121628   B1-2-141
25756   57943   0.4932573   B1-2-144
24704   58322   0.411402   B1-2-42
25643   57974   0.457358   B1-2-470
25880   57908   0.4958888   B1-2-471
25778   57975   0.4965689   B1-2-P144
26013   57904   0.4905913   B1-2-P45
22202   58697   0.3901864   B1-30-556
23647   58304   0.4388178   B1-30-562
22023   59531   0.313781   B1-311-54
25786   58034   0.4792851   B1-321-70
26015   57971   0.5060733   B1-321-71
24742   58366   0.3860036   B1-321-P66
25721   57798   0.5039167   B1-330-70
25912   57534   0.632099   B1-331-71
25785   57524   0.4774848   B1-331-P71
21691   58690   0.3406108   B1-D3-454
25793   57622   0.4835385   B1-D3-471
22783   58390   0.3201431   B1-D3-64
25450   57714   0.5074775   B1-D3-75
22384   59355   0.3672424   B1-1-055
22429   59275   0.3883776   B1-1-456
23716   58985   0.4059508   B1-1-61
24348   58417   0.3180296   B1-321-64
24826   58272   0.4454672   B1-321-66
24498   58417   0.3504683   B1-321-P65
23576   58353   0.4500771   B1-330-61
25306   57635   0.4515025   B1-331-P69
25252   57445   0.55   B1-3-64
25091   57562   0.3239646   B1-3-P274
22201   59120   0.3116138   B1-D2-58
25340   57749   0.4899827   B1-D3-469
21126   58822   0.3122384   B1-D3-57
25210   57775   0.4694968   B1-D3-74
25217   57807   0.4916874   B1-D3-P74
25449   57742   0.4812845   B1-D3-P75
23802   58953   0.4080577   B1-1-462
24687   58732   0.3476029   B1-1-65
21888   59322   0.3750449   B1-20-554
23819   58841   0.3822455   B1-20-562
22294   58964   0.3467523   B1-21-556
24217   58463   0.3805878   B1-21-564
22274   58844   0.3957276   B1-2-456
22505   59168   0.3638138   B1-320-56
21904   59373   0.3985212   B1-320-P54
22314   58995   0.3655686   B1-321-P56
22757   58137   0.3273797   B1-3-P263
23980   57820   0.3151158   B1-3-P269
21860   59256   0.3344221   B1-D2-454
24498   58526   0.3303859   B1-D2-465
22243   58846   0.3915144   G96-42
21326   59567   0.4084408   B1-1-051
21562   59539   0.4104821   B1-1-052
21788   59473   0.3687314   B1-1-053
23268   59116   0.3934031   B1-1-059
21392   59560   0.4245266   B1-1-452
21671   59498   0.3736962   B1-1-453
21887   59474   0.4006947   B1-1-454
23332   59070   0.4093928   B1-1-460
20987   59705   0.4119333   B1-1-50
21284   59603   0.4061427   B1-1-51
21510   59546   0.4127953   B1-1-52
21820   59537   0.3952301   B1-1-53
22267   59360   0.4061878   B1-1-55
21558   59574   0.4086587   B1-1-P52
21372   59459   0.3983113   B1-20-552
21628   59391   0.3350261   B1-20-553
22106   59280   0.3886817   B1-20-555
22596   59154   0.3849847   B1-20-557
22382   58805   0.394817   B1-2-137
24676   58212   0.4379944   B1-2-466
22395   58848   0.3821854   B1-2-P137
20698   59251   0.7025222   B1-2-P34
22695   58567   0.4106516   B1-30-558
24155   58197   0.3917762   B1-30-564
21262   59719   0.3243915   B1-311-51
21533   59653   0.4160358   B1-311-52
23243   59228   0.3611805   B1-311-59
23474   59139   0.3657983   B1-311-60
20945   58710   0.3575314   B1-31-551
24086   57905   0.3675979   B1-31-564
24320   57852   0.3657094   B1-31-565
21758   59385   0.3320839   B1-320-53
22253   59259   0.3747143   B1-320-55
23672   58890   0.465685   B1-320-61
21399   59484   0.4031819   B1-320-P52
21655   59429   0.3462298   B1-320-P53
22142   59295   0.387897   B1-320-P55
22616   59195   0.4021793   B1-320-P57
23803   58872   0.3966685   B1-320-P62
24318   58734   0.4117266   B1-320-P64
22410   58914   0.3534942   B1-321-56
22557   58940   0.3506266   B1-321-P57
24249   58512   0.3298436   B1-321-P64
22476   58670   0.43624   B1-330-P57
24175   58241   0.3770343   B1-330-P64
21081   58743   0.3725422   B1-331-51
22725   58255   0.3714812   B1-331-58
24223   57870   0.3833413   B1-331-64
20919   58764   0.3931978   B1-331-P51
24089   57966   0.3945286   B1-331-P64
24350   57903   0.3877629   B1-331-P65
24843   57758   0.4290131   B1-331-P67
21202   58706   0.3776599   B1-331-SP52
21132   58546   0.3187413   B1-3-P255
24398   58596   0.3405684   B1-D2-67
24428   58565   0.3456875   B1-D2-P67
25605   58278   0.3917246   B1-D2-P72
23636   58170   0.4670002   B1-D3-462
24114   58025   0.4112949   B1-D3-464
24354   57957   0.4012431   B1-D3-465
23761   58147   0.5056918   B1-D3-68
24239   58018   0.4197231   B1-D3-70
23766   58184   0.4855514   B1-D3-P68
24253   58062   0.4237569   B1-D3-P70
22477   58781   0.4309145   G96-43
20668   59225   0.7023567   B1-2-034
21282   58945   0.4143914   B1-30-552
21954   58762   0.4015099   B1-30-555
23419   58377   0.4972294   B1-30-561
20692   58780   0.4418919   B1-31-550
21213   58649   0.3524296   B1-31-552
21406   58580   0.316576   B1-31-553
21264   58967   0.4196233   B1-330-P52
21986   58803   0.3997265   B1-330-P55
23435   58412   0.5100846   B1-330-P61
20799   58750   0.3937633   B1-331-50
20708   58834   0.4875355   B1-331-P50
21436   58641   0.3308226   B1-331-P53
21594   59285   0.3598329   B1-D2-453
20981   58856   0.441976   B1-D3-451
23442   58263   0.4150122   B1-D3-461
20943   58866   0.4534508   G98-38
23233   59109   0.3881224   B1-1-59
22842   59094   0.3759722   B1-20-558
24868   58162   0.4520295   B1-2-142
22797   58867   0.3570827   B1-21-558
22772   58841   0.3656619   B1-21-M558
22874   59101   0.3824455   B1-320-P58
24574   58337   0.4098107   B1-321-65
22770   58875   0.3479402   B1-321-P58
24660   58102   0.4522708   B1-330-P66
24886   58056   0.4443633   B1-330-P67
22807   58966   0.3291098   B1-D2-458
21455   58756   0.3699266   B1-D3-453
21526   58751   0.3578806   G98-40
24711   58688   0.372876   B1-1-065
22065   59016   0.3686097   B1-21-555
22814   58229   0.3299762   B1-31-559
23092   58154   0.3984057   B1-31-560
24567   57779   0.390445   B1-31-566
24678   58622   0.3431489   B1-320-65
22388   59230   0.386484   B1-320-P56
22070   59061   0.3371529   B1-321-P55
22722   58607   0.4079694   B1-330-P58
21551   58614   0.313167   B1-331-53
22975   58244   0.3845911   B1-331-59
22864   58283   0.3637333   B1-331-P59
24716   57728   0.3951639   B1-331-S66
24721   57569   0.341243   B1-3-62
24567   57625   0.3504389   B1-3-D61
24647   57651   0.3561621   B1-3-SP272
22895   58371   0.399984   B1-D3-459
25887   57603   0.55   B1-D3-77
22908   58394   0.416072   G98-45
21635   58947   0.3605042   B1-2-036
21557   59141   0.3511038   B1-21-553
21527   59036   0.3572728   B1-2-453
21489   58889   0.3799132   B1-30-553
21591   59192   0.330368   B1-321-P53
21609   58854   0.3739133   B1-330-53
21519   58910   0.3680624   B1-330-P53
21762   58846   0.3845672   B1-330-P54
21602   59003   0.3473553   G96-40
22352   59211   0.3750911   B1-20-556
21732   58828   0.3804798   B1-30-554
21703   59120   0.3123482   B1-321-53
24461   57844   0.3467484   B1-331-65
20619   58641   0.3241254   G100-37
21795   59089   0.3341825   B1-21-554
24804   58221   0.4651377   B1-2-P142
25591   58374   0.3853229   B1-320-69
25509   58422   0.4024918   B1-320-P69
25743   58352   0.3787167   B1-320-P70
21347   59246   0.4446335   B1-321-P52
21816   59132   0.3188791   B1-321-P54
24974   58321   0.3964202   B1-321-P67
24855   57551   0.3260527   B1-3-SP273
22325   59089   0.3474471   B1-D2-456
25837   58220   0.5202491   B1-D2-P73
22337   59162   0.3623357   G94-42
21094   59296   0.4904143   B1-21-M551
25226   58268   0.4091327   B1-321-P68
23849   58012   0.4125342   B1-331-P63
23861   57963   0.3862303   B1-31-563
25340   58428   0.37333   B1-320-68
22163   58468   0.3480335   B1-331-P56
23882   58111   0.4321907   B1-D3-463
22396   58224   0.323631   B1-3-P261
22613   58277   0.359634   B1-31-558
22501   58362   0.3779822   B1-331-57
22642   58329   0.3857076   B1-331-P58
22122   58410   0.3223921   B1-31-556
22251   58368   0.3126325   B1-331-56
21659   58530   0.3178589   B1-31-554
21318   58621   0.3170975   B1-331-52
22020   58500   0.3445204   B1-331-55
21921   58524   0.3406288   B1-331-P55
21885   58475   0.3238356   B1-31-555
21772   58508   0.3199778   B1-331-54
21703   58552   0.3314308   B1-331-P54
22399   58384   0.398638   B1-331-P57
22374   58322   0.3711823   B1-31-557
22453   58153   0.3114   B1-3-D54
22160   58217   0.3114   B1-3-F53
22059   58284   0.3114   G100-42
22365   58181   0.3114   G100-43
21876   58292   0.3114   B1-3-F52
21781   58328   0.3114   G100-41
22687   58998   0.3114   B1-D2-60
21704   59300   0.3114   G94-40
20871   58569   0.3114   B1-3-49
20717   58608   0.3114   B1-3-D48
21051   58519   0.3114   B1-3-D49
20900   58570   0.3114   G100-38
21205   58491   0.3114   G100-39
22582   59079   0.3114   G94-43
22786   58052   0.3114   B1-3-D55
23899   57802   0.3114   B1-3-D59
22612   58092   0.3114   B1-3-F55
21969   59176   0.3114   B1-D2-57
22172   58967   0.3114   B1-321-55
24071   57739   0.3114   B1-3-60
24654   58496   0.3114   B1-D2-P68
21814   58650   0.3114   B1-D3-60
22655   58111   0.3114   G100-44
22443   59061   0.3114   B1-D2-59
21982   59225   0.3114   G94-41
