21394   59032.5   0.3967139   
21387   58998   0.4543588   
21380   58963.5   0.4850324   
22389   58832.25   0.3883775   
22396   58859.5   0.4418944   
22403   58886.75   0.4707002   
22410   58914   0.454605   B1-321-56
22453.5   59039.25   0.3129003   
22439   58997.5   0.4032566   
22424.5   58955.75   0.4251078   
22837.25   58698.75   0.4446738   
22805.5   58705.5   0.5289727   
22773.75   58712.25   0.5784242   
22742   58719   0.5656582   B1-2-458
22616.75   58626   0.4191335   
22658.5   58657   0.4878649   
22700.25   58688   0.5266448   
22109   59401.5   0.3129003   
22157   59354   0.3877335   
22205   59306.5   0.4066918   
21958.25   59256.75   0.3129003   
22056.5   59257.5   0.3871241   
22154.75   59258.25   0.4060224   
22214   59154.75   0.3129003   
22227   59189.5   0.3865798   
22240   59224.25   0.4054244   
22414.25   59125.5   0.3129003   
22360.5   59170   0.3867434   
22306.75   59214.5   0.4056041   
23483.75   58854.75   0.3129003   
23546.5   58866.5   0.3860464   
23609.25   58878.25   0.4048384   
23672   58890   0.4098576   B1-320-61
25550.5   58114.5   0.4563574   
25564   58201   0.5480548   
25577.5   58287.5   0.608319   
25584   58135   0.3759116   
25631   58242   0.4329057   
25678   58349   0.4597113   
25725   58456   0.4625747   B1-1-470
25662   58555   0.349517   
25683   58522   0.4261397   
25704   58489   0.4512082   
25603   58133.5   0.3938779   
25669   58239   0.4499843   
25735   58344.5   0.4802171   
25801   58450   0.4827978   B1-1-70
25681   58553.5   0.389256   
25721   58519   0.4431144   
25761   58484.5   0.4721881   
26029   58453.75   0.3894907   
25953   58452.5   0.4434403   
25877   58451.25   0.4725855   
25700   58572.5   0.3129003   
25759   58557   0.3949743   
25818   58541.5   0.4149575   
25877   58526   0.4210617   B1-311-70
26048   58472.75   0.3129003   
25991   58490.5   0.3957003   
25934   58508.25   0.4158292   
26064.5   58437.25   0.3129003   
26024   58419.5   0.4092575   
25983.5   58401.75   0.4319118   
25943   58384   0.4377853   B1-1-471
25845.5   58043.75   0.4618339   
25913   58112.5   0.5571278   
25980.5   58181.25   0.6254114   
21360   58993.75   0.4618339   
21319   58920.5   0.5571278   
21278   58847.25   0.5927761   
21097.5   58582.75   0.4618339   
21144   58646.5   0.5571278   
21190.5   58710.25   0.6254114   
22396.5   58725.75   0.3434435   
22411   58646.5   0.4175867   
22425.5   58567.25   0.4410794   
22541.25   58568.25   0.3129003   
22507.5   58541.5   0.3907265   
22473.75   58514.75   0.4100281   
22298.25   58398   0.3129003   
22345.5   58428   0.3907073   
22392.75   58458   0.4100065   
22847.5   58616.5   0.4003948   
22826   58541   0.4599011   
22804.5   58465.5   0.4916918   
22627   58543.75   0.3129003   
22679   58492.5   0.4006835   
22731   58441.25   0.4220966   
22739.5   58288.75   0.3129003   
22754   58322.5   0.4006684   
22768.5   58356.25   0.4220773   
22875.5   58611.75   0.3746678   
22882   58531.5   0.432744   
22888.5   58451.25   0.4595104   
23245.25   58524   0.3129003   
23128.5   58473   0.4021975   
23011.75   58422   0.4238813   
22767.5   58284   0.3129003   
22810   58313   0.3948249   
22852.5   58342   0.4147781   
22813.25   58131.75   0.3129003   
22840.5   58211.5   0.3947652   
22867.75   58291.25   0.4147065   
23105.75   58113.75   0.3129003   
23035.5   58199.5   0.3948105   
22965.25   58285.25   0.4147609   
25747.25   57906.75   0.4305094   
25738.5   57870.5   0.5059704   
25729.75   57834.25   0.5484571   
25706   57713.25   0.3129003   
25711   57741.5   0.4008257   
25716   57769.75   0.4222776   
25837.25   57974   0.4618339   
25896.5   57973   0.5571278   
25955.75   57972   0.6254114   
25795   57840.75   0.4618339   
25834   57738.5   0.5571278   
25873   57636.25   0.6254114   
25916.5   57381   0.3129003   
25915   57432   0.3159748   
25913.5   57483   0.3885452   
25753.75   57647.25   0.3129003   
25806.5   57609.5   0.3172055   
25859.25   57571.75   0.3886439   
22108.5   58982.5   0.3129003   
22062   59047   0.3856358   
22015.5   59111.5   0.4043874   
21969   59176   0.4090882   B1-D2-57
21887.25   59236   0.3129003   
21914.5   59216   0.3854758   
21941.75   59196   0.4042116   
22143   59134   0.3129003   
22085   59148   0.3850607   
22027   59162   0.4037557   
22159.25   58930.25   0.3129003   
22163.5   58942.5   0.3887817   
22167.75   58954.75   0.4078465   
22172   58967   0.4124786   B1-321-55
22193.75   59081.75   0.3129003   
22186.5   59043.5   0.3877779   
22179.25   59005.25   0.4067405   
24690   58270   0.4143999   
24576   58319   0.4806978   
24462   58368   0.5174133   
24145.5   58414.75   0.4043938   
24213   58415.5   0.4657944   
24280.5   58416.25   0.4991587   
24408   58528   0.382299   
24388   58491   0.4338709   
24368   58454   0.4609057   
24577.5   58476.25   0.4039798   
24501   58456.5   0.4651862   
24424.5   58436.75   0.498386   
22588.25   58624.75   0.3895956   
22601.5   58654.5   0.4435861   
22614.75   58684.25   0.4727632   
22628   58714   0.4805114   B1-2-038
26098.75   58431.25   0.3129003   
26092.5   58407.5   0.4064471   
26086.25   58383.75   0.4287551   
26080   58360   0.4344929   B1-1-071
22310.5   58810.75   0.3900286   
22239   58816.5   0.4441873   
22167.5   58822.25   0.4734965   
22096   58828   0.46208   B1-2-037
22140.25   58895.5   0.3506438   
22125.5   58873   0.4288971   
22110.75   58850.5   0.4547109   
21853   58588   0.3144299   
21934   58668   0.413914   
22015   58748   0.4370627   
24993   58685.25   0.3129003   
25045   58661.5   0.4009473   
25097   58637.75   0.4224325   
25149   58614   0.42869   B1-1-X67
25097.25   58270.5   0.3129003   
25114.5   58385   0.3942301   
25131.75   58499.5   0.414064   
25518   58594.5   0.3129003   
25395   58601   0.4099205   
25272   58607.5   0.4326468   
25297.25   58194.75   0.4050087   
25289.5   58294.5   0.4667053   
25281.75   58394.25   0.5002874   
25128.5   58240.5   0.3129003   
25177   58325   0.3856944   
25225.5   58409.5   0.4044518   
25285.25   58138.25   0.3129003   
25265.5   58181.5   0.4023837   
25245.75   58224.75   0.4240969   
25116.5   58184   0.3129003   
25153   58212   0.4019742   
25189.5   58240   0.4236227   
25345.5   58119.75   0.4052307   
25386   58144.5   0.4670341   
25426.5   58169.25   0.5006949   
25519.5   58069.5   0.3129003   
25502   58111   0.4082254   
25484.5   58152.5   0.4307525   
25261.75   58065.75   0.3129003   
25218.5   58036.5   0.3979006   
25175.25   58007.25   0.4185534   
25093   58111.5   0.3129003   
25106   58067   0.3971231   
25119   58022.5   0.4175633   
25044.25   57976.5   0.3129003   
25073.5   57977   0.3967761   
25102.75   57977.5   0.4171216   
25006   57896.25   0.3129003   
25048   57923.5   0.3969688   
25090   57950.75   0.4173669   
25369.75   57801   0.3129003   
25290.5   57860   0.3971199   
25211.25   57919   0.4175593   
24987.5   57829.75   0.3129003   
25011   57790.5   0.3857518   
25034.5   57751.25   0.4045148   
25351.25   57734.5   0.3129003   
25253.5   57727   0.3856883   
25155.75   57719.5   0.4044451   
25317.75   58051.25   0.4004797   
25330.5   58007.5   0.4600278   
25343.25   57963.75   0.4918489   
25491.75   58001   0.3129003   
25446.5   57974   0.3998705   
25401.25   57947   0.4210613   
25425.75   57786.5   0.3129003   
25402.5   57831   0.3897167   
25379.25   57875.5   0.4088954   
25756   58011.75   0.3936405   
25734   58048.5   0.4496166   
25712   58085.25   0.4798056   
25575.25   58051.5   0.3878863   
25613.5   58075   0.4412189   
25651.75   58098.5   0.469875   
25720.5   57920   0.404183   
25685   57897   0.465484   
25649.5   57874   0.4987668   
25556.25   57983.75   0.3129003   
25575.5   57939.5   0.3918113   
25594.75   57895.25   0.4112449   
25490.25   57769.25   0.3129003   
25531.5   57796.5   0.3911373   
25572.75   57823.75   0.4104889   
25679.25   57726.5   0.3129003   
25657.5   57768   0.4025382   
25635.75   57809.5   0.4242758   
22956   59114.25   0.4618339   
22894   59034.5   0.5571278   
22832   58954.75   0.6254114   
22857.75   58760.25   0.418569   
22828.5   58798.5   0.4869846   
22799.25   58836.75   0.5255485   
22728.75   58995.75   0.3938723   
22742.5   58955.5   0.4499756   
22756.25   58915.25   0.4802076   
22425.75   58838.75   0.3847506   
22469.5   58872.5   0.4370665   
22513.25   58906.25   0.464783   
22804.5   58776.5   0.4309574   
22722   58831   0.5066224   
22639.5   58885.5   0.5493138   
22570.5   58681.25   0.3944788   
22566   58767.5   0.4509138   
22561.5   58853.75   0.4812292   
22490.25   59045.75   0.3129003   
22512.5   59010.5   0.4012769   
22534.75   58975.25   0.4228152   
22675.5   59012   0.3129003   
22636   58988   0.3994293   
22596.5   58964   0.4204996   
23866.75   58420.75   0.3129003   
23888.5   58378.5   0.3923519   
23910.25   58336.25   0.4118513   
23932   58294   0.4176189   B1-330-P63
24041.5   58384   0.3129003   
24005   58354   0.3927951   
23968.5   58324   0.4123486   
23807.5   58211.5   0.3129003   
23849   58239   0.3915907   
23890.5   58266.5   0.4109975   
23994.25   58166.5   0.3129003   
23973.5   58209   0.3937653   
23952.75   58251.5   0.4135061   
25053.5   58197.25   0.3129003   
25027   58238.5   0.3851254   
25000.5   58279.75   0.4038267   
24905   58424.5   0.3129003   
24928   58390   0.3851222   
24951   58355.5   0.4038233   
24872.5   58135.5   0.3487148   
24877   58109   0.4243163   
24881.5   58082.5   0.4488956   
24824.5   58179.75   0.3129003   
24845   58138.5   0.389688   
24865.5   58097.25   0.4088632   
25031.5   58131   0.3129003   
24983   58106   0.3884485   
24934.5   58081   0.4074772   
24982.75   57996   0.3129003   
24950.5   58016   0.3882897   
24918.25   58036   0.4073028   
24781.75   57954.75   0.3129003   
24816.5   57988.5   0.3883703   
24851.25   58022.25   0.4073914   
24944.5   57915.75   0.3129003   
24925   57962.5   0.3882964   
24905.5   58009.25   0.4073102   
23510.25   57943.75   0.3129003   
23543.5   57992.5   0.3853286   
23576.75   58041.25   0.4040499   
23646   57943   0.3129003   
23634   57992   0.3853402   
23622   58041   0.4040626   
23481.75   57988.75   0.3129003   
23524.5   58022.5   0.3853384   
23567.25   58056.25   0.4040607   
23727   58160.5   0.3129003   
23688   58137   0.3853437   
23649   58113.5   0.4040664   
23222   58058.5   0.3129003   
23268   58089   0.3853478   
23314   58119.5   0.404071   
23419.25   58003.75   0.3129003   
23399.5   58052.5   0.3853774   
23379.75   58101.25   0.4041035   
24771   57880.25   0.4618339   
24795   57839.5   0.5571278   
24819   57798.75   0.6254114   
24933.75   57841.25   0.3129003   
24903.5   57813.5   0.3907685   
24873.25   57785.75   0.4100752   
23824.5   58501   0.3129003   
23804   58539   0.3863878   
23783.5   58577   0.4052135   
20894.25   59391.75   0.3129003   
20905.5   59363.5   0.3866065   
20916.75   59335.25   0.4054537   
20928   59307   0.4105147   B1-321-50
21518.25   59551.5   0.3861807   
21478.5   59529   0.4389547   
21438.75   59506.5   0.4670939   
21462.75   59372.25   0.3495988   
21441.5   59409.5   0.4263401   
21420.25   59446.75   0.4514628   
21655.5   59340   0.4359133   
21570   59388   0.5146732   
21484.5   59436   0.5597285   
21882   59019.5   0.3129003   
21860   59057   0.4033881   
21838   59094.5   0.4252601   
22070.25   58971.5   0.4618339   
21985.5   59025   0.5571278   
21900.75   59078.5   0.6254114   
21649.5   59246.75   0.3129003   
21705   59208.5   0.4020841   
21760.5   59170.25   0.4237499   
21849   59225   0.3129003   
21838   59194   0.4022126   
21827   59163   0.4238987   
21759.75   59252   0.3129003   
21778.5   59212   0.402221   
21797.25   59172   0.4239085   
22984.25   58725.75   0.3196332   
23081.5   58729.5   0.4145727   
23178.75   58733.25   0.437783   
23340.5   58615.5   0.3129003   
23319   58656   0.4071211   
23297.5   58696.5   0.4295121   
23384.75   58816.5   0.3129003   
23348.5   58790   0.3965291   
23312.25   58763.5   0.416824   
23931.25   58929   0.3129003   
23888.5   58910   0.3869977   
23845.75   58891   0.4058834   
23834.5   58565.25   0.3129003   
23824   58667.5   0.3859956   
23813.5   58769.75   0.4047827   
23889.25   58751.25   0.3129003   
23860.5   58791.5   0.3860321   
23831.75   58831.75   0.4048228   
23380.25   58534.25   0.4505913   
23398.5   58493.5   0.5385028   
23416.75   58452.75   0.5927528   
23742.5   58450.25   0.4542711   
23640   58437.5   0.544615   
23537.5   58424.75   0.6021216   
23240.75   58124   0.445455   
23305.5   58220   0.5302007   
23370.25   58316   0.5514106   
23438   58069.25   0.4440637   
23437   58183.5   0.5280129   
23436   58297.75   0.5402838   
24960   58668.25   0.3129003   
24979   58627.5   0.3879005   
24998   58586.75   0.4068751   
25064.25   58253.5   0.3129003   
25048.5   58351   0.386869   
25032.75   58448.5   0.4057421   
24915.75   58480.75   0.3129003   
24949.5   58502.5   0.3873469   
24983.25   58524.25   0.4062671   
25643.75   58562.25   0.3129003   
25646.5   58536.5   0.3883098   
25649.25   58510.75   0.4073248   
25652   58485   0.4125135   B1-1-69
24341.5   58826.25   0.3129003   
24295   58838.5   0.3925706   
24248.5   58850.75   0.4120967   
24031   58926.75   0.3129003   
24088   58905.5   0.3879631   
24145   58884.25   0.406944   
24154.75   58706.25   0.3129003   
24170.5   58758.5   0.3879405   
24186.25   58810.75   0.4069191   
23994.25   58910.25   0.3129003   
24014.5   58872.5   0.3853366   
24034.75   58834.75   0.4040588   
23952.25   58732.5   0.3129003   
23986.5   58754   0.3853233   
24020.75   58775.5   0.4040442   
24118   58689.75   0.3129003   
24097   58725.5   0.3853205   
24076   58761.25   0.404041   
24370.5   58794   0.3129003   
24353   58774   0.3947701   
24335.5   58754   0.4147123   
24183.75   58674   0.3129003   
24228.5   58694   0.3890887   
24273.25   58714   0.4081909   
24353.25   58738.5   0.3129003   
24318.5   58663   0.3988956   
24283.75   58587.5   0.4198201   
24120.75   58438.5   0.3129003   
24163.5   58463   0.3978119   
24206.25   58487.5   0.4184403   
24166.5   58618.5   0.3129003   
24194   58583   0.3966585   
24221.5   58547.5   0.4169794   
24383.25   58551.75   0.4032577   
24338.5   58538.5   0.4641274   
24293.75   58525.25   0.497032   
21430.5   59027.75   0.3948303   
21460   58988.5   0.4514576   
21489.5   58949.25   0.4818213   
21168   58616.75   0.3129003   
21285   58714.5   0.4111723   
21402   58812.25   0.4340318   
21492.75   59228.75   0.4331291   
21501.5   59122.5   0.51005   
21510.25   59016.25   0.5537401   
21588   58759.25   0.3129003   
21565   58809.5   0.4115512   
21542   58859.75   0.434451   
21868.5   58948   0.3978239   
21833   58914   0.4560401   
21797.5   58880   0.4870098   
21762   58846   0.4810452   B1-330-P54
22056.75   58900   0.400491   
21958.5   58882   0.4600447   
21860.25   58864   0.4918697   
21769.5   58592.5   0.3800095   
21767   58677   0.4334385   
21764.5   58761.5   0.460373   
21636   59175.25   0.3840625   
21678   59065.5   0.4361696   
21720   58955.75   0.4636948   
21648.75   58743.25   0.3833287   
21686.5   58777.5   0.4352132   
21724.25   58811.75   0.4625343   
23884.25   58486   0.3129003   
23923.5   58509   0.3857049   
23962.75   58532   0.4044634   
24059   58449.25   0.3129003   
24040   58484.5   0.3856761   
24021   58519.75   0.4044316   
23939   58672   0.3129003   
23960   58633   0.385615   
23981   58594   0.4043646   
24104.75   58629.25   0.3129003   
24070.5   58604.5   0.3856111   
24036.25   58579.75   0.4043603   
23808.5   58434.75   0.3129003   
23772   58406.5   0.3895487   
23735.5   58378.25   0.408707   
23699   58350   0.4136924   B1-330-P62
23504   58053.75   0.3129003   
23569   58152.5   0.3894901   
23634   58251.25   0.4086411   
23749.25   58225.5   0.3129003   
23732.5   58267   0.3888974   
23715.75   58308.5   0.4079763   
23705.75   57923.5   0.3129003   
23753.5   57953   0.3903721   
23801.25   57982.5   0.4096305   
23849   58012   0.4173932   B1-331-P63
23947.25   57868   0.3129003   
23914.5   57916   0.3959872   
23881.75   57964   0.4161734   
23786.75   58141   0.3129003   
23807.5   58098   0.3905281   
23828.25   58055   0.4098055   
23973.5   58096   0.3129003   
23932   58068   0.3926376   
23890.5   58040   0.4121718   
24102.25   58370.75   0.3990785   
24126.5   58327.5   0.4579362   
24150.75   58284.25   0.4892574   
24028.75   57925.25   0.4197353   
24077.5   58030.5   0.4888213   
24126.25   58135.75   0.5278025   
24055   58153.25   0.3992255   
24095   58182.5   0.4581556   
24135   58211.75   0.4895293   
20941.75   59388.25   0.4042437   
21000.5   59356.5   0.465573   
21059.25   59324.75   0.4988806   
21392.5   59324.5   0.4436889   
21301   59314   0.5274093   
21209.5   59303.5   0.5761639   
21308.25   59064.75   0.4611632   
21215.5   59062.5   0.5560092   
21122.75   59060.25   0.6231478   
21030   59058   0.6937347   B1-330-SP51
22365   58852.5   0.3600698   
22348   58900   0.430846   
22331   58947.5   0.4571531   
22314   58995   0.4313503   B1-321-P56
22194.75   58937.25   0.3129003   
22234.5   58956.5   0.3949245   
22274.25   58975.75   0.4148977   
22229.25   59088.75   0.3129003   
22257.5   59057.5   0.3942261   
22285.75   59026.25   0.4140593   
22429.5   59059.5   0.3129003   
22391   59038   0.395199   
22352.5   59016.5   0.4152272   
21147.25   58549.5   0.4618339   
21243.5   58580   0.5571278   
21339.75   58610.5   0.6254114   
21453.25   58455   0.3129003   
21447.5   58517   0.3844577   
21441.75   58579   0.4030932   
21567.25   58692   0.3129003   
21523.5   58675   0.3845209   
21479.75   58658   0.4031627   
21018   58580.25   0.4618339   
20985   58641.5   0.5571278   
20952   58702.75   0.6254114   
21869.75   58498   0.3129003   
21967.5   58488   0.3857241   
22065.25   58478   0.4044845   
22229   58393   0.3129003   
22207   58418   0.3857111   
22185   58443   0.4044702   
22061.75   58362.25   0.3129003   
22095.5   58397.5   0.3857235   
22129.25   58432.75   0.4044837   
24706   57899.25   0.4418652   
24665   57877.5   0.5244737   
24624   57855.75   0.5723113   
20860.25   59339.25   0.3967875   
20837.5   59258.5   0.4544703   
20814.75   59177.75   0.4851636   
20792   59097   0.4938157   B1-330-P50
24428.5   58777   0.3129003   
24469   58740   0.4028526   
24509.5   58703   0.4246399   
24458.5   58590.25   0.3129003   
24489   58615.5   0.4016667   
24519.5   58640.75   0.4232666   
24628   58538.5   0.4618339   
24602   58581   0.5571278   
24576   58623.5   0.6254114   
24904.25   58683   0.3129003   
24867.5   58657   0.3860931   
24830.75   58631   0.4048898   
24689   58523.25   0.3129003   
24724   58550.5   0.385923   
24759   58577.75   0.4047028   
24860   58495.5   0.3129003   
24838   58532   0.3860806   
24816   58568.5   0.4048761   
24462.75   58793.5   0.3129003   
24537.5   58773   0.388292   
24612.25   58752.5   0.4073053   
24877.5   58714.75   0.3129003   
24814   58720.5   0.3869605   
24750.5   58726.25   0.4058426   
24662.25   58555   0.3440297   
24670.5   58614   0.4176609   
24678.75   58673   0.4411605   
24788.5   58257.25   0.3129003   
24773   58293.5   0.384478   
24757.5   58329.75   0.4031155   
24995.5   58208.5   0.3129003   
24911   58261   0.3844825   
24826.5   58313.5   0.4031205   
24676   58463.5   0.3129003   
24698   58431   0.3821751   
24720   58398.5   0.4007735   
24847   58435.75   0.3129003   
24812   58412.5   0.3844699   
24777   58389.25   0.4031066   
24768   58191.25   0.3129003   
24732   58161.5   0.4124259   
24696   58131.75   0.4354188   
24223.5   58336   0.4618339   
24369   58258   0.5571278   
24514.5   58180   0.5966224   
24725.25   57966.25   0.3129003   
24703.5   58011.5   0.4129644   
24681.75   58056.75   0.4360145   
25826.75   57394   0.3129003   
25735.5   57458   0.385995   
25644.25   57522   0.404782   
25475   57703   0.3129003   
25501   57664   0.3858272   
25527   57625   0.4045977   
25664   57660.25   0.3129003   
25627   57635.5   0.3858308   
25590   57610.75   0.4046016   
25765   57406.25   0.3129003   
25612   57482.5   0.3997538   
25459   57558.75   0.4209128   
25413.25   57715.25   0.3129003   
25377.5   57688.5   0.3917454   
25341.75   57661.75   0.4111711   
23067.75   59140.25   0.4618339   
23117.5   59086.5   0.5571278   
23167.25   59032.75   0.6136394   
23370   58877   0.386393   
23319   58911   0.4392365   
23268   58945   0.46744   
20749.25   58680   0.3544877   
20781.5   58752   0.4301203   
20813.75   58824   0.4562518   
20767.5   58647   0.3129003   
20818   58686   0.4039794   
20714.75   58664.5   0.3467278   
20712.5   58721   0.4196631   
20710.25   58777.5   0.4433743   
20708   58834   0.4500307   B1-331-P50
21539.25   59633.25   0.525889   
21533   59653   0.4912561   B1-311-52
23315.75   59094.25   0.5022367   
23416.5   59006.5   0.4390275   
21606.25   58587.5   0.5092621   
21272.5   59639.5   0.5571278   
21129.75   59672.25   0.6254114   
20863.25   59811.5   0.4567376   
20904.5   59776   0.5486779   
20945.75   59740.5   0.6094255   
20999.75   59798.5   0.4347894   
21177.5   59750   0.5127969   
21355.25   59701.5   0.5572937   
21714.5   59605   0.4180613   
21654   59621   0.4861928   
21930.5   59467.75   0.5032742   
21887   59474   0.4968774   B1-1-454
21803   59560.25   0.3941318   
21831   59531.5   0.4503771   
21859   59502.75   0.4806448   
21880.25   59419.5   0.4815932   
22032.5   59510.5   0.4609043   
22023   59531   0.4474834   B1-311-54
21837   59574.5   0.3129003   
21899   59560   0.4000981   
21961   59545.5   0.4213512   
22387.25   59362   0.4503346   
24692   57766.25   0.3129003   
23456   58720   0.6605502   
21770.75   59538   0.3129003   
21766.5   59487   0.397287   
20791.5   59726   0.4073412   
20761   59605   0.4701868   
20730.5   59484   0.5045447   
24747.75   57735.5   0.3864608   
23592.75   58735.75   0.3129003   
20896   59708.5   0.4265895   
20970   59570   0.4999822   
24682.75   57754.5   0.3129003   
21749   59566.25   0.3129003   
21723   59543.5   0.3947039   
22503.25   58221.5   0.3129003   
22553.5   58290   0.3923963   
22349.25   58270.5   0.3129003   
20623   59116   0.55   B1-330-J49
24223   57691   0.55   B1-3-D60
24409   57699   0.55   B1-3-SP271
24461   57844   0.6288571   B1-331-65
24350   57903   0.6196549   B1-331-P65
20619   58641   0.55   G100-37
24388   58814   0.3114   B1-1-64
21558   59574   0.3114   B1-1-P52
22061   59449   0.3114   B1-1-P54
23018   59194   0.3114   B1-1-P58
23974   58948   0.3114   B1-1-P62
24448   58826   0.3114   B1-1-P64
24941   58709   0.3114   B1-1-P66
21401   59067   0.3114   B1-2-135
22382   58805   0.3114   B1-2-137
22869   58692   0.3114   B1-2-138
24868   58162   0.3114   B1-2-142
25756   57943   0.3114   B1-2-144
21904   58982   0.3114   B1-2-P136
22887   58722   0.3114   B1-2-P138
23362   58575   0.3114   B1-2-P139
23845   58463   0.3114   B1-2-P140
24804   58221   0.3114   B1-2-P142
25305   58095   0.3114   B1-2-P143
25778   57975   0.3114   B1-2-P144
22155   58918   0.3114   B1-2-P37
24078   58414   0.3114   B1-2-P41
25080   58156   0.3114   B1-2-P43
25537   58028   0.3114   B1-2-P44
20572   58649   0.3114   B1-3-48
21445   58423   0.3114   B1-3-51
21729   58347   0.3114   B1-3-52
22023   58256   0.3114   B1-3-53
22319   58198   0.3114   B1-3-54
22607   58121   0.3114   B1-3-55
22907   58052   0.3114   B1-3-56
23185   57966   0.3114   B1-3-57
23477   57895   0.3114   B1-3-58
24071   57739   0.3114   B1-3-60
24721   57569   0.3114   B1-3-62
25525   57379   0.3114   B1-3-65
25825   57292   0.3114   B1-3-66
26098   57244   0.3114   B1-3-67
20717   58608   0.3114   B1-3-D48
21051   58519   0.3114   B1-3-D49
22453   58153   0.3114   B1-3-D54
22786   58052   0.3114   B1-3-D55
21459   58393   0.3114   B1-3-F51
22160   58217   0.3114   B1-3-F53
23658   57894   0.3114   B1-3-P267
23980   57820   0.3114   B1-3-P269
25918   57330   0.3114   B1-3-P278
22028   58327   0.3114   B1-3-SP258
23176   58028   0.3114   B1-3-SP265
23439   57955   0.3114   B1-3-SP266
20822   59847   0.3114   B1-311-49
21775   59589   0.3114   B1-311-53
22758   59330   0.3114   B1-311-57
25641   58588   0.3114   B1-311-69
26105   58455   0.3114   B1-311-71
22102   58717   0.3114   B1-330-55
22575   58595   0.3114   B1-330-57
24514   58081   0.3114   B1-330-65
25015   57976   0.3114   B1-330-67
21318   58621   0.3114   B1-331-52
21772   58508   0.3114   B1-331-54
22251   58368   0.3114   B1-331-56
22725   58255   0.3114   B1-331-58
25202   57654   0.3114   B1-331-68
23226   58149   0.3114   B1-331-S60
24716   57728   0.3114   B1-331-S66
20883   59420   0.3114   B1-D2-450
21594   59285   0.3114   B1-D2-453
21860   59256   0.3114   B1-D2-454
22077   59164   0.3114   B1-D2-455
22566   59032   0.3114   B1-D2-457
23304   58800   0.3114   B1-D2-460
23536   58776   0.3114   B1-D2-461
23781   58715   0.3114   B1-D2-462
24255   58587   0.3114   B1-D2-464
24734   58444   0.3114   B1-D2-466
25931   58159   0.3114   B1-D2-471
24625   58495   0.3114   B1-D2-68
25111   58376   0.3114   B1-D2-70
22201   59120   0.3114   B1-D2-58
21484   59335   0.3114   B1-D2-P55
21741   59292   0.3114   B1-D2-P56
22468   59081   0.3114   B1-D2-P59
22715   59036   0.3114   B1-D2-P60
23421   58843   0.3114   B1-D2-P63
23918   58711   0.3114   B1-D2-P65
24139   58654   0.3114   B1-D2-P66
24428   58565   0.3114   B1-D2-P67
24654   58496   0.3114   B1-D2-P68
24882   58459   0.3114   B1-D2-P69
21611   58709   0.3114   B1-D3-P59
23766   58184   0.3114   B1-D3-P68
24015   58124   0.3114   B1-D3-P69
24747   57921   0.3114   B1-D3-P72
24964   57869   0.3114   B1-D3-P73
25449   57742   0.3114   B1-D3-P75
25701   57685   0.3114   B1-D3-P76
19758.8671875   593711.9375   0.3114   
19758.8671875   56737.22265625   0.3114   
251815.28125   56737.22265625   0.3114   
251815.28125   593711.9375   0.3114   
20878.66015625   60014.87890625   0.3114   B1-311-SP68
23716   58985   0.7095   B1-1-61
23702   59084   0.7095   B1-311-61
24320   57852   0.7095   B1-31-565
20877   59045   0.7095   B1-330-50
20559   58872   0.7095   B1-331-49
24380   57642   0.7095   B1-3-61
24193   57760   0.7095   B1-3-P270
20609   58953   0.7095   B1-D3-55
20655   58972   0.7095   B1-D3-M55
20626   58987   0.7095   B1-D3-P55
20661   58942   0.7095   G98-37
20726   58930   0.7095   B1-D3-450
20748   59773   0.3530747   B1-1-049
21562   59539   0.3657537   B1-1-052
23891   58948   0.3906505   B1-1-062
24432   58796   0.3114   B1-1-064
25828   58434   0.480811   B1-1-070
21671   59498   0.4142789   B1-1-453
22136   59384   0.3493257   B1-1-455
22650   59242   0.3114   B1-1-457
23802   58953   0.5284492   B1-1-462
24298   58848   0.3837071   B1-1-464
25478   58528   0.4145147   B1-1-469
20832   59734   0.4239841   B1-1-49
21820   59537   0.424005   B1-1-53
22267   59360   0.4157243   B1-1-55
23938   58934   0.3123079   B1-1-62
25318   58589   0.4323307   B1-1-68
25403   58573   0.4179006   B1-1-P68
25869   58431   0.4742224   B1-1-P70
20668   59225   0.4615588   B1-2-034
21095   59146   0.6093576   B1-2-035
21635   58947   0.4754044   B1-2-036
23079   58592   0.3915886   B1-2-039
24042   58440   0.3234867   B1-2-041
25541   57998   0.3114   B1-2-044
21888   59322   0.3573004   B1-20-554
22106   59280   0.3870661   B1-20-555
22352   59211   0.3988256   B1-20-556
22596   59154   0.3114   B1-20-557
23568   58896   0.410617   B1-20-561
23819   58841   0.4053211   B1-20-562
20904   59189   0.5322546   B1-2-134
23331   58575   0.3114   B1-2-139
20830   59350   0.3998121   B1-21-550
21795   59089   0.4320779   B1-21-554
22294   58964   0.4285446   B1-21-556
23023   58782   0.3992051   B1-21-559
23723   58607   0.4176135   B1-21-562
23972   58528   0.4051045   B1-21-563
22772   58841   0.5355871   B1-21-M558
20662   59267   0.4886243   B1-2-34
21649   59001   0.4702623   B1-2-36
22136   58874   0.4098217   B1-2-37
22623   58747   0.4810522   B1-2-38
23097   58644   0.4002402   B1-2-39
24069   58379   0.3439634   B1-2-41
25055   58132   0.3114   B1-2-43
25508   58006   0.3114   B1-2-44
20797   59216   0.4645008   B1-2-450
21771   58975   0.4255378   B1-2-454
22048   58888   0.4158639   B1-2-455
22274   58844   0.4094315   B1-2-456
22506   58778   0.4093559   B1-2-457
22983   58639   0.3407427   B1-2-459
23216   58605   0.3659566   B1-2-460
23939   58406   0.3732439   B1-2-463
24958   58133   0.3693965   B1-2-467
21368   59053   0.3849743   B1-2-M135
20947   59222   0.5194348   B1-2-P134
22395   58848   0.41464   B1-2-P137
20698   59251   0.4812929   B1-2-P34
21679   59030   0.4512522   B1-2-P36
22636   58785   0.4975557   B1-2-P38
23128   58636   0.4076045   B1-2-P39
21732   58828   0.4679426   B1-30-554
22202   58697   0.3589778   B1-30-556
22695   58567   0.4227377   B1-30-558
22986   58509   0.4068565   B1-30-559
23148   58473   0.3942631   B1-30-560
23647   58304   0.4373539   B1-30-562
23938   58251   0.4116471   B1-30-563
22958   58490   0.4262835   B1-30-M559
23164   58500   0.3746354   B1-30-M560
22545   59383   0.3773738   B1-311-56
22992   59267   0.3114   B1-311-58
23944   59023   0.3228654   B1-311-62
24184   58970   0.3655292   B1-311-63
24938   58768   0.3162687   B1-311-66
25159   58707   0.4044732   B1-311-67
25391   58643   0.3895176   B1-311-68
20692   58780   0.45472   B1-31-550
23861   57963   0.415077   B1-31-563
20761   59641   0.4492215   B1-320-49
21758   59385   0.3942811   B1-320-53
22012   59324   0.3524668   B1-320-54
22505   59168   0.3155119   B1-320-56
23928   58814   0.3662436   B1-320-62
24401   58701   0.3499011   B1-320-64
21904   59373   0.4295641   B1-320-P54
22388   59230   0.3949739   B1-320-P56
22616   59195   0.3114   B1-320-P57
20700   59363   0.4882851   B1-321-49
21703   59120   0.4345341   B1-321-53
22886   58800   0.4171454   B1-321-58
23376   58664   0.453277   B1-321-60
24826   58272   0.3529392   B1-321-66
25077   58203   0.3114   B1-321-67
25548   58092   0.4024308   B1-321-69
20843   59373   0.3723955   B1-321-P50
22070   59061   0.3798023   B1-321-P55
21609   58854   0.4400388   B1-330-53
21864   58802   0.4789634   B1-330-54
22342   58678   0.3999112   B1-330-56
23065   58471   0.4087707   B1-330-59
23306   58473   0.426679   B1-330-60
23794   58295   0.3876173   B1-330-62
24032   58225   0.4072856   B1-330-63
25494   57861   0.3881906   B1-330-69
22231   58740   0.4039844   B1-330-P56
22476   58670   0.3859599   B1-330-P57
22722   58607   0.4697326   B1-330-P58
22964   58537   0.3985193   B1-330-P59
23207   58495   0.3558168   B1-330-P60
22020   58500   0.3993802   B1-331-55
23975   58002   0.4130753   B1-331-63
21921   58524   0.3499804   B1-331-P55
25785   57524   0.339607   B1-331-P71
23783   57820   0.3233024   B1-3-59
23066   58007   0.3114   B1-3-D56
23342   57931   0.3114   B1-3-D57
23589   57879   0.3114   B1-3-D58
23899   57802   0.3114   B1-3-D59
25966   57263   0.3114   B1-3-D66
21876   58292   0.3114   B1-3-F52
22612   58092   0.3114   B1-3-F55
22870   58038   0.3114   B1-3-F56
22325   59089   0.3798468   B1-D2-456
25732   58206   0.4520209   B1-D2-470
22443   59061   0.3114   B1-D2-59
23413   58810   0.3476422   B1-D2-63
23660   58742   0.3408342   B1-D2-64
21968   59206   0.3810813   B1-D2-P57
23666   58771   0.3508816   B1-D2-P64
21691   58690   0.4077111   B1-D3-454
21939   58618   0.3796718   B1-D3-455
22186   58572   0.3757513   B1-D3-456
23125   58308   0.4131835   B1-D3-460
23636   58170   0.3946121   B1-D3-462
23882   58111   0.3808779   B1-D3-463
24114   58025   0.5012177   B1-D3-464
21575   58713   0.3114   B1-D3-59
21814   58650   0.3970807   B1-D3-60
22040   58589   0.3872075   B1-D3-61
23003   58331   0.4165935   B1-D3-65
24003   58076   0.3567429   B1-D3-69
24991   57821   0.3282691   B1-D3-73
25690   57654   0.3114   B1-D3-76
21831   58677   0.4138646   B1-D3-P60
22067   58623   0.3674614   B1-D3-P61
22313   58564   0.415223   B1-D3-P62
23042   58364   0.4111716   B1-D3-P65
21781   58328   0.3114   G100-41
22059   58284   0.3114   G100-42
22365   58181   0.3114   G100-43
22655   58111   0.3114   G100-44
22961   58053   0.3189632   G100-45
21982   59225   0.3607433   G94-41
22337   59162   0.3867816   G94-42
22582   59079   0.3114   G94-43
20769   59235   0.4521009   G96-37
21051   59166   0.5977077   G96-38
21348   59078   0.3966792   G96-39
22243   58846   0.42637   G96-42
22477   58781   0.3911129   G96-43
22791   58708   0.5498471   G96-44
23082   58675   0.3941971   G96-45
21864   58636   0.3709625   G98-41
22182   58608   0.3766585   G98-42
22908   58394   0.4386273   G98-45
22255   58524   0.3975345   S117
22998   59141   0.384881   B1-1-058
25350   58567   0.4328315   B1-1-068
23086   59128   0.4580496   B1-1-459
25234   58549   0.4310679   B1-1-468
21510   59546   0.3971439   B1-1-52
22842   59094   0.3882881   B1-20-558
23113   59036   0.5262294   B1-20-559
22797   58867   0.5442067   B1-21-558
21262   59719   0.5415092   B1-311-51
22741   59123   0.3133421   B1-320-57
22961   59049   0.4732571   B1-320-58
23077   59021   0.5115299   B1-320-P59
25274   58494   0.4100838   B1-320-P68
22770   58875   0.5303195   B1-321-P58
20799   58750   0.4308451   B1-331-50
20697   58660   0.3775176   B1-3-P253
23052   58900   0.4739186   B1-D2-459
22933   58935   0.5007199   B1-D2-61
22935   58969   0.4998227   B1-D2-P61
23174   58894   0.4663052   B1-D2-P62
25793   57622   0.3153401   B1-D3-471
20846   58896   0.4634656   B1-D3-56
20859   58926   0.5350731   B1-D3-P56
22871   59003   0.4819006   G94-44
23151   58933   0.495358   G94-45
21788   59473   0.4165819   B1-1-053
22847   59191   0.3273912   B1-1-057
25630   58463   0.4508485   B1-1-069
22880   59232   0.3167041   B1-1-458
22803   59221   0.3150958   B1-1-57
22956   59175   0.3444574   B1-1-58
24929   58668   0.3214935   B1-1-66
23823   58448   0.3114223   B1-2-140
21420   59091   0.3574216   B1-2-P135
20945   58710   0.4407714   B1-31-551
22874   59101   0.3947666   B1-320-P58
22649   58855   0.4757895   B1-321-57
25300   58148   0.3374442   B1-321-68
23038   58807   0.4273202   B1-321-P59
25865   57789   0.3898441   B1-330-P71
20919   58764   0.4462103   B1-331-P51
20871   58569   0.342714   B1-3-49
20993   59421   0.4298054   B1-D2-53
22687   58998   0.343256   B1-D2-60
20900   58570   0.3531899   G100-38
21704   59300   0.3313918   G94-40
22542   59331   0.3708611   B1-1-056
22429   59275   0.4022798   B1-1-456
22496   59333   0.3923259   B1-1-56
22524   59357   0.3898146   B1-1-P56
23586   58433   0.5266876   B1-2-040
21166   59494   0.522232   B1-20-551
21085   59275   0.5130137   B1-21-551
22065   59016   0.375983   B1-21-555
23489   58658   0.5284171   B1-21-561
21094   59296   0.4982819   B1-21-M551
23581   58505   0.5165682   B1-2-40
23691   58482   0.4713148   B1-2-462
24676   58212   0.3917947   B1-2-466
23602   58530   0.5277966   B1-2-P40
23419   58377   0.5269098   B1-30-561
21213   58649   0.3515391   B1-31-552
24086   57905   0.4834841   B1-31-564
21015   59547   0.519167   B1-320-50
23425   58933   0.3830843   B1-320-60
21189   59236   0.5277394   B1-321-51
21933   59058   0.4219635   B1-321-54
23608   58623   0.4442679   B1-321-61
23866   58555   0.3259924   B1-321-62
21118   59293   0.4959348   B1-321-P51
23507   58685   0.5115364   B1-321-P61
24778   58019   0.3667376   B1-330-66
23435   58412   0.5402674   B1-330-P61
24223   57870   0.6696919   B1-331-64
22642   58329   0.3596788   B1-331-P58
24089   57966   0.4655076   B1-331-P64
21202   58706   0.412023   B1-331-SP52
21352   59350   0.4226393   B1-D2-452
21219   59367   0.4822337   B1-D2-54
21013   59462   0.4549177   B1-D2-P53
21234   59400   0.4819337   B1-D2-P54
22654   58427   0.3845196   B1-D3-458
24620   57881   0.4400654   B1-D3-466
22524   58458   0.3736005   B1-D3-63
23761   58147   0.3149781   B1-D3-68
24746   57871   0.3292132   B1-D3-72
22562   58494   0.3410049   B1-D3-P63
23253   58313   0.4396334   B1-D3-P66
21119   59440   0.5076684   G94-38
22620   58434   0.3857068   G98-44
22592   58434   0.3627853   G98-F44
22044   59424   0.3242196   B1-1-054
23268   59116   0.4885321   B1-1-059
23332   59070   0.4934249   B1-1-460
24044   58908   0.3472903   B1-1-463
21995   59430   0.390663   B1-1-54
23233   59109   0.4906687   B1-1-59
21895   58938   0.3927678   B1-2-136
21557   59141   0.384959   B1-21-553
22530   58898   0.4602479   B1-21-557
24704   58322   0.3865155   B1-2-42
25996   57879   0.4271446   B1-2-45
21527   59036   0.4239118   B1-2-453
25880   57908   0.391616   B1-2-471
26013   57904   0.4350685   B1-2-P45
21002   59016   0.55   B1-30-551
21489   58889   0.444355   B1-30-553
22436   58629   0.4079026   B1-30-557
22467   58626   0.3908922   B1-30-F557
23243   59228   0.4344674   B1-311-59
21512   59452   0.3791692   B1-320-52
25340   58428   0.4251701   B1-320-68
23803   58872   0.4083837   B1-320-P62
25509   58422   0.4801284   B1-320-P69
25786   58034   0.4030591   B1-321-70
21591   59192   0.3481255   B1-321-P53
21373   58929   0.4551012   B1-330-52
22819   58547   0.4543431   B1-330-58
25946   57730   0.3931343   B1-330-71
21519   58910   0.4483732   B1-330-P53
21081   58743   0.4499727   B1-331-51
22501   58362   0.38611   B1-331-57
25912   57534   0.3335605   B1-331-71
21098   59375   0.480972   B1-D2-451
24987   58409   0.3548564   B1-D2-467
24143   58622   0.3133171   B1-D2-66
20791   59508   0.4487459   B1-D2-M52
20981   58856   0.5052185   B1-D3-451
21237   58774   0.4300194   B1-D3-452
21455   58756   0.3848101   B1-D3-453
22440   58488   0.4143738   B1-D3-457
21126   58822   0.4787057   B1-D3-57
21351   58788   0.4290023   B1-D3-58
22783   58390   0.4145343   B1-D3-64
25887   57603   0.3500413   B1-D3-77
21105   58847   0.4930888   B1-D3-P57
21353   58813   0.4358152   B1-D3-P58
22798   58429   0.4315071   B1-D3-P64
21602   59003   0.4629809   G96-40
21913   58908   0.4341917   G96-41
20943   58866   0.5057523   G98-38
21281   58772   0.4313214   G98-39
21526   58751   0.3491572   G98-40
22368   58491   0.4109208   G98-43
21326   59567   0.4894507   B1-1-051
20914   59711   0.4933116   B1-1-450
21284   59603   0.5321459   B1-1-51
26044   58285   0.4594104   B1-1-71
20905   59565   0.4511924   B1-20-550
21372   59459   0.4254784   B1-20-552
25283   58067   0.3116412   B1-2-143
25407   58018   0.346177   B1-2-469
21065   59770   0.5164323   B1-311-50
22278   59442   0.4049642   B1-311-55
24441   58903   0.3218182   B1-311-64
24692   58830   0.3770175   B1-311-65
21885   58475   0.3210288   B1-31-555
22374   58322   0.3302554   B1-31-557
24567   57779   0.4435871   B1-31-566
21255   59509   0.5099408   B1-320-51
22253   59259   0.4104145   B1-320-55
25827   58313   0.4088644   B1-320-70
26048   58250   0.409004   B1-320-71
20922   59589   0.4715513   B1-320-P50
21399   59484   0.408828   B1-320-P52
21655   59429   0.4145823   B1-320-P53
23570   58927   0.4288738   B1-320-P61
21432   59166   0.4049871   B1-321-52
24103   58488   0.3303947   B1-321-63
26015   57971   0.4530911   B1-321-71
22557   58940   0.4323514   B1-321-P57
25929   58056   0.3807267   B1-321-P71
22399   58384   0.3625026   B1-331-P57
24583   57834   0.4171243   B1-331-P66
22029   58334   0.3122699   B1-3-P259
20749   59499   0.4849318   B1-D2-52
25991   58108   0.3792381   B1-D2-F74
20763   59545   0.4703571   B1-D2-P52
24481   57958   0.4599271   B1-D3-71
24499   57995   0.3888818   B1-D3-P71
20830   59522   0.4257713   G94-37
21408   59370   0.3845043   G94-39
21304   59213   0.4671829   B1-21-552
21277   59099   0.4347719   B1-2-452
23469   58550   0.4836441   B1-2-461
22814   58229   0.3365415   B1-31-559
21347   59246   0.4485636   B1-321-P52
22864   58283   0.388422   B1-331-P59
22807   58966   0.4547476   B1-D2-458
24498   58526   0.3372716   B1-D2-465
21478   59302   0.3115675   B1-D2-55
24398   58596   0.3131466   B1-D2-67
25340   57749   0.3183402   B1-D3-469
23346   58918   0.3797185   B1-20-560
21282   58945   0.4727295   B1-30-552
23092   58154   0.3126531   B1-31-560
21102   58987   0.5752093   B1-330-51
21264   58967   0.4789104   B1-330-P52
22975   58244   0.3740526   B1-331-59
21703   58552   0.3630164   B1-331-P54
23122   58202   0.3192477   B1-331-P60
24567   57625   0.4291212   B1-3-D61
22971   58076   0.3243409   B1-3-P264
24647   57651   0.3292118   B1-3-SP272
21720   59270   0.3134386   B1-D2-56
23190   58870   0.4546723   B1-D2-62
23895   58686   0.3230492   B1-D2-65
21032   59688   0.6080773   B1-1-050
24153   58873   0.4047204   B1-1-063
21156   59634   0.5945786   B1-1-451
21392   59560   0.4089748   B1-1-452
21073   59678   0.6017433   B1-1-P50
24544   58249   0.3993508   B1-2-042
21628   59391   0.4064048   B1-20-553
23255   58712   0.413414   B1-21-560
20997   59168   0.55   B1-2-451
24577   58284   0.4086067   B1-2-P42
20763   59068   0.55   B1-30-550
21954   58762   0.4326511   B1-30-555
23474   59139   0.5001107   B1-311-60
21659   58530   0.4066997   B1-31-554
23217   58979   0.4948264   B1-320-59
24159   58754   0.3637734   B1-320-63
24055   58797   0.3952644   B1-320-P63
23127   58730   0.4125916   B1-321-59
21816   59132   0.4171384   B1-321-P54
23276   58737   0.3783536   B1-321-P60
24249   58512   0.3564159   B1-321-P64
25253   57926   0.3706303   B1-330-68
21986   58803   0.4374825   B1-330-P55
24886   58056   0.4015948   B1-330-P67
25132   57978   0.3125135   B1-330-P68
25356   57920   0.400448   B1-330-P69
23735   58013   0.3301448   B1-331-62
25673   57521   0.3822247   B1-331-70
23610   58090   0.3942354   B1-331-P62
24940   57525   0.3408239   B1-3-63
25252   57445   0.3137118   B1-3-64
25105   57471   0.3149883   B1-3-D63
25091   57562   0.3457506   B1-3-P274
24855   57551   0.3385622   B1-3-SP273
22895   58371   0.4164612   B1-D3-459
23299   58266   0.4132317   B1-D3-66
24202   58863   0.3955418   B1-1-63
24305   58315   0.4410985   B1-2-141
24217   58463   0.4007639   B1-21-564
24186   58350   0.431568   B1-2-464
24409   58260   0.4316615   B1-2-465
24332   58354   0.4563101   B1-2-P141
24155   58197   0.4684114   B1-30-564
21406   58580   0.3388586   B1-31-553
22122   58410   0.3804801   B1-31-556
24318   58734   0.3889844   B1-320-P64
24794   58605   0.3474329   B1-320-P66
23346   58974   0.4309555   B1-320-SP60
24260   58150   0.441244   B1-330-64
24175   58241   0.4165   B1-330-P64
24416   58174   0.3433163   B1-330-P65
22163   58468   0.3967955   B1-331-P56
24354   57957   0.5473872   B1-D3-465
24253   58062   0.5060888   B1-D3-P70
23478   59043   0.4350069   B1-1-060
23664   59002   0.55   B1-1-061
23567   59011   0.4091818   B1-1-461
20987   59705   0.6336228   B1-1-50
23415   59061   0.422366   B1-1-60
23494   59074   0.4590768   B1-1-P60
22613   58277   0.3563736   B1-31-558
22142   59295   0.3943928   B1-320-P55
21138   59558   0.55   B1-320-SP51
24002   58555   0.4003465   B1-321-P63
24742   58366   0.3401997   B1-321-P66
21551   58614   0.4279428   B1-331-53
21436   58641   0.3907427   B1-331-P53
21570   58369   0.3146548   B1-3-D51
21513   58457   0.3279289   B1-3-P257
22396   58224   0.3143133   B1-3-P261
24010   58639   0.3763893   B1-D2-463
21496   58410   0.3151316   G100-40
22384   59355   0.4232282   B1-1-055
23763   58615   0.3920282   B1-321-P62
23576   58353   0.507506   B1-330-61
24660   58102   0.3737584   B1-330-P66
24975   57732   0.3759634   B1-331-67
25433   57618   0.3360553   B1-331-69
25058   57712   0.3816486   B1-331-P68
22580   58163   0.3152768   B1-3-P262
26019   58136   0.3398054   B1-D2-74
25837   58220   0.3717392   B1-D2-P73
23442   58263   0.4621241   B1-D3-461
25096   57785   0.355091   B1-D3-468
25210   57775   0.3180388   B1-D3-74
25217   57807   0.3329699   B1-D3-P74
25956   58279   0.4530115   B1-320-CSP71
24711   58688   0.3364908   B1-1-065
24553   58751   0.3670762   B1-1-465
24687   58732   0.3368834   B1-1-65
23572   58041   0.3771174   B1-31-562
24678   58622   0.315984   B1-320-65
24550   58666   0.3546485   B1-320-P65
23491   58129   0.3924722   B1-331-61
25710   57369   0.3208104   B1-3-P277
24866   57851   0.3367347   B1-D3-467
23551   58231   0.4518557   B1-D3-67
23537   58256   0.4644205   B1-D3-P67
24804   58686   0.3767061   B1-1-466
21156   59126   0.55   B1-2-35
21226   59142   0.5219775   B1-2-P35
24905   58573   0.3376849   B1-320-66
25129   58581   0.4204115   B1-1-067
25835   58184   0.3642406   B1-D2-73
23321   58048   0.317169   B1-31-561
24974   58321   0.3481146   B1-321-P67
23360   58150   0.3654569   B1-331-SP61
25048   58624   0.3177104   B1-1-467
24239   58018   0.55   B1-D3-70
25115   58491   0.3192422   B1-320-67
25743   58352   0.4728216   B1-320-P70
25017   58546   0.3145981   B1-320-P67
25226   58268   0.3194197   B1-321-P68
25690   58122   0.4556893   B1-321-P70
24574   58337   0.3989023   B1-321-65
24348   58417   0.4423417   B1-321-64
24498   58417   0.3898715   B1-321-P65
25567   57670   0.3697145   B1-D3-470
25643   57974   0.4010626   B1-2-470
25591   58374   0.5141515   B1-320-69
25467   58194   0.39896   B1-321-P69
25721   57798   0.4094727   B1-330-70
25614   57851   0.3917485   B1-330-P70
25553   57586   0.3391065   B1-331-P70
25458   58274   0.4090421   B1-D2-469
25605   58240   0.4641533   B1-D2-72
25123   58399   0.3124638   B1-D2-P70
25363   58324   0.3747939   B1-D2-P71
25605   58278   0.4777691   B1-D2-P72
25344   58312   0.3712614   B1-D2-71
25221   58343   0.3114   B1-D2-468
24843   57758   0.3114   B1-331-P67
25675   57334   0.3114   B1-3-D65
25306   57635   0.3114   B1-331-P69
25382   57406   0.3114   B1-3-D64
25450   57714   0.3114   B1-D3-75
22757   58137   0.3114   B1-3-P263
24868   58435   0.3114   B1-D2-69
22225   59140   0.3114   B1-D2-P58
25143   58105   0.3114   B1-2-468
21292   58455   0.3114   B1-3-D50
21295   58528   0.3114   B1-3-P256
21205   58491   0.3114   G100-39
25083   58122   0.3114   B1-2-043
21155   58497   0.3114   B1-3-50
21132   58546   0.3114   B1-3-P255
