24090.75   58936.75   0.4192649   
24207.5   58925.5   0.4880697   
24324.25   58914.25   0.5268998   
24441   58903   0.5214912   B1-311-64
24816   58757.5   0.4192649   
24691   58806   0.4880697   
24566   58854.5   0.5268998   
24214.5   58716.25   0.3947365   
24290   58778.5   0.4513125   
24365.5   58840.75   0.4816632   
25662   58555   0.3129003   
25683   58522   0.402198   
25704   58489   0.4238818   
25725   58456   0.4331112   B1-1-470
25635   58322.5   0.3129003   
25665   58367   0.4084333   
25695   58411.5   0.430986   
25074.5   57963.5   0.3129003   
25134   57951   0.3883232   
25193.5   57938.5   0.4073396   
25253   57926   0.4125293   B1-330-68
25987.75   57811.5   0.3129003   
25962.5   57719   0.3985514   
25937.25   57626.5   0.4193819   
25760.5   57410.25   0.3129003   
25811   57451.5   0.3914533   
25861.5   57492.75   0.4108434   
25916.5   57381   0.3129003   
25915   57432   0.3913347   
25913.5   57483   0.4107103   
25753.75   57647.25   0.3129003   
25806.5   57609.5   0.3977345   
25859.25   57571.75   0.4183418   
24948.75   57576.75   0.3895788   
24957.5   57628.5   0.4435626   
24966.25   57680.25   0.4727347   
24975   57732   0.4737292   B1-331-67
24966.75   57834.75   0.3764031   
24969.5   57800.5   0.4329696   
24972.25   57766.25   0.4597906   
23032.75   59150.75   0.4212043   
23047.5   59107.5   0.4912466   
23062.25   59064.25   0.5305736   
23077   59021   0.5419714   B1-320-P59
22970.5   58982   0.4221673   
23006   58995   0.4928288   
23041.5   59008   0.5323951   
23149.75   58925.75   0.4211358   
23125.5   58957.5   0.4911335   
23101.25   58989.25   0.5304444   
23071.75   59172.75   0.3861837   
23125.5   59151.5   0.4389586   
23179.25   59130.25   0.4670987   
23233   59109   0.4731824   B1-1-59
23428.75   59082.75   0.3835397   
23363.5   59091.5   0.4354882   
23298.25   59100.25   0.462868   
23188.75   58947.75   0.3861917   
23203.5   59001.5   0.4389694   
23218.25   59055.25   0.4671119   
23457   59049   0.3129003   
23420   59024   0.4078098   
23383   58999   0.4302856   
23217   58914   0.3175554   
23260   58934   0.4143097   
23303   58954   0.4374954   
23402.25   58875.75   0.3129003   
23383.5   58908.5   0.4107278   
23364.75   58941.25   0.43354   
23513   59037.25   0.3129003   
23532   59000.5   0.3862073   
23551   58963.75   0.4050152   
23570   58927   0.410111   B1-320-P61
23458.25   58864   0.3129003   
23495.5   58885   0.3863662   
23532.75   58906   0.4051898   
23642   58810   0.3129003   
23618   58849   0.3862135   
23594   58888   0.4050221   
23549.5   59051.75   0.3129003   
23605   59029.5   0.385573   
23660.5   59007.25   0.4043185   
23678.5   58824.5   0.3129003   
23691   58878   0.3855731   
23703.5   58931.5   0.4043185   
24993   58685.25   0.4231593   
25045   58661.5   0.4944317   
25097   58637.75   0.5342884   
25149   58614   0.5518827   B1-1-X67
25339.5   58583.25   0.4326527   
25276   58593.5   0.5092782   
25212.5   58603.75   0.5527487   
25129.5   58452.75   0.4228854   
25136   58506.5   0.4939892   
25142.5   58560.25   0.5337657   
25370.75   58553.25   0.4101466   
25338.5   58533.5   0.4745155   
25306.25   58513.75   0.5095586   
25274   58494   0.5195504   B1-320-P68
25160.75   58422.75   0.4102564   
25198.5   58446.5   0.4746842   
25236.25   58470.25   0.5097579   
25358.75   58496.75   0.3967103   
25314.5   58420.5   0.4543534   
25270.25   58344.25   0.4850261   
25459.25   58088   0.4366289   
25381.5   58148   0.5158835   
25303.75   58208   0.5612953   
25067.75   58049   0.39538   
25120.5   58122   0.4523081   
25173.25   58195   0.4827472   
25148.75   58366.25   0.3953047   
25174.5   58333.5   0.4521916   
25200.25   58300.75   0.4826204   
25419   58478.25   0.3827114   
25435   58383.5   0.4344084   
25451   58288.75   0.4615579   
25467   58194   0.4663315   B1-321-P69
25519.5   58069.5   0.3617713   
25502   58111   0.4310673   
25484.5   58152.5   0.4574279   
25570.5   58257   0.3677083   
25536   58236   0.4318392   
25501.5   58215   0.4583866   
25429.5   58535.25   0.3922356   
25456   58497.5   0.4474404   
25482.5   58459.75   0.4773217   
25509   58422   0.4849091   B1-320-P69
25608   58546.5   0.3929254   
25575   58505   0.4485089   
25542   58463.5   0.4785413   
25581   58314   0.3912988   
25557   58350   0.4459894   
25533   58386   0.4756655   
25491.75   58001   0.3129003   
25446.5   57974   0.3901443   
25401.25   57947   0.409375   
25459.5   57875.75   0.3129003   
25425   57890.5   0.3871674   
25390.5   57905.25   0.4060699   
25815.75   57995.25   0.3992158   
25853.5   58015.5   0.458141   
25891.25   58035.75   0.4895112   
25992   57942   0.4005778   
25971   57980   0.4601743   
25950   58018   0.4920303   
25860   58179   0.4618339   
25883   58138   0.5571278   
25906   58097   0.6254114   
25756   58011.75   0.3813291   
25734   58048.5   0.4336101   
25712   58085.25   0.4605861   
25690   58122   0.4641779   B1-321-P70
25575.25   58051.5   0.349746   
25613.5   58075   0.4267004   
25651.75   58098.5   0.4519204   
25626.25   58239   0.3702849   
25647.5   58200   0.4321741   
25668.75   58161   0.4588027   
25800.25   58195.5   0.3575746   
25763.5   58171   0.4305217   
25726.75   58146.5   0.4567503   
25737   57944   0.3129003   
25696   57913   0.3921832   
25655   57882   0.4116621   
25556.25   57983.75   0.3129003   
25575.5   57939.5   0.3878197   
25594.75   57895.25   0.4067864   
25524   57858.5   0.3129003   
25554   57856   0.3877496   
25584   57853.5   0.4067095   
25679.25   57726.5   0.3129003   
25657.5   57768   0.3884253   
25635.75   57809.5   0.4074517   
22924.75   58743.25   0.423776   
22962.5   58764.5   0.4954284   
23000.25   58785.75   0.5354655   
23038   58807   0.5423521   B1-321-P59
23105.5   58678.75   0.4183032   
23083   58721.5   0.4865701   
23060.5   58764.25   0.5250322   
22960.75   58928.5   0.4213255   
22986.5   58888   0.4914467   
23012.25   58847.5   0.5308022   
23140   58872.25   0.4234507   
23106   58850.5   0.4949027   
23072   58828.75   0.5348446   
22857.75   58760.25   0.4154776   
22828.5   58798.5   0.4822871   
22799.25   58836.75   0.5195163   
22770   58875   0.5304416   B1-321-P58
22669.5   58807.5   0.4141218   
22703   58830   0.4803098   
22736.5   58852.5   0.5168936   
22728.75   58995.75   0.4169207   
22742.5   58955.5   0.4844268   
22756.25   58915.25   0.5223444   
22893.75   58945.5   0.4167277   
22852.5   58922   0.4841406   
22811.25   58898.5   0.5219661   
22845.75   58693.25   0.3129003   
22804.5   58664.5   0.3951182   
22763.25   58635.75   0.4151303   
22657.5   58740.5   0.3129003   
22679   58696   0.3917194   
22700.5   58651.5   0.4111418   
22602   58522.25   0.3129003   
22642   58550.5   0.3900908   
22682   58578.75   0.409315   
22779   58473.5   0.3129003   
22760   58518   0.3917114   
22741   58562.5   0.4111329   
22906.25   58675.75   0.3887218   
22925.5   58629.5   0.4423725   
22944.75   58583.25   0.4712833   
23087   58611.25   0.3888052   
23046   58586.5   0.4424884   
23005   58561.75   0.4714246   
22839.5   58456   0.3867554   
22881   58483   0.4397176   
22922.5   58510   0.468031   
23022.5   58407.25   0.3858062   
23003   58450.5   0.4384575   
22983.5   58493.75   0.4664832   
23180.75   58369   0.3856447   
23108.5   58425   0.4382432   
23036.25   58481   0.4662198   
22435.5   58871   0.4130914   
22476   58894   0.4788723   
22516.5   58917   0.5149683   
22557   58940   0.5269685   B1-321-P57
22616.25   58823.75   0.4123367   
22596.5   58862.5   0.4778194   
22576.75   58901.25   0.5135581   
22490.25   59045.75   0.4153139   
22512.5   59010.5   0.4820443   
22534.75   58975.25   0.5191954   
22675.5   59012   0.4153139   
22636   58988   0.4820443   
22596.5   58964   0.5191954   
22415.25   58803.5   0.3129003   
22435.5   58759   0.3861542   
22455.75   58714.5   0.4049568   
22596   58756.25   0.3129003   
22556   58727.5   0.3859999   
22516   58698.75   0.4047874   
22353.75   58590.5   0.3129003   
22394.5   58617   0.3859249   
22435.25   58643.5   0.404705   
22540.5   58538   0.3129003   
22519   58582   0.3859233   
22497.5   58626   0.4047032   
23866.75   58420.75   0.3129003   
23888.5   58378.5   0.3865233   
23910.25   58336.25   0.4053624   
23932   58294   0.4103966   B1-330-P63
24041.5   58384   0.3129003   
24005   58354   0.3864717   
23968.5   58324   0.4053057   
23807.5   58211.5   0.3129003   
23849   58239   0.3865222   
23890.5   58266.5   0.4053611   
24949.25   58612   0.4618339   
24957.5   58515   0.5571278   
24965.75   58418   0.6254114   
25004.75   58062.25   0.3539724   
24994.5   58148.5   0.4300534   
24984.25   58234.75   0.4561686   
25085.75   58379.5   0.367186   
25048.5   58360   0.4317713   
25011.25   58340.5   0.4583023   
25890.75   58393   0.460708   
25912.5   58355   0.5552499   
25934.25   58317   0.6216112   
25956   58279   0.6118459   B1-320-CSP71
25998.75   57997.75   0.437448   
25984.5   58091.5   0.5172712   
25970.25   58185.25   0.5630912   
25866.75   58234.75   0.437448   
25896.5   58249.5   0.5172712   
25926.25   58264.25   0.5630912   
23510.25   57943.75   0.3129003   
23543.5   57992.5   0.3852775   
23576.75   58041.25   0.4039938   
23739.75   57887.5   0.3129003   
23696.5   57955   0.3852792   
23653.25   58022.5   0.4039956   
23481.75   57988.75   0.3129003   
23524.5   58022.5   0.3852831   
23567.25   58056.25   0.404   
23555.25   58214.5   0.3129003   
23573.5   58173   0.3853189   
23591.75   58131.5   0.4040393   
23727   58160.5   0.3129003   
23688   58137   0.3853124   
23649   58113.5   0.4040322   
22457.5   58250.25   0.3129003   
22519   58276.5   0.3856702   
22580.5   58302.75   0.4044251   
22595.5   58204.5   0.3129003   
22611   58246   0.3854778   
22626.5   58287.5   0.4042138   
22728.25   58185   0.3129003   
22699.5   58233   0.3858851   
22670.75   58281   0.4046612   
22582   58452.75   0.3129003   
22602   58411.5   0.3854782   
22622   58370.25   0.4042142   
22759   58404   0.3129003   
22720   58379   0.3854854   
22681   58354   0.4042221   
22396.75   58264   0.3129003   
22397.5   58304   0.3844915   
22398.25   58344   0.4031304   
22334.5   58519   0.3129003   
22356   58474   0.3836468   
22377.5   58429   0.4022647   
22521.25   58466.5   0.3129003   
22480.5   58439   0.3844881   
22439.75   58411.5   0.4031266   
23008.75   58107.5   0.3129003   
23046.5   58139   0.38649   
23084.25   58170.5   0.4053257   
23162.5   58071.5   0.3129003   
23149   58115   0.3860531   
23135.5   58158.5   0.4048459   
23062   58323.5   0.3129003   
23082   58283   0.3860676   
23102   58242.5   0.4048617   
23220.25   58285.25   0.3129003   
23187.5   58257.5   0.3860349   
23154.75   58229.75   0.4048258   
22868.5   58099.25   0.3129003   
22867   58160.5   0.3874308   
22865.5   58221.75   0.4063593   
22783.75   58173.5   0.3129003   
22810.5   58210   0.3874039   
22837.25   58246.5   0.4063298   
22944.25   58127.75   0.3129003   
22917.5   58179.5   0.3877584   
22890.75   58231.25   0.4067191   
22814.5   58392.5   0.3129003   
22831   58356   0.3871688   
22847.5   58319.5   0.4060715   
22997.5   58343.75   0.3129003   
22953   58323.5   0.387095   
22908.5   58303.25   0.4059904   
23361.5   58468.75   0.3129003   
23361   58362.5   0.3854201   
23360.5   58256.25   0.4041505   
23222   58058.5   0.3129003   
23268   58089   0.3853822   
23314   58119.5   0.4041088   
23419.25   58003.75   0.3129003   
23399.5   58052.5   0.3853701   
23379.75   58101.25   0.4040955   
23279.75   58272.25   0.3129003   
23306.5   58231.5   0.3853832   
23333.25   58190.75   0.4041099   
23492.75   58229.5   0.3129003   
23448.5   58203   0.3853931   
23404.25   58176.5   0.4041208   
23824.5   58501   0.3129003   
23804   58539   0.3859939   
23783.5   58577   0.4047808   
23763   58615   0.4098093   B1-321-P62
23642.25   58551.25   0.3129003   
23682.5   58572.5   0.3861046   
23722.75   58593.75   0.4049023   
23690.25   58732   0.3129003   
23714.5   58693   0.3859805   
23738.75   58654   0.4047661   
23879.25   58687   0.3129003   
23840.5   58663   0.3859421   
23801.75   58639   0.4047239   
21089.25   59648   0.3704332   
21105.5   59618   0.4321935   
21121.75   59588   0.4588267   
21138   59558   0.4664818   B1-320-SP51
21044.25   59486   0.3684671   
21075.5   59510   0.4319378   
21106.75   59534   0.4585091   
21210   59439.5   0.3810763   
21186   59479   0.4335772   
21162   59518.5   0.4605453   
20957.5   59473.5   0.3129003   
20902   59485   0.385323   
20846.5   59496.5   0.4040437   
20970.5   59439.75   0.3129003   
20928   59417.5   0.3863522   
20885.5   59395.25   0.4051744   
21275.25   59421   0.4433318   
21316.5   59442   0.5268343   
21357.75   59463   0.5754079   
21399   59484   0.5720954   B1-320-P52
21462.75   59372.25   0.4270055   
21441.5   59409.5   0.5006498   
21420.25   59446.75   0.5417356   
21882   59019.5   0.343892   
21860   59057   0.4176434   
21838   59094.5   0.4411415   
21816   59132   0.4475802   B1-321-P54
21945.5   59001.75   0.3885089   
21987   59021.5   0.4420769   
22028.5   59041.25   0.4709228   
22070   59061   0.4805149   B1-321-P55
22133.75   58953.75   0.3885878   
22112.5   58989.5   0.4421864   
22091.25   59025.25   0.4710563   
22368.5   59076   0.3916243   
22269   59071   0.4464935   
22169.5   59066   0.4762409   
22354   58821   0.3129003   
22313   58794   0.3897417   
22272   58767   0.4089234   
22174   58873.5   0.3129003   
22193   58829   0.3880428   
22212   58784.5   0.4070315   
22108   58652.25   0.3129003   
22149   58681.5   0.387367   
22190   58710.75   0.4062892   
22292.5   58608   0.3129003   
22272   58652   0.3872731   
22251.5   58696   0.406186   
23323.25   58555   0.3129003   
23284.5   58535   0.3870065   
23245.75   58515   0.4058931   
23241.5   58358.5   0.3129003   
23230   58404   0.3866447   
23218.5   58449.5   0.4054956   
23340.5   58615.5   0.3925207   
23319   58656   0.4478821   
23297.5   58696.5   0.4778258   
23165   58661.25   0.3945091   
23202   58686.5   0.4509607   
23239   58711.75   0.4812802   
23199.5   58854.75   0.3944105   
23225   58815.5   0.4508082   
23250.5   58776.25   0.4811141   
23384.75   58816.5   0.392657   
23348.5   58790   0.4480932   
23312.25   58763.5   0.4780667   
23398.25   58602.5   0.3129003   
23434.5   58630   0.3905945   
23470.75   58657.5   0.40988   
23507   58685   0.4145193   B1-321-P61
23578.25   58568.75   0.3129003   
23554.5   58607.5   0.3899146   
23530.75   58646.25   0.4091173   
23442.5   58803.5   0.3129003   
23464   58764   0.3902696   
23485.5   58724.5   0.4095156   
23626.25   58749.5   0.3129003   
23586.5   58728   0.3892786   
23546.75   58706.5   0.4084039   
23931.25   58929   0.3129003   
23888.5   58910   0.3870535   
23845.75   58891   0.4059448   
23700.25   58796.25   0.3129003   
23734.5   58821.5   0.386171   
23768.75   58846.75   0.4049753   
23889.25   58751.25   0.3129003   
23860.5   58791.5   0.3861589   
23831.75   58831.75   0.404962   
23380.25   58534.25   0.3129003   
23398.5   58493.5   0.3931144   
23416.75   58452.75   0.4127248   
23560.25   58500.5   0.3129003   
23518.5   58471   0.4083529   
23476.75   58441.5   0.4308956   
23511.5   58295   0.3129003   
23486   58334   0.3927858   
23460.5   58373   0.4123381   
24960   58668.25   0.4046333   
24979   58627.5   0.4661492   
24998   58586.75   0.4995984   
25017   58546   0.5081738   B1-320-P67
25096.5   58435.75   0.4042677   
25070   58472.5   0.4656082   
25043.5   58509.25   0.4989256   
25837.5   58411.25   0.3129003   
25806   58391.5   0.4083906   
25774.5   58371.75   0.4309381   
25743   58352   0.4366854   B1-320-P70
25639.5   58296.5   0.3129003   
25674   58315   0.4078385   
25708.5   58333.5   0.4303179   
25813.5   58253   0.3129003   
25790   58286   0.4087268   
25766.5   58319   0.4313157   
25643.75   58562.25   0.3129003   
25646.5   58536.5   0.4034237   
25649.25   58510.75   0.4253013   
25652   58485   0.439579   B1-1-69
25616.75   58329.75   0.3461363   
25628.5   58381.5   0.4182172   
25640.25   58433.25   0.4417732   
24031   58926.75   0.3129003   
24088   58905.5   0.385722   
24145   58884.25   0.4044821   
24202   58863   0.409438   B1-1-63
24154.75   58706.25   0.3129003   
24170.5   58758.5   0.3856558   
24186.25   58810.75   0.4044093   
23994.25   58910.25   0.3129003   
24014.5   58872.5   0.3852707   
24034.75   58834.75   0.4039863   
23952.25   58732.5   0.3129003   
23986.5   58754   0.3852592   
24020.75   58775.5   0.4039738   
24118   58689.75   0.3129003   
24097   58725.5   0.3852534   
24076   58761.25   0.4039673   
24183.75   58674   0.3129003   
24228.5   58694   0.3852407   
24273.25   58714   0.4039534   
24318   58734   0.4089121   B1-320-P64
24120.75   58438.5   0.3129003   
24163.5   58463   0.3129003   
24206.25   58487.5   0.3881834   
24166.5   58618.5   0.3129003   
24194   58583   0.3129003   
24221.5   58547.5   0.3881825   
21035.25   59655.75   0.3129003   
20997.5   59633.5   0.3866139   
20959.75   59611.25   0.4054618   
20990.25   59493.75   0.3129003   
20967.5   59525.5   0.3865177   
20944.75   59557.25   0.4053562   
21125.75   59659.25   0.4103883   
21178.5   59640.5   0.4748868   
21231.25   59621.75   0.5099974   
21284   59603   0.5215355   B1-1-51
21246.5   59450.75   0.4120373   
21259   59501.5   0.4774016   
21271.5   59552.25   0.5129986   
22490   59325.25   0.4434072   
22456   59293.5   0.5269557   
22422   59261.75   0.5755675   
22388   59230   0.5823616   B1-320-P56
22448   59118.25   0.4362262   
22428   59155.5   0.5152013   
22408   59192.75   0.5604123   
22547   59316.5   0.4283148   
22570   59276   0.5026806   
22593   59235.5   0.5442512   
22616   59195   0.5558158   B1-320-P57
22505   59109.5   0.4283148   
22542   59138   0.5026806   
22579   59166.5   0.5442512   
22690.25   59075.75   0.4283148   
22665.5   59115.5   0.5026806   
22640.75   59155.25   0.5442512   
22611.5   59293   0.4261634   
22699   59229   0.499292   
22786.5   59165   0.5400949   
22874   59101   0.5458121   B1-320-P58
22982   59170.75   0.4208623   
22946   59147.5   0.4906818   
22910   59124.25   0.5299283   
22754.75   59052.25   0.4233168   
22794.5   59068.5   0.4946864   
22834.25   59084.75   0.5345891   
22919.75   59002   0.4233168   
22904.5   59035   0.4946864   
22889.25   59068   0.5345891   
21401.75   59129.75   0.4146645   
21383.5   59168.5   0.4810815   
21365.25   59207.25   0.5179229   
21347   59246   0.5297748   B1-321-P52
21256.25   59168   0.4149297   
21286.5   59194   0.4814748   
21316.75   59220   0.5184426   
21262.25   59361.5   0.4161377   
21290.5   59323   0.4832658   
21318.75   59284.5   0.5208098   
21449.75   59312.75   0.4161377   
21415.5   59290.5   0.4832658   
21381.25   59268.25   0.5208098   
21381   59060   0.3129003   
21342   59029   0.4109504   
21303   58998   0.4337863   
21264   58967   0.42999   B1-330-P52
21235.5   59098.25   0.3129003   
21245   59054.5   0.4056938   
21254.5   59010.75   0.4279091   
20960.25   58936.25   0.3129003   
21061.5   58946.5   0.3974931   
21162.75   58956.75   0.4180343   
21144.75   58877   0.3129003   
21184.5   58907   0.399448   
21224.25   58937   0.4205235   
21330.75   58851.5   0.3129003   
21308.5   58890   0.3999841   
21286.25   58928.5   0.4212059   
21444.75   59045.75   0.3857446   
21469.5   59000.5   0.4383757   
21494.25   58955.25   0.4663827   
21639   59000   0.3850381   
21599   58970   0.4374413   
21559   58940   0.4652376   
21492.75   59228.75   0.4330999   
21501.5   59122.5   0.5100028   
21510.25   59016.25   0.5536795   
21394.5   58837.25   0.3851762   
21436   58861.5   0.4376214   
21477.5   58885.75   0.4654561   
21588   58759.25   0.3566633   
21565   58809.5   0.4304032   
21542   58859.75   0.4566031   
21868.5   58948   0.3465434   
21833   58914   0.4192124   
21797.5   58880   0.4428752   
21699.75   58984   0.3475717   
21720.5   58938   0.4217254   
21741.25   58892   0.4456581   
21648.75   58743.25   0.3321967   
21686.5   58777.5   0.416163   
21724.25   58811.75   0.4395223   
21813.75   58719.25   0.3821117   
21796.5   58761.5   0.4337118   
21779.25   58803.75   0.4607124   
21924.5   58937.25   0.3129003   
21945   58892.5   0.3866531   
21965.5   58847.75   0.4055049   
22112.75   58889.25   0.3129003   
22070.5   58860.5   0.3873551   
22028.25   58831.75   0.4062762   
21869.75   58708.5   0.3129003   
21908.5   58740   0.3864734   
21947.25   58771.5   0.4053076   
22046.75   58668   0.3129003   
22026.5   58713   0.3864644   
22006.25   58758   0.4052975   
23884.25   58486   0.3129003   
23923.5   58509   0.3852085   
23962.75   58532   0.403918   
24059   58449.25   0.3129003   
24040   58484.5   0.3851987   
24021   58519.75   0.4039073   
23939   58672   0.3129003   
23960   58633   0.3851948   
23981   58594   0.4039029   
24104.75   58629.25   0.3129003   
24070.5   58604.5   0.3851632   
24036.25   58579.75   0.4038682   
23808.5   58434.75   0.3129003   
23772   58406.5   0.3872098   
23735.5   58378.25   0.4061165   
23699   58350   0.4114565   B1-330-P62
23626.25   58485   0.3129003   
23650.5   58440   0.3882733   
23674.75   58395   0.4072847   
23577.5   58279.5   0.3129003   
23618   58303   0.3870847   
23658.5   58326.5   0.405979   
23749.25   58225.5   0.3129003   
23732.5   58267   0.3870682   
23715.75   58308.5   0.4059609   
24020.75   58313.5   0.4618339   
23963.5   58213   0.5571278   
23906.25   58112.5   0.6254114   
23799.5   57868   0.3232145   
23816   57916   0.4150261   
23832.5   57964   0.4382788   
24107   57823   0.4618339   
24021   57886   0.5571278   
23935   57949   0.6239997   
23786.75   58141   0.4618339   
23807.5   58098   0.5571278   
23828.25   58055   0.6183907   
21199   59179.75   0.3790734   
21172   59217.5   0.4333168   
21145   59255.25   0.4602218   
21118   59293   0.4669649   B1-321-P51
21039.25   59419.75   0.3687878   
21065.5   59377.5   0.4319795   
21091.75   59335.25   0.4585609   
21205   59373.25   0.3811668   
21176   59346.5   0.433589   
21147   59319.75   0.4605598   
21177   59121   0.3129003   
21128   59100   0.3870648   
21079   59079   0.4059572   
21030   59058   0.4108125   B1-330-SP51
21017.25   59361   0.3129003   
21021.5   59260   0.3869225   
21025.75   59159   0.4058008   
20901.75   58959   0.3129003   
20944.5   58992   0.3865934   
20987.25   59025   0.4054393   
22374.75   58884.75   0.3501468   
22354.5   58921.5   0.427681   
22334.25   58958.25   0.4531662   
22314   58995   0.4622068   B1-321-P56
22194.75   58937.25   0.3522636   
22234.5   58956.5   0.4298311   
22274.25   58975.75   0.4558927   
22429.5   59059.5   0.3529744   
22391   59038   0.4299235   
22352.5   59016.5   0.4560074   
23137   58602   0.3214027   
23146   58568   0.4147967   
23155   58534   0.438028   
21453.25   58455   0.3129003   
21447.5   58517   0.3850362   
21441.75   58579   0.4037288   
21330.25   58556.25   0.3129003   
21365.5   58584.5   0.3851042   
21400.75   58612.75   0.4038034   
21493.75   58503   0.3129003   
21474.5   58549   0.3850957   
21455.25   58595   0.4037941   
21373.75   58770   0.3129003   
21394.5   58727   0.3851072   
21415.25   58684   0.4038067   
21567.25   58692   0.3129003   
21523.5   58675   0.3851061   
21479.75   58658   0.4038055   
21149.5   58586   0.3129003   
21167   58626   0.3851284   
21184.5   58666   0.40383   
21271.75   58572.5   0.3129003   
21248.5   58617   0.3851423   
21225.25   58661.5   0.4038453   
21129.25   58811.75   0.3129003   
21153.5   58776.5   0.3851477   
21177.75   58741.25   0.4038512   
21315.25   58786.25   0.3129003   
21277.5   58759.5   0.3851508   
21239.75   58732.75   0.4038545   
21078.75   58600.5   0.3129003   
21025.5   58655   0.3129003   
20972.25   58709.5   0.3881875   
20874   58885.5   0.3129003   
20889   58845   0.3129003   
20904   58804.5   0.3881874   
21058.5   58826.25   0.3129003   
21012   58805.5   0.3129003   
20965.5   58784.75   0.3881876   
21560.5   58480.75   0.3129003   
21608   58504.5   0.3893427   
21655.5   58528.25   0.4084759   
21634   58669.75   0.3129003   
21657   58630.5   0.3893623   
21680   58591.25   0.4084978   
21799   58645.75   0.3129003   
21767   58614.5   0.3893657   
21735   58583.25   0.4085016   
22062.5   58367.5   0.3129003   
22096   58401   0.38466   
22129.5   58434.5   0.4033154   
22091   58584.25   0.3129003   
22115   58545.5   0.3846591   
22139   58506.75   0.4033145   
22275.5   58540   0.3129003   
22238   58516   0.3841352   
22200.5   58492   0.4027597   
22002   58381.5   0.3129003   
21975   58429   0.3851014   
21948   58476.5   0.4038004   
21853.5   58638.75   0.3129003   
21876   58600.5   0.3851191   
21898.5   58562.25   0.4038199   
22030.5   58598.25   0.3129003   
21994   58573.5   0.3851081   
21957.5   58548.75   0.4038078   
20957.75   59370.75   0.4400557   
20902.5   59279.5   0.5215742   
20847.25   59188.25   0.5686007   
20842.25   58968.75   0.3478048   
20825.5   59011.5   0.422273   
20808.75   59054.25   0.4463049   
21026   58618   0.3129003   
20920   58690   0.3280036   
20814   58762   0.3895105   
20821.25   58903   0.3129003   
20783.5   58880   0.3129003   
20745.75   58857   0.3877478   
24877.5   58714.75   0.4094685   
24814   58720.5   0.4734737   
24750.5   58726.25   0.5083273   
24687   58732   0.5181098   B1-1-65
21012.75   59692   0.3129003   
20952.5   59706   0.4024719   
20892.25   59720   0.4241991   
25799.75   57928.5   0.3484047   
25821.5   57882   0.42362   
25843.25   57835.5   0.4480128   
25976   57875.25   0.3499226   
25939   57846.5   0.4271323   
25902   57817.75   0.4524691   
25742   57711   0.3492034   
25783   57737   0.4254136   
25824   57763   0.4502869   
25093.25   57540.25   0.3129003   
25246.5   57555.5   0.3865144   
25399.75   57570.75   0.4053525   
25327.25   57480.25   0.3129003   
25402.5   57515.5   0.3865103   
25477.75   57550.75   0.4053481   
25670.75   57423.25   0.3129003   
25631.5   57477.5   0.3871057   
25592.25   57531.75   0.4060021   
25664   57660.25   0.3129003   
25627   57635.5   0.387074   
25590   57610.75   0.4059673   
20808   58937.5   0.3129003   
20757   58949   0.3129003   
20706   58960.5   0.3881904   
21503.5   59493.25   0.7095   
24757   58401   0.3943871   
24780   58358   0.4507719   
24803   58315   0.4810746   
24767.5   58441.75   0.3977789   
24778   58019   0.5329925   B1-330-66
21694   58390.75   0.3129003   
22044   59424   0.55   B1-1-054
21671   59498   0.55   B1-1-453
21887   59474   0.55   B1-1-454
21628   59391   0.55   B1-20-553
21888   59322   0.55   B1-20-554
24305   58315   0.55   B1-2-141
22012   59324   0.55   B1-320-54
21904   59373   0.55   B1-320-P54
24416   58174   0.55   B1-330-P65
24843   57758   0.55   B1-331-P67
24716   57728   0.55   B1-331-S66
24647   57651   0.55   B1-3-SP272
21860   59256   0.55   B1-D2-454
24620   57881   0.55   B1-D3-466
21788   59473   0.574652   B1-1-053
22136   59384   0.6871425   B1-1-455
21820   59537   0.6469594   B1-1-53
21995   59430   0.5664932   B1-1-54
21558   59574   0.7038167   B1-1-P52
24544   58249   0.573   B1-2-042
22106   59280   0.6133199   B1-20-555
24409   58260   0.546953   B1-2-465
24676   58212   0.596   B1-2-466
24332   58354   0.5428987   B1-2-P141
24577   58284   0.6029411   B1-2-P42
22023   59531   0.7057061   B1-311-54
25877   58526   0.6869421   B1-311-70
24567   57779   0.6126367   B1-31-566
21758   59385   0.5406224   B1-320-53
21655   59429   0.5481917   B1-320-P53
22142   59295   0.6550322   B1-320-P55
24574   58337   0.6011111   B1-321-65
24498   58417   0.571954   B1-321-P65
24260   58150   0.5524114   B1-330-64
24514   58081   0.6163032   B1-330-65
24583   57834   0.5785053   B1-331-P66
24721   57569   0.6630697   B1-3-62
24498   58526   0.6117236   B1-D2-465
21720   59270   0.5235298   B1-D2-56
21969   59176   0.5881544   B1-D2-57
21741   59292   0.5248082   B1-D2-P56
21968   59206   0.5638007   B1-D2-P57
24481   57958   0.6132639   B1-D3-71
24746   57871   0.5607463   B1-D3-72
24499   57995   0.618525   B1-D3-P71
21704   59300   0.5344985   G94-40
21982   59225   0.5556459   G94-41
251815.28125   56737.22265625   0.5207244   
24320   57852   0.661213   B1-31-565
24461   57844   0.6440983   B1-331-65
24747   57921   0.5658399   B1-D3-P72
24550   58666   0.6890391   B1-320-P65
21073   59678   0.3114   B1-1-P50
22524   59357   0.3114   B1-1-P56
23018   59194   0.3114   B1-1-P58
23494   59074   0.3114   B1-1-P60
23974   58948   0.3114   B1-1-P62
24941   58709   0.3114   B1-1-P66
25403   58573   0.3114   B1-1-P68
25869   58431   0.3114   B1-1-P70
20947   59222   0.3114   B1-2-P134
21420   59091   0.3114   B1-2-P135
21904   58982   0.3114   B1-2-P136
22395   58848   0.3114   B1-2-P137
22887   58722   0.3114   B1-2-P138
23362   58575   0.3114   B1-2-P139
23845   58463   0.3114   B1-2-P140
25778   57975   0.3114   B1-2-P144
21226   59142   0.3114   B1-2-P35
21679   59030   0.3114   B1-2-P36
22155   58918   0.3114   B1-2-P37
22636   58785   0.3114   B1-2-P38
23128   58636   0.3114   B1-2-P39
23602   58530   0.3114   B1-2-P40
24078   58414   0.3114   B1-2-P41
25537   58028   0.3114   B1-2-P44
26013   57904   0.3114   B1-2-P45
20572   58649   0.3114   B1-3-48
20871   58569   0.3114   B1-3-49
21155   58497   0.3114   B1-3-50
21445   58423   0.3114   B1-3-51
21729   58347   0.3114   B1-3-52
22023   58256   0.3114   B1-3-53
22319   58198   0.3114   B1-3-54
22607   58121   0.3114   B1-3-55
22907   58052   0.3114   B1-3-56
23185   57966   0.3114   B1-3-57
23477   57895   0.3114   B1-3-58
23783   57820   0.3114   B1-3-59
24071   57739   0.3114   B1-3-60
24380   57642   0.3114   B1-3-61
24940   57525   0.3114   B1-3-63
25252   57445   0.3114   B1-3-64
25525   57379   0.3114   B1-3-65
25825   57292   0.3114   B1-3-66
26098   57244   0.3114   B1-3-67
21459   58393   0.3114   B1-3-F51
22870   58038   0.3114   B1-3-F56
20697   58660   0.3114   B1-3-P253
21132   58546   0.3114   B1-3-P255
21295   58528   0.3114   B1-3-P256
21513   58457   0.3114   B1-3-P257
22029   58334   0.3114   B1-3-P259
22396   58224   0.3114   B1-3-P261
22580   58163   0.3114   B1-3-P262
22757   58137   0.3114   B1-3-P263
22971   58076   0.3114   B1-3-P264
24193   57760   0.3114   B1-3-P270
25710   57369   0.3114   B1-3-P277
25918   57330   0.3114   B1-3-P278
22028   58327   0.3114   B1-3-SP258
23176   58028   0.3114   B1-3-SP265
23439   57955   0.3114   B1-3-SP266
24409   57699   0.3114   B1-3-SP271
25641   58588   0.3114   B1-311-69
25015   57976   0.3114   B1-330-67
25494   57861   0.3114   B1-330-69
24255   58587   0.3114   B1-D2-464
24734   58444   0.3114   B1-D2-466
21013   59462   0.3114   B1-D2-P53
21234   59400   0.3114   B1-D2-P54
21484   59335   0.3114   B1-D2-P55
22468   59081   0.3114   B1-D2-P59
22715   59036   0.3114   B1-D2-P60
22935   58969   0.3114   B1-D2-P61
23174   58894   0.3114   B1-D2-P62
23421   58843   0.3114   B1-D2-P63
23666   58771   0.3114   B1-D2-P64
23918   58711   0.3114   B1-D2-P65
24139   58654   0.3114   B1-D2-P66
25123   58399   0.3114   B1-D2-P70
25363   58324   0.3114   B1-D2-P71
25605   58278   0.3114   B1-D2-P72
25837   58220   0.3114   B1-D2-P73
20859   58926   0.3114   B1-D3-P56
21105   58847   0.3114   B1-D3-P57
21353   58813   0.3114   B1-D3-P58
21611   58709   0.3114   B1-D3-P59
21831   58677   0.3114   B1-D3-P60
22067   58623   0.3114   B1-D3-P61
22313   58564   0.3114   B1-D3-P62
22562   58494   0.3114   B1-D3-P63
22798   58429   0.3114   B1-D3-P64
23042   58364   0.3114   B1-D3-P65
23253   58313   0.3114   B1-D3-P66
23537   58256   0.3114   B1-D3-P67
23766   58184   0.3114   B1-D3-P68
24964   57869   0.3114   B1-D3-P73
25701   57685   0.3114   B1-D3-P76
20878.66015625   60014.87890625   0.3114   B1-311-SP68
19758.8671875   593711.9375   0.3114   
19758.8671875   56737.22265625   0.3114   
251815.28125   593711.9375   0.3114   
21510   59546   0.7095   B1-1-52
22384   59355   0.7095   B1-1-055
26080   58360   0.7095   B1-1-071
22061   59449   0.7095   B1-1-P54
21533   59653   0.7095   B1-311-52
21775   59589   0.7095   B1-311-53
24660   58102   0.7095   B1-330-P66
24567   57625   0.7095   B1-3-D61
22267   59360   0.7095   B1-1-55
22278   59442   0.7095   B1-311-55
26105   58455   0.7095   B1-311-71
21392   59560   0.7095   B1-1-452
22253   59259   0.7095   B1-320-55
21032   59688   0.3114   B1-1-050
21326   59567   0.5996568   B1-1-051
22542   59331   0.3872784   B1-1-056
22847   59191   0.514957   B1-1-057
22998   59141   0.448616   B1-1-058
23268   59116   0.4651502   B1-1-059
23478   59043   0.3157441   B1-1-060
23664   59002   0.4051834   B1-1-061
23891   58948   0.3530532   B1-1-062
24153   58873   0.4046227   B1-1-063
24432   58796   0.5114857   B1-1-064
24711   58688   0.5236465   B1-1-065
25129   58581   0.5394211   B1-1-067
25350   58567   0.429796   B1-1-068
25630   58463   0.4475237   B1-1-069
25828   58434   0.3510042   B1-1-070
21156   59634   0.4595069   B1-1-451
22429   59275   0.5731915   B1-1-456
22650   59242   0.5040985   B1-1-457
22880   59232   0.4722172   B1-1-458
23086   59128   0.4582703   B1-1-459
23332   59070   0.4502159   B1-1-460
23567   59011   0.3757131   B1-1-461
23802   58953   0.402176   B1-1-462
24044   58908   0.3491356   B1-1-463
24298   58848   0.4759623   B1-1-464
24553   58751   0.5925207   B1-1-465
24804   58686   0.4897515   B1-1-466
25048   58624   0.5089167   B1-1-467
25234   58549   0.5363706   B1-1-468
25478   58528   0.4240766   B1-1-469
25943   58384   0.5887824   B1-1-471
20987   59705   0.3537264   B1-1-50
22496   59333   0.42181   B1-1-56
22803   59221   0.5160879   B1-1-57
22956   59175   0.4434502   B1-1-58
23415   59061   0.3937723   B1-1-60
23938   58934   0.3123098   B1-1-62
24388   58814   0.4873344   B1-1-64
25318   58589   0.4627483   B1-1-68
25801   58450   0.4007203   B1-1-70
26044   58285   0.696472   B1-1-71
24448   58826   0.5214663   B1-1-P64
21095   59146   0.4017128   B1-2-035
21635   58947   0.4162027   B1-2-036
22096   58828   0.3725083   B1-2-037
22628   58714   0.3350649   B1-2-038
23586   58433   0.3698094   B1-2-040
24042   58440   0.325351   B1-2-041
25083   58122   0.437597   B1-2-043
25541   57998   0.3114   B1-2-044
21166   59494   0.4452931   B1-20-551
22352   59211   0.6120996   B1-20-556
22596   59154   0.5421922   B1-20-557
22842   59094   0.5397485   B1-20-558
23113   59036   0.5215619   B1-20-559
23346   58918   0.4263438   B1-20-560
23568   58896   0.4059255   B1-20-561
21401   59067   0.3166409   B1-2-135
21895   58938   0.3306202   B1-2-136
22869   58692   0.3252555   B1-2-138
23331   58575   0.3323579   B1-2-139
23823   58448   0.3114   B1-2-140
25756   57943   0.3161661   B1-2-144
21085   59275   0.4423646   B1-21-551
21304   59213   0.5064645   B1-21-552
21795   59089   0.4099264   B1-21-554
22065   59016   0.4607638   B1-21-555
22294   58964   0.4519854   B1-21-556
22530   58898   0.5057351   B1-21-557
22797   58867   0.5271244   B1-21-558
23489   58658   0.4109089   B1-21-561
23723   58607   0.405391   B1-21-562
21094   59296   0.4531732   B1-21-M551
22772   58841   0.5192803   B1-21-M558
21156   59126   0.3448389   B1-2-35
21649   59001   0.3712699   B1-2-36
22623   58747   0.3114   B1-2-38
23097   58644   0.3753958   B1-2-39
23581   58505   0.3114   B1-2-40
25055   58132   0.4319449   B1-2-43
25508   58006   0.3114   B1-2-44
25996   57879   0.3260809   B1-2-45
20997   59168   0.3835581   B1-2-451
21277   59099   0.3721854   B1-2-452
21771   58975   0.3900177   B1-2-454
22048   58888   0.3893668   B1-2-455
22274   58844   0.3878278   B1-2-456
22506   58778   0.4027306   B1-2-457
22742   58719   0.410256   B1-2-458
23469   58550   0.3688861   B1-2-461
23939   58406   0.3632587   B1-2-463
24958   58133   0.4290197   B1-2-467
25143   58105   0.4527575   B1-2-468
25643   57974   0.3878123   B1-2-470
21368   59053   0.3423594   B1-2-M135
25080   58156   0.4495396   B1-2-P43
21282   58945   0.4262797   B1-30-552
21954   58762   0.4025726   B1-30-555
23647   58304   0.3956986   B1-30-562
20822   59847   0.3114   B1-311-49
21065   59770   0.3509068   B1-311-50
21262   59719   0.506638   B1-311-51
22758   59330   0.4279267   B1-311-57
22992   59267   0.3465572   B1-311-58
23243   59228   0.4060788   B1-311-59
23474   59139   0.3520387   B1-311-60
23702   59084   0.3779652   B1-311-61
23944   59023   0.3353324   B1-311-62
24692   58830   0.4771373   B1-311-65
24938   58768   0.3541074   B1-311-66
25159   58707   0.5101757   B1-311-67
25391   58643   0.3798062   B1-311-68
21015   59547   0.3944155   B1-320-50
21255   59509   0.4791824   B1-320-51
22505   59168   0.5101069   B1-320-56
22741   59123   0.4879622   B1-320-57
22961   59049   0.4936852   B1-320-58
23217   58979   0.4163126   B1-320-59
23425   58933   0.3855008   B1-320-60
23672   58890   0.3893901   B1-320-61
23928   58814   0.3687387   B1-320-62
24159   58754   0.3777259   B1-320-63
24401   58701   0.4932695   B1-320-64
24678   58622   0.526281   B1-320-65
25115   58491   0.4716396   B1-320-67
25340   58428   0.4297439   B1-320-68
25591   58374   0.4292371   B1-320-69
25827   58313   0.4349001   B1-320-70
26048   58250   0.6717877   B1-320-71
21189   59236   0.4457636   B1-321-51
21432   59166   0.4559885   B1-321-52
21703   59120   0.4115216   B1-321-53
21933   59058   0.4348813   B1-321-54
22172   58967   0.3914096   B1-321-55
22410   58914   0.4180128   B1-321-56
22649   58855   0.4651212   B1-321-57
22886   58800   0.4603271   B1-321-58
23608   58623   0.36757   B1-321-61
23866   58555   0.3683436   B1-321-62
25077   58203   0.4568477   B1-321-67
25548   58092   0.3907885   B1-321-69
25786   58034   0.417768   B1-321-70
26015   57971   0.4058537   B1-321-71
21102   58987   0.4110308   B1-330-51
21373   58929   0.407667   B1-330-52
21864   58802   0.4186229   B1-330-54
22102   58717   0.3700855   B1-330-55
22342   58678   0.3817504   B1-330-56
23576   58353   0.3753966   B1-330-61
23794   58295   0.383709   B1-330-62
25721   57798   0.4003942   B1-330-70
24886   58056   0.4351518   B1-330-P67
25132   57978   0.3849056   B1-330-P68
25202   57654   0.3930369   B1-331-68
25058   57712   0.4324283   B1-331-P68
25306   57635   0.3815687   B1-331-P69
20717   58608   0.3114   B1-3-D48
21051   58519   0.3114   B1-3-D49
21292   58455   0.3114   B1-3-D50
21570   58369   0.3114   B1-3-D51
22453   58153   0.3114   B1-3-D54
22786   58052   0.3114   B1-3-D55
23066   58007   0.3114   B1-3-D56
23342   57931   0.3114   B1-3-D57
24223   57691   0.3114   B1-3-D60
25105   57471   0.3114   B1-3-D63
25675   57334   0.3114   B1-3-D65
25966   57263   0.3114   B1-3-D66
22612   58092   0.3114   B1-3-F55
25091   57562   0.3321468   B1-3-P274
21098   59375   0.4444939   B1-D2-451
21352   59350   0.5057802   B1-D2-452
22325   59089   0.4393268   B1-D2-456
22566   59032   0.4921213   B1-D2-457
22807   58966   0.4886971   B1-D2-458
23536   58776   0.3866012   B1-D2-461
23781   58715   0.3811346   B1-D2-462
25221   58343   0.4767594   B1-D2-468
25458   58274   0.460771   B1-D2-469
25732   58206   0.4137178   B1-D2-470
21219   59367   0.3801705   B1-D2-54
21478   59302   0.3749522   B1-D2-55
22201   59120   0.5276183   B1-D2-58
22443   59061   0.3482877   B1-D2-59
22687   58998   0.4163593   B1-D2-60
22933   58935   0.3872315   B1-D2-61
23190   58870   0.3604175   B1-D2-62
23413   58810   0.3471457   B1-D2-63
23660   58742   0.3133334   B1-D2-64
24625   58495   0.4897138   B1-D2-68
25111   58376   0.3511802   B1-D2-70
25605   58240   0.3657928   B1-D2-72
26019   58136   0.5336611   B1-D2-74
25991   58108   0.5276874   B1-D2-F74
22225   59140   0.5527619   B1-D2-P58
24654   58496   0.4548002   B1-D2-P68
20981   58856   0.3264397   B1-D3-451
21691   58690   0.3583279   B1-D3-454
23125   58308   0.3750231   B1-D3-460
23442   58263   0.3668955   B1-D3-461
25096   57785   0.4312699   B1-D3-468
20846   58896   0.3114   B1-D3-56
21126   58822   0.3114   B1-D3-57
21351   58788   0.3114   B1-D3-58
21575   58713   0.3228688   B1-D3-59
23551   58231   0.3114   B1-D3-67
24991   57821   0.391901   B1-D3-73
25210   57775   0.4065444   B1-D3-74
25450   57714   0.37799   B1-D3-75
25217   57807   0.4129353   B1-D3-P74
25449   57742   0.3687649   B1-D3-P75
20619   58641   0.3114   G100-37
21205   58491   0.3114   G100-39
21496   58410   0.3114   G100-40
22365   58181   0.3114   G100-43
22655   58111   0.3114   G100-44
22961   58053   0.3114   G100-45
21119   59440   0.4228134   G94-38
21408   59370   0.4755164   G94-39
22337   59162   0.5489699   G94-42
22582   59079   0.4903899   G94-43
22871   59003   0.4666405   G94-44
23151   58933   0.4256436   G94-45
21051   59166   0.4046329   G96-38
21348   59078   0.3653586   G96-39
21913   58908   0.35471   G96-41
22243   58846   0.3851266   G96-42
22477   58781   0.3917419   G96-43
22791   58708   0.3882858   G96-44
23082   58675   0.4295851   G96-45
20943   58866   0.3212303   G98-38
21281   58772   0.3682577   G98-39
24929   58668   0.3831046   B1-1-66
23691   58482   0.3640537   B1-2-462
23938   58251   0.4056594   B1-30-563
21512   59452   0.6077551   B1-320-52
24905   58573   0.4102297   B1-320-66
24794   58605   0.4466426   B1-320-P66
24974   58321   0.4797848   B1-321-P67
25929   58056   0.5188317   B1-321-P71
23306   58473   0.3459675   B1-330-60
24987   58409   0.4761035   B1-D2-467
25931   58159   0.5280768   B1-D2-471
23895   58686   0.3122101   B1-D2-65
24868   58435   0.4445683   B1-D2-69
25835   58184   0.3803081   B1-D2-73
24882   58459   0.4450038   B1-D2-P69
23299   58266   0.3425209   B1-D3-66
25690   57654   0.3130096   B1-D3-76
22382   58805   0.3123507   B1-2-137
25283   58067   0.4556179   B1-2-143
21557   59141   0.4410523   B1-21-553
22136   58874   0.3145154   B1-2-37
25407   58018   0.4218627   B1-2-469
25305   58095   0.457112   B1-2-P143
25300   58148   0.4784833   B1-321-68
21591   59192   0.4367812   B1-321-P53
25226   58268   0.5099416   B1-321-P68
24032   58225   0.3593367   B1-330-63
24175   58241   0.452085   B1-330-P64
21594   59285   0.4489248   B1-D2-453
25344   58312   0.3599682   B1-D2-71
23882   58111   0.4147007   B1-D3-463
25340   57749   0.385704   B1-D3-469
23003   58331   0.3179955   B1-D3-65
23761   58147   0.3159503   B1-D3-68
21602   59003   0.4303982   G96-40
21527   59036   0.4274196   B1-2-453
24186   58350   0.4009338   B1-2-464
24155   58197   0.4617917   B1-30-564
24086   57905   0.4602317   B1-31-564
20928   59307   0.3661605   B1-321-50
25356   57920   0.4094316   B1-330-P69
23975   58002   0.4633501   B1-331-63
24223   57870   0.5170444   B1-331-64
24089   57966   0.4861363   B1-331-P64
23052   58900   0.4911526   B1-D2-459
20993   59421   0.3239048   B1-D2-53
21455   58756   0.3851058   B1-D3-453
24114   58025   0.4950751   B1-D3-464
24003   58076   0.4475051   B1-D3-69
24015   58124   0.4148998   B1-D3-P69
21526   58751   0.3798963   G98-40
22783   58390   0.317978   B1-D3-64
21562   59539   0.6781143   B1-1-052
24868   58162   0.4905509   B1-2-142
24704   58322   0.4948886   B1-2-42
24804   58221   0.5207769   B1-2-P142
22545   59383   0.3282977   B1-311-56
24826   58272   0.4952603   B1-321-66
24742   58366   0.4072595   B1-321-P66
24398   58596   0.4770268   B1-D2-67
21939   58618   0.3361282   B1-D3-455
24866   57851   0.4657508   B1-D3-467
21864   58636   0.3199678   G98-41
24103   58488   0.3260996   B1-321-63
24428   58565   0.5321895   B1-D2-P67
22186   58572   0.3408709   B1-D3-456
22182   58608   0.3364054   G98-42
22255   58524   0.3119102   S117
20904   59189   0.3194588   B1-2-134
24217   58463   0.3849106   B1-21-564
24249   58512   0.3610725   B1-321-P64
22575   58595   0.3702787   B1-330-57
21551   58614   0.3423117   B1-331-53
24855   57551   0.4564337   B1-3-SP273
22040   58589   0.3194727   B1-D3-61
22524   58458   0.3184123   B1-D3-63
22368   58491   0.3222705   G98-43
22620   58434   0.360967   G98-44
22592   58434   0.3423568   G98-F44
20914   59711   0.3251672   B1-1-450
23716   58985   0.407389   B1-1-61
20905   59565   0.36382   B1-20-550
21372   59459   0.55   B1-20-552
23819   58841   0.3945516   B1-20-562
21732   58828   0.4320938   B1-30-554
22202   58697   0.3810805   B1-30-556
22436   58629   0.3758551   B1-30-557
22467   58626   0.3758249   B1-30-F557
24184   58970   0.4652654   B1-311-63
21213   58649   0.3355823   B1-31-552
23861   57963   0.3946117   B1-31-563
20922   59589   0.3747393   B1-320-P50
23803   58872   0.3990326   B1-320-P62
24055   58797   0.3876378   B1-320-P63
20843   59373   0.3340456   B1-321-P50
21762   58846   0.4402787   B1-330-P54
21986   58803   0.4105486   B1-330-P55
22231   58740   0.407647   B1-330-P56
22476   58670   0.3910181   B1-330-P57
22251   58368   0.3147265   B1-331-56
21436   58641   0.3427649   B1-331-P53
22163   58468   0.3335537   B1-331-P56
24350   57903   0.6347256   B1-331-P65
21202   58706   0.3576261   B1-331-SP52
23899   57802   0.3385357   B1-3-D59
23980   57820   0.3809993   B1-3-P269
20883   59420   0.3553211   B1-D2-450
22077   59164   0.55   B1-D2-455
24010   58639   0.3394362   B1-D2-463
21237   58774   0.3819566   B1-D3-452
22440   58488   0.3376436   B1-D3-457
22654   58427   0.3655903   B1-D3-458
24354   57957   0.6071219   B1-D3-465
24239   58018   0.55   B1-D3-70
24253   58062   0.5489459   B1-D3-P70
20830   59522   0.3148824   G94-37
23972   58528   0.3946974   B1-21-563
24348   58417   0.5091278   B1-321-64
24002   58555   0.3711787   B1-321-P63
22814   58229   0.3186839   B1-31-559
23849   58012   0.406261   B1-331-P63
25614   57851   0.3976957   B1-330-P70
25433   57618   0.3634164   B1-331-69
20830   59350   0.3513611   B1-21-550
20797   59216   0.336885   B1-2-450
25880   57908   0.4090199   B1-2-471
20698   59251   0.3143217   B1-2-P34
20763   59068   0.3185855   B1-30-550
20877   59045   0.3529072   B1-330-50
20792   59097   0.3354582   B1-330-P50
25865   57789   0.4032107   B1-330-P71
25673   57521   0.3290032   B1-331-70
25912   57534   0.3445458   B1-331-71
21703   58552   0.332589   B1-331-P54
25553   57586   0.3416656   B1-331-P70
25785   57524   0.3444002   B1-331-P71
25567   57670   0.3823351   B1-D3-470
25793   57622   0.3724983   B1-D3-471
25887   57603   0.3618197   B1-D3-77
20769   59235   0.3288865   G96-37
21002   59016   0.3874116   B1-30-551
21489   58889   0.4375351   B1-30-553
21519   58910   0.446656   B1-330-P53
21081   58743   0.3342198   B1-331-51
21772   58508   0.3194303   B1-331-54
22399   58384   0.3320607   B1-331-P57
22986   58509   0.402182   B1-30-559
22958   58490   0.3952369   B1-30-M559
22819   58547   0.4023399   B1-330-58
22864   58283   0.3419001   B1-331-P59
22895   58371   0.3662057   B1-D3-459
22908   58394   0.372899   G98-45
21885   58475   0.3220727   B1-31-555
23321   58048   0.3122511   B1-31-561
23079   58592   0.4055269   B1-2-039
22983   58639   0.4385392   B1-2-459
23148   58473   0.3992997   B1-30-560
23065   58471   0.4016371   B1-330-59
23491   58129   0.3464584   B1-331-61
23735   58013   0.3338262   B1-331-62
23610   58090   0.3382422   B1-331-P62
23360   58150   0.3397336   B1-331-SP61
23636   58170   0.3807082   B1-D3-462
23023   58782   0.5315822   B1-21-559
23255   58712   0.4127808   B1-21-560
23216   58605   0.3968695   B1-2-460
23419   58377   0.3970034   B1-30-561
23164   58500   0.3998778   B1-30-M560
23572   58041   0.3261651   B1-31-562
23346   58974   0.4349004   B1-320-SP60
23376   58664   0.4000049   B1-321-60
23276   58737   0.4028624   B1-321-P60
22964   58537   0.4057609   B1-330-P59
23207   58495   0.394393   B1-330-P60
23435   58412   0.3999466   B1-330-P61
23226   58149   0.3126826   B1-331-S60
23127   58730   0.4489261   B1-321-59
21659   58530   0.317362   B1-31-554
21609   58854   0.4246108   B1-330-53
25946   57730   0.3999558   B1-330-71
22501   58362   0.3327777   B1-331-57
21406   58580   0.3165855   B1-31-553
22122   58410   0.3257533   B1-31-556
22613   58277   0.3130839   B1-31-558
21318   58621   0.3209625   B1-331-52
22020   58500   0.3420146   B1-331-55
22725   58255   0.3139107   B1-331-58
21921   58524   0.3367222   B1-331-P55
22642   58329   0.3374219   B1-331-P58
23304   58800   0.4244483   B1-D2-460
22695   58567   0.3997007   B1-30-558
23092   58154   0.3153255   B1-31-560
22722   58607   0.403651   B1-330-P58
22975   58244   0.3388409   B1-331-59
23122   58202   0.3296468   B1-331-P60
22059   58284   0.3114   G100-42
20945   58710   0.3114   B1-31-551
20919   58764   0.3114   B1-331-P51
20668   59225   0.3114   B1-2-034
22374   58322   0.3114   B1-31-557
20726   58930   0.3114   B1-D3-450
20661   58942   0.3114   G98-37
20623   59116   0.3114   B1-330-J49
20832   59734   0.3114   B1-1-49
20662   59267   0.3114   B1-2-34
20692   58780   0.3114   B1-31-550
20761   59641   0.3114   B1-320-49
20700   59363   0.3114   B1-321-49
20559   58872   0.3114   B1-331-49
20799   58750   0.3114   B1-331-50
20708   58834   0.3114   B1-331-P50
22160   58217   0.3114   B1-3-F53
20749   59499   0.3114   B1-D2-52
20791   59508   0.3114   B1-D2-M52
20763   59545   0.3114   B1-D2-P52
20609   58953   0.3114   B1-D3-55
20655   58972   0.3114   B1-D3-M55
20626   58987   0.3114   B1-D3-P55
23589   57879   0.3114   B1-3-D58
21876   58292   0.3114   B1-3-F52
23658   57894   0.3114   B1-3-P267
24143   58622   0.3114   B1-D2-66
21781   58328   0.3114   G100-41
20748   59773   0.3114   B1-1-049
21814   58650   0.3114   B1-D3-60
25382   57406   0.3114   B1-3-D64
24069   58379   0.3114   B1-2-41
20900   58570   0.3114   G100-38
