25331   58552.5   0.4618339   
25259   58532   0.5571278   
25187   58511.5   0.5999323   
25088.75   58239.75   0.4618339   
25097.5   58323.5   0.5571278   
25106.25   58407.25   0.6254114   
24940.25   58467   0.4618339   
24998.5   58475   0.5571278   
25056.75   58483   0.6254114   
25887.5   58419.25   0.3672776   
25906   58407.5   0.4317832   
25924.5   58395.75   0.4583171   
25943   58384   0.4654236   B1-1-471
25863.5   58261   0.3661559   
25890   58302   0.4316373   
25916.5   58343   0.458136   
25987.75   57811.5   0.3129003   
25962.5   57719   0.3834568   
25937.25   57626.5   0.4020723   
25760.5   57410.25   0.3129003   
25811   57451.5   0.3799642   
25861.5   57492.75   0.3985331   
25916.5   57381   0.3129003   
25915   57432   0.3390656   
25913.5   57483   0.3903981   
25753.75   57647.25   0.3129003   
25806.5   57609.5   0.3831826   
25859.25   57571.75   0.4017944   
25858.5   58401.5   0.4063058   
25848   58372   0.4686269   
25837.5   58342.5   0.5026684   
25827   58313   0.5112221   B1-320-70
25834.5   58243.25   0.4058001   
25832   58266.5   0.4678777   
25829.5   58289.75   0.5017401   
23032.75   59150.75   0.410293   
23047.5   59107.5   0.4747405   
23062.25   59064.25   0.5098245   
23077   59021   0.5203749   B1-320-P59
22970.5   58982   0.4103897   
23006   58995   0.474889   
23041.5   59008   0.51   
23149.75   58925.75   0.4111803   
23125.5   58957.5   0.4761035   
23101.25   58989.25   0.5114354   
23071.75   59172.75   0.4212027   
23125.5   59151.5   0.491244   
23179.25   59130.25   0.5305706   
23233   59109   0.5429174   B1-1-59
23188.75   58947.75   0.4227425   
23203.5   59001.5   0.4937582   
23218.25   59055.25   0.5334929   
23217   58914   0.3836519   
23260   58934   0.4356344   
23303   58954   0.4630454   
23346   58974   0.4713556   B1-320-SP60
23402.25   58875.75   0.3848559   
23383.5   58908.5   0.4372039   
23364.75   58941.25   0.4649497   
23458.25   58864   0.4279312   
23495.5   58885   0.5020856   
23532.75   58906   0.5435141   
23570   58927   0.5550159   B1-320-P61
25419   58478.25   0.3496814   
25435   58383.5   0.426542   
25451   58288.75   0.4517193   
25467   58194   0.4523988   B1-321-P69
25345.5   58119.75   0.3459877   
25386   58144.5   0.4179087   
25426.5   58169.25   0.4414316   
25519.5   58069.5   0.346615   
25502   58111   0.4193874   
25484.5   58152.5   0.443069   
25570.5   58257   0.3478024   
25536   58236   0.4222676   
25501.5   58215   0.4462979   
25429.5   58535.25   0.395591   
25456   58497.5   0.4526346   
25482.5   58459.75   0.4831027   
25509   58422   0.4911709   B1-320-P69
25581   58314   0.395287   
25557   58350   0.4521642   
25533   58386   0.4825906   
25335.25   58424.25   0.4618339   
25267.5   58275.5   0.5571278   
25199.75   58126.75   0.6254114   
25261.75   58065.75   0.3129003   
25218.5   58036.5   0.4048961   
25175.25   58007.25   0.4270064   
25093   58111.5   0.3129003   
25106   58067   0.4048968   
25119   58022.5   0.4270073   
25006   57896.25   0.3129003   
25048   57923.5   0.4048889   
25090   57950.75   0.4269981   
24969.5   57571.75   0.3129003   
24999   57618.5   0.3129003   
25028.5   57665.25   0.3880835   
25203.5   57511.75   0.3129003   
25155   57578.5   0.3129003   
25106.5   57645.25   0.3880835   
24987.5   57829.75   0.3129003   
25011   57790.5   0.3129003   
25034.5   57751.25   0.3880835   
25351.25   57734.5   0.3129003   
25253.5   57727   0.3129003   
25155.75   57719.5   0.3880938   
25317.75   58051.25   0.3129003   
25330.5   58007.5   0.386162   
25343.25   57963.75   0.4049654   
25491.75   58001   0.3129003   
25446.5   57974   0.3869689   
25401.25   57947   0.4058518   
25062   57881.75   0.3129003   
25160   57894.5   0.3861631   
25258   57907.25   0.4049667   
25425.75   57786.5   0.3129003   
25402.5   57831   0.3862079   
25379.25   57875.5   0.4050158   
25815.75   57995.25   0.3462785   
25853.5   58015.5   0.418565   
25891.25   58035.75   0.4421582   
25929   58056   0.449651   B1-321-P71
25992   57942   0.3431498   
25971   57980   0.4175495   
25950   58018   0.4410387   
25860   58179   0.3476561   
25883   58138   0.4219316   
25906   58097   0.4458866   
25756   58011.75   0.3883407   
25734   58048.5   0.4418433   
25712   58085.25   0.4706379   
25690   58122   0.4792218   B1-321-P70
25575.25   58051.5   0.3883945   
25613.5   58075   0.4419181   
25651.75   58098.5   0.4707291   
25626.25   58239   0.3892378   
25647.5   58200   0.4430891   
25668.75   58161   0.4721571   
25800.25   58195.5   0.3892446   
25763.5   58171   0.4430985   
25726.75   58146.5   0.4721687   
25737   57944   0.3129003   
25696   57913   0.3917665   
25655   57882   0.4111947   
25614   57851   0.4188814   B1-330-P70
25556.25   57983.75   0.3129003   
25575.5   57939.5   0.3966245   
25594.75   57895.25   0.4169385   
25490.25   57769.25   0.3129003   
25531.5   57796.5   0.3936641   
25572.75   57823.75   0.4133846   
25679.25   57726.5   0.3129003   
25657.5   57768   0.3923907   
25635.75   57809.5   0.4118949   
22924.75   58743.25   0.4180866   
22962.5   58764.5   0.4862323   
23000.25   58785.75   0.5246116   
23038   58807   0.536169   B1-321-P59
23105.5   58678.75   0.4197304   
23083   58721.5   0.4888132   
23060.5   58764.25   0.5277933   
22960.75   58928.5   0.4181336   
22986.5   58888   0.4863057   
23012.25   58847.5   0.5247029   
23140   58872.25   0.4187988   
23106   58850.5   0.487343   
23072   58828.75   0.5259948   
22857.75   58760.25   0.3892003   
22828.5   58798.5   0.4430371   
22799.25   58836.75   0.4720938   
22770   58875   0.4793491   B1-321-P58
22669.5   58807.5   0.388285   
22703   58830   0.441766   
22736.5   58852.5   0.4705436   
22728.75   58995.75   0.3886582   
22742.5   58955.5   0.4422843   
22756.25   58915.25   0.4711757   
22893.75   58945.5   0.3893865   
22852.5   58922   0.4432956   
22811.25   58898.5   0.472409   
22845.75   58693.25   0.3129003   
22804.5   58664.5   0.4082912   
22763.25   58635.75   0.4308264   
22657.5   58740.5   0.3129003   
22679   58696   0.4037832   
22700.5   58651.5   0.4257177   
22602   58522.25   0.3129003   
22642   58550.5   0.401355   
22682   58578.75   0.4229057   
22779   58473.5   0.3129003   
22760   58518   0.4031156   
22741   58562.5   0.4249445   
22906.25   58675.75   0.3919048   
22925.5   58629.5   0.446928   
22944.75   58583.25   0.4767368   
23087   58611.25   0.3938335   
23046   58586.5   0.4499155   
23005   58561.75   0.4801422   
22839.5   58456   0.3903201   
22881   58483   0.4445921   
22922.5   58510   0.4739901   
23022.5   58407.25   0.3901865   
23003   58450.5   0.4444066   
22983.5   58493.75   0.4737639   
22532.25   59252.75   0.3847287   
22540.5   59148.5   0.4370381   
22548.75   59044.25   0.4647484   
22435.5   58871   0.3857201   
22476   58894   0.4383433   
22516.5   58917   0.4663429   
22616.25   58823.75   0.3853612   
22596.5   58862.5   0.4378668   
22576.75   58901.25   0.4657576   
22308   59090   0.3994911   
22391   59040   0.4585521   
22474   58990   0.4900205   
22675.5   59012   0.3857472   
22636   58988   0.4383792   
22596.5   58964   0.466387   
22415.25   58803.5   0.3129003   
22435.5   58759   0.4020079   
22455.75   58714.5   0.4236618   
22476   58670   0.4277574   B1-330-P57
22596   58756.25   0.3129003   
22556   58727.5   0.4014627   
22516   58698.75   0.4230303   
22353.75   58590.5   0.3129003   
22394.5   58617   0.4000655   
22435.25   58643.5   0.4213096   
22540.5   58538   0.3129003   
22519   58582   0.399788   
22497.5   58626   0.4209564   
23866.75   58420.75   0.3129003   
23888.5   58378.5   0.3909552   
23910.25   58336.25   0.4102846   
24041.5   58384   0.3129003   
24005   58354   0.3894352   
23968.5   58324   0.4085795   
23807.5   58211.5   0.3129003   
23849   58239   0.3897691   
23890.5   58266.5   0.4089541   
23994.25   58166.5   0.3129003   
23973.5   58209   0.3889678   
23952.75   58251.5   0.4080553   
24846.5   58246   0.3129003   
24889   58271   0.3857732   
24931.5   58296   0.4045383   
25053.5   58197.25   0.3129003   
25027   58238.5   0.3857636   
25000.5   58279.75   0.4045278   
24905   58424.5   0.3129003   
24928   58390   0.3857491   
24951   58355.5   0.4045119   
24824.5   58179.75   0.3129003   
24845   58138.5   0.3854218   
24865.5   58097.25   0.4041523   
25031.5   58131   0.3129003   
24983   58106   0.3854294   
24934.5   58081   0.4041607   
24781.75   57954.75   0.3129003   
24816.5   57988.5   0.3854191   
24851.25   58022.25   0.4041494   
24944.5   57915.75   0.3129003   
24925   57962.5   0.3854184   
24905.5   58009.25   0.4041486   
25998.75   57997.75   0.3931049   
25984.5   58091.5   0.4487871   
25970.25   58185.25   0.4788588   
25956   58279   0.4881072   B1-320-CSP71
25866.75   58234.75   0.3946185   
25896.5   58249.5   0.45113   
25926.25   58264.25   0.4814646   
26020.75   57999.25   0.405126   
26028.5   58094.5   0.4668791   
26036.25   58189.75   0.5005028   
26044   58285   0.5094572   B1-1-71
23510.25   57943.75   0.3129003   
23543.5   57992.5   0.3997875   
23576.75   58041.25   0.4209557   
23646   57943   0.3129003   
23634   57992   0.3997836   
23622   58041   0.4209508   
23481.75   57988.75   0.3129003   
23524.5   58022.5   0.399856   
23567.25   58056.25   0.421043   
23555.25   58214.5   0.4276061   
23573.5   58173   0.5015813   
23591.75   58131.5   0.5428895   
23727   58160.5   0.3129003   
23688   58137   0.4002372   
23649   58113.5   0.4215283   
22457.5   58250.25   0.3129003   
22519   58276.5   0.3857731   
22580.5   58302.75   0.4045382   
22595.5   58204.5   0.3129003   
22611   58246   0.3857332   
22626.5   58287.5   0.4044944   
22728.25   58185   0.3129003   
22699.5   58233   0.3857296   
22670.75   58281   0.4044904   
22582   58452.75   0.3129003   
22602   58411.5   0.3857748   
22622   58370.25   0.4045401   
22759   58404   0.3129003   
22720   58379   0.3857868   
22681   58354   0.4045532   
22396.75   58264   0.3129003   
22397.5   58304   0.3857295   
22398.25   58344   0.4044903   
22334.5   58519   0.3129003   
22356   58474   0.3857761   
22377.5   58429   0.4045415   
22521.25   58466.5   0.3129003   
22480.5   58439   0.385757   
22439.75   58411.5   0.4045205   
23008.75   58107.5   0.3129003   
23046.5   58139   0.4014096   
23084.25   58170.5   0.4229689   
23162.5   58071.5   0.3129003   
23149   58115   0.4056092   
23135.5   58158.5   0.427814   
23359.75   58016.75   0.3129003   
23280.5   58078.5   0.4014989   
23201.25   58140.25   0.4230723   
23062   58323.5   0.3129003   
23082   58283   0.4127207   
23102   58242.5   0.4357449   
23220.25   58285.25   0.3144206   
23187.5   58257.5   0.4139129   
23154.75   58229.75   0.4370614   
23433.25   58242.5   0.4618339   
23329.5   58229   0.5571278   
23225.75   58215.5   0.6254114   
22868.5   58099.25   0.3129003   
22867   58160.5   0.3863438   
22865.5   58221.75   0.4051652   
22783.75   58173.5   0.3129003   
22810.5   58210   0.3863494   
22837.25   58246.5   0.4051713   
22944.25   58127.75   0.3129003   
22917.5   58179.5   0.386403   
22890.75   58231.25   0.4052302   
22814.5   58392.5   0.3129003   
22831   58356   0.3865363   
22847.5   58319.5   0.4053766   
22997.5   58343.75   0.3129003   
22953   58323.5   0.3874887   
22908.5   58303.25   0.4064229   
24915.75   57583.25   0.3129003   
24891.5   57641.5   0.3129003   
24867.25   57699.75   0.3881819   
24696   57677.75   0.3129003   
24745   57704.5   0.3129003   
24794   57731.25   0.3881825   
24852   57602.75   0.3129003   
24849   57654.5   0.3129003   
24846   57706.25   0.3881819   
24771   57880.25   0.3129003   
24795   57839.5   0.3129003   
24819   57798.75   0.3881825   
24933.75   57841.25   0.3129003   
24903.5   57813.5   0.3129003   
24873.25   57785.75   0.3881818   
23462.25   58585   0.4618339   
23562.5   58595   0.5571278   
23662.75   58605   0.6254114   
23824.5   58501   0.3989524   
23804   58539   0.457748   
23783.5   58577   0.4890242   
23879.25   58687   0.3976925   
23840.5   58663   0.4558411   
23801.75   58639   0.4867756   
21089.25   59648   0.4198112   
21105.5   59618   0.4889467   
21121.75   59588   0.5279458   
21138   59558   0.5369794   B1-320-SP51
21044.25   59486   0.4176255   
21075.5   59510   0.4855134   
21106.75   59534   0.5237161   
21210   59439.5   0.4198112   
21186   59479   0.4889467   
21162   59518.5   0.5279458   
20957.5   59473.5   0.3129003   
20902   59485   0.3985586   
20846.5   59496.5   0.419391   
20970.5   59439.75   0.3129003   
20928   59417.5   0.3882496   
20885.5   59395.25   0.4072587   
21526.75   59358.5   0.3920639   
21569.5   59382   0.4471745   
21612.25   59405.5   0.4770181   
21655   59429   0.485054   B1-320-P53
21719.5   59326.25   0.3924   
21698   59360.5   0.4476951   
21676.5   59394.75   0.4776124   
21275.25   59421   0.3856102   
21316.5   59442   0.4381974   
21357.75   59463   0.4661636   
21399   59484   0.4731149   B1-320-P52
21462.75   59372.25   0.3849776   
21441.5   59409.5   0.4373625   
21420.25   59446.75   0.4651421   
21882   59019.5   0.3129003   
21860   59057   0.3994312   
21838   59094.5   0.4205019   
21713.25   59055.5   0.3129003   
21747.5   59081   0.3997392   
21781.75   59106.5   0.4208943   
21759.75   59252   0.4618339   
21778.5   59212   0.5571278   
21797.25   59172   0.6254114   
21930   59187.5   0.3129003   
21892   59169   0.3992757   
21854   59150.5   0.4203041   
21945.5   59001.75   0.3129003   
21987   59021.5   0.3853971   
22028.5   59041.25   0.4041252   
22133.75   58953.75   0.3129003   
22112.5   58989.5   0.3854311   
22091.25   59025.25   0.4041625   
21993.5   59169.75   0.3129003   
22019   59133.5   0.3853657   
22044.5   59097.25   0.4040906   
22186.25   59120.25   0.3129003   
22147.5   59100.5   0.3854507   
22108.75   59080.75   0.4041841   
22354   58821   0.3129003   
22313   58794   0.406379   
22272   58767   0.4286786   
22231   58740   0.4354168   B1-330-P56
22174   58873.5   0.3196573   
22193   58829   0.4145758   
22212   58784.5   0.4377864   
22108   58652.25   0.3129003   
22149   58681.5   0.4033837   
22190   58710.75   0.4252551   
22292.5   58608   0.3129003   
22272   58652   0.4047532   
22251.5   58696   0.426841   
23323.25   58555   0.4595836   
23284.5   58535   0.5533746   
23245.75   58515   0.6178163   
23241.5   58358.5   0.4324249   
23230   58404   0.5089091   
23218.5   58449.5   0.5522746   
23340.5   58615.5   0.4329947   
23319   58656   0.5098323   
23297.5   58696.5   0.5534604   
23276   58737   0.5741293   B1-321-P60
23165   58661.25   0.4403328   
23202   58686.5   0.5220222   
23239   58711.75   0.569173   
23199.5   58854.75   0.4385422   
23225   58815.5   0.5191019   
23250.5   58776.25   0.5654486   
23384.75   58816.5   0.4336962   
23348.5   58790   0.5109715   
23312.25   58763.5   0.5549251   
23398.25   58602.5   0.4244286   
23434.5   58630   0.4964828   
23470.75   58657.5   0.5367109   
23442.5   58803.5   0.4275839   
23464   58764   0.5015469   
23485.5   58724.5   0.5428468   
23815.25   58704.5   0.4618339   
23712.5   58698   0.5571278   
23609.75   58691.5   0.6254114   
25306.5   58566.25   0.4618339   
25210   58559.5   0.5566499   
25113.5   58552.75   0.6199769   
24915.75   58480.75   0.3897829   
24949.5   58502.5   0.443846   
24983.25   58524.25   0.4730803   
25837.5   58411.25   0.3962462   
25806   58391.5   0.4536482   
25774.5   58371.75   0.4842063   
25743   58352   0.4921218   B1-320-P70
25639.5   58296.5   0.3949671   
25674   58315   0.4516693   
25708.5   58333.5   0.4820517   
25813.5   58253   0.3965547   
25790   58286   0.4541178   
25766.5   58319   0.484749   
25465.25   58551   0.4152525   
25527.5   58529   0.4819534   
25589.75   58507   0.5190753   
25652   58485   0.5287627   B1-1-69
25814.75   58444.5   0.4146847   
25760.5   58458   0.4811114   
25706.25   58471.5   0.5179624   
25616.75   58329.75   0.414895   
25628.5   58381.5   0.4814233   
25640.25   58433.25   0.5183746   
24341.5   58826.25   0.4534898   
24295   58838.5   0.5433203   
24248.5   58850.75   0.6000248   
24202   58863   0.6020784   B1-1-63
24154.75   58706.25   0.4407084   
24170.5   58758.5   0.5226231   
24186.25   58810.75   0.5699422   
23952.25   58732.5   0.4206834   
23986.5   58754   0.4903867   
24020.75   58775.5   0.529591   
24055   58797   0.5419205   B1-320-P63
24118   58689.75   0.4222808   
24097   58725.5   0.4930122   
24076   58761.25   0.5326117   
24120.75   58438.5   0.3129003   
24163.5   58463   0.3860475   
24206.25   58487.5   0.4048396   
24249   58512   0.409949   B1-321-P64
24166.5   58618.5   0.3129003   
24194   58583   0.3862012   
24221.5   58547.5   0.4050085   
21035.25   59655.75   0.397691   
20997.5   59633.5   0.4558389   
20959.75   59611.25   0.486773   
20990.25   59493.75   0.3962392   
20967.5   59525.5   0.4536373   
20944.75   59557.25   0.4841944   
21125.75   59659.25   0.4283148   
21178.5   59640.5   0.5026806   
21231.25   59621.75   0.5442512   
21284   59603   0.5558158   B1-1-51
21246.5   59450.75   0.4283148   
21259   59501.5   0.5026806   
21271.5   59552.25   0.5442512   
22000.75   59471   0.42702   
21940.5   59493   0.5006721   
21880.25   59515   0.5417633   
21820   59537   0.5778496   B1-1-53
21760.75   59353.25   0.4477845   
21780.5   59414.5   0.5338616   
21800.25   59475.75   0.5859146   
22021.75   59430   0.3129003   
21982.5   59411   0.3919633   
21943.25   59392   0.4114155   
21904   59373   0.4199713   B1-320-P54
21781.75   59312.25   0.3129003   
21822.5   59332.5   0.4007776   
21863.25   59352.75   0.4222164   
21952   59247.75   0.3129003   
21936   59289.5   0.3907734   
21920   59331.25   0.4100807   
22081.25   59410.5   0.3129003   
22101.5   59372   0.3854647   
22121.75   59333.5   0.4041994   
22011.5   59228.25   0.3129003   
22055   59250.5   0.3854091   
22098.5   59272.75   0.4041383   
22204.25   59178.75   0.3129003   
22183.5   59217.5   0.3854202   
22162.75   59256.25   0.4041506   
22112.5   59426.75   0.3129003   
22164   59404.5   0.3883577   
22215.5   59382.25   0.4073774   
22267   59360   0.4120063   B1-1-55
22459.75   59357.75   0.3129003   
22395.5   59358.5   0.3874663   
22331.25   59359.25   0.4063982   
22235.5   59195   0.3129003   
22246   59250   0.3878087   
22256.5   59305   0.4067744   
22490   59325.25   0.3129003   
22456   59293.5   0.3888991   
22422   59261.75   0.4079782   
22388   59230   0.4125552   B1-320-P56
22265.75   59162.5   0.3129003   
22306.5   59185   0.3877907   
22347.25   59207.5   0.4067546   
22547   59316.5   0.3501784   
22570   59276   0.4277582   
22593   59235.5   0.4532642   
22616   59195   0.4632495   B1-320-P57
22917.5   59194.25   0.3764586   
22817   59194.5   0.4329768   
22716.5   59194.75   0.4597996   
22690.25   59075.75   0.3507937   
22665.5   59115.5   0.4292638   
22640.75   59155.25   0.4551768   
22982   59170.75   0.395673   
22946   59147.5   0.4527614   
22910   59124.25   0.4832407   
22874   59101   0.4915685   B1-320-P58
22754.75   59052.25   0.3954514   
22794.5   59068.5   0.4524184   
22834.25   59084.75   0.4828674   
22919.75   59002   0.3957981   
22904.5   59035   0.4529551   
22889.25   59068   0.4834516   
21462.75   59116.25   0.3930758   
21505.5   59141.5   0.4487419   
21548.25   59166.75   0.4788072   
21657   59070.5   0.3923153   
21635   59111   0.4475638   
21613   59151.5   0.4774625   
21510.75   59299.25   0.3944815   
21537.5   59263.5   0.450918   
21564.25   59227.75   0.4812337   
21703.5   59267   0.4618339   
21666   59242   0.5571278   
21628.5   59217   0.6254114   
21401.75   59129.75   0.4113946   
21383.5   59168.5   0.4764328   
21365.25   59207.25   0.5118246   
21347   59246   0.5222349   B1-321-P52
21256.25   59168   0.4093093   
21286.5   59194   0.4732286   
21316.75   59220   0.5080402   
21262.25   59361.5   0.4127095   
21290.5   59323   0.4783394   
21318.75   59284.5   0.5142547   
21449.75   59312.75   0.4128919   
21415.5   59290.5   0.4785939   
21381.25   59268.25   0.5145954   
21381   59060   0.3851388   
21342   59029   0.4375725   
21303   58998   0.4653969   
21235.5   59098.25   0.3850915   
21245   59054.5   0.4375108   
21254.5   59010.75   0.4653221   
21144.75   58877   0.3832375   
21184.5   58907   0.4350942   
21224.25   58937   0.4623899   
21330.75   58851.5   0.383504   
21308.5   58890   0.4354417   
21286.25   58928.5   0.4628115   
21444.75   59045.75   0.3129003   
21469.5   59000.5   0.391648   
21494.25   58955.25   0.4110618   
21519   58910   0.4179566   B1-330-P53
21639   59000   0.3129003   
21599   58970   0.3947903   
21559   58940   0.4147366   
21394.5   58837.25   0.3129003   
21436   58861.5   0.3929352   
21477.5   58885.75   0.4125096   
21588   58759.25   0.3129003   
21565   58809.5   0.3921741   
21542   58859.75   0.411652   
21868.5   58948   0.3129003   
21833   58914   0.3870746   
21797.5   58880   0.405968   
21762   58846   0.4110219   B1-330-P54
21699.75   58984   0.3129003   
21720.5   58938   0.3871257   
21741.25   58892   0.4060241   
21648.75   58743.25   0.3129003   
21686.5   58777.5   0.386907   
21724.25   58811.75   0.405784   
21813.75   58719.25   0.3129003   
21796.5   58761.5   0.3870471   
21779.25   58803.75   0.4059377   
21924.5   58937.25   0.3129003   
21945   58892.5   0.3890439   
21965.5   58847.75   0.4081407   
21986   58803   0.414067   B1-330-P55
22112.75   58889.25   0.3129003   
22070.5   58860.5   0.3900046   
22028.25   58831.75   0.4092183   
21869.75   58708.5   0.3129003   
21908.5   58740   0.3897259   
21947.25   58771.5   0.4089057   
22046.75   58668   0.3129003   
22026.5   58713   0.3897465   
22006.25   58758   0.4089288   
24059   58449.25   0.3153257   
24040   58484.5   0.4140275   
24021   58519.75   0.4371867   
24002   58555   0.4441238   B1-321-P63
23939   58672   0.3207118   
23960   58633   0.4147092   
23981   58594   0.4379324   
24104.75   58629.25   0.3269721   
24070.5   58604.5   0.4155017   
24036.25   58579.75   0.438799   
23446.25   58518.75   0.404917   
23530.5   58462.5   0.4665694   
23614.75   58406.25   0.500119   
23808.5   58434.75   0.3910528   
23772   58406.5   0.4456096   
23735.5   58378.25   0.4752311   
23364.5   58322.25   0.404917   
23476   58331.5   0.4665694   
23587.5   58340.75   0.500119   
23577.5   58279.5   0.3884672   
23618   58303   0.442019   
23658.5   58326.5   0.4708521   
23749.25   58225.5   0.3903783   
23732.5   58267   0.4446729   
23715.75   58308.5   0.4740888   
23799.5   57868   0.3129003   
23816   57916   0.3751609   
23832.5   57964   0.3936178   
23886.5   57854.5   0.3129003   
23874   57907   0.3751547   
23861.5   57959.5   0.3936115   
23705.75   57923.5   0.3129003   
23753.5   57953   0.3759891   
23801.25   57982.5   0.3944657   
23786.75   58141   0.4618339   
23807.5   58098   0.5571278   
23828.25   58055   0.6254114   
23973.5   58096   0.3129003   
23932   58068   0.38307   
23890.5   58040   0.4016803   
24102.25   58370.75   0.3129003   
24126.5   58327.5   0.3979062   
24150.75   58284.25   0.4185604   
24476.5   58273.25   0.4032358   
24376   58262.5   0.4640952   
24275.5   58251.75   0.4969909   
24055   58153.25   0.3129003   
24095   58182.5   0.3978772   
24135   58211.75   0.4185234   
24233.5   58106.75   0.3129003   
24214   58151.5   0.3978791   
24194.5   58196.25   0.4185258   
24536.75   58256.5   0.3129003   
24496.5   58229   0.3854208   
24456.25   58201.5   0.4041512   
24293.75   58090   0.3129003   
24334.5   58118   0.3854107   
24375.25   58146   0.4041401   
24478.25   58039.75   0.3129003   
24457.5   58084.5   0.3854101   
24436.75   58129.25   0.4041395   
21199   59179.75   0.3907292   
21172   59217.5   0.4451602   
21145   59255.25   0.474683   
21039.25   59419.75   0.3896557   
21065.5   59377.5   0.4436695   
21091.75   59335.25   0.472865   
21205   59373.25   0.3920509   
21176   59346.5   0.4471543   
21147   59319.75   0.4769951   
21177   59121   0.3129003   
21128   59100   0.4089944   
21079   59079   0.4316162   
21017.25   59361   0.3129003   
21021.5   59260   0.4064788   
21025.75   59159   0.4287908   
20901.75   58959   0.3129003   
20944.5   58992   0.4024379   
20987.25   59025   0.4241596   
21086.25   58899.75   0.3129003   
21067.5   58952.5   0.4040693   
21048.75   59005.25   0.4260489   
22374.75   58884.75   0.3129003   
22354.5   58921.5   0.399128   
22334.25   58958.25   0.420116   
22194.75   58937.25   0.3129003   
22234.5   58956.5   0.3967257   
22274.25   58975.75   0.41706   
22247.25   59103.75   0.3129003   
22269.5   59067.5   0.396499   
22291.75   59031.25   0.4167879   
23137   58602   0.4000703   
23146   58568   0.4594166   
23155   58534   0.4910916   
23072.5   58398   0.397903   
23103   58432   0.4561599   
23133.5   58466   0.4871506   
23946.5   57843   0.3129003   
23994   57884   0.3773963   
24041.5   57925   0.3959062   
24167   57811.5   0.3129003   
24141   57863   0.3842858   
24115   57914.5   0.4029123   
24033.5   58084.5   0.3129003   
24052   58045   0.384303   
24070.5   58005.5   0.4029297   
24212   58038   0.3129003   
24171   58014   0.384304   
24130   57990   0.4029307   
21453.25   58455   0.3129003   
21447.5   58517   0.3854173   
21441.75   58579   0.4041474   
21330.25   58556.25   0.3129003   
21365.5   58584.5   0.3854631   
21400.75   58612.75   0.4041977   
21493.75   58503   0.3129003   
21474.5   58549   0.3854246   
21455.25   58595   0.4041554   
21373.75   58770   0.3129003   
21394.5   58727   0.3854833   
21415.25   58684   0.4042199   
21567.25   58692   0.3129003   
21523.5   58675   0.3854343   
21479.75   58658   0.4041661   
21149.5   58586   0.3129003   
21167   58626   0.3864847   
21184.5   58666   0.4053199   
21271.75   58572.5   0.3129003   
21248.5   58617   0.3865116   
21225.25   58661.5   0.4053496   
21129.25   58811.75   0.3129003   
21153.5   58776.5   0.3867378   
21177.75   58741.25   0.4055979   
21315.25   58786.25   0.3129003   
21277.5   58759.5   0.3867571   
21239.75   58732.75   0.4056191   
21078.75   58600.5   0.3129003   
21025.5   58655   0.3853177   
20972.25   58709.5   0.404038   
20874   58885.5   0.3129003   
20889   58845   0.3853085   
20904   58804.5   0.4040279   
21058.5   58826.25   0.3129003   
21012   58805.5   0.3853574   
20965.5   58784.75   0.4040816   
21560.5   58480.75   0.3129003   
21608   58504.5   0.3852857   
21655.5   58528.25   0.4040027   
21634   58669.75   0.3129003   
21657   58630.5   0.385294   
21680   58591.25   0.4040118   
21799   58645.75   0.3129003   
21767   58614.5   0.3853057   
21735   58583.25   0.4040248   
22062.5   58367.5   0.3129003   
22096   58401   0.3855446   
22129.5   58434.5   0.4042872   
22337.75   58285   0.3129003   
22279.5   58346   0.3855416   
22221.25   58407   0.4042839   
22091   58584.25   0.3129003   
22115   58545.5   0.3855459   
22139   58506.75   0.4042886   
22275.5   58540   0.3129003   
22238   58516   0.3855597   
22200.5   58492   0.4043038   
22002   58381.5   0.3129003   
21975   58429   0.3855724   
21948   58476.5   0.4043178   
21853.5   58638.75   0.3129003   
21876   58600.5   0.3855898   
21898.5   58562.25   0.4043369   
22030.5   58598.25   0.3129003   
21994   58573.5   0.3855789   
21957.5   58548.75   0.4043248   
24232.25   57795.75   0.3129003   
24271.5   57831.5   0.3848839   
24310.75   57867.25   0.4035615   
24394.25   57750   0.3129003   
24379.5   57801   0.3844697   
24364.75   57852   0.4031065   
24277.25   58022.25   0.3129003   
24301.5   57982.5   0.3848559   
24325.75   57942.75   0.4035307   
24461.75   57972   0.4618339   
24424.5   57949   0.5571278   
24387.25   57926   0.6254114   
24452.5   57732.75   0.3129003   
24496   57766.5   0.3847193   
24539.5   57800.25   0.4033806   
24631   57696.75   0.3129003   
24615   57742.5   0.3849468   
24599   57788.25   0.4036305   
24520   57954.75   0.3129003   
24541   57914.5   0.38495   
24562   57874.25   0.4036341   
24706   57899.25   0.3129003   
24665   57877.5   0.38495   
24624   57855.75   0.403634   
20957.75   59370.75   0.3129003   
20902.5   59279.5   0.3860697   
20847.25   59188.25   0.4048641   
20842.25   58968.75   0.3129003   
20825.5   59011.5   0.3859832   
20808.75   59054.25   0.4047691   
21026   58618   0.3129003   
20920   58690   0.390685   
20814   58762   0.4099815   
20821.25   58903   0.3129003   
20783.5   58880   0.383724   
20745.75   58857   0.402343   
24631.25   58364.25   0.4618339   
24685.5   58444.5   0.5571278   
24739.75   58524.75   0.6254114   
24860   58495.5   0.3852525   
24838   58532   0.4377225   
24816   58568.5   0.4655803   
24462.75   58793.5   0.4390985   
24537.5   58773   0.5200105   
24612.25   58752.5   0.5666071   
24687   58732   0.5802028   B1-1-65
21012.75   59692   0.4485256   
20952.5   59706   0.5350744   
20892.25   59720   0.5877807   
24788.5   58257.25   0.3129003   
24773   58293.5   0.3852914   
24757.5   58329.75   0.4040091   
24618.25   58304.5   0.3129003   
24659.5   58325   0.3854005   
24700.75   58345.5   0.4041289   
24847   58435.75   0.3129003   
24812   58412.5   0.385273   
24777   58389.25   0.403989   
24768   58191.25   0.3129003   
24732   58161.5   0.3862501   
24696   58131.75   0.4050623   
24597.75   58238.5   0.3129003   
24618.5   58193   0.3876979   
24639.25   58147.5   0.4066527   
24539.25   58021.75   0.3129003   
24579.5   58048.5   0.3862464   
24619.75   58075.25   0.4050583   
24725.25   57966.25   0.4618339   
24703.5   58011.5   0.5571278   
24681.75   58056.75   0.6254114   
25799.75   57928.5   0.3129003   
25821.5   57882   0.386036   
25843.25   57835.5   0.4048271   
25976   57875.25   0.3129003   
25939   57846.5   0.3859551   
25902   57817.75   0.4047382   
25742   57711   0.3129003   
25783   57737   0.3859208   
25824   57763   0.4047004   
25327.25   57480.25   0.3129003   
25402.5   57515.5   0.3849186   
25477.75   57550.75   0.4035996   
25670.75   57423.25   0.3129003   
25631.5   57477.5   0.3850511   
25592.25   57531.75   0.4037451   
25475   57703   0.3129003   
25501   57664   0.3850662   
25527   57625   0.4037617   
25664   57660.25   0.3129003   
25627   57635.5   0.3850567   
25590   57610.75   0.4037512   
25265.5   57492.5   0.3129003   
25279   57540   0.384501   
25292.5   57587.5   0.4031408   
25413.25   57715.25   0.3129003   
25377.5   57688.5   0.3847734   
25341.75   57661.75   0.40344   
20808   58937.5   0.3129003   
20757   58949   0.3853166   
20706   58960.5   0.4040368   
24183   58414.75   0.4043356   
24288   58415.5   0.4657081   
24393   58416.25   0.4990517   
24557.25   58317.25   0.4064651   
24537.5   58350.5   0.4688627   
24517.75   58383.75   0.5029606   
23416.5   59006.5   0.6709511   
21503.5   59493.25   0.7095   
25877   58526   0.7095   B1-311-70
21811   58430.5   0.3622511   
21805.5   58491.25   0.3911352   
20670.75   59115.25   0.4039468   
23938   58934   0.55   B1-1-62
21558   59574   0.55   B1-1-P52
24044   58908   0.7039042   B1-1-463
23974   58948   0.6252438   B1-1-P62
251815.28125   56737.22265625   0.5903227   
23802   58953   0.55   B1-1-462
24938   58768   0.55   B1-311-66
24318   58734   0.7091947   B1-320-P64
23819   58841   0.687907   B1-20-562
24401   58701   0.6746566   B1-320-64
23803   58872   0.6658693   B1-320-P62
24550   58666   0.6040784   B1-320-P65
24388   58814   0.3114   B1-1-64
21073   59678   0.3114   B1-1-P50
22061   59449   0.3114   B1-1-P54
22524   59357   0.3114   B1-1-P56
23018   59194   0.3114   B1-1-P58
24448   58826   0.3114   B1-1-P64
25403   58573   0.3114   B1-1-P68
25869   58431   0.3114   B1-1-P70
20947   59222   0.3114   B1-2-P134
21420   59091   0.3114   B1-2-P135
21904   58982   0.3114   B1-2-P136
22395   58848   0.3114   B1-2-P137
22887   58722   0.3114   B1-2-P138
23362   58575   0.3114   B1-2-P139
23845   58463   0.3114   B1-2-P140
24804   58221   0.3114   B1-2-P142
25305   58095   0.3114   B1-2-P143
25778   57975   0.3114   B1-2-P144
21226   59142   0.3114   B1-2-P35
21679   59030   0.3114   B1-2-P36
22155   58918   0.3114   B1-2-P37
22636   58785   0.3114   B1-2-P38
23128   58636   0.3114   B1-2-P39
24078   58414   0.3114   B1-2-P41
24577   58284   0.3114   B1-2-P42
25080   58156   0.3114   B1-2-P43
25537   58028   0.3114   B1-2-P44
26013   57904   0.3114   B1-2-P45
20572   58649   0.3114   B1-3-48
20871   58569   0.3114   B1-3-49
21155   58497   0.3114   B1-3-50
21445   58423   0.3114   B1-3-51
21729   58347   0.3114   B1-3-52
22023   58256   0.3114   B1-3-53
22319   58198   0.3114   B1-3-54
22607   58121   0.3114   B1-3-55
22907   58052   0.3114   B1-3-56
23185   57966   0.3114   B1-3-57
23477   57895   0.3114   B1-3-58
23783   57820   0.3114   B1-3-59
24071   57739   0.3114   B1-3-60
24380   57642   0.3114   B1-3-61
24721   57569   0.3114   B1-3-62
24940   57525   0.3114   B1-3-63
25252   57445   0.3114   B1-3-64
25525   57379   0.3114   B1-3-65
25825   57292   0.3114   B1-3-66
26098   57244   0.3114   B1-3-67
23899   57802   0.3114   B1-3-D59
21459   58393   0.3114   B1-3-F51
22612   58092   0.3114   B1-3-F55
22870   58038   0.3114   B1-3-F56
20697   58660   0.3114   B1-3-P253
21132   58546   0.3114   B1-3-P255
21295   58528   0.3114   B1-3-P256
21513   58457   0.3114   B1-3-P257
22029   58334   0.3114   B1-3-P259
22396   58224   0.3114   B1-3-P261
22580   58163   0.3114   B1-3-P262
22757   58137   0.3114   B1-3-P263
22971   58076   0.3114   B1-3-P264
23658   57894   0.3114   B1-3-P267
24193   57760   0.3114   B1-3-P270
25710   57369   0.3114   B1-3-P277
25918   57330   0.3114   B1-3-P278
22028   58327   0.3114   B1-3-SP258
23176   58028   0.3114   B1-3-SP265
23439   57955   0.3114   B1-3-SP266
24409   57699   0.3114   B1-3-SP271
24647   57651   0.3114   B1-3-SP272
24855   57551   0.3114   B1-3-SP273
22077   59164   0.3114   B1-D2-455
24734   58444   0.3114   B1-D2-466
21013   59462   0.3114   B1-D2-P53
21234   59400   0.3114   B1-D2-P54
21484   59335   0.3114   B1-D2-P55
21741   59292   0.3114   B1-D2-P56
21968   59206   0.3114   B1-D2-P57
22225   59140   0.3114   B1-D2-P58
22715   59036   0.3114   B1-D2-P60
22935   58969   0.3114   B1-D2-P61
23174   58894   0.3114   B1-D2-P62
23421   58843   0.3114   B1-D2-P63
23918   58711   0.3114   B1-D2-P65
24139   58654   0.3114   B1-D2-P66
24882   58459   0.3114   B1-D2-P69
25363   58324   0.3114   B1-D2-P71
25605   58278   0.3114   B1-D2-P72
25837   58220   0.3114   B1-D2-P73
20859   58926   0.3114   B1-D3-P56
21105   58847   0.3114   B1-D3-P57
21353   58813   0.3114   B1-D3-P58
21611   58709   0.3114   B1-D3-P59
21831   58677   0.3114   B1-D3-P60
22067   58623   0.3114   B1-D3-P61
22313   58564   0.3114   B1-D3-P62
22562   58494   0.3114   B1-D3-P63
22798   58429   0.3114   B1-D3-P64
23042   58364   0.3114   B1-D3-P65
23253   58313   0.3114   B1-D3-P66
23537   58256   0.3114   B1-D3-P67
23766   58184   0.3114   B1-D3-P68
24015   58124   0.3114   B1-D3-P69
24253   58062   0.3114   B1-D3-P70
24499   57995   0.3114   B1-D3-P71
24747   57921   0.3114   B1-D3-P72
24964   57869   0.3114   B1-D3-P73
25217   57807   0.3114   B1-D3-P74
25449   57742   0.3114   B1-D3-P75
25701   57685   0.3114   B1-D3-P76
20878.66015625   60014.87890625   0.3114   B1-311-SP68
19758.8671875   593711.9375   0.3114   
19758.8671875   56737.22265625   0.3114   
251815.28125   593711.9375   0.3114   
23415   59061   0.7095   B1-1-60
21510   59546   0.7095   B1-1-52
23891   58948   0.7095   B1-1-062
26080   58360   0.7095   B1-1-071
21533   59653   0.7095   B1-311-52
23944   59023   0.7095   B1-311-62
24184   58970   0.7095   B1-311-63
26105   58455   0.7095   B1-311-71
21392   59560   0.7095   B1-1-452
21032   59688   0.4025978   B1-1-050
21326   59567   0.6245587   B1-1-051
22044   59424   0.3114   B1-1-054
22384   59355   0.3924749   B1-1-055
22542   59331   0.3364936   B1-1-056
22847   59191   0.426453   B1-1-057
22998   59141   0.4255291   B1-1-058
23268   59116   0.5775058   B1-1-059
23664   59002   0.6021658   B1-1-061
24153   58873   0.6391   B1-1-063
24432   58796   0.3884264   B1-1-064
25630   58463   0.5235654   B1-1-069
25828   58434   0.3960696   B1-1-070
21156   59634   0.4926466   B1-1-451
21671   59498   0.5340496   B1-1-453
21887   59474   0.5186926   B1-1-454
22136   59384   0.3806648   B1-1-455
22429   59275   0.4022741   B1-1-456
22650   59242   0.4535466   B1-1-457
22880   59232   0.3862036   B1-1-458
23086   59128   0.4769406   B1-1-459
23567   59011   0.6305158   B1-1-461
24298   58848   0.5361987   B1-1-464
24553   58751   0.547456   B1-1-465
25478   58528   0.4473348   B1-1-469
25725   58456   0.5055714   B1-1-470
21995   59430   0.3758067   B1-1-54
22496   59333   0.3114   B1-1-56
22803   59221   0.4315542   B1-1-57
22956   59175   0.4016435   B1-1-58
25801   58450   0.4407831   B1-1-70
21635   58947   0.3678822   B1-2-036
22096   58828   0.38494   B1-2-037
22628   58714   0.3445075   B1-2-038
23079   58592   0.4205727   B1-2-039
24042   58440   0.3331251   B1-2-041
25083   58122   0.3114   B1-2-043
25541   57998   0.3114   B1-2-044
21166   59494   0.506597   B1-20-551
21372   59459   0.4570777   B1-20-552
21628   59391   0.4678708   B1-20-553
21888   59322   0.4089014   B1-20-554
22352   59211   0.408021   B1-20-556
22596   59154   0.4515641   B1-20-557
22842   59094   0.4839273   B1-20-558
23113   59036   0.5220891   B1-20-559
23346   58918   0.4403763   B1-20-560
23568   58896   0.5442051   B1-20-561
21401   59067   0.3481403   B1-2-135
21895   58938   0.3178765   B1-2-136
22382   58805   0.3186649   B1-2-137
22869   58692   0.3270203   B1-2-138
23331   58575   0.4165478   B1-2-139
23823   58448   0.3580855   B1-2-140
24868   58162   0.3644733   B1-2-142
25283   58067   0.3114   B1-2-143
25756   57943   0.3114   B1-2-144
21304   59213   0.4968856   B1-21-552
21557   59141   0.464133   B1-21-553
22065   59016   0.4007565   B1-21-555
22797   58867   0.4772561   B1-21-558
23255   58712   0.569388   B1-21-560
23489   58658   0.5593851   B1-21-561
23972   58528   0.4270895   B1-21-563
22772   58841   0.4722202   B1-21-M558
21156   59126   0.3521471   B1-2-35
21649   59001   0.3123255   B1-2-36
22136   58874   0.3247077   B1-2-37
22623   58747   0.3117038   B1-2-38
23097   58644   0.3723889   B1-2-39
24704   58322   0.3884606   B1-2-42
25055   58132   0.3114   B1-2-43
25508   58006   0.3114   B1-2-44
25996   57879   0.3114   B1-2-45
21277   59099   0.4125507   B1-2-452
21527   59036   0.3885963   B1-2-453
22274   58844   0.3947907   B1-2-456
22506   58778   0.4040772   B1-2-457
22742   58719   0.4082207   B1-2-458
23939   58406   0.3702688   B1-2-463
24676   58212   0.3658036   B1-2-466
24958   58133   0.3762045   B1-2-467
25407   58018   0.3807318   B1-2-469
25880   57908   0.3816047   B1-2-471
21368   59053   0.401362   B1-2-M135
21489   58889   0.4143747   B1-30-553
21732   58828   0.4086486   B1-30-554
21954   58762   0.4071249   B1-30-555
22202   58697   0.4221263   B1-30-556
22436   58629   0.416154   B1-30-557
23419   58377   0.4406744   B1-30-561
22467   58626   0.4196662   B1-30-F557
21262   59719   0.5227322   B1-311-51
21775   59589   0.6077905   B1-311-53
22023   59531   0.4309429   B1-311-54
22278   59442   0.3798866   B1-311-55
22758   59330   0.3923846   B1-311-57
22992   59267   0.3343562   B1-311-58
23243   59228   0.5472668   B1-311-59
24441   58903   0.3282852   B1-311-64
24692   58830   0.5181027   B1-311-65
25641   58588   0.4885163   B1-311-69
21255   59509   0.5087844   B1-320-51
21512   59452   0.578916   B1-320-52
21758   59385   0.4876624   B1-320-53
22012   59324   0.3747372   B1-320-54
22253   59259   0.3927581   B1-320-55
22505   59168   0.4269028   B1-320-56
22741   59123   0.4201387   B1-320-57
22961   59049   0.4626696   B1-320-58
23217   58979   0.4651525   B1-320-59
23425   58933   0.5010832   B1-320-60
23672   58890   0.5867211   B1-320-61
23928   58814   0.5518361   B1-320-62
24159   58754   0.5163006   B1-320-63
25591   58374   0.4680147   B1-320-69
26048   58250   0.5147437   B1-320-71
20928   59307   0.361113   B1-321-50
21189   59236   0.4546601   B1-321-51
21432   59166   0.4471093   B1-321-52
22410   58914   0.3922065   B1-321-56
22649   58855   0.4267097   B1-321-57
22886   58800   0.4339169   B1-321-58
23127   58730   0.4868445   B1-321-59
23376   58664   0.5007318   B1-321-60
23866   58555   0.415633   B1-321-62
24103   58488   0.3625347   B1-321-63
24826   58272   0.3337284   B1-321-66
25548   58092   0.3956157   B1-321-69
25786   58034   0.399065   B1-321-70
26015   57971   0.3739557   B1-321-71
21609   58854   0.3982696   B1-330-53
21864   58802   0.3933234   B1-330-54
22102   58717   0.3792546   B1-330-55
22342   58678   0.395648   B1-330-56
22575   58595   0.3853118   B1-330-57
22819   58547   0.4224187   B1-330-58
24514   58081   0.3477205   B1-330-65
25494   57861   0.3877116   B1-330-69
25721   57798   0.3831424   B1-330-70
23435   58412   0.4338011   B1-330-P61
22020   58500   0.3882963   B1-331-55
20717   58608   0.3114   B1-3-D48
21051   58519   0.3114   B1-3-D49
21292   58455   0.3114   B1-3-D50
21570   58369   0.3114   B1-3-D51
22453   58153   0.3114   B1-3-D54
22786   58052   0.3114   B1-3-D55
23066   58007   0.3114   B1-3-D56
23342   57931   0.3114   B1-3-D57
23589   57879   0.3114   B1-3-D58
24223   57691   0.3114   B1-3-D60
25105   57471   0.3114   B1-3-D63
25675   57334   0.3114   B1-3-D65
25966   57263   0.3114   B1-3-D66
21098   59375   0.4637398   B1-D2-451
21352   59350   0.4701296   B1-D2-452
22325   59089   0.4106707   B1-D2-456
22566   59032   0.4624829   B1-D2-457
22807   58966   0.4473974   B1-D2-458
23052   58900   0.4918697   B1-D2-459
23304   58800   0.5320815   B1-D2-460
23536   58776   0.5622876   B1-D2-461
24010   58639   0.4243037   B1-D2-463
24255   58587   0.4533514   B1-D2-464
25458   58274   0.4499773   B1-D2-469
25732   58206   0.4344088   B1-D2-470
25931   58159   0.4457538   B1-D2-471
20993   59421   0.3188721   B1-D2-53
21219   59367   0.3872805   B1-D2-54
21478   59302   0.3851917   B1-D2-55
22201   59120   0.3128436   B1-D2-58
22687   58998   0.3886583   B1-D2-60
22933   58935   0.3791758   B1-D2-61
23190   58870   0.3904673   B1-D2-62
23413   58810   0.4049356   B1-D2-63
23895   58686   0.3642877   B1-D2-65
24143   58622   0.3114795   B1-D2-66
24868   58435   0.3114   B1-D2-69
25605   58240   0.367038   B1-D2-72
25835   58184   0.3504643   B1-D2-73
26019   58136   0.4775639   B1-D2-74
25991   58108   0.4592089   B1-D2-F74
21455   58756   0.3714138   B1-D3-453
21691   58690   0.3447676   B1-D3-454
21939   58618   0.3733233   B1-D3-455
22186   58572   0.3775814   B1-D3-456
22440   58488   0.3759091   B1-D3-457
22654   58427   0.3762515   B1-D3-458
22895   58371   0.3986052   B1-D3-459
23125   58308   0.3836393   B1-D3-460
25340   57749   0.3169998   B1-D3-469
21126   58822   0.316111   B1-D3-57
21351   58788   0.3114   B1-D3-58
21575   58713   0.3133593   B1-D3-59
23003   58331   0.3189822   B1-D3-65
24239   58018   0.3197939   B1-D3-70
24746   57871   0.3114   B1-D3-72
24991   57821   0.3121117   B1-D3-73
20619   58641   0.3114   G100-37
21205   58491   0.3114   G100-39
21496   58410   0.3114   G100-40
22059   58284   0.3162725   G100-42
22365   58181   0.3114   G100-43
22655   58111   0.3114   G100-44
22961   58053   0.3114   G100-45
21119   59440   0.4618985   G94-38
21408   59370   0.4230392   G94-39
21982   59225   0.3114   G94-41
22337   59162   0.399491   G94-42
22582   59079   0.4440879   G94-43
22871   59003   0.4276274   G94-44
23151   58933   0.4195351   G94-45
21348   59078   0.4131367   G96-39
21602   59003   0.3702995   G96-40
21913   58908   0.3506187   G96-41
22243   58846   0.3967167   G96-42
22477   58781   0.3954332   G96-43
22791   58708   0.3864746   G96-44
23082   58675   0.4253186   G96-45
21281   58772   0.3731152   G98-39
21526   58751   0.3610666   G98-40
21864   58636   0.3272416   G98-41
22182   58608   0.3741981   G98-42
22368   58491   0.3691612   G98-43
22620   58434   0.3627468   G98-44
22908   58394   0.4033975   G98-45
22592   58434   0.3468602   G98-F44
22255   58524   0.3553187   S117
24711   58688   0.6002747   B1-1-065
25350   58567   0.3716537   B1-1-068
25234   58549   0.4733371   B1-1-468
25318   58589   0.4015653   B1-1-68
21795   59089   0.3993828   B1-21-554
21771   58975   0.3584044   B1-2-454
25391   58643   0.3677145   B1-311-68
21933   59058   0.3469456   B1-321-54
22172   58967   0.3317354   B1-321-55
21591   59192   0.5049614   B1-321-P53
23507   58685   0.5878428   B1-321-P61
21594   59285   0.4724337   B1-D2-453
23781   58715   0.4991567   B1-D2-462
23660   58742   0.574288   B1-D2-64
23666   58771   0.5796994   B1-D2-P64
21704   59300   0.3880717   G94-40
21788   59473   0.5791584   B1-1-053
24544   58249   0.3126116   B1-2-042
21703   59120   0.4241881   B1-321-53
21860   59256   0.3891846   B1-D2-454
21720   59270   0.3700728   B1-D2-56
23761   58147   0.3126328   B1-D3-68
24260   58150   0.3653455   B1-330-64
24778   58019   0.3748233   B1-330-66
24175   58241   0.4130334   B1-330-P64
22524   58458   0.3195952   B1-D3-63
22783   58390   0.316212   B1-D3-64
24481   57958   0.3201668   B1-D3-71
24305   58315   0.4044567   B1-2-141
24217   58463   0.4009179   B1-21-564
22048   58888   0.3751002   B1-2-455
23469   58550   0.4404151   B1-2-461
24186   58350   0.3683239   B1-2-464
24409   58260   0.3802088   B1-2-465
25643   57974   0.3575106   B1-2-470
24332   58354   0.4077964   B1-2-P141
24678   58622   0.5599426   B1-320-65
25340   58428   0.3822711   B1-320-68
24794   58605   0.4592341   B1-320-P66
25274   58494   0.4388843   B1-320-P68
24348   58417   0.4289236   B1-321-64
24574   58337   0.3324312   B1-321-65
25077   58203   0.3143502   B1-321-67
25300   58148   0.3839001   B1-321-68
24498   58417   0.4373222   B1-321-P65
25015   57976   0.378975   B1-330-67
25221   58343   0.4126154   B1-D2-468
22040   58589   0.3174907   B1-D3-61
24804   58686   0.5660383   B1-1-466
25143   58105   0.3515231   B1-2-468
22545   59383   0.318725   B1-311-56
23702   59084   0.6381987   B1-311-61
24032   58225   0.3744277   B1-330-63
24498   58526   0.5051787   B1-D2-465
24625   58495   0.3891028   B1-D2-68
24428   58565   0.5482805   B1-D2-P67
24654   58496   0.3776743   B1-D2-P68
23551   58231   0.3642511   B1-D3-67
20904   59189   0.3607818   B1-2-134
21876   58292   0.3124167   B1-3-F52
25344   58312   0.3415897   B1-D2-71
23442   58263   0.3826871   B1-D3-461
23299   58266   0.3650301   B1-D3-66
25946   57730   0.3589144   B1-330-71
24843   57758   0.331057   B1-331-P67
24866   57851   0.3166572   B1-D3-467
25096   57785   0.3155329   B1-D3-468
20846   58896   0.3115567   B1-D3-56
24003   58076   0.3236446   B1-D3-69
25210   57775   0.3133236   B1-D3-74
21562   59539   0.55   B1-1-052
20668   59225   0.4062766   B1-2-034
22106   59280   0.3874853   B1-20-555
20692   58780   0.3139691   B1-31-550
21659   58530   0.3600364   B1-31-554
21885   58475   0.3750805   B1-31-555
22122   58410   0.3716701   B1-31-556
24567   57779   0.3226385   B1-31-566
22142   59295   0.3925387   B1-320-P55
22070   59061   0.3775276   B1-321-P55
25226   58268   0.415085   B1-321-P68
24660   58102   0.4048241   B1-330-P66
25132   57978   0.4045698   B1-330-P68
25865   57789   0.3868527   B1-330-P71
21551   58614   0.3438049   B1-331-53
21772   58508   0.3744057   B1-331-54
22251   58368   0.3734218   B1-331-56
24461   57844   0.3308879   B1-331-65
21703   58552   0.3753655   B1-331-P54
21921   58524   0.3954806   B1-331-P55
22163   58468   0.3937325   B1-331-P56
24583   57834   0.3483503   B1-331-P66
25785   57524   0.3380025   B1-331-P71
22160   58217   0.3147175   B1-3-F53
24398   58596   0.5816342   B1-D2-67
25123   58399   0.4153194   B1-D2-P70
24620   57881   0.3720487   B1-D3-466
25793   57622   0.3580826   B1-D3-471
21781   58328   0.3148247   G100-41
25253   57926   0.3984652   B1-330-68
20559   58872   0.3375382   B1-331-49
25202   57654   0.3269601   B1-331-68
20609   58953   0.3658263   B1-D3-55
25887   57603   0.3450901   B1-D3-77
20655   58972   0.3809509   B1-D3-M55
20626   58987   0.3771499   B1-D3-P55
20700   59363   0.3847145   B1-321-49
21816   59132   0.4115685   B1-321-P54
24742   58366   0.3715138   B1-321-P66
20623   59116   0.3994844   B1-330-J49
24416   58174   0.3998519   B1-330-P65
23723   58607   0.4974416   B1-21-562
20797   59216   0.3931544   B1-2-450
20698   59251   0.4056311   B1-2-P34
20763   59068   0.3878265   B1-30-550
21406   58580   0.3147504   B1-31-553
24320   57852   0.3221427   B1-31-565
23763   58615   0.4992524   B1-321-P62
21373   58929   0.4172844   B1-330-52
20792   59097   0.3913065   B1-330-P50
24886   58056   0.4015506   B1-330-P67
25912   57534   0.33598   B1-331-71
20708   58834   0.3233952   B1-331-P50
21436   58641   0.3380768   B1-331-P53
24350   57903   0.3424144   B1-331-P65
25306   57635   0.3332807   B1-331-P69
24354   57957   0.3622135   B1-D3-465
20769   59235   0.3972065   G96-37
22294   58964   0.3968239   B1-21-556
22530   58898   0.4358336   B1-21-557
25115   58491   0.4102487   B1-320-67
25017   58546   0.4909894   B1-320-P67
22314   58995   0.3911547   B1-321-P56
22557   58940   0.4631011   B1-321-P57
22722   58607   0.4256703   B1-330-P58
25433   57618   0.3360499   B1-331-69
24987   58409   0.3758463   B1-D2-467
25111   58376   0.399564   B1-D2-70
20726   58930   0.3405499   B1-D3-450
22725   58255   0.3184965   B1-331-58
20661   58942   0.3708384   G98-37
23938   58251   0.4016235   B1-30-563
24155   58197   0.4048697   B1-30-564
21081   58743   0.3347985   B1-331-51
23735   58013   0.3288631   B1-331-62
23975   58002   0.34335   B1-331-63
23849   58012   0.331302   B1-331-P63
21202   58706   0.3383536   B1-331-SP52
21237   58774   0.3627914   B1-D3-452
23882   58111   0.3719109   B1-D3-463
20987   59705   0.4088574   B1-1-50
21095   59146   0.4107802   B1-2-035
21085   59275   0.4550875   B1-21-551
21094   59296   0.4691869   B1-21-M551
20662   59267   0.4088671   B1-2-34
23691   58482   0.4860588   B1-2-462
21282   58945   0.4139205   B1-30-552
23608   58623   0.5652471   B1-321-61
20843   59373   0.3921682   B1-321-P50
21118   59293   0.4811969   B1-321-P51
20877   59045   0.3835711   B1-330-50
21102   58987   0.4046806   B1-330-51
21264   58967   0.4136676   B1-330-P52
23932   58294   0.4095839   B1-330-P63
20749   59499   0.3389548   B1-D2-52
21051   59166   0.4085351   G96-38
24905   58573   0.6708091   B1-320-66
25553   57586   0.3345731   B1-331-P70
22443   59061   0.4504349   B1-D2-59
22468   59081   0.4534118   B1-D2-P59
25567   57670   0.3704242   B1-D3-470
25129   58581   0.4708973   B1-1-067
25048   58624   0.53162   B1-1-467
23716   58985   0.5927959   B1-1-61
25149   58614   0.4779829   B1-1-X67
25159   58707   0.5038894   B1-311-67
24086   57905   0.3164445   B1-31-564
24974   58321   0.3794191   B1-321-P67
23794   58295   0.423561   B1-330-62
25356   57920   0.3984349   B1-330-P69
24089   57966   0.3397558   B1-331-P64
24114   58025   0.3671075   B1-D3-464
24223   57870   0.3127681   B1-331-64
20791   59508   0.3472452   B1-D2-M52
20763   59545   0.3263709   B1-D2-P52
20830   59522   0.3553698   G94-37
23586   58433   0.4737272   B1-2-040
23023   58782   0.5241485   B1-21-559
23581   58505   0.5111043   B1-2-40
22983   58639   0.4464034   B1-2-459
23216   58605   0.4914686   B1-2-460
23602   58530   0.5279461   B1-2-P40
22986   58509   0.429798   B1-30-559
23148   58473   0.4331643   B1-30-560
23647   58304   0.4190915   B1-30-562
22958   58490   0.4293794   B1-30-M559
23164   58500   0.4416555   B1-30-M560
22814   58229   0.3197798   B1-31-559
23092   58154   0.3470112   B1-31-560
23321   58048   0.3171008   B1-31-561
23572   58041   0.3196322   B1-31-562
23065   58471   0.4286772   B1-330-59
23306   58473   0.4756411   B1-330-60
23576   58353   0.4353314   B1-330-61
22964   58537   0.4347369   B1-330-P59
23207   58495   0.4506208   B1-330-P60
23699   58350   0.4372591   B1-330-P62
20799   58750   0.3150625   B1-331-50
22975   58244   0.353608   B1-331-59
23491   58129   0.3430966   B1-331-61
22864   58283   0.3531187   B1-331-P59
23122   58202   0.3664817   B1-331-P60
23610   58090   0.3364375   B1-331-P62
23226   58149   0.356501   B1-331-S60
23360   58150   0.3462412   B1-331-SP61
20883   59420   0.3925173   B1-D2-450
23636   58170   0.3633938   B1-D3-462
20914   59711   0.3346781   B1-1-450
20905   59565   0.3853776   B1-20-550
20922   59589   0.3923828   B1-320-P50
20830   59350   0.3956692   B1-21-550
22374   58322   0.3221502   B1-31-557
24716   57728   0.3131145   B1-331-S66
25673   57521   0.3303727   B1-331-70
22695   58567   0.4077018   B1-30-558
21065   59770   0.4178444   B1-311-50
23474   59139   0.694074   B1-311-60
22613   58277   0.3220097   B1-31-558
20919   58764   0.3177629   B1-331-P51
22399   58384   0.3507193   B1-331-P57
22642   58329   0.3476646   B1-331-P58
24929   58668   0.55   B1-1-66
24941   58709   0.545374   B1-1-P66
21015   59547   0.4610884   B1-320-50
22501   58362   0.3372042   B1-331-57
21002   59016   0.3861705   B1-30-551
20981   58856   0.3600118   B1-D3-451
20943   58866   0.3373129   G98-38
20997   59168   0.3933712   B1-2-451
23861   57963   0.3159981   B1-31-563
21030   59058   0.392875   B1-330-SP51
21318   58621   0.3184301   B1-331-52
20945   58710   0.3134722   B1-31-551
21213   58649   0.3201036   B1-31-552
23478   59043   0.6881272   B1-1-060
23494   59074   0.6888723   B1-1-P60
23332   59070   0.55   B1-1-460
20832   59734   0.3114   B1-1-49
20761   59641   0.3114   B1-320-49
20748   59773   0.3114   B1-1-049
20822   59847   0.3114   B1-311-49
24975   57732   0.3114   B1-331-67
25058   57712   0.3114   B1-331-P68
21969   59176   0.3114   B1-D2-57
25690   57654   0.3114   B1-D3-76
20900   58570   0.3114   G100-38
24567   57625   0.3114   B1-3-D61
25450   57714   0.3114   B1-D3-75
25382   57406   0.3114   B1-3-D64
25091   57562   0.3114   B1-3-P274
23980   57820   0.3114   B1-3-P269
24069   58379   0.3114   B1-2-41
21814   58650   0.3114   B1-D3-60
