23538.5   59028   0.4165322   
23583   58982   0.4838507   
23627.5   58936   0.521583   
23672   58890   0.5318673   B1-320-61
23483.75   58854.75   0.4165665   
23546.5   58866.5   0.4839016   
23609.25   58878.25   0.5216503   
26064.5   58437.25   0.3129003   
26024   58419.5   0.39713   
25983.5   58401.75   0.417572   
25943   58384   0.4233376   B1-1-471
22811.5   58163.75   0.7095   
22866   58190.5   0.7095   
22920.5   58217.25   0.7095   
22972   58118   0.3129003   
22973   58160   0.3802354   
22974   58202   0.3988079   
23183.5   58295.75   0.4618339   
23114   58278.5   0.5571278   
23044.5   58261.25   0.6254114   
24395.25   57763.5   0.3578905   
24381.5   57828   0.4305627   
24367.75   57892.5   0.4568013   
24278.25   58035.75   0.3209922   
24303.5   58009.5   0.4147447   
24328.75   57983.25   0.4379712   
24422   57735.25   0.3129003   
24435   57771.5   0.3854079   
24448   57807.75   0.4041371   
24384.25   58051.25   0.4069989   
24515.5   58040.5   0.4696577   
24646.75   58029.75   0.5039366   
25760.5   57410.25   0.3129003   
25811   57451.5   0.3924854   
25861.5   57492.75   0.4120012   
25916.5   57381   0.3129003   
25915   57432   0.3906099   
25913.5   57483   0.4098973   
25564.75   57690   0.4618339   
25680.5   57638   0.5571278   
25796.25   57586   0.6254114   
25660.5   58286.75   0.3882344   
25716   58295.5   0.4416957   
25771.5   58304.25   0.470458   
25827   58313   0.4782929   B1-320-70
23032.75   59150.75   0.444257   
23047.5   59107.5   0.5283175   
23062.25   59064.25   0.5774186   
23077   59021   0.5593718   B1-320-P59
22970.5   58982   0.4218082   
23006   58995   0.4922436   
23041.5   59008   0.5317127   
23149.75   58925.75   0.4216117   
23125.5   58957.5   0.4919192   
23101.25   58989.25   0.531342   
23071.75   59172.75   0.4280567   
23125.5   59151.5   0.5022801   
23179.25   59130.25   0.5437552   
23233   59109   0.5680349   B1-1-59
23428.75   59082.75   0.4455417   
23363.5   59091.5   0.530337   
23298.25   59100.25   0.5805181   
23188.75   58947.75   0.4267811   
23203.5   59001.5   0.5002923   
23218.25   59055.25   0.5413002   
23457   59049   0.4253299   
23420   59024   0.4979423   
23383   58999   0.5384684   
23346   58974   0.5683565   B1-320-SP60
23358   58674.75   0.4459548   
23354   58774.5   0.5309863   
23350   58874.25   0.5815146   
23182.5   58720.5   0.4459548   
23237   58805   0.5309863   
23291.5   58889.5   0.5815146   
23217   58914   0.4254213   
23260   58934   0.4980903   
23303   58954   0.5386466   
23402.25   58875.75   0.4245147   
23383.5   58908.5   0.4966221   
23364.75   58941.25   0.5368773   
23513   59037.25   0.4148209   
23532   59000.5   0.4813133   
23551   58963.75   0.5182294   
23570   58927   0.5285322   B1-320-P61
23458.25   58864   0.414829   
23495.5   58885   0.4813253   
23532.75   58906   0.5182451   
23549.5   59051.75   0.4618339   
23605   59029.5   0.5571278   
23660.5   59007.25   0.6254114   
24993   58685.25   0.4002234   
25045   58661.5   0.4596453   
25097   58637.75   0.4913749   
25149   58614   0.4991274   B1-1-X67
25339.5   58583.25   0.4004658   
25276   58593.5   0.4600071   
25212.5   58603.75   0.4918231   
25129.5   58452.75   0.3978878   
25136   58506.5   0.4561369   
25142.5   58560.25   0.4871235   
25370.75   58553.25   0.3943601   
25338.5   58533.5   0.4507301   
25306.25   58513.75   0.4810292   
25160.75   58422.75   0.3916374   
25198.5   58446.5   0.4465138   
25236.25   58470.25   0.4762641   
25522.25   58332   0.4369474   
25439.5   58386   0.516423   
25356.75   58440   0.5619936   
25148.75   58366.25   0.3129003   
25174.5   58333.5   0.4104806   
25200.25   58300.75   0.4332665   
25510.25   58275.5   0.4382698   
25415.5   58273   0.5186567   
25320.75   58270.5   0.5648811   
25345.5   58119.75   0.3129003   
25386   58144.5   0.4035683   
25426.5   58169.25   0.4254687   
25467   58194   0.4308153   B1-321-P69
25519.5   58069.5   0.3129003   
25502   58111   0.402486   
25484.5   58152.5   0.4242153   
25570.5   58257   0.3129003   
25536   58236   0.4040409   
25501.5   58215   0.426016   
25429.5   58535.25   0.4047223   
25456   58497.5   0.4662809   
25482.5   58459.75   0.4997616   
25509   58422   0.5078025   B1-320-P69
25581   58314   0.4037513   
25557   58350   0.4648511   
25533   58386   0.4979574   
25369.75   57801   0.3129003   
25290.5   57860   0.3862974   
25211.25   57919   0.4051142   
24969.5   57571.75   0.3129003   
24999   57618.5   0.3842062   
25028.5   57665.25   0.4028316   
25203.5   57511.75   0.3129003   
25155   57578.5   0.3848321   
25106.5   57645.25   0.4035045   
25082.75   57599.5   0.3129003   
25074.5   57637   0.3848373   
25066.25   57674.5   0.4035102   
24905.75   57591.25   0.3129003   
24956.5   57631.5   0.3848383   
25007.25   57671.75   0.4035113   
25351.25   57734.5   0.3129003   
25253.5   57727   0.3848487   
25155.75   57719.5   0.4035227   
25317.75   58051.25   0.3129003   
25330.5   58007.5   0.4005546   
25343.25   57963.75   0.4219323   
25149   58097   0.4618339   
25218   58038   0.5571278   
25287   57979   0.6254114   
25491.75   58001   0.3129003   
25446.5   57974   0.4027305   
25401.25   57947   0.4244986   
25425.75   57786.5   0.3129003   
25402.5   57831   0.4012985   
25379.25   57875.5   0.4228402   
25815.75   57995.25   0.4084733   
25853.5   58015.5   0.4719365   
25891.25   58035.75   0.5065553   
25686   58222.5   0.4618339   
25767   58167   0.5571278   
25848   58111.5   0.6254114   
25756   58011.75   0.3832201   
25734   58048.5   0.4350715   
25712   58085.25   0.4623624   
25690   58122   0.4688874   B1-321-P70
25575.25   58051.5   0.3806967   
25613.5   58075   0.4335278   
25651.75   58098.5   0.460484   
25626.25   58239   0.3830651   
25647.5   58200   0.4348695   
25668.75   58161   0.4621174   
25737   57944   0.4484749   
25696   57913   0.5349909   
25655   57882   0.5876521   
25556.25   57983.75   0.4618339   
25575.5   57939.5   0.5571278   
25594.75   57895.25   0.6254114   
25490.25   57769.25   0.4102443   
25531.5   57796.5   0.4746656   
25572.75   57823.75   0.5097361   
22924.75   58743.25   0.3489355   
22962.5   58764.5   0.424812   
23000.25   58785.75   0.449524   
23038   58807   0.4535109   B1-321-P59
23105.5   58678.75   0.3476284   
23083   58721.5   0.4218639   
23060.5   58764.25   0.4458115   
22960.75   58928.5   0.3474759   
22986.5   58888   0.4214912   
23012.25   58847.5   0.4453988   
23140   58872.25   0.3475779   
23106   58850.5   0.4217405   
23072   58828.75   0.445675   
22857.75   58760.25   0.3652353   
22828.5   58798.5   0.4315177   
22799.25   58836.75   0.4579873   
22770   58875   0.4625561   B1-321-P58
22669.5   58807.5   0.3500046   
22703   58830   0.4273331   
22736.5   58852.5   0.4527242   
22893.75   58945.5   0.3508797   
22852.5   58922   0.4294743   
22811.25   58898.5   0.4554442   
22845.75   58693.25   0.4563574   
22804.5   58664.5   0.5480548   
22763.25   58635.75   0.608319   
22657.5   58740.5   0.4618339   
22679   58696   0.5571278   
22700.5   58651.5   0.6254114   
22906.25   58675.75   0.4206322   
22925.5   58629.5   0.4903021   
22944.75   58583.25   0.5294945   
22964   58537   0.5929222   B1-330-P59
23087   58611.25   0.415116   
23046   58586.5   0.4817508   
23005   58561.75   0.5188075   
23180.75   58369   0.4618339   
23108.5   58425   0.5571278   
23036.25   58481   0.5599931   
22532.25   59252.75   0.4448888   
22540.5   59148.5   0.5293107   
22548.75   59044.25   0.578943   
22616.25   58823.75   0.4096944   
22596.5   58862.5   0.4738209   
22576.75   58901.25   0.5087376   
22308   59090   0.4462731   
22391   59040   0.5314866   
22474   58990   0.5822825   
22840.5   58961.75   0.4260672   
22746   58954.5   0.4991363   
22651.5   58947.25   0.5399072   
22596   58756.25   0.4369474   
22556   58727.5   0.516423   
22516   58698.75   0.5619936   
23866.75   58420.75   0.4105091   
23888.5   58378.5   0.4750724   
23910.25   58336.25   0.5102168   
23932   58294   0.5450707   B1-330-P63
23684.5   58471   0.4426408   
23767   58412   0.5257214   
23849.5   58353   0.5739446   
24041.5   58384   0.4072802   
24005   58354   0.4700924   
23968.5   58324   0.5044363   
23726.5   57994   0.4426408   
23795   58094   0.5257214   
23863.5   58194   0.5739446   
24172.75   58120   0.4068221   
24092.5   58178   0.4693915   
24012.25   58236   0.5036159   
24905   58424.5   0.3129003   
24928   58390   0.385084   
24951   58355.5   0.4037812   
25085.75   58379.5   0.3129003   
25048.5   58360   0.385085   
25011.25   58340.5   0.4037824   
22825.75   58623.75   0.4431168   
22764.5   58525.5   0.5264882   
22703.25   58427.25   0.5749527   
22637.5   58671   0.4431168   
22639   58557   0.5264882   
22640.5   58443   0.5749527   
22619.5   58151.25   0.395005   
22627   58210.5   0.451728   
22634.5   58269.75   0.4821157   
22728.25   58185   0.4052105   
22699.5   58233   0.4670042   
22670.75   58281   0.5006579   
22881.25   58612.25   0.4618339   
22875.5   58502.5   0.5571278   
22869.75   58392.75   0.6254114   
22783.75   58173.5   0.4355494   
22810.5   58210   0.5140656   
22837.25   58246.5   0.5589399   
23824.5   58501   0.3500411   
23804   58539   0.4274223   
23783.5   58577   0.4528375   
23642.25   58551.25   0.3220712   
23682.5   58572.5   0.4148813   
23722.75   58593.75   0.4381205   
23506.5   58786   0.4618339   
23592   58729   0.5571278   
23677.5   58672   0.6254114   
23879.25   58687   0.4618339   
23840.5   58663   0.5571278   
23801.75   58639   0.6254114   
21089.25   59648   0.3129003   
21105.5   59618   0.3864946   
21121.75   59588   0.4053308   
21138   59558   0.4104799   B1-320-SP51
21044.25   59486   0.3129003   
21075.5   59510   0.3865977   
21106.75   59534   0.405444   
21210   59439.5   0.3129003   
21186   59479   0.386638   
21162   59518.5   0.4054883   
20957.5   59473.5   0.3129003   
20902   59485   0.3860064   
20846.5   59496.5   0.4047945   
20970.5   59439.75   0.3129003   
20928   59417.5   0.3867478   
20885.5   59395.25   0.405609   
20843   59373   0.4106807   B1-321-P50
21582.25   59537.75   0.3129003   
21606.5   59501.5   0.3953928   
21630.75   59465.25   0.4154599   
21655   59429   0.4228696   B1-320-P53
21526.75   59358.5   0.3129003   
21569.5   59382   0.396256   
21612.25   59405.5   0.4164961   
21719.5   59326.25   0.3129003   
21698   59360.5   0.3987164   
21676.5   59394.75   0.419592   
21518.25   59551.5   0.3129003   
21478.5   59529   0.3880144   
21438.75   59506.5   0.4070003   
21275.25   59421   0.3129003   
21316.5   59442   0.3876919   
21357.75   59463   0.4066461   
21462.75   59372.25   0.3129003   
21441.5   59409.5   0.3876729   
21420.25   59446.75   0.4066252   
21519   59101.25   0.4618339   
21618   59111.5   0.5571278   
21717   59121.75   0.6254114   
21759.75   59252   0.4618339   
21778.5   59212   0.5571278   
21797.25   59172   0.6254114   
21823.25   59234.25   0.3129003   
21905.5   59176.5   0.3900309   
21987.75   59118.75   0.4092478   
22186.25   59120.25   0.3129003   
22147.5   59100.5   0.3880984   
22108.75   59080.75   0.4070926   
23323.25   58555   0.3129003   
23284.5   58535   0.3853585   
23245.75   58515   0.4040828   
23207   58495   0.4090344   B1-330-P60
23241.5   58358.5   0.3129003   
23230   58404   0.3853314   
23218.5   58449.5   0.404053   
23398.25   58602.5   0.3846564   
23434.5   58630   0.4369437   
23470.75   58657.5   0.4646339   
23507   58685   0.4724666   B1-321-P61
23578.25   58568.75   0.3844481   
23554.5   58607.5   0.4366723   
23530.75   58646.25   0.4643046   
23442.5   58803.5   0.3856252   
23464   58764   0.4382173   
23485.5   58724.5   0.4661881   
23380.25   58534.25   0.4193685   
23398.5   58493.5   0.4882312   
23416.75   58452.75   0.5271012   
23602.25   58023.5   0.4404966   
23546.5   58153   0.5222842   
23490.75   58282.5   0.5400366   
23240.75   58124   0.4504188   
23305.5   58220   0.5382147   
23370.25   58316   0.5923561   
23298.5   58337.75   0.451084   
23344   58362.5   0.5393261   
23389.5   58387.25   0.5938861   
24915.75   58480.75   0.3129003   
24949.5   58502.5   0.3866773   
24983.25   58524.25   0.4055315   
25017   58546   0.4106011   B1-320-P67
25096.5   58435.75   0.3129003   
25070   58472.5   0.3866829   
25043.5   58509.25   0.4055377   
25639.5   58296.5   0.4047217   
25674   58315   0.46628   
25708.5   58333.5   0.4997604   
25743   58352   0.5086873   B1-320-P70
25465.25   58551   0.4148402   
25527.5   58529   0.4813421   
25589.75   58507   0.5182673   
25652   58485   0.5276848   B1-1-69
25616.75   58329.75   0.4139318   
25628.5   58381.5   0.4800447   
25640.25   58433.25   0.5165385   
24341.5   58826.25   0.4241303   
24295   58838.5   0.4960009   
24248.5   58850.75   0.5361418   
24202   58863   0.5379376   B1-1-63
24031   58926.75   0.4183153   
24088   58905.5   0.486589   
24145   58884.25   0.5250556   
24154.75   58706.25   0.4161896   
24170.5   58758.5   0.4833427   
24186.25   58810.75   0.5209115   
23994.25   58910.25   0.4296179   
24014.5   58872.5   0.5046728   
24034.75   58834.75   0.5467522   
24055   58797   0.5848684   B1-320-P63
23952.25   58732.5   0.4579213   
23986.5   58754   0.5506169   
24020.75   58775.5   0.6128179   
24118   58689.75   0.4287729   
24097   58725.5   0.503391   
24076   58761.25   0.5451311   
24370.5   58794   0.3716952   
24353   58774   0.4323575   
24335.5   58754   0.4590304   
24318   58734   0.4601204   B1-320-P64
24183.75   58674   0.348077   
24228.5   58694   0.4228842   
24273.25   58714   0.4470799   
24311.25   58393.5   0.4342276   
24290.5   58433   0.5118589   
24269.75   58472.5   0.5560765   
24120.75   58438.5   0.4618339   
24163.5   58463   0.5571278   
24206.25   58487.5   0.6254114   
24166.5   58618.5   0.4115555   
24194   58583   0.4766801   
24221.5   58547.5   0.5121169   
24383.25   58551.75   0.4618339   
24338.5   58538.5   0.5571278   
24293.75   58525.25   0.6254114   
21035.25   59655.75   0.3129003   
20997.5   59633.5   0.3858995   
20959.75   59611.25   0.4046771   
20990.25   59493.75   0.3129003   
20967.5   59525.5   0.3859266   
20944.75   59557.25   0.4047068   
21125.75   59659.25   0.3129003   
21178.5   59640.5   0.3856781   
21231.25   59621.75   0.4044338   
21246.5   59450.75   0.3129003   
21259   59501.5   0.3857281   
21271.5   59552.25   0.4044889   
21623.5   59564.75   0.4201838   
21689   59555.5   0.4895617   
21754.5   59546.25   0.5286485   
21820   59537   0.5690944   B1-1-53
21760.75   59353.25   0.4466258   
21780.5   59414.5   0.5320408   
21800.25   59475.75   0.5831302   
21781.75   59312.25   0.4069894   
21822.5   59332.5   0.4696429   
21863.25   59352.75   0.5039197   
21904   59373   0.5130135   B1-320-P54
22204.25   59178.75   0.3129003   
22183.5   59217.5   0.3854705   
22162.75   59256.25   0.4042059   
22142   59295   0.4091818   B1-320-P55
22459.75   59357.75   0.3129003   
22395.5   59358.5   0.3900341   
22331.25   59359.25   0.4092514   
22267   59360   0.413781   B1-1-55
22235.5   59195   0.3129003   
22246   59250   0.3887406   
22256.5   59305   0.4078004   
22490   59325.25   0.3321809   
22456   59293.5   0.416161   
22422   59261.75   0.4395201   
22265.75   59162.5   0.4290987   
22306.5   59185   0.5038964   
22347.25   59207.5   0.5457572   
22611.5   59293   0.3989658   
22699   59229   0.457768   
22786.5   59165   0.489049   
22874   59101   0.5042711   B1-320-P58
22982   59170.75   0.4060468   
22946   59147.5   0.4682431   
22910   59124.25   0.5021929   
22919.75   59002   0.4018465   
22904.5   59035   0.4620582   
22889.25   59068   0.4943859   
21462.75   59116.25   0.3355376   
21505.5   59141.5   0.4165859   
21548.25   59166.75   0.4399849   
21591   59192   0.4460548   B1-321-P53
21510.75   59299.25   0.3297815   
21537.5   59263.5   0.4158573   
21564.25   59227.75   0.4391879   
21703.5   59267   0.3360541   
21666   59242   0.4166513   
21628.5   59217   0.4400564   
21401.75   59129.75   0.3129003   
21383.5   59168.5   0.40993   
21365.25   59207.25   0.4326574   
21347   59246   0.4378111   B1-321-P52
21256.25   59168   0.3129003   
21286.5   59194   0.4103318   
21316.75   59220   0.433102   
21308   58707.5   0.3129003   
21321   58887   0.4093732   
21334   59066.5   0.4320413   
21262.25   59361.5   0.3129003   
21290.5   59323   0.40852   
21318.75   59284.5   0.4310834   
21449.75   59312.75   0.3129003   
21415.5   59290.5   0.4082773   
21381.25   59268.25   0.4308107   
21235.5   59098.25   0.33425   
21245   59054.5   0.416423   
21254.5   59010.75   0.4398066   
21287.25   58637.75   0.3323409   
21279.5   58747.5   0.4161813   
21271.75   58857.25   0.4395423   
22018.25   58451.25   0.4425345   
22007.5   58568.5   0.5255502   
21996.75   58685.75   0.5737196   
23884.25   58486   0.4435396   
23923.5   58509   0.5271689   
23962.75   58532   0.5758477   
24002   58555   0.6216728   B1-321-P63
24059   58449.25   0.4473832   
24040   58484.5   0.5332311   
24021   58519.75   0.5849504   
23939   58672   0.4653673   
23960   58633   0.5634298   
23981   58594   0.6443042   
24104.75   58629.25   0.440685   
24070.5   58604.5   0.5225857   
24036.25   58579.75   0.5698943   
24292.75   58325.75   0.3129003   
24253.5   58297.5   0.3865677   
24214.25   58269.25   0.405411   
24175   58241   0.4103911   B1-330-P64
24102.25   58370.75   0.3129003   
24126.5   58327.5   0.3865485   
24150.75   58284.25   0.40539   
24233.5   58106.75   0.3129003   
24214   58151.5   0.3863872   
24194.5   58196.25   0.4052128   
24353   58309   0.3129003   
24374   58264   0.385488   
24395   58219   0.404225   
24536.75   58256.5   0.3129003   
24496.5   58229   0.385436   
24456.25   58201.5   0.404168   
24293.75   58090   0.3129003   
24334.5   58118   0.3854527   
24375.25   58146   0.4041863   
21199   59179.75   0.3129003   
21172   59217.5   0.4006147   
21145   59255.25   0.4220089   
21118   59293   0.4263758   B1-321-P51
21039.25   59419.75   0.3129003   
21065.5   59377.5   0.3989501   
21091.75   59335.25   0.4198895   
21205   59373.25   0.3129003   
21176   59346.5   0.3994697   
21147   59319.75   0.4205511   
21177   59121   0.3129003   
21128   59100   0.4015487   
21079   59079   0.42313   
21030   59058   0.4276589   B1-330-SP51
21017.25   59361   0.3129003   
21021.5   59260   0.3999509   
21025.75   59159   0.4211638   
22555.5   58837.5   0.3129003   
22475   58890   0.3855554   
22394.5   58942.5   0.4042991   
22247.25   59103.75   0.3129003   
22269.5   59067.5   0.3855031   
22291.75   59031.25   0.4042416   
23137   58602   0.3181487   
23146   58568   0.4143848   
23155   58534   0.4375775   
23164   58500   0.4436927   B1-30-M560
21424   58978.5   0.4618339   
21428   58866   0.5571278   
21432   58753.5   0.6254114   
21453.25   58455   0.322394   
21447.5   58517   0.4149222   
21441.75   58579   0.4381652   
21330.25   58556.25   0.3496062   
21365.5   58584.5   0.4263582   
21400.75   58612.75   0.4514858   
21493.75   58503   0.3498917   
21474.5   58549   0.4270567   
21455.25   58595   0.452373   
21220   59033   0.3129003   
21214   58924   0.3866237   
21208   58815   0.4054726   
21149.5   58586   0.3129003   
21167   58626   0.3862353   
21184.5   58666   0.405046   
21271.75   58572.5   0.3129003   
21248.5   58617   0.3862614   
21225.25   58661.5   0.4050746   
21078.75   58600.5   0.3129003   
21025.5   58655   0.3833098   
20972.25   58709.5   0.4019232   
22062.5   58367.5   0.4359457   
22096   58401   0.5147274   
22129.5   58434.5   0.5597986   
22163   58468   0.570084   B1-331-P56
22275.5   58540   0.4334148   
22238   58516   0.5105129   
22200.5   58492   0.5543348   
24452.5   57732.75   0.3129003   
24496   57766.5   0.3868051   
24539.5   57800.25   0.4056719   
24583   57834   0.4107479   B1-331-P66
20957.75   59370.75   0.3129003   
20902.5   59279.5   0.3866197   
20847.25   59188.25   0.4054683   
21026   58618   0.3129003   
20920   58690   0.391983   
20814   58762   0.4114376   
24428.5   58777   0.3129003   
24469   58740   0.3933004   
24509.5   58703   0.4129479   
24241.75   58657   0.3129003   
24344.5   58660   0.3910679   
24447.25   58663   0.4104111   
24458.5   58590.25   0.3129003   
24489   58615.5   0.3886474   
24519.5   58640.75   0.4076959   
24628   58538.5   0.3129003   
24602   58581   0.3885849   
24576   58623.5   0.407627   
24904.25   58683   0.3129003   
24867.5   58657   0.3875403   
24830.75   58631   0.4064795   
24794   58605   0.4110607   B1-320-P66
24689   58523.25   0.3129003   
24724   58550.5   0.3867234   
24759   58577.75   0.4055821   
24860   58495.5   0.3129003   
24838   58532   0.3869513   
24816   58568.5   0.4058325   
24462.75   58793.5   0.3129003   
24537.5   58773   0.397741   
24612.25   58752.5   0.41835   
24877.5   58714.75   0.3129003   
24814   58720.5   0.3950044   
24750.5   58726.25   0.4149936   
24662.25   58555   0.3129003   
24670.5   58614   0.3904871   
24678.75   58673   0.4097596   
21012.75   59692   0.3129003   
20952.5   59706   0.3888904   
20892.25   59720   0.4079685   
24618.25   58304.5   0.3129003   
24659.5   58325   0.3843369   
24700.75   58345.5   0.4029641   
24676   58463.5   0.3129003   
24698   58431   0.3817551   
24720   58398.5   0.4003479   
24847   58435.75   0.3129003   
24812   58412.5   0.3842998   
24777   58389.25   0.4029264   
24597.75   58238.5   0.3129003   
24618.5   58193   0.3865586   
24639.25   58147.5   0.4054011   
24660   58102   0.4105228   B1-330-P66
24354.75   58072   0.3129003   
24456.5   58082   0.386668   
24558.25   58092   0.4055213   
25553   57753.75   0.3485965   
25657   57765.5   0.4240507   
25761   57777.25   0.4485589   
25327.25   57480.25   0.3129003   
25402.5   57515.5   0.3889706   
25477.75   57550.75   0.4080585   
25670.75   57423.25   0.3129003   
25631.5   57477.5   0.3893214   
25592.25   57531.75   0.4084519   
25475   57703   0.3129003   
25501   57664   0.3909281   
25527   57625   0.4102542   
25265.5   57492.5   0.3129003   
25279   57540   0.3853548   
25292.5   57587.5   0.4040787   
25413.25   57715.25   0.3129003   
25377.5   57688.5   0.3853871   
25341.75   57661.75   0.4041142   
24373.5   58369.75   0.3129003   
24415   58385.5   0.3860957   
24456.5   58401.25   0.4048926   
24557.25   58317.25   0.3129003   
24537.5   58350.5   0.3859087   
24517.75   58383.75   0.4046871   
24445.5   58528   0.3129003   
24463   58491   0.3860675   
24480.5   58454   0.4048616   
24615   58476.25   0.3129003   
24576   58456.5   0.385898   
24537   58436.75   0.4046754   
23928   58814   0.5409195   B1-320-62
25758.5   58537.75   0.5936962   
25877   58526   0.55   B1-311-70
22268.75   58641.5   0.5042002   
22224.5   58719   0.6847008   
22180.25   58796.5   0.6714892   
22136   59384   0.5443211   B1-1-455
21415.25   59606.75   0.3129003   
21995   59430   0.7095   B1-1-54
21732   58828   0.55   B1-30-554
26048   58250   0.55   B1-320-71
25956   58279   0.55   B1-320-CSP71
22319   58198   0.55   B1-3-54
24721   57569   0.55   B1-3-62
23066   58007   0.55   B1-3-D56
22160   58217   0.55   B1-3-F53
26019   58136   0.55   B1-D2-74
21913   58908   0.55   G96-41
21781   58328   0.6250788   G100-41
22396   58224   0.55   B1-3-P261
22365   58181   0.5801296   G100-43
24388   58814   0.3114   B1-1-64
21073   59678   0.3114   B1-1-P50
21558   59574   0.3114   B1-1-P52
22524   59357   0.3114   B1-1-P56
23018   59194   0.3114   B1-1-P58
23494   59074   0.3114   B1-1-P60
23974   58948   0.3114   B1-1-P62
24448   58826   0.3114   B1-1-P64
24941   58709   0.3114   B1-1-P66
25403   58573   0.3114   B1-1-P68
20947   59222   0.3114   B1-2-P134
21420   59091   0.3114   B1-2-P135
22887   58722   0.3114   B1-2-P138
23362   58575   0.3114   B1-2-P139
23845   58463   0.3114   B1-2-P140
24332   58354   0.3114   B1-2-P141
25305   58095   0.3114   B1-2-P143
25778   57975   0.3114   B1-2-P144
21226   59142   0.3114   B1-2-P35
22636   58785   0.3114   B1-2-P38
23128   58636   0.3114   B1-2-P39
23602   58530   0.3114   B1-2-P40
24078   58414   0.3114   B1-2-P41
24577   58284   0.3114   B1-2-P42
25080   58156   0.3114   B1-2-P43
25537   58028   0.3114   B1-2-P44
20572   58649   0.3114   B1-3-48
20871   58569   0.3114   B1-3-49
21155   58497   0.3114   B1-3-50
21445   58423   0.3114   B1-3-51
21729   58347   0.3114   B1-3-52
22907   58052   0.3114   B1-3-56
23185   57966   0.3114   B1-3-57
23783   57820   0.3114   B1-3-59
24380   57642   0.3114   B1-3-61
24940   57525   0.3114   B1-3-63
25252   57445   0.3114   B1-3-64
25525   57379   0.3114   B1-3-65
25825   57292   0.3114   B1-3-66
26098   57244   0.3114   B1-3-67
21459   58393   0.3114   B1-3-F51
22612   58092   0.3114   B1-3-F55
20697   58660   0.3114   B1-3-P253
21132   58546   0.3114   B1-3-P255
21295   58528   0.3114   B1-3-P256
21513   58457   0.3114   B1-3-P257
22029   58334   0.3114   B1-3-P259
22757   58137   0.3114   B1-3-P263
22971   58076   0.3114   B1-3-P264
23658   57894   0.3114   B1-3-P267
25091   57562   0.3114   B1-3-P274
25710   57369   0.3114   B1-3-P277
25918   57330   0.3114   B1-3-P278
23176   58028   0.3114   B1-3-SP265
24409   57699   0.3114   B1-3-SP271
24855   57551   0.3114   B1-3-SP273
26105   58455   0.3114   B1-311-71
22575   58595   0.3114   B1-330-57
22077   59164   0.3114   B1-D2-455
24734   58444   0.3114   B1-D2-466
24987   58409   0.3114   B1-D2-467
25221   58343   0.3114   B1-D2-468
21013   59462   0.3114   B1-D2-P53
21234   59400   0.3114   B1-D2-P54
21484   59335   0.3114   B1-D2-P55
21741   59292   0.3114   B1-D2-P56
22225   59140   0.3114   B1-D2-P58
22935   58969   0.3114   B1-D2-P61
23174   58894   0.3114   B1-D2-P62
23421   58843   0.3114   B1-D2-P63
23918   58711   0.3114   B1-D2-P65
24139   58654   0.3114   B1-D2-P66
24428   58565   0.3114   B1-D2-P67
24654   58496   0.3114   B1-D2-P68
24882   58459   0.3114   B1-D2-P69
25123   58399   0.3114   B1-D2-P70
25363   58324   0.3114   B1-D2-P71
25605   58278   0.3114   B1-D2-P72
21611   58709   0.3114   B1-D3-P59
22313   58564   0.3114   B1-D3-P62
23253   58313   0.3114   B1-D3-P66
24253   58062   0.3114   B1-D3-P70
25217   57807   0.3114   B1-D3-P74
25449   57742   0.3114   B1-D3-P75
20878.66015625   60014.87890625   0.3114   B1-311-SP68
19758.8671875   593711.9375   0.3114   
19758.8671875   56737.22265625   0.3114   
251815.28125   56737.22265625   0.3114   
251815.28125   593711.9375   0.3114   
26044   58285   0.7095   B1-1-71
23243   59228   0.7095   B1-311-59
23944   59023   0.7095   B1-311-62
23342   57931   0.7095   B1-3-D57
23891   58948   0.7095   B1-1-062
22374   58322   0.7095   B1-31-557
21703   58552   0.7095   B1-331-P54
21691   58690   0.7095   B1-D3-454
21032   59688   0.3114   B1-1-050
21562   59539   0.3137027   B1-1-052
22044   59424   0.6535142   B1-1-054
22384   59355   0.3968211   B1-1-055
22847   59191   0.4686564   B1-1-057
22998   59141   0.4501615   B1-1-058
23268   59116   0.5924312   B1-1-059
23478   59043   0.4025553   B1-1-060
24153   58873   0.5285191   B1-1-063
24432   58796   0.3114   B1-1-064
24711   58688   0.4130538   B1-1-065
25129   58581   0.4878109   B1-1-067
25350   58567   0.4012285   B1-1-068
25630   58463   0.5204093   B1-1-069
25828   58434   0.5194551   B1-1-070
26080   58360   0.5127321   B1-1-071
21156   59634   0.3738398   B1-1-451
21887   59474   0.6095971   B1-1-454
22650   59242   0.4468274   B1-1-457
23086   59128   0.5095065   B1-1-459
23332   59070   0.5573018   B1-1-460
23567   59011   0.4853026   B1-1-461
24044   58908   0.4544184   B1-1-463
24298   58848   0.4902543   B1-1-464
24553   58751   0.4087467   B1-1-465
24804   58686   0.4038127   B1-1-466
25048   58624   0.4559834   B1-1-467
25234   58549   0.4876246   B1-1-468
25478   58528   0.4469784   B1-1-469
25725   58456   0.5469589   B1-1-470
20987   59705   0.3473421   B1-1-50
21510   59546   0.3283757   B1-1-52
22956   59175   0.4219519   B1-1-58
23415   59061   0.4768335   B1-1-60
23938   58934   0.5034657   B1-1-62
24929   58668   0.3394522   B1-1-66
25318   58589   0.4217589   B1-1-68
25801   58450   0.5385988   B1-1-70
25869   58431   0.4887255   B1-1-P70
21095   59146   0.4098254   B1-2-035
23079   58592   0.4387706   B1-2-039
24042   58440   0.4429316   B1-2-041
21166   59494   0.3959032   B1-20-551
21372   59459   0.40792   B1-20-552
21628   59391   0.412729   B1-20-553
21888   59322   0.4632858   B1-20-554
22106   59280   0.4248852   B1-20-555
22842   59094   0.5003859   B1-20-558
23568   58896   0.5157938   B1-20-561
23331   58575   0.3170354   B1-2-139
23823   58448   0.3704807   B1-2-140
21085   59275   0.4221894   B1-21-551
21304   59213   0.4258742   B1-21-552
21557   59141   0.4702159   B1-21-553
22797   58867   0.4582099   B1-21-558
23023   58782   0.4520698   B1-21-559
23489   58658   0.4645694   B1-21-561
23972   58528   0.5806934   B1-21-563
21094   59296   0.4231049   B1-21-M551
22772   58841   0.4580259   B1-21-M558
21156   59126   0.3454237   B1-2-35
23097   58644   0.3612021   B1-2-39
23581   58505   0.3589174   B1-2-40
24704   58322   0.3997096   B1-2-42
25508   58006   0.3243713   B1-2-44
20997   59168   0.3964005   B1-2-451
21277   59099   0.3796076   B1-2-452
23216   58605   0.3769929   B1-2-460
23469   58550   0.4429665   B1-2-461
23691   58482   0.4329582   B1-2-462
24409   58260   0.3870458   B1-2-465
24676   58212   0.3854304   B1-2-466
25407   58018   0.3555119   B1-2-469
21904   58982   0.5234572   B1-2-P136
24804   58221   0.4236661   B1-2-P142
21002   59016   0.4212351   B1-30-551
23938   58251   0.5471502   B1-30-563
20822   59847   0.3114   B1-311-49
21065   59770   0.3213489   B1-311-50
22278   59442   0.4364671   B1-311-55
22545   59383   0.3145923   B1-311-56
24184   58970   0.4741277   B1-311-63
24441   58903   0.356136   B1-311-64
24692   58830   0.3993084   B1-311-65
24938   58768   0.3340683   B1-311-66
25159   58707   0.4729566   B1-311-67
25391   58643   0.3558237   B1-311-68
21659   58530   0.5881828   B1-31-554
22122   58410   0.5402567   B1-31-556
22814   58229   0.5228307   B1-31-559
23861   57963   0.4232362   B1-31-563
24567   57779   0.3939546   B1-31-566
21015   59547   0.3747147   B1-320-50
21255   59509   0.3889509   B1-320-51
21512   59452   0.3717277   B1-320-52
22012   59324   0.5009375   B1-320-54
22253   59259   0.3983689   B1-320-55
22741   59123   0.5014945   B1-320-57
22961   59049   0.4814824   B1-320-58
23217   58979   0.4827107   B1-320-59
23425   58933   0.4816595   B1-320-60
24159   58754   0.4842292   B1-320-63
24401   58701   0.3953546   B1-320-64
24905   58573   0.3837487   B1-320-66
25115   58491   0.4260729   B1-320-67
25591   58374   0.4741849   B1-320-69
22616   59195   0.4846836   B1-320-P57
23803   58872   0.623028   B1-320-P62
20928   59307   0.3629863   B1-321-50
21189   59236   0.3968224   B1-321-51
21432   59166   0.3654318   B1-321-52
21933   59058   0.4802618   B1-321-54
22649   58855   0.4446091   B1-321-57
22886   58800   0.3839927   B1-321-58
23127   58730   0.4156662   B1-321-59
23376   58664   0.4333896   B1-321-60
23866   58555   0.4803721   B1-321-62
24103   58488   0.5092822   B1-321-63
25548   58092   0.3674633   B1-321-69
21102   58987   0.3915184   B1-330-51
22819   58547   0.5159709   B1-330-58
23794   58295   0.5800191   B1-330-62
24514   58081   0.4204216   B1-330-65
23699   58350   0.5273185   B1-330-P62
22725   58255   0.4823594   B1-331-58
23849   58012   0.4613081   B1-331-P63
24716   57728   0.4605532   B1-331-S66
20717   58608   0.3114   B1-3-D48
21051   58519   0.3114   B1-3-D49
21292   58455   0.3114   B1-3-D50
25105   57471   0.3114   B1-3-D63
25675   57334   0.3114   B1-3-D65
25966   57263   0.3114   B1-3-D66
24647   57651   0.4687533   B1-3-SP272
20883   59420   0.4040806   B1-D2-450
21098   59375   0.402487   B1-D2-451
21352   59350   0.3963436   B1-D2-452
21594   59285   0.4104351   B1-D2-453
21860   59256   0.3631995   B1-D2-454
22807   58966   0.4620482   B1-D2-458
23536   58776   0.490246   B1-D2-461
24010   58639   0.5651281   B1-D2-463
24498   58526   0.3505742   B1-D2-465
20993   59421   0.3114   B1-D2-53
21219   59367   0.3194294   B1-D2-54
21478   59302   0.3252338   B1-D2-55
21720   59270   0.3432729   B1-D2-56
21969   59176   0.3777403   B1-D2-57
22201   59120   0.3114   B1-D2-58
22687   58998   0.5352554   B1-D2-60
22933   58935   0.3333978   B1-D2-61
23413   58810   0.3881908   B1-D2-63
24625   58495   0.3115272   B1-D2-68
25111   58376   0.3114   B1-D2-70
25605   58240   0.3525146   B1-D2-72
21968   59206   0.3725976   B1-D2-P57
22715   59036   0.5219449   B1-D2-P60
22186   58572   0.552089   B1-D3-456
24620   57881   0.4393943   B1-D3-466
22783   58390   0.5825149   B1-D3-64
24239   58018   0.352916   B1-D3-70
20619   58641   0.3114   G100-37
21205   58491   0.3114   G100-39
21496   58410   0.3114   G100-40
22059   58284   0.4087883   G100-42
21119   59440   0.3726188   G94-38
21408   59370   0.3691981   G94-39
21704   59300   0.3166647   G94-40
21982   59225   0.3734271   G94-41
22871   59003   0.427595   G94-44
23151   58933   0.4307029   G94-45
21051   59166   0.418768   G96-38
21348   59078   0.4075423   G96-39
23082   58675   0.3788556   G96-45
22182   58608   0.5690022   G98-42
22255   58524   0.4802358   S117
22542   59331   0.3428146   B1-1-056
22429   59275   0.4123574   B1-1-456
23819   58841   0.5884669   B1-20-562
21895   58938   0.5375997   B1-2-136
25283   58067   0.3419138   B1-2-143
25055   58132   0.3275973   B1-2-43
23939   58406   0.4709444   B1-2-463
21368   59053   0.406882   B1-2-M135
21489   58889   0.4571041   B1-30-553
22958   58490   0.5917496   B1-30-M559
21533   59653   0.3311953   B1-311-52
23092   58154   0.4368734   B1-31-560
25786   58034   0.4257637   B1-321-70
26015   57971   0.5229282   B1-321-71
25929   58056   0.5415321   B1-321-P71
21609   58854   0.4666885   B1-330-53
21519   58910   0.4576477   B1-330-P53
21551   58614   0.4460681   B1-331-53
22975   58244   0.5451692   B1-331-59
22864   58283   0.6173644   B1-331-P59
23122   58202   0.4812509   B1-331-P60
25732   58206   0.4614255   B1-D2-470
25931   58159   0.5344992   B1-D2-471
23895   58686   0.4212052   B1-D2-65
25835   58184   0.5134299   B1-D2-73
25991   58108   0.5457537   B1-D2-F74
25837   58220   0.5124384   B1-D2-P73
22895   58371   0.6167708   B1-D3-459
25567   57670   0.34798   B1-D3-470
21126   58822   0.4014894   B1-D3-57
21575   58713   0.3497415   B1-D3-59
21105   58847   0.3781411   B1-D3-P57
21526   58751   0.4153079   G98-40
22908   58394   0.6131523   G98-45
21788   59473   0.5536139   B1-1-053
23664   59002   0.5658237   B1-1-061
23802   58953   0.6682912   B1-1-462
23716   58985   0.5767976   B1-1-61
22061   59449   0.651309   B1-1-P54
22869   58692   0.3859833   B1-2-138
24305   58315   0.3133572   B1-2-141
20830   59350   0.4159738   B1-21-550
24069   58379   0.3457853   B1-2-41
22506   58778   0.3490557   B1-2-457
22742   58719   0.4580596   B1-2-458
22436   58629   0.3807341   B1-30-557
22023   59531   0.6600286   B1-311-54
23474   59139   0.3785807   B1-311-60
21758   59385   0.4709128   B1-320-53
22410   58914   0.407192   B1-321-56
23608   58623   0.4370085   B1-321-61
25077   58203   0.3442343   B1-321-67
25300   58148   0.3616555   B1-321-68
23763   58615   0.4518698   B1-321-P62
22476   58670   0.41019   B1-330-P57
22722   58607   0.5031637   B1-330-P58
21570   58369   0.3118604   B1-3-D51
24567   57625   0.4158607   B1-3-D61
22028   58327   0.3223544   B1-3-SP258
23781   58715   0.543432   B1-D2-462
23660   58742   0.5204591   B1-D2-64
23666   58771   0.5442842   B1-D2-P64
22477   58781   0.3567486   G96-43
22791   58708   0.4468566   G96-44
21635   58947   0.5067583   B1-2-036
22628   58714   0.3783288   B1-2-038
23586   58433   0.4356794   B1-2-040
22382   58805   0.4262092   B1-2-137
21795   59089   0.5365421   B1-21-554
21649   59001   0.515698   B1-2-36
22623   58747   0.3431457   B1-2-38
21527   59036   0.4382254   B1-2-453
21771   58975   0.5406086   B1-2-454
22395   58848   0.4048867   B1-2-P137
21679   59030   0.5019096   B1-2-P36
21954   58762   0.5522425   B1-30-555
22695   58567   0.5046613   B1-30-558
23647   58304   0.5290698   B1-30-562
22467   58626   0.3790955   B1-30-F557
21885   58475   0.5112503   B1-31-555
23321   58048   0.5240051   B1-31-561
23572   58041   0.4481961   B1-31-562
25340   58428   0.4772942   B1-320-68
25274   58494   0.5013627   B1-320-P68
24348   58417   0.3916895   B1-321-64
21816   59132   0.5240384   B1-321-P54
23306   58473   0.4007664   B1-330-60
23576   58353   0.4932502   B1-330-61
21986   58803   0.5525945   B1-330-P55
22020   58500   0.4802176   B1-331-55
23491   58129   0.5202404   B1-331-61
23735   58013   0.4568914   B1-331-62
21921   58524   0.5068918   B1-331-P55
23610   58090   0.4618753   B1-331-P62
23226   58149   0.4444193   B1-331-S60
23360   58150   0.5285993   B1-331-SP61
23589   57879   0.3875583   B1-3-D58
25458   58274   0.3821707   B1-D2-469
21939   58618   0.5326014   B1-D3-455
23636   58170   0.5031614   B1-D3-462
23882   58111   0.5311654   B1-D3-463
22040   58589   0.5347481   B1-D3-61
23551   58231   0.5094332   B1-D3-67
23761   58147   0.5338298   B1-D3-68
23537   58256   0.5143201   B1-D3-P67
23766   58184   0.5507397   B1-D3-P68
21602   59003   0.4963318   G96-40
22880   59232   0.4094476   B1-1-458
22803   59221   0.4586779   B1-1-57
24544   58249   0.3163861   B1-2-042
25541   57998   0.3718361   B1-2-044
24868   58162   0.4241939   B1-2-142
25756   57943   0.3918106   B1-2-144
23255   58712   0.4424079   B1-21-560
23723   58607   0.4116333   B1-21-562
22983   58639   0.469433   B1-2-459
24186   58350   0.3679146   B1-2-464
24958   58133   0.3858612   B1-2-467
22758   59330   0.372969   B1-311-57
22992   59267   0.3262804   B1-311-58
24678   58622   0.3937056   B1-320-65
23276   58737   0.4773061   B1-321-P60
22342   58678   0.4517532   B1-330-56
24260   58150   0.3405204   B1-330-64
24778   58019   0.4747425   B1-330-66
25494   57861   0.4318446   B1-330-69
24886   58056   0.4330926   B1-330-P67
23477   57895   0.5318262   B1-3-58
23439   57955   0.5935628   B1-3-SP266
23052   58900   0.4446725   B1-D2-459
23304   58800   0.5352157   B1-D2-460
23190   58870   0.3700239   B1-D2-62
24398   58596   0.3699729   B1-D2-67
24866   57851   0.4521002   B1-D3-467
25340   57749   0.3174261   B1-D3-469
24746   57871   0.4507756   B1-D3-72
24499   57995   0.4473119   B1-D3-P71
24747   57921   0.4625119   B1-D3-P72
24964   57869   0.4322568   B1-D3-P73
24687   58732   0.4170759   B1-1-65
22352   59211   0.4162742   B1-20-556
22596   59154   0.4927838   B1-20-557
25641   58588   0.5098621   B1-311-69
22505   59168   0.4388131   B1-320-56
22388   59230   0.4205617   B1-320-P56
21864   58802   0.55   B1-330-54
21772   58508   0.6385115   B1-331-54
22607   58121   0.3140549   B1-3-55
21876   58292   0.4917035   B1-3-F52
24143   58622   0.3974395   B1-D2-66
22961   58053   0.3171847   G100-45
22337   59162   0.3894281   G94-42
22582   59079   0.503841   G94-43
20904   59189   0.3547392   B1-2-134
20877   59045   0.3859019   B1-330-50
25015   57976   0.4001558   B1-330-67
21762   58846   0.5514686   B1-330-P54
22023   58256   0.3975425   B1-3-53
22440   58488   0.4142502   B1-D3-457
25096   57785   0.3770398   B1-D3-468
24991   57821   0.3997805   B1-D3-73
22368   58491   0.4409577   G98-43
21401   59067   0.352799   B1-2-135
24217   58463   0.4789013   B1-21-564
23419   58377   0.4089661   B1-30-561
24249   58512   0.4474851   B1-321-P64
25253   57926   0.3651831   B1-330-68
23435   58412   0.41723   B1-330-P61
22251   58368   0.55   B1-331-56
22501   58362   0.4746165   B1-331-57
24461   57844   0.4088697   B1-331-65
24975   57732   0.3700571   B1-331-67
24843   57758   0.4420375   B1-331-P67
25058   57712   0.3718929   B1-331-P68
23899   57802   0.3114587   B1-3-D59
22580   58163   0.3340677   B1-3-P262
22325   59089   0.3634285   B1-D2-456
24255   58587   0.4183373   B1-D2-464
23125   58308   0.5051842   B1-D3-460
21814   58650   0.6089289   B1-D3-60
22524   58458   0.3993626   B1-D3-63
23299   58266   0.4221286   B1-D3-66
25210   57775   0.3315992   B1-D3-74
21831   58677   0.591429   B1-D3-P60
22067   58623   0.55   B1-D3-P61
22562   58494   0.3209535   B1-D3-P63
21864   58636   0.55   G98-41
22592   58434   0.3758993   G98-F44
21326   59567   0.3712936   B1-1-051
20914   59711   0.3525913   B1-1-450
21392   59560   0.3541063   B1-1-452
21284   59603   0.3813243   B1-1-51
25083   58122   0.3202302   B1-2-043
20905   59565   0.4071166   B1-20-550
22530   58898   0.4217516   B1-21-557
25143   58105   0.350313   B1-2-468
25643   57974   0.479715   B1-2-470
22986   58509   0.55   B1-30-559
23148   58473   0.4563453   B1-30-560
24155   58197   0.4074856   B1-30-564
23702   59084   0.55   B1-311-61
20945   58710   0.349281   B1-31-551
24086   57905   0.3422169   B1-31-564
20922   59589   0.4065502   B1-320-P50
21399   59484   0.4011245   B1-320-P52
24550   58666   0.4117639   B1-320-P65
24574   58337   0.3259629   B1-321-65
22557   58940   0.4474609   B1-321-P57
24498   58417   0.4074998   B1-321-P65
24974   58321   0.3455648   B1-321-P67
25226   58268   0.3534059   B1-321-P68
24032   58225   0.4702895   B1-330-63
24416   58174   0.4055446   B1-330-P65
25132   57978   0.366163   B1-330-P68
25356   57920   0.4388535   B1-330-P69
25614   57851   0.482095   B1-330-P70
21081   58743   0.396541   B1-331-51
23975   58002   0.4249908   B1-331-63
25202   57654   0.3907704   B1-331-68
20708   58834   0.3165356   B1-331-P50
22642   58329   0.4042282   B1-331-P58
24089   57966   0.365409   B1-331-P64
23980   57820   0.3166507   B1-3-P269
22566   59032   0.4825889   B1-D2-457
22443   59061   0.4169173   B1-D2-59
22468   59081   0.430775   B1-D2-P59
24114   58025   0.3951063   B1-D3-464
24003   58076   0.4439979   B1-D3-69
24015   58124   0.4675495   B1-D3-P69
22620   58434   0.399244   G98-44
21262   59719   0.3394465   B1-311-51
22613   58277   0.3380703   B1-31-558
24826   58272   0.3744709   B1-321-66
22453   58153   0.4565916   B1-3-D54
22654   58427   0.4270546   B1-D3-458
21671   59498   0.4589618   B1-1-453
24320   57852   0.3356026   B1-31-565
21703   59120   0.5104178   B1-321-53
23065   58471   0.5217651   B1-330-59
24223   57870   0.3308246   B1-331-64
24350   57903   0.3735167   B1-331-P65
23442   58263   0.5006719   B1-D3-461
24354   57957   0.3983962   B1-D3-465
23003   58331   0.55   B1-D3-65
24481   57958   0.4514514   B1-D3-71
22096   58828   0.5684546   B1-2-037
22294   58964   0.3821521   B1-21-556
22136   58874   0.5184464   B1-2-37
22274   58844   0.4858933   B1-2-456
22155   58918   0.4475439   B1-2-P37
22202   58697   0.6136587   B1-30-556
22314   58995   0.3814802   B1-321-P56
24742   58366   0.3889737   B1-321-P66
22231   58740   0.5724553   B1-330-P56
20919   58764   0.3559757   B1-331-P51
22399   58384   0.55   B1-331-P57
25306   57635   0.3847401   B1-331-P69
20726   58930   0.3257899   B1-D3-450
20981   58856   0.3961205   B1-D3-451
20846   58896   0.3606945   B1-D3-56
20859   58926   0.3717633   B1-D3-P56
22243   58846   0.4934738   G96-42
20943   58866   0.3862578   G98-38
22065   59016   0.4230521   B1-21-555
22048   58888   0.5286497   B1-2-455
22172   58967   0.3926705   B1-321-55
22070   59061   0.3899943   B1-321-P55
20609   58953   0.3166956   B1-D3-55
20655   58972   0.3178133   B1-D3-M55
20626   58987   0.3242512   B1-D3-P55
20661   58942   0.3122352   G98-37
20668   59225   0.3720459   B1-2-034
20662   59267   0.3742365   B1-2-34
20797   59216   0.4078405   B1-2-450
20698   59251   0.3814442   B1-2-P34
20763   59068   0.377497   B1-30-550
20761   59641   0.3126624   B1-320-49
20700   59363   0.3524766   B1-321-49
20623   59116   0.3506002   B1-330-J49
20792   59097   0.3928419   B1-330-P50
20749   59499   0.3480274   B1-D2-52
20791   59508   0.3658572   B1-D2-M52
20763   59545   0.3422579   B1-D2-P52
20830   59522   0.3856983   G94-37
20769   59235   0.3999455   G96-37
23042   58364   0.5231519   B1-D3-P65
23113   59036   0.55   B1-20-559
23346   58918   0.55   B1-20-560
25996   57879   0.4568123   B1-2-45
25880   57908   0.4294636   B1-2-471
26013   57904   0.4792128   B1-2-P45
25721   57798   0.4275246   B1-330-70
25946   57730   0.4235002   B1-330-71
25865   57789   0.4192533   B1-330-P71
25433   57618   0.3717167   B1-331-69
25673   57521   0.3368742   B1-331-70
25912   57534   0.3974527   B1-331-71
25553   57586   0.3471752   B1-331-P70
25785   57524   0.369906   B1-331-P71
25793   57622   0.3997594   B1-D3-471
25690   57654   0.4021436   B1-D3-76
25887   57603   0.4055119   B1-D3-77
25701   57685   0.4088011   B1-D3-P76
21775   59589   0.5202729   B1-311-53
20692   58780   0.3134648   B1-31-550
22102   58717   0.55   B1-330-55
20799   58750   0.3150688   B1-331-50
22798   58429   0.55   B1-D3-P64
21406   58580   0.3415379   B1-31-553
21436   58641   0.4016978   B1-331-P53
21282   58945   0.4054106   B1-30-552
21373   58929   0.4195937   B1-330-52
21264   58967   0.4171911   B1-330-P52
21455   58756   0.4427398   B1-D3-453
21351   58788   0.4003139   B1-D3-58
21353   58813   0.4032492   B1-D3-P58
21213   58649   0.3199196   B1-31-552
21202   58706   0.3463815   B1-331-SP52
21237   58774   0.3800752   B1-D3-452
21281   58772   0.3897807   G98-39
21318   58621   0.3114   B1-331-52
20559   58872   0.3114   B1-331-49
20832   59734   0.3114   B1-1-49
24071   57739   0.3114   B1-3-60
24223   57691   0.3114   B1-3-D60
24193   57760   0.3114   B1-3-P270
25382   57406   0.3114   B1-3-D64
22870   58038   0.3114   B1-3-F56
22655   58111   0.3114   G100-44
20748   59773   0.3114   B1-1-049
24868   58435   0.3114   B1-D2-69
25344   58312   0.3114   B1-D2-71
20900   58570   0.3114   G100-38
25450   57714   0.3114   B1-D3-75
22496   59333   0.3114   B1-1-56
22786   58052   0.3114   B1-3-D55
