24020.25   58899.5   0.3893458   
24066.5   58851   0.4432392   
24112.75   58802.5   0.4723402   
23978.25   58721.75   0.3920656   
24038.5   58732.5   0.4471772   
24098.75   58743.25   0.4770213   
23815.75   58409.75   0.3476557   
23808.5   58371.5   0.4219307   
23801.25   58333.25   0.4458856   
23601.25   58265.75   0.3129003   
23665.5   58275.5   0.3933746   
23729.75   58285.25   0.4130371   
22422.5   58928   0.4618339   
22450   59008   0.5571278   
22477.5   59088   0.5763834   
22662.5   59069   0.4618339   
22610   59102   0.5571278   
22557.5   59135   0.6254114   
25700   58572.5   0.3333316   
25759   58557   0.4163067   
25818   58541.5   0.4396794   
25877   58526   0.4535418   B1-311-70
26048   58472.75   0.346025   
25991   58490.5   0.4179453   
25934   58508.25   0.441472   
25847   58296.5   0.3746813   
25857   58373   0.4327458   
25867   58449.5   0.4595126   
26064.5   58437.25   0.3840027   
26024   58419.5   0.4360917   
25983.5   58401.75   0.4636002   
25943   58384   0.4730458   B1-1-471
25863.5   58261   0.3864485   
25890   58302   0.4393102   
25916.5   58343   0.4675305   
25889.75   58227.5   0.4618339   
25942.5   58235   0.5571278   
25995.25   58242.5   0.5712941   
26048   58250   0.55   B1-320-71
21364.5   58480.5   0.3834024   
21270   58568   0.4353092   
21175.5   58655.5   0.4626508   
21114.75   58802.25   0.3261973   
21103.5   58782.5   0.4154036   
21092.25   58762.75   0.4386917   
22344.75   58545   0.4618339   
22376.5   58526   0.5571278   
22408.25   58507   0.6254114   
22531.5   58492.5   0.3408934   
22501   58491   0.4172639   
22470.5   58489.5   0.4407263   
24367.5   58511.25   0.396156   
24307   58457.5   0.4535086   
24246.5   58403.75   0.4840543   
24186   58350   0.4925835   B1-2-464
24659.5   58425   0.3129003   
24665   58354   0.3866612   
24670.5   58283   0.4055138   
24676   58212   0.4105746   B1-2-466
24543.25   58049.25   0.3129003   
24587.5   58103.5   0.3866537   
24631.75   58157.75   0.4055056   
24423.25   58488.75   0.4196833   
24418.5   58412.5   0.4887356   
24413.75   58336.25   0.5277046   
24592.75   58437   0.4369474   
24531.5   58378   0.516423   
24470.25   58319   0.5619936   
24476.5   58061.25   0.4369474   
24454   58127.5   0.516423   
24431.5   58193.75   0.5619936   
24395.25   57763.5   0.3505772   
24381.5   57828   0.4287342   
24367.75   57892.5   0.454504   
24462.75   57985.5   0.4618339   
24426.5   57976   0.5470005   
24390.25   57966.5   0.5499422   
25370.5   57988.75   0.3129003   
25436   57882.5   0.3856721   
25501.5   57776.25   0.4044272   
25567   57670   0.4093427   B1-D3-470
25646.5   57558.25   0.3129003   
25620   57595.5   0.3855926   
25593.5   57632.75   0.4043399   
25330.75   57501.25   0.3129003   
25409.5   57557.5   0.3855584   
25488.25   57613.75   0.4043024   
25847.75   58142   0.4030105   
25858.5   58064   0.4637649   
25869.25   57986   0.4965684   
25016.5   58185   0.4618339   
24953   58214   0.5571278   
24889.5   58243   0.5463662   
24408   58528   0.4295511   
24388   58491   0.5045754   
24368   58454   0.5466242   
21056   58840.5   0.425633   
20986   58859   0.4984332   
20916   58877.5   0.5390599   
26098.75   58431.25   0.381219   
26092.5   58407.5   0.4335958   
26086.25   58383.75   0.4605683   
26080   58360   0.4677456   B1-1-071
23032.75   59150.75   0.3129003   
23047.5   59107.5   0.3854136   
23062.25   59064.25   0.4041434   
22970.5   58982   0.3129003   
23006   58995   0.3854085   
23041.5   59008   0.4041377   
23149.75   58925.75   0.3129003   
23125.5   58957.5   0.3854243   
23101.25   58989.25   0.4041551   
23071.75   59172.75   0.3129003   
23125.5   59151.5   0.3856089   
23179.25   59130.25   0.4043578   
23188.75   58947.75   0.3129003   
23203.5   59001.5   0.3856039   
23218.25   59055.25   0.4043524   
23217   58914   0.3129003   
23260   58934   0.3853289   
23303   58954   0.4040503   
23402.25   58875.75   0.3129003   
23383.5   58908.5   0.3853116   
23364.75   58941.25   0.4040312   
23458.25   58864   0.3129003   
23495.5   58885   0.383759   
23532.75   58906   0.4023784   
23642   58810   0.3129003   
23618   58849   0.3844011   
23594   58888   0.4030311   
23909.5   58957.25   0.4618339   
23845   58966.5   0.5571278   
23780.5   58975.75   0.6254114   
23678.5   58824.5   0.3129003   
23691   58878   0.3860156   
23703.5   58931.5   0.4048046   
24993   58685.25   0.3172465   
25045   58661.5   0.4142706   
25097   58637.75   0.4374526   
25339.5   58583.25   0.3237113   
25276   58593.5   0.4150889   
25212.5   58603.75   0.4383476   
25129.5   58452.75   0.3129003   
25136   58506.5   0.4018176   
25142.5   58560.25   0.4234413   
25370.75   58553.25   0.3129003   
25338.5   58533.5   0.3883981   
25306.25   58513.75   0.4074218   
25274   58494   0.4121838   B1-320-P68
25160.75   58422.75   0.3129003   
25198.5   58446.5   0.3876596   
25236.25   58470.25   0.4066105   
25285.25   58138.25   0.3129003   
25265.5   58181.5   0.3853312   
25245.75   58224.75   0.4040527   
25116.5   58184   0.3129003   
25153   58212   0.3853102   
25189.5   58240   0.4040297   
25148.75   58366.25   0.3129003   
25174.5   58333.5   0.3853371   
25200.25   58300.75   0.4040593   
25510.25   58275.5   0.3129003   
25415.5   58273   0.3853623   
25320.75   58270.5   0.4040869   
25345.5   58119.75   0.3129003   
25386   58144.5   0.3859178   
25426.5   58169.25   0.4046972   
25467   58194   0.4097257   B1-321-P69
25519.5   58069.5   0.3129003   
25502   58111   0.3859562   
25484.5   58152.5   0.4047393   
25570.5   58257   0.3129003   
25536   58236   0.385928   
25501.5   58215   0.4047084   
25429.5   58535.25   0.3129003   
25456   58497.5   0.3860281   
25482.5   58459.75   0.4048184   
25608   58546.5   0.3129003   
25575   58505   0.385998   
25542   58463.5   0.4047852   
25219.5   58404.75   0.3129003   
25316   58410.5   0.3862076   
25412.5   58416.25   0.4050155   
25581   58314   0.3129003   
25557   58350   0.3860178   
25533   58386   0.404807   
25755   58270.5   0.3129003   
25673   58321   0.3864529   
25591   58371.5   0.4052849   
25261.75   58065.75   0.3129003   
25218.5   58036.5   0.3854692   
25175.25   58007.25   0.4042044   
25132   57978   0.4091735   B1-330-P68
25093   58111.5   0.3129003   
25106   58067   0.3854577   
25119   58022.5   0.4041918   
25243.25   57999.25   0.3129003   
25181.5   57903.5   0.3910181   
25119.75   57807.75   0.4103552   
25074.5   58045   0.3666962   
25069   57934   0.4317076   
25063.5   57823   0.4582232   
24969.5   57571.75   0.3129003   
24999   57618.5   0.3907207   
25028.5   57665.25   0.4100215   
25082.75   57599.5   0.3129003   
25074.5   57637   0.3908467   
25066.25   57674.5   0.4101629   
24905.75   57591.25   0.3129003   
24956.5   57631.5   0.3905932   
25007.25   57671.75   0.4098786   
25860   58179   0.3971497   
25883   58138   0.455019   
25906   58097   0.4858088   
25929   58056   0.49452   B1-321-P71
25575.25   58051.5   0.3129003   
25613.5   58075   0.3998616   
25651.75   58098.5   0.4210501   
25690   58122   0.4318126   B1-321-P70
25626.25   58239   0.3129003   
25647.5   58200   0.4000102   
25668.75   58161   0.4212392   
25800.25   58195.5   0.3129003   
25763.5   58171   0.4129974   
25726.75   58146.5   0.436051   
25382.25   58034   0.3129003   
25459.5   57973   0.3865814   
25536.75   57912   0.4054261   
25614   57851   0.4105985   B1-330-P70
25556.25   57983.75   0.3129003   
25575.5   57939.5   0.3867742   
25594.75   57895.25   0.405638   
22924.75   58743.25   0.3129003   
22962.5   58764.5   0.4084859   
23000.25   58785.75   0.4310451   
23105.5   58678.75   0.3129003   
23083   58721.5   0.411175   
23060.5   58764.25   0.4340348   
22960.75   58928.5   0.3129003   
22986.5   58888   0.4006771   
23012.25   58847.5   0.4220884   
23140   58872.25   0.3129003   
23106   58850.5   0.4022299   
23072   58828.75   0.4239188   
22857.75   58760.25   0.3129003   
22828.5   58798.5   0.3907722   
22799.25   58836.75   0.4100794   
22669.5   58807.5   0.3129003   
22703   58830   0.3892127   
22736.5   58852.5   0.40833   
22728.75   58995.75   0.3129003   
22742.5   58955.5   0.3886797   
22756.25   58915.25   0.4077321   
22893.75   58945.5   0.3129003   
22852.5   58922   0.3904561   
22811.25   58898.5   0.4097248   
22845.75   58693.25   0.3129003   
22804.5   58664.5   0.3899047   
22763.25   58635.75   0.4091063   
22657.5   58740.5   0.3129003   
22679   58696   0.3878933   
22700.5   58651.5   0.4068673   
22602   58522.25   0.3129003   
22642   58550.5   0.387341   
22682   58578.75   0.4062606   
22779   58473.5   0.3129003   
22760   58518   0.3873577   
22741   58562.5   0.4062789   
22906.25   58675.75   0.3129003   
22925.5   58629.5   0.4009451   
22944.75   58583.25   0.4224296   
23087   58611.25   0.3129003   
23046   58586.5   0.402878   
23005   58561.75   0.4246693   
22839.5   58456   0.3129003   
22881   58483   0.3926402   
22922.5   58510   0.4121748   
23022.5   58407.25   0.3129003   
23003   58450.5   0.3934147   
22983.5   58493.75   0.4130852   
22435.5   58871   0.3129003   
22476   58894   0.3956151   
22516.5   58917   0.4157268   
22616.25   58823.75   0.3129003   
22596.5   58862.5   0.3947569   
22576.75   58901.25   0.4146965   
22675.5   59012   0.3129003   
22636   58988   0.3907833   
22596.5   58964   0.4100918   
22415.25   58803.5   0.3129003   
22435.5   58759   0.4089285   
22455.75   58714.5   0.4315421   
22476   58670   0.4326369   B1-330-P57
22596   58756.25   0.3129003   
22556   58727.5   0.4084271   
22516   58698.75   0.4309791   
22353.75   58590.5   0.3129003   
22394.5   58617   0.4042996   
22435.25   58643.5   0.4263157   
22540.5   58538   0.3129003   
22519   58582   0.3980116   
22497.5   58626   0.4186945   
25053.5   58197.25   0.3129003   
25027   58238.5   0.3806643   
25000.5   58279.75   0.3992425   
25085.75   58379.5   0.3129003   
25048.5   58360   0.3835832   
25011.25   58340.5   0.4022003   
26067.75   58411   0.3487983   
26030.5   58367   0.424504   
25993.25   58323   0.4491336   
25956   58279   0.4573202   B1-320-CSP71
25866.75   58234.75   0.3495984   
25896.5   58249.5   0.426339   
25926.25   58264.25   0.4514614   
23555.25   58214.5   0.4327915   
23573.5   58173   0.5095031   
23591.75   58131.5   0.5530378   
22619.5   58151.25   0.3129003   
22627   58210.5   0.3129003   
22634.5   58269.75   0.3881887   
22582   58452.75   0.3129003   
22602   58411.5   0.3129003   
22622   58370.25   0.3881887   
22759   58404   0.3129003   
22720   58379   0.3129003   
22681   58354   0.3881887   
22334.5   58519   0.4196833   
22356   58474   0.4887356   
22377.5   58429   0.5277046   
22521.25   58466.5   0.4190156   
22480.5   58439   0.487681   
22439.75   58411.5   0.5264158   
23080   58055.75   0.3129003   
23094   58104.5   0.3851054   
23108   58153.25   0.4038047   
23162.5   58071.5   0.3129003   
23149   58115   0.3852651   
23135.5   58158.5   0.4039801   
23062   58323.5   0.3129003   
23082   58283   0.3850371   
23102   58242.5   0.4037298   
23220.25   58285.25   0.3129003   
23187.5   58257.5   0.3851054   
23154.75   58229.75   0.4038048   
23015.5   58076   0.3129003   
22965   58145   0.3548633   
22914.5   58214   0.3916658   
22675   58139.75   0.3129003   
22738   58187.5   0.3807987   
22801   58235.25   0.3993787   
22814.5   58392.5   0.3129003   
22831   58356   0.3516418   
22847.5   58319.5   0.3914073   
22997.5   58343.75   0.3129003   
22953   58323.5   0.3827069   
22908.5   58303.25   0.4013124   
23346.5   57985.75   0.3129003   
23351   58040.5   0.3842274   
23355.5   58095.25   0.4028531   
23222   58058.5   0.3129003   
23268   58089   0.3845938   
23314   58119.5   0.4032427   
23279.75   58272.25   0.3129003   
23306.5   58231.5   0.3845823   
23333.25   58190.75   0.4032302   
23492.75   58229.5   0.3129003   
23448.5   58203   0.3841657   
23404.25   58176.5   0.4027905   
23808   58489.75   0.316673   
23793   58531.5   0.414198   
23778   58573.25   0.4373732   
23642.25   58551.25   0.3129003   
23682.5   58572.5   0.3892245   
23722.75   58593.75   0.4083433   
23685.75   58710.25   0.3129003   
23711.5   58678.5   0.3891996   
23737.25   58646.75   0.4083152   
23879.25   58687   0.3129003   
23840.5   58663   0.3892008   
23801.75   58639   0.4083167   
21453   59570   0.4432337   
21348   59566   0.5266762   
21243   59562   0.5752   
21210   59439.5   0.4014476   
21186   59479   0.4614726   
21162   59518.5   0.4936388   
21123.25   59427   0.4131429   
21012.5   59454   0.4789441   
20901.75   59481   0.5150645   
20791   59508   0.5252862   B1-D2-M52
21136.25   59393.25   0.4193185   
21038.5   59386.5   0.4881532   
20940.75   59379.75   0.5270039   
20843   59373   0.5374525   B1-321-P50
21582.25   59537.75   0.3129003   
21606.5   59501.5   0.3869215   
21630.75   59465.25   0.4057997   
21655   59429   0.4112425   B1-320-P53
21339.25   59407.25   0.3129003   
21444.5   59414.5   0.3875319   
21549.75   59421.75   0.4064703   
21882   59019.5   0.3626147   
21860   59057   0.431177   
21838   59094.5   0.4575641   
21816   59132   0.4648556   B1-321-P54
21713.25   59055.5   0.3584113   
21747.5   59081   0.4306304   
21781.75   59106.5   0.4568853   
21930   59187.5   0.3684809   
21892   59169   0.4319396   
21854   59150.5   0.4585114   
21945.5   59001.75   0.3853194   
21987   59021.5   0.4378113   
22028.5   59041.25   0.4656893   
22070   59061   0.4737936   B1-321-P55
22133.75   58953.75   0.3855856   
22112.5   58989.5   0.4381647   
22091.25   59025.25   0.4661235   
22186.25   59120.25   0.3861411   
22147.5   59100.5   0.4389021   
22108.75   59080.75   0.4670293   
22354   58821   0.4434789   
22313   58794   0.5270713   
22272   58767   0.5757194   
22174   58873.5   0.4434789   
22193   58829   0.5270713   
22212   58784.5   0.5757194   
22108   58652.25   0.4434789   
22149   58681.5   0.5270713   
22190   58710.75   0.5757194   
22292.5   58608   0.4434789   
22272   58652   0.5270713   
22251.5   58696   0.5757194   
23323.25   58555   0.3129003   
23284.5   58535   0.4069173   
23245.75   58515   0.4292833   
23147.75   58600.75   0.3129003   
23167.5   58565.5   0.4135032   
23187.25   58530.25   0.4366106   
23083.25   58396.75   0.3129003   
23124.5   58429.5   0.4011222   
23165.75   58462.25   0.422636   
23241.5   58358.5   0.3129003   
23230   58404   0.4026697   
23218.5   58449.5   0.4244281   
23340.5   58615.5   0.3450586   
23319   58656   0.4177911   
23297.5   58696.5   0.4413029   
23165   58661.25   0.348851   
23202   58686.5   0.4246223   
23239   58711.75   0.4492837   
23199.5   58854.75   0.3244037   
23225   58815.5   0.4151766   
23250.5   58776.25   0.4384435   
23384.75   58816.5   0.3321199   
23348.5   58790   0.4161533   
23312.25   58763.5   0.4395117   
23398.25   58602.5   0.3129003   
23434.5   58630   0.3852984   
23470.75   58657.5   0.4040168   
23578.25   58568.75   0.3129003   
23554.5   58607.5   0.3852793   
23530.75   58646.25   0.4039958   
23621.75   58727.75   0.3129003   
23583.5   58713.5   0.3852793   
23545.25   58699.25   0.4039958   
23442.5   58803.5   0.3129003   
23464   58764   0.3852793   
23485.5   58724.5   0.4039958   
23931.25   58929   0.3129003   
23888.5   58910   0.3864205   
23845.75   58891   0.4052494   
23700.25   58796.25   0.3129003   
23734.5   58821.5   0.3859937   
23768.75   58846.75   0.4047806   
23889.25   58751.25   0.3129003   
23860.5   58791.5   0.3866338   
23831.75   58831.75   0.4054837   
23380.25   58534.25   0.3129003   
23398.5   58493.5   0.3857269   
23416.75   58452.75   0.4044874   
23560.25   58500.5   0.3129003   
23518.5   58471   0.3865696   
23476.75   58441.5   0.4054132   
23298.5   58337.75   0.3129003   
23344   58362.5   0.3856897   
23389.5   58387.25   0.4044466   
23511.5   58295   0.3129003   
23486   58334   0.3857172   
23460.5   58373   0.4044768   
24960   58668.25   0.3129003   
24979   58627.5   0.4069914   
24998   58586.75   0.4293665   
25096.5   58435.75   0.3129003   
25070   58472.5   0.3950927   
25043.5   58509.25   0.4150996   
24031   58926.75   0.4047058   
24088   58905.5   0.4662566   
24145   58884.25   0.4997314   
24202   58863   0.5086571   B1-1-63
21156   59447.25   0.4434789   
21078   59494.5   0.5270713   
21000   59541.75   0.5757194   
20922   59589   0.5914575   B1-320-P50
21623.5   59564.75   0.3129003   
21689   59555.5   0.3873362   
21754.5   59546.25   0.4062553   
21820   59537   0.4118381   B1-1-53
22000.75   59471   0.3129003   
21940.5   59493   0.3881322   
21880.25   59515   0.4071298   
21644.5   59523.75   0.4054272   
21731   59473.5   0.4673252   
21817.5   59423.25   0.5010555   
21904   59373   0.5236633   B1-320-P54
22021.75   59430   0.4078927   
21982.5   59411   0.4710391   
21943.25   59392   0.5055242   
21952   59247.75   0.4235523   
21936   59289.5   0.4950668   
21920   59331.25   0.5350385   
22081.25   59410.5   0.4101906   
22101.5   59372   0.4745831   
22121.75   59333.5   0.5096384   
22142   59295   0.5208899   B1-320-P55
22011.5   59228.25   0.4110161   
22055   59250.5   0.4758514   
22098.5   59272.75   0.5111374   
22204.25   59178.75   0.4114424   
22183.5   59217.5   0.4765062   
22162.75   59256.25   0.5119114   
22112.5   59426.75   0.3869889   
22164   59404.5   0.4400276   
22215.5   59382.25   0.4684118   
22267   59360   0.4757095   B1-1-55
22235.5   59195   0.3865319   
22246   59250   0.4394209   
22256.5   59305   0.4676665   
22393.25   58943.5   0.4364808   
22391.5   59039   0.5156325   
22389.75   59134.5   0.5609704   
22917.5   59194.25   0.4346242   
22817   59194.5   0.512521   
22716.5   59194.75   0.5569357   
22690.25   59075.75   0.338083   
22665.5   59115.5   0.4169081   
22640.75   59155.25   0.4403372   
22982   59170.75   0.3129003   
22946   59147.5   0.3850993   
22910   59124.25   0.403798   
22754.75   59052.25   0.3129003   
22794.5   59068.5   0.3850371   
22834.25   59084.75   0.4037297   
22919.75   59002   0.3129003   
22904.5   59035   0.3850878   
22889.25   59068   0.4037855   
21299.25   59084   0.4416324   
21372.5   59026   0.5241014   
21445.75   58968   0.5718347   
21639   59000   0.3939747   
21599   58970   0.450134   
21559   58940   0.4803801   
21514.5   58570.25   0.4366065   
21516   58683.5   0.5158455   
21517.5   58796.75   0.5612462   
21394.5   58837.25   0.3834436   
21436   58861.5   0.4353628   
21477.5   58885.75   0.4627159   
21868.5   58948   0.3951966   
21833   58914   0.4520244   
21797.5   58880   0.4824383   
21699.75   58984   0.4075972   
21720.5   58938   0.4705824   
21741.25   58892   0.5049993   
21575.25   58554.25   0.4075972   
21637.5   58651.5   0.4705824   
21699.75   58748.75   0.5049993   
21813.75   58719.25   0.3940427   
21796.5   58761.5   0.4502392   
21779.25   58803.75   0.4804947   
21924.5   58937.25   0.4430838   
21945   58892.5   0.5264349   
21965.5   58847.75   0.5748827   
22112.75   58889.25   0.4430838   
22070.5   58860.5   0.5264349   
22028.25   58831.75   0.5748827   
21869.75   58708.5   0.4000893   
21908.5   58740   0.459445   
21947.25   58771.5   0.4911267   
22046.75   58668   0.4008197   
22026.5   58713   0.4605353   
22006.25   58758   0.4924776   
23792   58423.5   0.3129003   
23761   58399   0.4114102   
23730   58374.5   0.4342949   
23626.25   58485   0.3129003   
23650.5   58440   0.3910065   
23674.75   58395   0.4103421   
23577.5   58279.5   0.3129003   
23618   58303   0.3885396   
23658.5   58326.5   0.4075772   
21205   59373.25   0.4173666   
21176   59346.5   0.4851095   
21147   59319.75   0.5232131   
21118   59293   0.5334768   B1-321-P51
22374.75   58884.75   0.3129003   
22354.5   58921.5   0.3894831   
22334.25   58958.25   0.4086334   
22314   58995   0.4188329   B1-321-P56
22194.75   58937.25   0.3129003   
22234.5   58956.5   0.4016258   
22274.25   58975.75   0.4232192   
22247.25   59103.75   0.3129003   
22269.5   59067.5   0.3894842   
22291.75   59031.25   0.4086345   
23946.5   57843   0.3129003   
23994   57884   0.3858649   
24041.5   57925   0.404639   
24089   57966   0.4096445   B1-331-P64
21453.25   58455   0.3129003   
21447.5   58517   0.4006301   
21441.75   58579   0.4220285   
21493.75   58503   0.4618339   
21474.5   58549   0.5571278   
21455.25   58595   0.560155   
21373.75   58770   0.4618339   
21394.5   58727   0.5547381   
21415.25   58684   0.5560334   
21603.25   58414.75   0.3129003   
21636.5   58460.5   0.3859721   
21669.75   58506.25   0.4047569   
21560.5   58480.75   0.3129003   
21608   58504.5   0.3860399   
21655.5   58528.25   0.4048313   
21799   58645.75   0.3129003   
21767   58614.5   0.3861875   
21735   58583.25   0.4049934   
22091   58584.25   0.3411664   
22115   58545.5   0.4172984   
22139   58506.75   0.4407641   
22163   58468   0.4471374   B1-331-P56
22275.5   58540   0.3407535   
22238   58516   0.4172462   
22200.5   58492   0.440707   
21657.75   58407.75   0.3129003   
21745.5   58446.5   0.3881598   
21833.25   58485.25   0.4071601   
21853.5   58638.75   0.3129003   
21876   58600.5   0.3890252   
21898.5   58562.25   0.4081196   
22030.5   58598.25   0.3129003   
21994   58573.5   0.3895366   
21957.5   58548.75   0.4086933   
24682.75   57754.5   0.3129003   
24649.5   57781   0.3852029   
24616.25   57807.5   0.4039119   
24452.5   57732.75   0.3129003   
24496   57766.5   0.3852414   
24539.5   57800.25   0.4039542   
24520   57954.75   0.3129003   
24541   57914.5   0.3852447   
24562   57874.25   0.4039578   
21021.5   58825   0.4528527   
20917   58828   0.5422645   
20812.5   58831   0.5935394   
24458.5   58590.25   0.3339247   
24489   58615.5   0.4163818   
24519.5   58640.75   0.4397616   
24628   58538.5   0.4392199   
24602   58581   0.5202088   
24576   58623.5   0.5668599   
24904.25   58683   0.3129003   
24867.5   58657   0.4111549   
24830.75   58631   0.4340125   
24794   58605   0.4307219   B1-320-P66
24689   58523.25   0.3129003   
24724   58550.5   0.3956637   
24759   58577.75   0.4157851   
24877.5   58714.75   0.3878196   
24814   58720.5   0.4411304   
24750.5   58726.25   0.4697664   
24687   58732   0.4733778   B1-1-65
24662.25   58555   0.3829414   
24670.5   58614   0.4347082   
24678.75   58673   0.4619217   
21376.5   59614   0.5118853   
21195   59654   0.7095   
21013.5   59694   0.7095   
20832   59734   0.7095   B1-1-49
24891.25   58623.25   0.3129003   
24841.5   58537.5   0.3850215   
24791.75   58451.75   0.4037126   
24676   58463.5   0.3129003   
24698   58431   0.3831924   
24720   58398.5   0.4018043   
25027.75   58390.75   0.3129003   
24932.5   58382.5   0.384637   
24837.25   58374.25   0.4032902   
24702   57821.5   0.3129003   
24688   57915   0.3854273   
24674   58008.5   0.4041584   
24539.25   58021.75   0.3129003   
24579.5   58048.5   0.3854734   
24619.75   58075.25   0.404209   
25305.25   57980   0.3129003   
25305.5   57865   0.3851765   
25305.75   57750   0.4038828   
25265.5   57492.5   0.3129003   
25279   57540   0.3847652   
25292.5   57587.5   0.403431   
25144.75   57580.25   0.3129003   
25198.5   57598.5   0.3848396   
25252.25   57616.75   0.4035128   
24445.5   58528   0.3129003   
24463   58491   0.3900827   
24480.5   58454   0.4093059   
24498   58417   0.4139014   B1-321-P65
24615   58476.25   0.3129003   
24576   58456.5   0.3888964   
24537   58436.75   0.4079752   
23877.75   58446   0.4618339   
23932.5   58444   0.5571278   
23987.25   58442   0.6254114   
23980   58575.5   0.4274629   
24011   58507.75   0.4528891   
20923.5   58612.5   0.3947321   
23416.5   59006.5   0.4039466   
21111.5   59155   0.5571278   
21054.25   59161.5   0.550925   
20997   59168   0.6393282   B1-2-451
21029.25   59081.5   0.5560866   
24375.75   58808   0.4486703   
24303.5   58790   0.5353127   
24474.25   58807.25   0.4605863   
24500.5   58788.5   0.5550469   
24526.75   58769.75   0.6212004   
25929.5   57774.5   0.3805422   
25913   57819   0.4335077   
24436.25   58794.75   0.4254513   
24424.5   58763.5   0.498139   
24412.75   58732.25   0.5387052   
24407.75   58667   0.5169989   
25941.75   57811.5   0.4467443   
24386.5   58835.25   0.4565119   
24325   58844.5   0.548309   
24263.5   58853.75   0.6087758   
24473.5   58786   0.4131828   
24499   58746   0.4789998   
21666.75   59233.5   0.4246202   
20606   58695.25   0.4204432   
24660   57583.5   0.4810348   
22542   59331   0.55   B1-1-056
22496   59333   0.55   B1-1-56
23861   57963   0.55   B1-31-563
20700   59363   0.55   B1-321-49
24032   58225   0.55   B1-330-63
24175   58241   0.55   B1-330-P64
22251   58368   0.55   B1-331-56
23849   58012   0.55   B1-331-P63
25785   57524   0.55   B1-331-P71
22319   58198   0.55   B1-3-54
23783   57820   0.55   B1-3-59
24071   57739   0.55   B1-3-60
25966   57263   0.55   B1-3-D66
24003   58076   0.55   B1-D3-69
20626   58987   0.55   B1-D3-P55
24015   58124   0.55   B1-D3-P69
20769   59235   0.55   G96-37
20661   58942   0.55   G98-37
22524   59357   0.617498   B1-1-P56
20797   59216   0.6062539   B1-2-450
23735   58013   0.5168436   B1-331-62
25912   57534   0.6271592   B1-331-71
23589   57879   0.5300309   B1-3-D58
22160   58217   0.5302545   B1-3-F53
23658   57894   0.5276272   B1-3-P267
25918   57330   0.635218   B1-3-P278
25887   57603   0.6602442   B1-D3-77
251815.28125   56737.22265625   0.4926544   
22396   58224   0.55   B1-3-P261
24193   57760   0.55   B1-3-P270
20877   59045   0.55   B1-330-50
21558   59574   0.3114   B1-1-P52
22061   59449   0.3114   B1-1-P54
23018   59194   0.3114   B1-1-P58
23974   58948   0.3114   B1-1-P62
24448   58826   0.3114   B1-1-P64
24941   58709   0.3114   B1-1-P66
25403   58573   0.3114   B1-1-P68
23823   58448   0.3114   B1-2-140
21904   58982   0.3114   B1-2-P136
22395   58848   0.3114   B1-2-P137
22887   58722   0.3114   B1-2-P138
23362   58575   0.3114   B1-2-P139
25305   58095   0.3114   B1-2-P143
21226   59142   0.3114   B1-2-P35
21679   59030   0.3114   B1-2-P36
22155   58918   0.3114   B1-2-P37
22636   58785   0.3114   B1-2-P38
23128   58636   0.3114   B1-2-P39
23602   58530   0.3114   B1-2-P40
25080   58156   0.3114   B1-2-P43
25537   58028   0.3114   B1-2-P44
20572   58649   0.3114   B1-3-48
20871   58569   0.3114   B1-3-49
21155   58497   0.3114   B1-3-50
21445   58423   0.3114   B1-3-51
21729   58347   0.3114   B1-3-52
22607   58121   0.3114   B1-3-55
22907   58052   0.3114   B1-3-56
23185   57966   0.3114   B1-3-57
24380   57642   0.3114   B1-3-61
24940   57525   0.3114   B1-3-63
25252   57445   0.3114   B1-3-64
25525   57379   0.3114   B1-3-65
25825   57292   0.3114   B1-3-66
21570   58369   0.3114   B1-3-D51
23066   58007   0.3114   B1-3-D56
23342   57931   0.3114   B1-3-D57
23899   57802   0.3114   B1-3-D59
21459   58393   0.3114   B1-3-F51
22612   58092   0.3114   B1-3-F55
21513   58457   0.3114   B1-3-P257
25091   57562   0.3114   B1-3-P274
25710   57369   0.3114   B1-3-P277
23176   58028   0.3114   B1-3-SP265
24409   57699   0.3114   B1-3-SP271
24855   57551   0.3114   B1-3-SP273
25641   58588   0.3114   B1-311-69
26105   58455   0.3114   B1-311-71
25946   57730   0.3114   B1-330-71
25673   57521   0.3114   B1-331-70
24716   57728   0.3114   B1-331-S66
22566   59032   0.3114   B1-D2-457
24498   58526   0.3114   B1-D2-465
24734   58444   0.3114   B1-D2-466
24987   58409   0.3114   B1-D2-467
23660   58742   0.3114   B1-D2-64
21234   59400   0.3114   B1-D2-P54
21968   59206   0.3114   B1-D2-P57
22225   59140   0.3114   B1-D2-P58
22715   59036   0.3114   B1-D2-P60
22935   58969   0.3114   B1-D2-P61
23174   58894   0.3114   B1-D2-P62
23421   58843   0.3114   B1-D2-P63
23666   58771   0.3114   B1-D2-P64
23918   58711   0.3114   B1-D2-P65
24428   58565   0.3114   B1-D2-P67
24654   58496   0.3114   B1-D2-P68
25123   58399   0.3114   B1-D2-P70
25363   58324   0.3114   B1-D2-P71
25605   58278   0.3114   B1-D2-P72
25837   58220   0.3114   B1-D2-P73
21126   58822   0.3114   B1-D3-57
23551   58231   0.3114   B1-D3-67
21353   58813   0.3114   B1-D3-P58
21831   58677   0.3114   B1-D3-P60
22067   58623   0.3114   B1-D3-P61
22313   58564   0.3114   B1-D3-P62
22562   58494   0.3114   B1-D3-P63
22798   58429   0.3114   B1-D3-P64
23042   58364   0.3114   B1-D3-P65
23253   58313   0.3114   B1-D3-P66
23537   58256   0.3114   B1-D3-P67
24499   57995   0.3114   B1-D3-P71
25217   57807   0.3114   B1-D3-P74
20878.66015625   60014.87890625   0.3114   B1-311-SP68
19758.8671875   593711.9375   0.3114   
19758.8671875   56737.22265625   0.3114   
251815.28125   593711.9375   0.3114   
20668   59225   0.7095   B1-2-034
20904   59189   0.7095   B1-2-134
20662   59267   0.7095   B1-2-34
20698   59251   0.7095   B1-2-P34
20763   59068   0.7095   B1-30-550
24155   58197   0.7095   B1-30-564
22545   59383   0.7095   B1-311-56
24692   58830   0.7095   B1-311-65
24260   58150   0.7095   B1-330-64
20623   59116   0.7095   B1-330-J49
20792   59097   0.7095   B1-330-P50
20559   58872   0.7095   B1-331-49
26098   57244   0.7095   B1-3-67
26019   58136   0.7095   B1-D2-74
23882   58111   0.7095   B1-D3-463
24114   58025   0.7095   B1-D3-464
25793   57622   0.7095   B1-D3-471
20609   58953   0.7095   B1-D3-55
20655   58972   0.7095   B1-D3-M55
25675   57334   0.7095   B1-3-D65
22365   58181   0.7095   G100-43
20748   59773   0.5483311   B1-1-049
21788   59473   0.4652126   B1-1-053
22044   59424   0.3898009   B1-1-054
22384   59355   0.540387   B1-1-055
24153   58873   0.4986845   B1-1-063
24432   58796   0.4241527   B1-1-064
24711   58688   0.4464559   B1-1-065
25350   58567   0.3289713   B1-1-068
25828   58434   0.4366398   B1-1-070
21671   59498   0.4226236   B1-1-453
21887   59474   0.4380167   B1-1-454
22136   59384   0.4592749   B1-1-455
23086   59128   0.3700835   B1-1-459
24044   58908   0.418839   B1-1-463
24804   58686   0.4396608   B1-1-466
25048   58624   0.4287872   B1-1-467
25234   58549   0.4280688   B1-1-468
25478   58528   0.354715   B1-1-469
25725   58456   0.4075315   B1-1-470
21995   59430   0.4214549   B1-1-54
24388   58814   0.4413995   B1-1-64
24929   58668   0.3114   B1-1-66
25318   58589   0.3583195   B1-1-68
25801   58450   0.4309174   B1-1-70
26044   58285   0.5097311   B1-1-71
25869   58431   0.4557822   B1-1-P70
22628   58714   0.3474618   B1-2-038
23079   58592   0.3481149   B1-2-039
20905   59565   0.5710713   B1-20-550
21888   59322   0.5204009   B1-20-554
22106   59280   0.5144845   B1-20-555
22382   58805   0.3831874   B1-2-137
22869   58692   0.3114   B1-2-138
23331   58575   0.3210592   B1-2-139
24305   58315   0.5334104   B1-2-141
25283   58067   0.3114   B1-2-143
25756   57943   0.4543772   B1-2-144
20830   59350   0.5458335   B1-21-550
21085   59275   0.5481549   B1-21-551
21795   59089   0.4538638   B1-21-554
22065   59016   0.4665257   B1-21-555
22530   58898   0.4060003   B1-21-557
24217   58463   0.4626189   B1-21-564
21094   59296   0.5346239   B1-21-M551
22623   58747   0.3161735   B1-2-38
23097   58644   0.3115553   B1-2-39
23581   58505   0.3114   B1-2-40
25996   57879   0.4858941   B1-2-45
21771   58975   0.4382544   B1-2-454
22506   58778   0.3854409   B1-2-457
22742   58719   0.3782338   B1-2-458
22983   58639   0.3952213   B1-2-459
23216   58605   0.3966578   B1-2-460
23691   58482   0.3643333   B1-2-462
25407   58018   0.3306702   B1-2-469
25643   57974   0.3849818   B1-2-470
23845   58463   0.366521   B1-2-P140
24332   58354   0.5351864   B1-2-P141
25778   57975   0.4612358   B1-2-P144
26013   57904   0.5273515   B1-2-P45
22436   58629   0.4284696   B1-30-557
22467   58626   0.4317978   B1-30-F557
21775   59589   0.380352   B1-311-53
22023   59531   0.3114   B1-311-54
22278   59442   0.4443015   B1-311-55
24184   58970   0.5048475   B1-311-63
24938   58768   0.3487098   B1-311-66
25159   58707   0.4022325   B1-311-67
25391   58643   0.32656   B1-311-68
21213   58649   0.4531612   B1-31-552
22122   58410   0.4806636   B1-31-556
24086   57905   0.4284118   B1-31-564
20761   59641   0.6261382   B1-320-49
21015   59547   0.5779825   B1-320-50
21758   59385   0.481215   B1-320-53
22012   59324   0.4968587   B1-320-54
22253   59259   0.4467622   B1-320-55
24678   58622   0.4370246   B1-320-65
24905   58573   0.3630806   B1-320-66
25115   58491   0.3818507   B1-320-67
25340   58428   0.3909055   B1-320-68
25827   58313   0.3714645   B1-320-70
24055   58797   0.442708   B1-320-P63
24318   58734   0.5340644   B1-320-P64
25743   58352   0.3815207   B1-320-P70
20928   59307   0.5854436   B1-321-50
21189   59236   0.4470871   B1-321-51
21703   59120   0.4022654   B1-321-53
21933   59058   0.3998797   B1-321-54
22172   58967   0.351935   B1-321-55
22649   58855   0.3600084   B1-321-57
22886   58800   0.356509   B1-321-58
23127   58730   0.3921813   B1-321-59
25548   58092   0.3461165   B1-321-69
25786   58034   0.4578137   B1-321-70
26015   57971   0.5722853   B1-321-71
24249   58512   0.4482585   B1-321-P64
22575   58595   0.371652   B1-330-57
22819   58547   0.3882738   B1-330-58
23065   58471   0.3865593   B1-330-59
25721   57798   0.4960577   B1-330-70
25356   57920   0.3550648   B1-330-P69
22020   58500   0.4162634   B1-331-55
23975   58002   0.5049611   B1-331-63
25553   57586   0.3662699   B1-331-P70
21202   58706   0.4243832   B1-331-SP52
21292   58455   0.3524193   B1-3-D50
25105   57471   0.3114   B1-3-D63
25382   57406   0.3114   B1-3-D64
21132   58546   0.3610474   B1-3-P255
21295   58528   0.402838   B1-3-P256
23980   57820   0.3552334   B1-3-P269
20883   59420   0.5220557   B1-D2-450
21098   59375   0.4648821   B1-D2-451
21352   59350   0.3198843   B1-D2-452
21860   59256   0.4920125   B1-D2-454
22077   59164   0.4441797   B1-D2-455
24255   58587   0.4517982   B1-D2-464
25458   58274   0.3643711   B1-D2-469
25732   58206   0.3758295   B1-D2-470
25931   58159   0.5458118   B1-D2-471
20749   59499   0.5429598   B1-D2-52
20993   59421   0.4933246   B1-D2-53
21219   59367   0.3960751   B1-D2-54
21478   59302   0.4056433   B1-D2-55
21720   59270   0.4435626   B1-D2-56
21969   59176   0.3463561   B1-D2-57
22201   59120   0.3596595   B1-D2-58
22933   58935   0.3135613   B1-D2-61
23190   58870   0.3163173   B1-D2-62
23413   58810   0.3226993   B1-D2-63
24143   58622   0.4653082   B1-D2-66
25605   58240   0.320637   B1-D2-72
25835   58184   0.3539738   B1-D2-73
25991   58108   0.6529999   B1-D2-F74
20763   59545   0.5586079   B1-D2-P52
21013   59462   0.487498   B1-D2-P53
21741   59292   0.4537401   B1-D2-P56
24139   58654   0.4694863   B1-D2-P66
21691   58690   0.4675367   B1-D3-454
21939   58618   0.3961663   B1-D3-455
22186   58572   0.43974   B1-D3-456
21814   58650   0.3114   B1-D3-60
22040   58589   0.3189358   B1-D3-61
25690   57654   0.5200243   B1-D3-76
25701   57685   0.5384762   B1-D3-P76
21205   58491   0.3395634   G100-39
21496   58410   0.3114   G100-40
21781   58328   0.3283449   G100-41
22961   58053   0.3114   G100-45
20830   59522   0.5368618   G94-37
21119   59440   0.4328316   G94-38
21408   59370   0.3483237   G94-39
21704   59300   0.4381129   G94-40
21982   59225   0.368931   G94-41
22477   58781   0.3757952   G96-43
22791   58708   0.3669092   G96-44
23082   58675   0.3377898   G96-45
21864   58636   0.3321943   G98-41
22255   58524   0.3878332   S117
22998   59141   0.3311046   B1-1-058
23891   58948   0.3442444   B1-1-062
25541   57998   0.3161869   B1-2-044
25143   58105   0.3482613   B1-2-468
23702   59084   0.392895   B1-311-61
23944   59023   0.3360742   B1-311-62
21318   58621   0.4554701   B1-331-52
24223   57870   0.5127752   B1-331-64
24398   58596   0.3941534   B1-D2-67
21484   59335   0.3752341   B1-D2-P55
24239   58018   0.6242641   B1-D3-70
24253   58062   0.6820209   B1-D3-P70
25083   58122   0.3146977   B1-2-043
21166   59494   0.4535293   B1-20-551
24868   58162   0.3881075   B1-2-142
21156   59126   0.458161   B1-2-35
24704   58322   0.4053742   B1-2-42
25055   58132   0.3220093   B1-2-43
25508   58006   0.3315486   B1-2-44
23469   58550   0.3569813   B1-2-461
24958   58133   0.3710456   B1-2-467
24804   58221   0.4100239   B1-2-P142
21002   59016   0.5182974   B1-30-551
21954   58762   0.4549873   B1-30-555
20822   59847   0.4414457   B1-311-49
23217   58979   0.366607   B1-320-59
24826   58272   0.4089956   B1-321-66
21102   58987   0.4446675   B1-330-51
21030   59058   0.5334334   B1-330-SP51
22453   58153   0.542187   B1-3-D54
25221   58343   0.3692524   B1-D2-468
21105   58847   0.3444495   B1-D3-P57
21562   59539   0.3218641   B1-1-052
22847   59191   0.3814806   B1-1-057
22650   59242   0.4634191   B1-1-457
22880   59232   0.3437363   B1-1-458
21510   59546   0.3352128   B1-1-52
22803   59221   0.3976713   B1-1-57
22956   59175   0.3326944   B1-1-58
22096   58828   0.4608099   B1-2-037
23586   58433   0.3629919   B1-2-040
24544   58249   0.4467014   B1-2-042
21372   59459   0.3478488   B1-20-552
21895   58938   0.3896167   B1-2-136
21649   59001   0.3555729   B1-2-36
22136   58874   0.4086179   B1-2-37
22048   58888   0.4847637   B1-2-455
24409   58260   0.4949603   B1-2-465
24577   58284   0.442105   B1-2-P42
22202   58697   0.4855098   B1-30-556
22758   59330   0.4824492   B1-311-57
21255   59509   0.4013857   B1-320-51
21399   59484   0.3707667   B1-320-P52
21138   59558   0.4737212   B1-320-SP51
24574   58337   0.4377373   B1-321-65
21864   58802   0.4337788   B1-330-54
22102   58717   0.4288841   B1-330-55
23576   58353   0.3262164   B1-330-61
24514   58081   0.3698533   B1-330-65
25253   57926   0.3525627   B1-330-68
25494   57861   0.3680141   B1-330-69
21986   58803   0.4820424   B1-330-P55
22231   58740   0.5079498   B1-330-P56
24416   58174   0.4938638   B1-330-P65
25449   57742   0.4033071   B1-D3-P75
21602   59003   0.3768241   G96-40
21913   58908   0.4267378   G96-41
22243   58846   0.4666204   G96-42
22182   58608   0.4487323   G98-42
21095   59146   0.5494622   B1-2-035
21635   58947   0.4366121   B1-2-036
21304   59213   0.3555005   B1-21-552
21557   59141   0.392657   B1-21-553
21277   59099   0.3130114   B1-2-452
21282   58945   0.3383393   B1-30-552
22410   58914   0.394141   B1-321-56
23794   58295   0.4067461   B1-330-62
25015   57976   0.3659114   B1-330-67
21264   58967   0.3448958   B1-330-P52
24886   58056   0.3934486   B1-330-P67
22325   59089   0.4123847   B1-D2-456
22337   59162   0.4446842   G94-42
23151   58933   0.3205425   G94-45
25880   57908   0.4676372   B1-2-471
21432   59166   0.3771846   B1-321-52
25300   58148   0.3260734   B1-321-68
21347   59246   0.3586243   B1-321-P52
22342   58678   0.4444493   B1-330-56
25865   57789   0.4509498   B1-330-P71
21436   58641   0.4505319   B1-331-P53
25344   58312   0.3114988   B1-D2-71
20726   58930   0.5793752   B1-D3-450
20981   58856   0.4657109   B1-D3-451
20846   58896   0.5046023   B1-D3-56
21351   58788   0.3359207   B1-D3-58
23761   58147   0.5199682   B1-D3-68
24481   57958   0.337366   B1-D3-71
20859   58926   0.5154803   B1-D3-P56
23766   58184   0.5001787   B1-D3-P68
24964   57869   0.3596598   B1-D3-P73
20943   58866   0.4857235   G98-38
22592   58434   0.3132058   G98-F44
20987   59705   0.4119333   B1-1-50
21401   59067   0.3800699   B1-2-135
23972   58528   0.4161656   B1-21-563
24069   58379   0.522647   B1-2-41
21527   59036   0.4169053   B1-2-453
23939   58406   0.4297182   B1-2-463
21420   59091   0.378361   B1-2-P135
23938   58251   0.5220538   B1-30-563
21065   59770   0.3356363   B1-311-50
24441   58903   0.4233789   B1-311-64
23928   58814   0.3402211   B1-320-62
24002   58555   0.4268754   B1-321-P63
23932   58294   0.4841382   B1-330-P63
22501   58362   0.4071581   B1-331-57
21051   58519   0.3365163   B1-3-D49
24567   57625   0.3960147   B1-3-D61
22580   58163   0.3455999   B1-3-P262
22524   58458   0.3469185   B1-D3-63
23003   58331   0.3140673   B1-D3-65
20900   58570   0.3190842   G100-38
21348   59078   0.3592351   G96-39
21284   59603   0.4034028   B1-1-51
22294   58964   0.3999261   B1-21-556
22274   58844   0.4475196   B1-2-456
21368   59053   0.3777779   B1-2-M135
21489   58889   0.4303499   B1-30-553
21262   59719   0.3554137   B1-311-51
21406   58580   0.429025   B1-31-553
22613   58277   0.3363871   B1-31-558
24320   57852   0.4591939   B1-31-565
24567   57779   0.3855087   B1-31-566
22616   59195   0.39697   B1-320-P57
21373   58929   0.3478286   B1-330-52
24778   58019   0.3855028   B1-330-66
21519   58910   0.4435848   B1-330-P53
23610   58090   0.4036468   B1-331-P62
24350   57903   0.4609148   B1-331-P65
24843   57758   0.3230304   B1-331-P67
23477   57895   0.4225143   B1-3-58
23439   57955   0.3733036   B1-3-SP266
24868   58435   0.3523775   B1-D2-69
21237   58774   0.3535944   B1-D3-452
23125   58308   0.3191204   B1-D3-460
25096   57785   0.3605421   B1-D3-468
21281   58772   0.3572055   G98-39
21032   59688   0.4324846   B1-1-050
21326   59567   0.3676106   B1-1-051
23478   59043   0.402051   B1-1-060
25129   58581   0.4127166   B1-1-067
25630   58463   0.3446104   B1-1-069
20914   59711   0.59127   B1-1-450
21156   59634   0.436941   B1-1-451
21392   59560   0.3486371   B1-1-452
24298   58848   0.55   B1-1-464
25652   58485   0.3596341   B1-1-69
21073   59678   0.4299171   B1-1-P50
25149   58614   0.4144929   B1-1-X67
24042   58440   0.4418289   B1-2-041
21628   59391   0.4063393   B1-20-553
22596   59154   0.3816921   B1-20-557
22842   59094   0.3696651   B1-20-558
23113   59036   0.3938161   B1-20-559
24078   58414   0.5089443   B1-2-P41
21732   58828   0.4850639   B1-30-554
22986   58509   0.4014854   B1-30-559
22958   58490   0.3700778   B1-30-M559
22374   58322   0.5083566   B1-31-557
21512   59452   0.3596314   B1-320-52
22505   59168   0.4096734   B1-320-56
22741   59123   0.3304169   B1-320-57
23425   58933   0.3578939   B1-320-60
24159   58754   0.4639819   B1-320-63
25591   58374   0.3716642   B1-320-69
22874   59101   0.3721   B1-320-P58
25017   58546   0.409398   B1-320-P67
25509   58422   0.3648988   B1-320-P69
21591   59192   0.3805063   B1-321-P53
24742   58366   0.3900394   B1-321-P66
24974   58321   0.3481614   B1-321-P67
25226   58268   0.3916333   B1-321-P68
21609   58854   0.4791391   B1-330-53
21762   58846   0.4929907   B1-330-P54
22964   58537   0.4106328   B1-330-P59
24660   58102   0.4067206   B1-330-P66
22725   58255   0.316223   B1-331-58
24461   57844   0.4091589   B1-331-65
24975   57732   0.3271531   B1-331-67
22399   58384   0.482671   B1-331-P57
22642   58329   0.3238927   B1-331-P58
22864   58283   0.3172348   B1-331-P59
24583   57834   0.3823582   B1-331-P66
25058   57712   0.3334927   B1-331-P68
21594   59285   0.378208   B1-D2-453
24010   58639   0.3961306   B1-D2-463
24882   58459   0.3668252   B1-D2-P69
21455   58756   0.4615951   B1-D3-453
22440   58488   0.4464131   B1-D3-457
22654   58427   0.3172501   B1-D3-458
23636   58170   0.3764992   B1-D3-462
24354   57957   0.4659217   B1-D3-465
24620   57881   0.3573321   B1-D3-466
24866   57851   0.3427926   B1-D3-467
21575   58713   0.473625   B1-D3-59
24746   57871   0.3198316   B1-D3-72
24991   57821   0.3640521   B1-D3-73
21611   58709   0.4727582   B1-D3-P59
24747   57921   0.3412746   B1-D3-P72
22582   59079   0.3185369   G94-43
21526   58751   0.4481491   G98-40
22368   58491   0.4750324   G98-43
22429   59275   0.5064837   B1-1-456
22352   59211   0.4588615   B1-20-556
23723   58607   0.3552086   B1-21-562
20945   58710   0.4126479   B1-31-551
22388   59230   0.4686257   B1-320-P56
20799   58750   0.4847555   B1-331-50
21081   58743   0.3723868   B1-331-51
20919   58764   0.4446288   B1-331-P51
22443   59061   0.3906053   B1-D2-59
22468   59081   0.3674874   B1-D2-P59
22908   58394   0.3157975   G98-45
24553   58751   0.4123477   B1-1-465
20947   59222   0.55   B1-2-P134
23572   58041   0.4203043   B1-31-562
24401   58701   0.4310762   B1-320-64
24550   58666   0.405709   B1-320-P65
24103   58488   0.464031   B1-321-63
24348   58417   0.5141837   B1-321-64
22687   58998   0.3147688   B1-D2-60
20717   58608   0.3430806   B1-3-D48
20697   58660   0.3885784   B1-3-P253
20619   58641   0.3394989   G100-37
23346   58918   0.3682542   B1-20-560
22797   58867   0.3861236   B1-21-558
22772   58841   0.3981778   B1-21-M558
23647   58304   0.3187306   B1-30-562
20692   58780   0.4941013   B1-31-550
22961   59049   0.3555074   B1-320-58
23077   59021   0.3886546   B1-320-P59
22770   58875   0.3849484   B1-321-P58
23699   58350   0.3653591   B1-330-P62
20708   58834   0.5103104   B1-331-P50
24647   57651   0.4048119   B1-3-SP272
22807   58966   0.324915   B1-D2-458
23052   58900   0.3810159   B1-D2-459
23304   58800   0.3854489   B1-D2-460
23781   58715   0.3447323   B1-D2-462
22871   59003   0.320985   G94-44
22695   58567   0.3706066   B1-30-558
22722   58607   0.4038993   B1-330-P58
23299   58266   0.31983   B1-D3-66
23608   58623   0.3202877   B1-321-61
23491   58129   0.3401987   B1-331-61
23568   58896   0.3585534   B1-20-561
23023   58782   0.4276624   B1-21-559
23570   58927   0.3773417   B1-320-P61
23038   58807   0.4178685   B1-321-P59
23802   58953   0.3989282   B1-1-462
23415   59061   0.4088574   B1-1-60
23819   58841   0.3899913   B1-20-562
23255   58712   0.4084587   B1-21-560
23489   58658   0.3482172   B1-21-561
23419   58377   0.337544   B1-30-561
23866   58555   0.3957105   B1-321-62
22557   58940   0.4161867   B1-321-P57
23507   58685   0.3321893   B1-321-P61
23763   58615   0.3802611   B1-321-P62
23435   58412   0.3500821   B1-330-P61
23376   58664   0.3818725   B1-321-60
23716   58985   0.394418   B1-1-61
24223   57691   0.4625958   B1-3-D60
21051   59166   0.55   G96-38
25202   57654   0.3332921   B1-331-68
21659   58530   0.3789749   B1-31-554
21885   58475   0.3818791   B1-31-555
23346   58974   0.3882796   B1-320-SP60
23276   58737   0.4022914   B1-321-P60
21551   58614   0.4197103   B1-331-53
21772   58508   0.3584272   B1-331-54
21703   58552   0.3907346   B1-331-P54
21921   58524   0.4057721   B1-331-P55
23122   58202   0.3327074   B1-331-P60
23226   58149   0.3204031   B1-331-S60
22023   58256   0.4630629   B1-3-53
21876   58292   0.3790513   B1-3-F52
22029   58334   0.4576866   B1-3-P259
22028   58327   0.4577187   B1-3-SP258
25340   57749   0.3841484   B1-D3-469
22059   58284   0.4760281   G100-42
23268   59116   0.3792346   B1-1-059
23332   59070   0.3905574   B1-1-460
23233   59109   0.3817943   B1-1-59
23243   59228   0.3794233   B1-311-59
23664   59002   0.3863173   B1-1-061
23567   59011   0.3936329   B1-1-461
23494   59074   0.4014448   B1-1-P60
23474   59139   0.3900085   B1-311-60
22814   58229   0.3161376   B1-31-559
23672   58890   0.3402111   B1-320-61
23803   58872   0.3891873   B1-320-P62
22975   58244   0.3366747   B1-331-59
25433   57618   0.3805709   B1-331-69
25450   57714   0.401531   B1-D3-75
23148   58473   0.4014978   B1-30-560
23164   58500   0.3952467   B1-30-M560
23092   58154   0.3134819   B1-31-560
23306   58473   0.3655433   B1-330-60
23207   58495   0.380653   B1-330-P60
25306   57635   0.3353836   B1-331-P69
24721   57569   0.360286   B1-3-62
23321   58048   0.3114   B1-31-561
23536   58776   0.3114   B1-D2-461
23442   58263   0.3114   B1-D3-461
23360   58150   0.3114   B1-331-SP61
22757   58137   0.3114   B1-3-P263
22895   58371   0.3114   B1-D3-459
22655   58111   0.3114   G100-44
21533   59653   0.3114   B1-311-52
25210   57775   0.3114   B1-D3-74
23895   58686   0.3114   B1-D2-65
25111   58376   0.3114   B1-D2-70
22783   58390   0.3114   B1-D3-64
22992   59267   0.3114   B1-311-58
22786   58052   0.3114   B1-3-D55
22870   58038   0.3114   B1-3-F56
22971   58076   0.3114   B1-3-P264
24625   58495   0.3114   B1-D2-68
22620   58434   0.3114   G98-44
23938   58934   0.3114   B1-1-62
25077   58203   0.3114   B1-321-67
