22389   58832.25   0.3494038   
22396   58859.5   0.4258636   
22403   58886.75   0.4508575   
22638.75   59005.5   0.3129003   
22562.5   58975   0.3957534   
22486.25   58944.5   0.4158928   
23126   58123.5   0.3129003   
23186   58240   0.4025636   
23246   58356.5   0.4243053   
23306   58473   0.4298453   B1-330-60
20806.75   59795.5   0.3129003   
20791.5   59744   0.3882278   
20776.25   59692.5   0.4072347   
20761   59641   0.4124173   B1-320-49
20882.75   59827.75   0.3129003   
20943.5   59808.5   0.3852649   
21004.25   59789.25   0.4039799   
21065   59770   0.4089403   B1-311-50
21212.75   59731.75   0.3129003   
21163.5   59744.5   0.3852646   
21114.25   59757.25   0.4039797   
21329.75   59702.5   0.3129003   
21397.5   59686   0.3852656   
21465.25   59669.5   0.4039807   
21533   59653   0.4089413   B1-311-52
22109   59401.5   0.3129003   
22157   59354   0.3851964   
22205   59306.5   0.4039047   
22253   59259   0.4088601   B1-320-55
22121   59187.75   0.3129003   
22165   59211.5   0.3851963   
22209   59235.25   0.4039047   
22721.5   59057.75   0.3129003   
22728   59079.5   0.3852105   
22734.5   59101.25   0.4039202   
22741   59123   0.4088767   B1-320-57
22784.25   59093.75   0.3129003   
22853.5   59151.5   0.3884144   
22922.75   59209.25   0.4074398   
22992   59267   0.4126363   B1-311-58
25573.25   58312   0.4618339   
25541.5   58384   0.5571278   
25509.75   58456   0.6254114   
25601.5   58273.5   0.4563574   
25598   58307   0.5480548   
25594.5   58340.5   0.608319   
26005.25   58143.5   0.3129003   
26019.5   58179   0.3852282   
26033.75   58214.5   0.4039396   
26048   58250   0.4088974   B1-320-71
22396.5   58725.75   0.6769129   
22411   58646.5   0.5994143   
22425.5   58567.25   0.6402541   
22440   58488   0.7095   B1-D3-457
24218.25   58052.75   0.3129003   
24183.5   58043.5   0.3858324   
24148.75   58034.25   0.4046034   
24114   58025   0.4096065   B1-D3-464
24529.25   57966.5   0.40563   
24559.5   57938   0.4676256   
24589.75   57909.5   0.5014278   
24620   57881   0.5104166   B1-D3-466
24627.25   58217.75   0.3917791   
24677.5   58151.5   0.4467334   
24727.75   58085.25   0.4765147   
24955.75   57986.75   0.3129003   
24896.5   57997.5   0.4033732   
24837.25   58008.25   0.4252429   
25047   58008.25   0.3129003   
25079   58040.5   0.3856607   
25111   58072.75   0.4044148   
25143   58105   0.4094049   B1-2-468
25032   58012.5   0.3129003   
25049   58049   0.3852974   
25066   58085.5   0.4040156   
25083   58122   0.4089786   B1-2-043
25175.5   57686.75   0.3129003   
25149   57719.5   0.3853977   
25122.5   57752.25   0.4041258   
25096   57785   0.4090963   B1-D3-468
25074.5   57963.5   0.3129003   
25134   57951   0.3946141   
25193.5   57938.5   0.4145251   
25253   57926   0.4210167   B1-330-68
25433.75   57877.25   0.3129003   
25373.5   57893.5   0.3959907   
25313.25   57909.75   0.4161776   
25472.25   57900.25   0.332698   
25450.5   57939.5   0.4162265   
25428.75   57978.75   0.4395918   
25555.5   58184.5   0.4381319   
25506   58129   0.5184296   
25456.5   58073.5   0.5645906   
25667.5   57681.25   0.3861591   
25634   57677.5   0.438926   
25600.5   57673.75   0.4670587   
25907.75   57703   0.3129003   
25869.5   57676   0.3879579   
25831.25   57649   0.4069383   
25793   57622   0.4119899   B1-D3-471
25724   57669.25   0.3129003   
25747   57653.5   0.3877693   
25770   57637.75   0.406731   
25145.25   57673.5   0.3129003   
25088.5   57693   0.3861127   
25031.75   57712.5   0.4049113   
24975   57732   0.4099669   B1-331-67
24885   57596.25   0.3129003   
24915   57641.5   0.3861665   
24945   57686.75   0.4049703   
22029   59351.25   0.4272878   
21997   59253.5   0.5010876   
21965   59155.75   0.542278   
22041   59137.5   0.3478057   
22005   59111   0.4222751   
21969   59084.5   0.4463075   
24639.25   58281   0.3129003   
24701.5   58278   0.3853481   
24763.75   58275   0.4040713   
24826   58272   0.4090381   B1-321-66
25538.75   58287   0.4618339   
25472.5   58334   0.5571278   
25406.25   58381   0.6254114   
25528.75   58217   0.4618339   
25452.5   58194   0.5569285   
25376.25   58171   0.6254114   
24741.25   58350.25   0.4369474   
24905.5   58416.5   0.516423   
25069.75   58482.75   0.5619936   
22100.75   59114.75   0.3129003   
22124.5   59065.5   0.3851969   
22148.25   59016.25   0.4039052   
22172   58967   0.4088607   B1-321-55
22448.75   58817.5   0.4067452   
22515.5   58830   0.4692776   
22582.25   58842.5   0.5034748   
22698.5   58990.75   0.3129003   
22682   58945.5   0.4094269   
22665.5   58900.25   0.4321007   
21923.75   59449.75   0.4618339   
21786.5   59450.5   0.5571278   
21649.25   59451.25   0.5601149   
25941.75   57811.5   0.3129003   
25937.5   57893   0.38586   
25933.25   57974.5   0.4046336   
25686   58194   0.4618339   
25767   58148   0.5571278   
25848   58102   0.6254114   
25975.5   58095   0.3129003   
25960   58082   0.3857732   
25944.5   58069   0.4045383   
25860   58179   0.3129003   
25883   58138   0.3857732   
25906   58097   0.4045384   
25982.25   58150.75   0.3129003   
25973.5   58193.5   0.3853151   
25964.75   58236.25   0.404035   
25956   58279   0.4089991   B1-320-CSP71
25866.75   58234.75   0.3129003   
25896.5   58249.5   0.3853148   
25926.25   58264.25   0.4040347   
24270.75   58623.75   0.3129003   
24286.5   58660.5   0.4044456   
24302.25   58697.25   0.4264847   
24400.5   58607.25   0.3978716   
24373   58649.5   0.4561123   
24345.5   58691.75   0.4870945   
24311.25   58393.5   0.3129003   
24290.5   58433   0.3129003   
24269.75   58472.5   0.3881798   
24253.5   58568.25   0.3129003   
24252   58549.5   0.3129003   
24250.5   58530.75   0.3881787   
24383.25   58551.75   0.3129003   
24338.5   58538.5   0.3129003   
24293.75   58525.25   0.3881795   
22690.25   59075.75   0.3129003   
22665.5   59115.5   0.3852283   
22640.75   59155.25   0.4039397   
22616   59195   0.4088975   B1-320-P57
21593.25   59261.75   0.3129003   
21592.5   59238.5   0.3867865   
21591.75   59215.25   0.4056514   
21591   59192   0.410726   B1-321-P53
24292.75   58325.75   0.3129003   
24253.5   58297.5   0.3853025   
24214.25   58269.25   0.4040213   
24175   58241   0.4089858   B1-330-P64
24233.5   58106.75   0.3129003   
24214   58151.5   0.3853044   
24194.5   58196.25   0.4040233   
24353   58309   0.3129003   
24374   58264   0.3859092   
24395   58219   0.4046878   
24416   58174   0.4097005   B1-330-P65
24536.75   58256.5   0.3129003   
24496.5   58229   0.3859159   
24456.25   58201.5   0.4046952   
24293.75   58090   0.3129003   
24334.5   58118   0.3859129   
24375.25   58146   0.4046918   
24478.25   58039.75   0.3129003   
24457.5   58084.5   0.385912   
24436.75   58129.25   0.4046908   
23859.5   57856.5   0.4618339   
23936   57893   0.5571278   
24012.5   57929.5   0.6254114   
23765.75   57912   0.4618339   
23873.5   57930   0.5571278   
23981.25   57948   0.6254114   
24007.25   57856.5   0.3633229   
24034.5   57893   0.431269   
24061.75   57929.5   0.4576785   
24212   58038   0.3618205   
24171   58014   0.4310737   
24130   57990   0.4574359   
24277.25   58022.25   0.3129003   
24301.5   57982.5   0.3853326   
24325.75   57942.75   0.4040543   
24461.75   57972   0.4618339   
24424.5   57949   0.5571278   
24387.25   57926   0.6188672   
24520   57954.75   0.4434789   
24541   57914.5   0.5270713   
24562   57874.25   0.5757194   
24458.5   58590.25   0.4618339   
24489   58615.5   0.5571278   
24519.5   58640.75   0.5816761   
24631.25   58364.25   0.4618339   
24685.5   58444.5   0.5571278   
24739.75   58524.75   0.6254114   
24689   58523.25   0.3129003   
24724   58550.5   0.403742   
24759   58577.75   0.4256698   
20824.5   59818.75   0.3129003   
20827   59790.5   0.3906526   
20829.5   59762.25   0.4099452   
20832   59734   0.4152709   B1-1-49
23093.25   58919.75   0.3129003   
23134.5   58939.5   0.385706   
23175.75   58959.25   0.4044645   
23217   58979   0.4094581   B1-320-59
24373.5   58369.75   0.3129003   
24415   58385.5   0.3852316   
24456.5   58401.25   0.4039433   
24498   58417   0.4089017   B1-321-P65
24557.25   58317.25   0.3129003   
24537.5   58350.5   0.385232   
24517.75   58383.75   0.4039438   
24445.5   58528   0.3129003   
24463   58491   0.3852319   
24480.5   58454   0.4039437   
24615   58476.25   0.3129003   
24576   58456.5   0.3852319   
24537   58436.75   0.4039437   
22091.25   58912   0.4047076   
22096   58828   0.4097177   B1-2-037
22158.75   58720   0.470458   
23791.25   58176.25   0.6254114   
24077   58135.75   0.5216837   
22387.25   59362   0.7095   
22496   59333   0.55   B1-1-56
23664   59002   0.55   B1-1-061
23086   59128   0.55   B1-1-459
23233   59109   0.55   B1-1-59
24687   58732   0.55   B1-1-65
25801   58450   0.55   B1-1-70
23113   59036   0.55   B1-20-559
23346   58918   0.55   B1-20-560
22797   58867   0.55   B1-21-558
23023   58782   0.55   B1-21-559
23255   58712   0.55   B1-21-560
21094   59296   0.55   B1-21-M551
21649   59001   0.55   B1-2-36
23581   58505   0.55   B1-2-40
23845   58463   0.55   B1-2-P140
21282   58945   0.55   B1-30-552
21489   58889   0.55   B1-30-553
22758   59330   0.55   B1-311-57
23702   59084   0.55   B1-311-61
24692   58830   0.55   B1-311-65
22122   58410   0.55   B1-31-556
21015   59547   0.55   B1-320-50
23425   58933   0.55   B1-320-60
23672   58890   0.55   B1-320-61
23077   59021   0.55   B1-320-P59
23803   58872   0.55   B1-320-P62
20928   59307   0.55   B1-321-50
22886   58800   0.55   B1-321-58
23866   58555   0.55   B1-321-62
23038   58807   0.55   B1-321-P59
23763   58615   0.55   B1-321-P62
21102   58987   0.55   B1-330-51
20623   59116   0.55   B1-330-J49
21081   58743   0.55   B1-331-51
25433   57618   0.55   B1-331-69
25912   57534   0.55   B1-331-71
20708   58834   0.55   B1-331-P50
24716   57728   0.55   B1-331-S66
20572   58649   0.55   B1-3-48
20871   58569   0.55   B1-3-49
22319   58198   0.55   B1-3-54
22907   58052   0.55   B1-3-56
24721   57569   0.55   B1-3-62
20717   58608   0.55   B1-3-D48
22453   58153   0.55   B1-3-D54
24567   57625   0.55   B1-3-D61
25966   57263   0.55   B1-3-D66
21876   58292   0.55   B1-3-F52
21513   58457   0.55   B1-3-P257
25091   57562   0.55   B1-3-P274
25710   57369   0.55   B1-3-P277
23439   57955   0.55   B1-3-SP266
21219   59367   0.55   B1-D2-54
23666   58771   0.55   B1-D2-P64
25340   57749   0.55   B1-D3-469
20609   58953   0.55   B1-D3-55
20626   58987   0.55   B1-D3-P55
21205   58491   0.55   G100-39
21781   58328   0.55   G100-41
20830   59522   0.55   G94-37
21602   59003   0.55   G96-40
20661   58942   0.55   G98-37
22620   58434   0.55   G98-44
23268   59116   0.5847609   B1-1-059
25828   58434   0.6051199   B1-1-070
26080   58360   0.6648974   B1-1-071
21156   59634   0.5899396   B1-1-451
22650   59242   0.5457981   B1-1-457
23332   59070   0.635651   B1-1-460
23567   59011   0.619211   B1-1-461
23802   58953   0.610323   B1-1-462
24553   58751   0.5528449   B1-1-465
25725   58456   0.5636007   B1-1-470
23716   58985   0.5563101   B1-1-61
25403   58573   0.6422023   B1-1-P68
25869   58431   0.6612175   B1-1-P70
21095   59146   0.7017028   B1-2-035
21635   58947   0.6115434   B1-2-036
22628   58714   0.5417815   B1-2-038
23079   58592   0.6932306   B1-2-039
23586   58433   0.601386   B1-2-040
21166   59494   0.6250833   B1-20-551
21372   59459   0.6158182   B1-20-552
23568   58896   0.5779317   B1-20-561
23819   58841   0.5820618   B1-20-562
20904   59189   0.6412709   B1-2-134
21401   59067   0.6428608   B1-2-135
22869   58692   0.6157032   B1-2-138
23823   58448   0.5593363   B1-2-140
21085   59275   0.5700021   B1-21-551
21557   59141   0.6837555   B1-21-553
21795   59089   0.5531077   B1-21-554
23489   58658   0.7050235   B1-21-561
23723   58607   0.5843545   B1-21-562
22772   58841   0.6237128   B1-21-M558
20662   59267   0.6604667   B1-2-34
20797   59216   0.6797006   B1-2-450
20997   59168   0.6615962   B1-2-451
21277   59099   0.6425   B1-2-452
21527   59036   0.6265215   B1-2-453
21771   58975   0.561969   B1-2-454
22742   58719   0.56576   B1-2-458
22983   58639   0.6947027   B1-2-459
23216   58605   0.6340584   B1-2-460
23469   58550   0.6513945   B1-2-461
23691   58482   0.6074306   B1-2-462
21368   59053   0.649417   B1-2-M135
20947   59222   0.6211861   B1-2-P134
21420   59091   0.6347333   B1-2-P135
22887   58722   0.5979833   B1-2-P138
21679   59030   0.5591194   B1-2-P36
23128   58636   0.6973456   B1-2-P39
23602   58530   0.5936927   B1-2-P40
20763   59068   0.647504   B1-30-550
21732   58828   0.6636971   B1-30-554
22695   58567   0.5630172   B1-30-558
23243   59228   0.5895684   B1-311-59
23474   59139   0.6985704   B1-311-60
25641   58588   0.6412977   B1-311-69
20692   58780   0.5747925   B1-31-550
20945   58710   0.5925213   B1-31-551
21213   58649   0.5740362   B1-31-552
21406   58580   0.5922612   B1-31-553
21659   58530   0.65132   B1-31-554
21885   58475   0.6590934   B1-31-555
22613   58277   0.6855308   B1-31-558
22814   58229   0.6943669   B1-31-559
21255   59509   0.6056923   B1-320-51
23928   58814   0.7064142   B1-320-62
20922   59589   0.7001503   B1-320-P50
21399   59484   0.5955833   B1-320-P52
23570   58927   0.5818689   B1-320-P61
21138   59558   0.6149865   B1-320-SP51
23346   58974   0.5825069   B1-320-SP60
21189   59236   0.6537828   B1-321-51
21432   59166   0.6319091   B1-321-52
21703   59120   0.5886087   B1-321-53
23127   58730   0.6289509   B1-321-59
23376   58664   0.7043236   B1-321-60
21118   59293   0.5618964   B1-321-P51
21347   59246   0.6229333   B1-321-P52
23276   58737   0.6116989   B1-321-P60
23507   58685   0.6959844   B1-321-P61
21373   58929   0.5631776   B1-330-52
22575   58595   0.5435277   B1-330-57
22819   58547   0.656101   B1-330-58
23576   58353   0.6624708   B1-330-61
20792   59097   0.6609799   B1-330-P50
21264   58967   0.5691457   B1-330-P52
21762   58846   0.6367326   B1-330-P54
22722   58607   0.561972   B1-330-P58
20559   58872   0.5377839   B1-331-49
20799   58750   0.6058906   B1-331-50
21318   58621   0.5684081   B1-331-52
21551   58614   0.6233345   B1-331-53
22251   58368   0.615402   B1-331-56
22501   58362   0.6812935   B1-331-57
23491   58129   0.7013912   B1-331-61
25673   57521   0.5350153   B1-331-70
20919   58764   0.6184935   B1-331-P51
21436   58641   0.5889853   B1-331-P53
21703   58552   0.6831856   B1-331-P54
21921   58524   0.6666668   B1-331-P55
22642   58329   0.6626858   B1-331-P58
22864   58283   0.7034702   B1-331-P59
24843   57758   0.5584528   B1-331-P67
25306   57635   0.547756   B1-331-P69
25553   57586   0.5354249   B1-331-P70
25785   57524   0.5389668   B1-331-P71
21202   58706   0.5509529   B1-331-SP52
21729   58347   0.576329   B1-3-52
23477   57895   0.5897599   B1-3-58
25252   57445   0.6456096   B1-3-64
25525   57379   0.533289   B1-3-65
25825   57292   0.5483552   B1-3-66
26098   57244   0.548349   B1-3-67
21051   58519   0.655862   B1-3-D49
21292   58455   0.610779   B1-3-D50
21570   58369   0.604198   B1-3-D51
25382   57406   0.5971242   B1-3-D64
25675   57334   0.5463648   B1-3-D65
21459   58393   0.6918782   B1-3-F51
22612   58092   0.7065324   B1-3-F55
22870   58038   0.5465831   B1-3-F56
20697   58660   0.6098716   B1-3-P253
21132   58546   0.6630071   B1-3-P255
21295   58528   0.5816438   B1-3-P256
22029   58334   0.5571185   B1-3-P259
22580   58163   0.7068193   B1-3-P262
22757   58137   0.6583695   B1-3-P263
25918   57330   0.5491637   B1-3-P278
22028   58327   0.5562634   B1-3-SP258
24647   57651   0.5453703   B1-3-SP272
20883   59420   0.6706667   B1-D2-450
21098   59375   0.5993633   B1-D2-451
21352   59350   0.486918   B1-D2-452
23536   58776   0.6231765   B1-D2-461
23781   58715   0.5904871   B1-D2-462
24010   58639   0.7013342   B1-D2-463
20749   59499   0.6405966   B1-D2-52
22933   58935   0.5332488   B1-D2-61
23413   58810   0.637223   B1-D2-63
23660   58742   0.578673   B1-D2-64
23895   58686   0.6790014   B1-D2-65
20791   59508   0.6040165   B1-D2-M52
20763   59545   0.6379541   B1-D2-P52
21013   59462   0.6385   B1-D2-P53
23421   58843   0.609894   B1-D2-P63
20726   58930   0.5990624   B1-D3-450
20981   58856   0.6406981   B1-D3-451
21237   58774   0.5376669   B1-D3-452
21455   58756   0.593565   B1-D3-453
21691   58690   0.6849756   B1-D3-454
22654   58427   0.5774737   B1-D3-458
24866   57851   0.5536844   B1-D3-467
21126   58822   0.545322   B1-D3-57
21351   58788   0.5365751   B1-D3-58
21575   58713   0.6618277   B1-D3-59
21814   58650   0.6941543   B1-D3-60
22524   58458   0.638005   B1-D3-63
22783   58390   0.6902394   B1-D3-64
24991   57821   0.6050707   B1-D3-73
25450   57714   0.5548323   B1-D3-75
20655   58972   0.5568351   B1-D3-M55
21105   58847   0.5554517   B1-D3-P57
21353   58813   0.5386304   B1-D3-P58
21611   58709   0.6676844   B1-D3-P59
21831   58677   0.6930362   B1-D3-P60
22562   58494   0.5877435   B1-D3-P63
22798   58429   0.6905684   B1-D3-P64
24964   57869   0.5804797   B1-D3-P73
25217   57807   0.5847656   B1-D3-P74
25449   57742   0.5552257   B1-D3-P75
20900   58570   0.5654885   G100-38
21496   58410   0.6346723   G100-40
22059   58284   0.5486467   G100-42
22655   58111   0.7046716   G100-44
21119   59440   0.6267724   G94-38
21408   59370   0.6281428   G94-39
20769   59235   0.6783592   G96-37
21051   59166   0.6604667   G96-38
21348   59078   0.6407857   G96-39
22791   58708   0.5843006   G96-44
23082   58675   0.7001373   G96-45
20943   58866   0.6754145   G98-38
21281   58772   0.5401908   G98-39
21526   58751   0.6286597   G98-40
21864   58636   0.7021374   G98-41
22592   58434   0.5777445   G98-F44
19758.8671875   56737.22265625   0.6020539   
251815.28125   56737.22265625   0.6443152   
23972   58528   0.6197569   B1-21-563
24002   58555   0.6580789   B1-321-P63
22429   59275   0.607519   B1-1-456
23939   58406   0.5893571   B1-2-463
24567   57779   0.55   B1-31-566
22388   59230   0.5598092   B1-320-P56
25743   58352   0.6537783   B1-320-P70
25721   57798   0.55   B1-330-70
24461   57844   0.5632245   B1-331-65
24380   57642   0.5420989   B1-3-61
24223   57691   0.5306543   B1-3-D60
24409   57699   0.55   B1-3-SP271
22337   59162   0.5248199   G94-42
23572   58041   0.6918169   B1-31-562
23932   58294   0.6135536   B1-330-P63
21895   58938   0.55   B1-2-136
22294   58964   0.5893353   B1-21-556
21954   58762   0.6711361   B1-30-555
22314   58995   0.3874777   B1-321-P56
21864   58802   0.6468158   B1-330-54
21986   58803   0.6760042   B1-330-P55
22020   58500   0.6086566   B1-331-55
22325   59089   0.524691   B1-D2-456
21939   58618   0.6875806   B1-D3-455
22040   58589   0.6530879   B1-D3-61
22505   59168   0.5792745   B1-320-56
21032   59688   0.5912556   B1-1-050
20914   59711   0.597   B1-1-450
21392   59560   0.5836363   B1-1-452
20987   59705   0.606125   B1-1-50
21073   59678   0.5910935   B1-1-P50
25880   57908   0.6365493   B1-2-471
23148   58473   0.5422449   B1-30-560
23419   58377   0.5676511   B1-30-561
23164   58500   0.55   B1-30-M560
21775   59589   0.6873614   B1-311-53
24938   58768   0.6205385   B1-311-66
25159   58707   0.6358   B1-311-67
23321   58048   0.6218189   B1-31-561
23065   58471   0.55   B1-330-59
23207   58495   0.5618275   B1-330-P60
25865   57789   0.5690291   B1-330-P71
22975   58244   0.6792341   B1-331-59
24940   57525   0.6933619   B1-3-63
23190   58870   0.5843062   B1-D2-62
23174   58894   0.5662885   B1-D2-P62
23125   58308   0.6108883   B1-D3-460
23442   58263   0.676957   B1-D3-461
23003   58331   0.6600595   B1-D3-65
23299   58266   0.6124875   B1-D3-66
23042   58364   0.6236473   B1-D3-P65
22961   58053   0.5434114   G100-45
24388   58814   0.3114   B1-1-64
22061   59449   0.3114   B1-1-P54
22382   58805   0.3114   B1-2-137
24332   58354   0.3114   B1-2-P141
24577   58284   0.3114   B1-2-P42
21445   58423   0.3114   B1-3-51
22023   58256   0.3114   B1-3-53
22607   58121   0.3114   B1-3-55
23783   57820   0.3114   B1-3-59
22786   58052   0.3114   B1-3-D55
23066   58007   0.3114   B1-3-D56
23342   57931   0.3114   B1-3-D57
22160   58217   0.3114   B1-3-F53
23658   57894   0.3114   B1-3-P267
23980   57820   0.3114   B1-3-P269
24855   57551   0.3114   B1-3-SP273
20822   59847   0.3114   B1-311-49
21262   59719   0.3114   B1-311-51
25015   57976   0.3114   B1-330-67
25494   57861   0.3114   B1-330-69
25946   57730   0.3114   B1-330-71
25202   57654   0.3114   B1-331-68
21594   59285   0.3114   B1-D2-453
21860   59256   0.3114   B1-D2-454
22077   59164   0.3114   B1-D2-455
23052   58900   0.3114   B1-D2-459
24255   58587   0.3114   B1-D2-464
25605   58240   0.3114   B1-D2-72
26019   58136   0.3114   B1-D2-74
25991   58108   0.3114   B1-D2-F74
22715   59036   0.3114   B1-D2-P60
24428   58565   0.3114   B1-D2-P67
24654   58496   0.3114   B1-D2-P68
25837   58220   0.3114   B1-D2-P73
23537   58256   0.3114   B1-D3-P67
24253   58062   0.3114   B1-D3-P70
24499   57995   0.3114   B1-D3-P71
25701   57685   0.3114   B1-D3-P76
20878.66015625   60014.87890625   0.3114   B1-311-SP68
20700   59363   0.3114   B1-321-49
19758.8671875   593711.9375   0.3114   
251815.28125   593711.9375   0.3114   
23478   59043   0.7095   B1-1-060
23891   58948   0.7095   B1-1-062
24153   58873   0.7095   B1-1-063
24044   58908   0.7095   B1-1-463
25943   58384   0.7095   B1-1-471
23415   59061   0.7095   B1-1-60
24202   58863   0.7095   B1-1-63
23974   58948   0.7095   B1-1-P62
20668   59225   0.7095   B1-2-034
20905   59565   0.7095   B1-20-550
20830   59350   0.7095   B1-21-550
21304   59213   0.7095   B1-21-552
21156   59126   0.7095   B1-2-35
23097   58644   0.7095   B1-2-39
23362   58575   0.7095   B1-2-P139
20698   59251   0.7095   B1-2-P34
21226   59142   0.7095   B1-2-P35
21002   59016   0.7095   B1-30-551
22986   58509   0.7095   B1-30-559
23944   59023   0.7095   B1-311-62
24441   58903   0.7095   B1-311-64
25391   58643   0.7095   B1-311-68
25877   58526   0.7095   B1-311-70
26105   58455   0.7095   B1-311-71
22374   58322   0.7095   B1-31-557
24159   58754   0.7095   B1-320-63
23608   58623   0.7095   B1-321-61
20843   59373   0.7095   B1-321-P50
21609   58854   0.7095   B1-330-53
21519   58910   0.7095   B1-330-P53
21030   59058   0.7095   B1-330-SP51
21772   58508   0.7095   B1-331-54
22725   58255   0.7095   B1-331-58
22399   58384   0.7095   B1-331-P57
21155   58497   0.7095   B1-3-50
25105   57471   0.7095   B1-3-D63
22396   58224   0.7095   B1-3-P261
23304   58800   0.7095   B1-D2-460
20993   59421   0.7095   B1-D2-53
21234   59400   0.7095   B1-D2-P54
23918   58711   0.7095   B1-D2-P65
20846   58896   0.7095   B1-D3-56
23551   58231   0.7095   B1-D3-67
20859   58926   0.7095   B1-D3-P56
20619   58641   0.7095   G100-37
22365   58181   0.7095   G100-43
22908   58394   0.7095   G98-45
23494   59074   0.7095   B1-1-P60
22958   58490   0.7095   B1-30-M559
24184   58970   0.7095   B1-311-63
24055   58797   0.7095   B1-320-P63
20877   59045   0.7095   B1-330-50
22964   58537   0.7095   B1-330-P59
22895   58371   0.7095   B1-D3-459
23938   58934   0.7095   B1-1-62
24139   58654   0.7095   B1-D2-P66
23647   58304   0.7095   B1-30-562
23699   58350   0.7095   B1-330-P62
23610   58090   0.7095   B1-331-P62
23636   58170   0.7095   B1-D3-462
21326   59567   0.7095   B1-1-051
23360   58150   0.7095   B1-331-SP61
20748   59773   0.3296926   B1-1-049
22847   59191   0.4194956   B1-1-057
24432   58796   0.4343219   B1-1-064
22880   59232   0.4347655   B1-1-458
24298   58848   0.5604985   B1-1-464
22267   59360   0.5030885   B1-1-55
22803   59221   0.4610262   B1-1-57
22956   59175   0.4327264   B1-1-58
26044   58285   0.4818943   B1-1-71
23018   59194   0.4713711   B1-1-P58
24448   58826   0.49465   B1-1-P64
22352   59211   0.532757   B1-20-556
22842   59094   0.3625055   B1-20-558
23331   58575   0.6865104   B1-2-139
24305   58315   0.3203613   B1-2-141
25996   57879   0.3114   B1-2-45
24409   58260   0.3895592   B1-2-465
22395   58848   0.3943623   B1-2-P137
22155   58918   0.4145002   B1-2-P37
26013   57904   0.3114   B1-2-P45
24155   58197   0.4327125   B1-30-564
23092   58154   0.3990227   B1-31-560
22874   59101   0.3923782   B1-320-P58
26015   57971   0.3114   B1-321-71
24260   58150   0.3608834   B1-330-64
24514   58081   0.3411615   B1-330-65
25132   57978   0.386838   B1-330-P68
25356   57920   0.4087559   B1-330-P69
23122   58202   0.4326332   B1-331-P60
25058   57712   0.4016246   B1-331-P68
23226   58149   0.4720306   B1-331-S60
23185   57966   0.3327263   B1-3-57
23589   57879   0.4179656   B1-3-D58
22971   58076   0.5373883   B1-3-P264
23176   58028   0.3484145   B1-3-SP265
25931   58159   0.3416198   B1-D2-471
22201   59120   0.4128924   B1-D2-58
24625   58495   0.3114   B1-D2-68
22225   59140   0.4328174   B1-D2-P58
24746   57871   0.5291278   B1-D3-72
25690   57654   0.3612056   B1-D3-76
25887   57603   0.4472265   B1-D3-77
23253   58313   0.4859813   B1-D3-P66
24747   57921   0.4952068   B1-D3-P72
23151   58933   0.4200756   G94-45
22136   59384   0.3460807   B1-1-455
22136   58874   0.4050765   B1-2-37
22278   59442   0.508551   B1-311-55
25827   58313   0.5123942   B1-320-70
24032   58225   0.5428168   B1-330-63
24350   57903   0.4091959   B1-331-P65
24354   57957   0.386917   B1-D3-465
22368   58491   0.680552   G98-43
22274   58844   0.4574414   B1-2-456
22202   58697   0.4716218   B1-30-556
25591   58374   0.4121449   B1-320-69
24550   58666   0.4092546   B1-320-P65
22342   58678   0.5048146   B1-330-56
22231   58740   0.4402288   B1-330-P56
25732   58206   0.3557898   B1-D2-470
25605   58278   0.3230276   B1-D2-P72
22243   58846   0.4624642   G96-42
22998   59141   0.4672909   B1-1-058
25055   58132   0.4063109   B1-2-43
25080   58156   0.4131158   B1-2-P43
22023   59531   0.3928144   B1-311-54
24086   57905   0.4076861   B1-31-564
24320   57852   0.4626119   B1-31-565
22961   59049   0.4095244   B1-320-58
24678   58622   0.3729412   B1-320-65
24071   57739   0.3775235   B1-3-60
24193   57760   0.4618112   B1-3-P270
24498   58526   0.3503009   B1-D2-465
21720   59270   0.3879361   B1-D2-56
24239   58018   0.3394946   B1-D3-70
22313   58564   0.608897   B1-D3-P62
24711   58688   0.4930918   B1-1-065
24804   58686   0.5006148   B1-1-466
24544   58249   0.3202917   B1-2-042
25541   57998   0.343417   B1-2-044
22596   59154   0.4259736   B1-20-557
24868   58162   0.4156902   B1-2-142
22530   58898   0.4249697   B1-21-557
22623   58747   0.5174571   B1-2-38
25508   58006   0.3393494   B1-2-44
22506   58778   0.4872624   B1-2-457
24676   58212   0.3806243   B1-2-466
24958   58133   0.3950384   B1-2-467
25407   58018   0.4092853   B1-2-469
25643   57974   0.3988455   B1-2-470
24804   58221   0.413404   B1-2-P142
22636   58785   0.4906489   B1-2-P38
25537   58028   0.3199608   B1-2-P44
22436   58629   0.55   B1-30-557
22467   58626   0.55   B1-30-F557
24401   58701   0.4102416   B1-320-64
24318   58734   0.4094587   B1-320-P64
24794   58605   0.4110936   B1-320-P66
22410   58914   0.4145502   B1-321-56
22649   58855   0.4094769   B1-321-57
25548   58092   0.3269749   B1-321-69
22557   58940   0.4058118   B1-321-P57
24778   58019   0.4417622   B1-330-66
22476   58670   0.55   B1-330-P57
24660   58102   0.4268786   B1-330-P66
24886   58056   0.386099   B1-330-P67
24223   57870   0.4575324   B1-331-64
22566   59032   0.3863895   B1-D2-457
22443   59061   0.4123263   B1-D2-59
22468   59081   0.4387205   B1-D2-P59
24003   58076   0.4871117   B1-D3-69
22582   59079   0.4006868   G94-43
22477   58781   0.4805918   G96-43
22106   59280   0.3585695   B1-20-555
22065   59016   0.3750219   B1-21-555
22048   58888   0.4642776   B1-2-455
21904   58982   0.5022895   B1-2-P136
23861   57963   0.4400433   B1-31-563
22142   59295   0.3727343   B1-320-P55
21933   59058   0.4088807   B1-321-54
21816   59132   0.4910904   B1-321-P54
22070   59061   0.3401532   B1-321-P55
22102   58717   0.5181485   B1-330-55
23735   58013   0.5086308   B1-331-62
21969   59176   0.3913037   B1-D2-57
22935   58969   0.483068   B1-D2-P61
21982   59225   0.3809765   G94-41
22871   59003   0.4279842   G94-44
21913   58908   0.5683092   G96-41
25283   58067   0.5080301   B1-2-143
24217   58463   0.3527769   B1-21-564
24704   58322   0.3921585   B1-2-42
24186   58350   0.3810578   B1-2-464
24348   58417   0.3223425   B1-321-64
25077   58203   0.4554713   B1-321-67
22770   58875   0.5424693   B1-321-P58
24583   57834   0.5584387   B1-331-P66
22807   58966   0.415506   B1-D2-458
24734   58444   0.4189012   B1-D2-466
25567   57670   0.4595422   B1-D3-470
24481   57958   0.3592662   B1-D3-71
25210   57775   0.5211152   B1-D3-74
24042   58440   0.5567011   B1-2-041
24069   58379   0.5192527   B1-2-41
24078   58414   0.5166425   B1-2-P41
25340   58428   0.4448481   B1-320-68
24103   58488   0.5343187   B1-321-63
24574   58337   0.3257749   B1-321-65
24249   58512   0.3117059   B1-321-P64
24143   58622   0.6545873   B1-D2-66
25363   58324   0.4678003   B1-D2-P71
25129   58581   0.5451491   B1-1-067
25048   58624   0.5626003   B1-1-467
25234   58549   0.5130332   B1-1-468
24929   58668   0.5560379   B1-1-66
25318   58589   0.6114226   B1-1-68
24941   58709   0.5870343   B1-1-P66
25149   58614   0.5695848   B1-1-X67
24905   58573   0.4980273   B1-320-66
25115   58491   0.5048881   B1-320-67
25017   58546   0.5225974   B1-320-P67
25274   58494   0.4990743   B1-320-P68
25509   58422   0.5711811   B1-320-P69
24742   58366   0.4105316   B1-321-P66
24974   58321   0.4686548   B1-321-P67
25614   57851   0.4226846   B1-330-P70
24987   58409   0.4809233   B1-D2-467
25221   58343   0.4964182   B1-D2-468
24868   58435   0.462743   B1-D2-69
25111   58376   0.4790851   B1-D2-70
24882   58459   0.4679194   B1-D2-P69
25123   58399   0.481515   B1-D2-P70
22384   59355   0.6957368   B1-1-055
21788   59473   0.484115   B1-1-053
21671   59498   0.520376   B1-1-453
21887   59474   0.4398752   B1-1-454
21820   59537   0.5690123   B1-1-53
21995   59430   0.3400698   B1-1-54
21758   59385   0.3994651   B1-320-53
21904   59373   0.3595138   B1-320-P54
21741   59292   0.3825238   B1-D2-P56
21704   59300   0.3718673   G94-40
25305   58095   0.4967486   B1-2-P143
25300   58148   0.4820155   B1-321-68
25226   58268   0.5241609   B1-321-P68
25467   58194   0.4347785   B1-321-P69
25458   58274   0.4432328   B1-D2-469
25344   58312   0.47719   B1-D2-71
25835   58184   0.3202921   B1-D2-73
22012   59324   0.3335264   B1-320-54
22163   58468   0.5466322   B1-331-P56
23899   57802   0.3156599   B1-3-D59
22186   58572   0.4782929   B1-D3-456
22067   58623   0.6110836   B1-D3-P61
22182   58608   0.4949934   G98-42
22255   58524   0.584419   S117
25478   58528   0.6275964   B1-1-469
21888   59322   0.3478724   B1-20-554
24015   58124   0.5249149   B1-D3-P69
23938   58251   0.5875298   B1-30-563
23794   58295   0.5371795   B1-330-62
23849   58012   0.4630002   B1-331-P63
23882   58111   0.5037717   B1-D3-463
23761   58147   0.5573338   B1-D3-68
23766   58184   0.5603977   B1-D3-P68
25690   58122   0.3486535   B1-321-P70
21562   59539   0.4508424   B1-1-052
22542   59331   0.5478879   B1-1-056
25350   58567   0.55   B1-1-068
21284   59603   0.592077   B1-1-51
21510   59546   0.4332483   B1-1-52
21558   59574   0.4768512   B1-1-P52
22524   59357   0.5562741   B1-1-P56
21628   59391   0.3672185   B1-20-553
25756   57943   0.5389485   B1-2-144
25778   57975   0.5213115   B1-2-P144
22545   59383   0.5586702   B1-311-56
21512   59452   0.4524626   B1-320-52
21655   59429   0.4285942   B1-320-P53
25786   58034   0.4626132   B1-321-70
25929   58056   0.3947528   B1-321-P71
23435   58412   0.55   B1-330-P61
21478   59302   0.4987352   B1-D2-55
21484   59335   0.4868557   B1-D2-P55
21968   59206   0.3826832   B1-D2-P57
23975   58002   0.4706307   B1-331-63
24089   57966   0.4712179   B1-331-P64
25630   58463   0.55   B1-1-069
25652   58485   0.560146   B1-1-69
22044   59424   0.3114   B1-1-054
24398   58596   0.3114   B1-D2-67
22687   58998   0.3114   B1-D2-60
