24177.75   58916   0.3129003   
24171.5   58862   0.3885816   
24165.25   58808   0.4076235   
21383.5   59338   0.3129003   
21415   59326   0.3852069   
21446.5   59314   0.4039162   
21478   59302   0.4088724   B1-D2-55
21169.75   58972.5   0.3129003   
21237.5   58958   0.4038342   
21305.25   58943.5   0.4257766   
21373   58929   0.4313831   B1-330-52
22562.5   58758.25   0.3129003   
22489   58731.5   0.3853679   
22415.5   58704.75   0.4040931   
22342   58678   0.4090621   B1-330-56
22273.75   58445.5   0.3129003   
22296.5   58523   0.3853675   
22319.25   58600.5   0.4040927   
22478.5   58513   0.3129003   
22433   58568   0.38537   
22387.5   58623   0.4040954   
22769.5   59010.75   0.3129003   
22824   58985.5   0.3856212   
22878.5   58960.25   0.4043714   
22933   58935   0.4093587   B1-D2-61
22837.25   58698.75   0.4141635   
22805.5   58705.5   0.4803679   
22773.75   58712.25   0.5169714   
22662.5   58768.5   0.3376627   
22689   58752   0.4168549   
22715.5   58735.5   0.440279   
22856.5   58655.75   0.4544711   
22844   58619.5   0.5449458   
22831.5   58583.25   0.6026699   
22803.25   58458.5   0.3991873   
22808.5   58488   0.4580986   
22813.75   58517.5   0.4894586   
23342.25   58597.25   0.4117296   
23353.5   58619.5   0.4769474   
23364.75   58641.75   0.5124329   
23376   58664   0.5189382   B1-321-60
23496   58748   0.4081106   
23456   58720   0.4713758   
23416   58692   0.5059111   
23324.75   58549.5   0.3463214   
23318.5   58524   0.4186697   
23312.25   58498.5   0.4422743   
23306   58473   0.4488223   B1-330-60
24025   58449.25   0.4618339   
23972   58484.5   0.5571278   
23919   58519.75   0.6254114   
23802.25   58675   0.4012006   
23823.5   58635   0.4611039   
23844.75   58595   0.493182   
23421   58551.75   0.3934348   
23511   58528.5   0.449298   
23601   58505.25   0.4794418   
23691   58482   0.4557835   B1-2-462
23604.75   58385.25   0.3129003   
23633.5   58417.5   0.4080287   
23662.25   58449.75   0.4305316   
23574.75   58702.5   0.3184474   
23613.5   58629   0.4144226   
23652.25   58555.5   0.4376189   
24007   58384.25   0.4265799   
23936   58354.5   0.4999666   
23865   58324.75   0.5409077   
23630.5   58338.5   0.3426997   
23685   58324   0.4174925   
23739.5   58309.5   0.4409764   
23556.25   57995   0.3684053   
23635.5   58095   0.4319298   
23714.75   58195   0.4584992   
23601.25   58265.75   0.4369474   
23665.5   58275.5   0.516423   
23729.75   58285.25   0.5619936   
20806.75   59795.5   0.3129003   
20791.5   59744   0.385225   
20776.25   59692.5   0.4039361   
20761   59641   0.4088935   B1-320-49
20852.5   59475.25   0.3129003   
20822   59530.5   0.3852248   
20791.5   59585.75   0.4039358   
20845   59813   0.3129003   
20868   59779   0.3851984   
20891   59745   0.4039069   
20914   59711   0.4088625   B1-1-450
20890.75   59492.75   0.3129003   
20898.5   59565.5   0.3851984   
20906.25   59638.25   0.4039069   
20882.75   59827.75   0.3129003   
20943.5   59808.5   0.3855058   
21004.25   59789.25   0.4042446   
21065   59770   0.4092231   B1-311-50
21397.25   59425.75   0.3129003   
21442.5   59501.5   0.3852112   
21487.75   59577.25   0.403921   
21533   59653   0.4088776   B1-311-52
22214.25   59464.25   0.3129003   
22150.5   59486.5   0.3866057   
22086.75   59508.75   0.4054528   
22023   59531   0.4105139   B1-311-54
22207.25   59439   0.3129003   
22136.5   59436   0.3859529   
22065.75   59433   0.4047357   
21995   59430   0.4097525   B1-1-54
21893.75   59299.5   0.3129003   
21927.5   59343   0.3859609   
21961.25   59386.5   0.4047446   
22271.75   59396.25   0.3129003   
22265.5   59350.5   0.3865613   
22259.25   59304.75   0.4054041   
22253   59259   0.4105741   B1-320-55
22214   59154.75   0.3129003   
22227   59189.5   0.3867528   
22240   59224.25   0.4056144   
22344.75   59427.25   0.3129003   
22411.5   59412.5   0.3853383   
22478.25   59397.75   0.4040607   
22545   59383   0.4090265   B1-311-56
22704.75   59343.25   0.3129003   
22651.5   59356.5   0.385338   
22598.25   59369.75   0.4040603   
22477.25   59102.75   0.3129003   
22486.5   59124.5   0.3852757   
22495.75   59146.25   0.4039919   
22505   59168   0.4089532   B1-320-56
22753.75   59278.25   0.3129003   
22749.5   59226.5   0.3852718   
22745.25   59174.75   0.4039875   
22741   59123   0.4089482   B1-320-57
22721.5   59057.75   0.3129003   
22728   59079.5   0.3852712   
22734.5   59101.25   0.4039868   
23645   59097.75   0.3129003   
23588   59111.5   0.3853282   
23531   59125.25   0.4040495   
23474   59139   0.4090148   B1-311-60
23694.5   59035.5   0.3129003   
23687   58987   0.3857275   
23679.5   58938.5   0.4044881   
23672   58890   0.4095221   B1-320-61
23570   58804.5   0.3129003   
23604   58833   0.3858289   
23638   58861.5   0.4045995   
23753.75   58758.75   0.3129003   
23726.5   58802.5   0.3857253   
23699.25   58846.25   0.4044856   
24339   58899   0.3129003   
24494   58828   0.3875931   
24649   58757   0.4065375   
24804   58686   0.4116163   B1-1-466
24308.25   58638   0.3129003   
24473.5   58654   0.3874974   
24638.75   58670   0.4064324   
25002.25   58462.75   0.3129003   
25017.5   58516.5   0.3851941   
25032.75   58570.25   0.4039022   
25048   58624   0.4088575   B1-1-467
25019   58429.5   0.3129003   
25051   58450   0.3851828   
25083   58470.5   0.4038898   
25194.5   58380   0.3129003   
25168   58417   0.3851833   
25141.5   58454   0.4038903   
25112   58404.75   0.3129003   
25113   58433.5   0.385183   
25114   58462.25   0.40389   
25578.5   58601.75   0.3129003   
25516   58615.5   0.3892194   
25453.5   58629.25   0.4083376   
25391   58643   0.4135833   B1-311-68
25600.25   58573   0.3129003   
25559.5   58558   0.3894957   
25518.75   58543   0.4086475   
25478   58528   0.4139086   B1-1-469
25696.75   58248   0.3129003   
25661.5   58290   0.3852112   
25626.25   58332   0.4039209   
25591   58374   0.4088774   B1-320-69
25662   58555   0.3129003   
25683   58522   0.3854447   
25704   58489   0.4041775   
25725   58456   0.4091398   B1-1-470
25730.25   58268.5   0.3129003   
25728.5   58331   0.3854248   
25726.75   58393.5   0.4041556   
25700   58572.5   0.3129003   
25759   58557   0.3896117   
25818   58541.5   0.4087776   
25877   58526   0.4140508   B1-311-70
26048   58472.75   0.3129003   
25991   58490.5   0.3896213   
25934   58508.25   0.4087883   
26064.5   58437.25   0.3129003   
26024   58419.5   0.3854693   
25983.5   58401.75   0.4042045   
25934   58215.25   0.3129003   
25937   58271.5   0.385447   
25940   58327.75   0.40418   
25960.25   58181.75   0.3129003   
25989.5   58204.5   0.3851944   
26018.75   58227.25   0.4039025   
26048   58250   0.4088578   B1-320-71
21052.5   59037.5   0.3129003   
21003   59088   0.385471   
20953.5   59138.5   0.4042063   
20904   59189   0.4091945   B1-2-134
20888.25   59362.25   0.3129003   
20893.5   59304.5   0.3854917   
20898.75   59246.75   0.4042292   
21045.75   59001.5   0.3129003   
20989.5   59016   0.3853773   
20933.25   59030.5   0.4041034   
20877   59045   0.4090723   B1-330-50
21096.75   58926   0.3129003   
21091.5   58865   0.3938538   
21086.25   58804   0.4136124   
21081   58743   0.4212188   B1-331-51
21119.25   58595.25   0.3129003   
21106.5   58644.5   0.3978371   
21093.75   58693.75   0.4184723   
21241.5   58581.75   0.3129003   
21188   58635.5   0.3947675   
21134.5   58689.25   0.4147092   
21135.75   58933.75   0.3129003   
21169.5   58880.5   0.3855514   
21203.25   58827.25   0.4042947   
21237   58774   0.4092583   B1-D3-452
21297.75   58659.25   0.3129003   
21277.5   58697.5   0.3855201   
21257.25   58735.75   0.4042603   
21164.25   58937.25   0.3129003   
21226.5   58887.5   0.3857445   
21288.75   58837.75   0.4045067   
21351   58788   0.4094747   B1-D3-58
21326.25   58662.75   0.3129003   
21334.5   58704.5   0.3856958   
21342.75   58746.25   0.4044533   
21352.25   58654.75   0.4618339   
21386.5   58688.5   0.5571278   
21420.75   58722.25   0.6254114   
21545   58723.75   0.3129003   
21515   58734.5   0.3932905   
21485   58745.25   0.4129361   
21751.75   58553.5   0.3129003   
21731.5   58599   0.3855357   
21711.25   58644.5   0.4042774   
21691   58690   0.4092577   B1-D3-454
21631   58704.25   0.3129003   
21651   58699.5   0.3855349   
21671   58694.75   0.4042765   
21894   58937   0.4282092   
21884   58892   0.5025167   
21874   58847   0.5440482   
21674.25   58732.25   0.4369474   
21737.5   58755.5   0.516423   
21800.75   58778.75   0.5619936   
21940   58958.5   0.3129003   
21976   58935   0.3944818   
22012   58911.5   0.4143663   
22048   58888   0.4203534   B1-2-455
22308.25   58858   0.3129003   
22221.5   58868   0.3945089   
22134.75   58878   0.4143988   
22162.75   59062   0.3129003   
22124.5   59004   0.3953732   
22086.25   58946   0.4154363   
22632.75   58775.5   0.3129003   
22629.5   58766   0.3129003   
22626.25   58756.5   0.3877511   
22587   58633   0.3129003   
22599   58671   0.3129003   
22611   58709   0.3878477   
22313.5   58366.5   0.3129003   
22376   58365   0.3854371   
22438.5   58363.5   0.4041692   
22501   58362   0.4091495   B1-331-57
22560.25   58212.75   0.3129003   
22540.5   58262.5   0.3854407   
22520.75   58312.25   0.4041731   
22518.25   58434   0.3129003   
22512.5   58410   0.3854512   
22506.75   58386   0.4041846   
22787.5   58252.25   0.4618339   
22850   58249.5   0.5457865   
22912.5   58246.75   0.5523576   
23163.25   58172.75   0.4618339   
23100.5   58196.5   0.5571278   
23037.75   58220.25   0.582175   
22833.25   58100   0.38221   
22880.5   58148   0.4337548   
22927.75   58196   0.4607649   
23043.25   58066.25   0.3872574   
23020.5   58125.5   0.440384   
22997.75   58184.75   0.4688495   
22811.5   58163.75   0.4618339   
22866   58190.5   0.5571278   
22920.5   58217.25   0.5495421   
22972   58118   0.4618339   
22973   58160   0.5438482   
22974   58202   0.5401938   
22842.25   58382.75   0.4618339   
22886.5   58336.5   0.5571278   
22930.75   58290.25   0.5802079   
23244.25   58178.25   0.3335502   
23262.5   58207.5   0.4163343   
23280.75   58236.75   0.4397097   
23299   58266   0.4518185   B1-D3-66
23432.5   57987.75   0.3825644   
23388   58080.5   0.4342169   
23343.5   58173.25   0.4613255   
23331.25   58014.75   0.337104   
23320.5   58098.5   0.4167842   
23309.75   58182.25   0.4402018   
23477.5   58258.5   0.3345221   
23418   58261   0.4164574   
23358.5   58263.5   0.4398443   
24105   58398   0.3129003   
24132   58382   0.3853735   
24159   58366   0.4040993   
24186   58350   0.409068   B1-2-464
24218.25   58052.75   0.3129003   
24183.5   58043.5   0.3851248   
24148.75   58034.25   0.4038261   
24820   58174.5   0.3679684   
24772   58187   0.431873   
24724   58199.5   0.4584286   
24719.5   58386   0.3129003   
24705   58328   0.3926747   
24690.5   58270   0.4122135   
24652.75   58398   0.3508803   
24571.5   58352   0.4294758   
24490.25   58306   0.4554461   
24292   58111.5   0.4328001   
24331   58161   0.509517   
24370   58210.5   0.5530554   
24692   57766.25   0.3431999   
24668   57804.5   0.4175559   
24644   57842.75   0.4410456   
24344.75   58016.75   0.3926275   
24436.5   57971.5   0.4480475   
24528.25   57926.25   0.4780146   
24845.5   58126.25   0.4070467   
24823   58090.5   0.4697316   
24800.5   58054.75   0.5040216   
25248   58076.5   0.3643505   
25213   58086   0.4314026   
25178   58095.5   0.4578444   
24890.5   58154.75   0.3834471   
24913   58147.5   0.4353674   
24935.5   58140.25   0.4627215   
25236.25   57996.5   0.347019   
25189.5   57926   0.4203748   
25142.75   57855.5   0.4441624   
25175.5   57686.75   0.3129003   
25149   57719.5   0.3937241   
25122.5   57752.25   0.4134567   
25275.5   58031.75   0.3489775   
25268   57996.5   0.4249063   
25260.5   57961.25   0.4496437   
25214.75   57722   0.3129003   
25227.5   57790   0.3946958   
25240.25   57858   0.4146231   
25709.75   58148   0.3129003   
25687.5   58090   0.3855682   
25665.25   58032   0.4043132   
25643   57974   0.4092965   B1-2-470
25684.25   58154   0.3129003   
25636.5   58102   0.3854358   
25588.75   58050   0.4041678   
25541   57998   0.4091411   B1-2-044
25314   58054.75   0.4083846   
25345   58042.5   0.4717995   
25376   58030.25   0.506398   
25407   58018   0.5158874   B1-2-469
25297.25   57987.5   0.3663564   
25311.5   57908   0.4316634   
25325.75   57828.5   0.4581683   
25236.5   57677.75   0.3129003   
25271   57701.5   0.3974866   
25305.5   57725.25   0.4180261   
25259.75   57645   0.3129003   
25317.5   57636   0.3866323   
25375.25   57627   0.4054821   
25433   57618   0.4105771   B1-331-69
25613   57545.25   0.3129003   
25553   57569.5   0.3867223   
25493   57593.75   0.4055809   
25394.75   57459   0.3129003   
25407.5   57512   0.3866243   
25420.25   57565   0.4054734   
25646.5   57558.25   0.3578675   
25620   57595.5   0.4305598   
25593.5   57632.75   0.4567976   
25567   57670   0.4640068   B1-D3-470
25889.75   57747   0.3129003   
25833.5   57764   0.4088407   
25777.25   57781   0.4314436   
25721   57798   0.4376485   B1-330-70
25685   57590.25   0.3129003   
25697   57659.5   0.4094427   
25709   57728.75   0.4321182   
25963.25   57790.25   0.3129003   
25980.5   57850.5   0.3856317   
25997.75   57910.75   0.4043829   
26015   57971   0.4093616   B1-321-71
25952   58112   0.3129003   
25973   58065   0.3856158   
25994   58018   0.4043655   
25929.5   57774.5   0.3129003   
25913   57819   0.3855482   
25896.5   57863.5   0.4042912   
25880   57908   0.4092768   B1-2-471
25918.25   58096.25   0.3129003   
25905.5   58033.5   0.3855547   
25892.75   57970.75   0.4042984   
25907.75   57703   0.3290848   
25869.5   57676   0.4157691   
25831.25   57649   0.4390915   
25703   57546.25   0.33395   
25733   57571.5   0.416385   
25763   57596.75   0.439765   
25937.5   57681   0.384454   
25929   57632   0.4366799   
25920.5   57583   0.4643139   
25912   57534   0.4622083   B1-331-71
25732.75   57524.25   0.3476348   
25792.5   57527.5   0.4218797   
25852.25   57530.75   0.445829   
25145.25   57673.5   0.3129003   
25088.5   57693   0.3852869   
25031.75   57712.5   0.4040042   
24975   57732   0.4089667   B1-331-67
24780.75   57729   0.3129003   
24845.5   57730   0.3852875   
24910.25   57731   0.4040047   
20916   59451.75   0.3129003   
20949   59483.5   0.3851956   
20982   59515.25   0.4039038   
21015   59547   0.4088591   B1-320-50
21911.25   59001   0.3958321   
21918.5   59020   0.4530076   
21925.75   59039   0.4835088   
21878.25   59206.5   0.3959152   
21896.5   59157   0.4531361   
21914.75   59107.5   0.4836488   
22134   59104.5   0.3962266   
22067   59089   0.4536178   
22000   59073.5   0.4841732   
21959.25   59169   0.4399906   
21950.5   59132   0.5214678   
21941.75   59095   0.5684651   
21691.5   58796.25   0.4392049   
21772   58883.5   0.5201843   
21852.5   58970.75   0.5668286   
24120   58931   0.3129003   
24056   58892   0.3871462   
23992   58853   0.4060466   
23817.75   58739.75   0.3129003   
23854.5   58764.5   0.3866456   
23891.25   58789.25   0.4054967   
24776.75   58476.25   0.3129003   
24819.5   58508.5   0.4002235   
24862.25   58540.75   0.4215109   
24966.5   58450   0.3129003   
24946   58491   0.4002133   
24925.5   58532   0.4214978   
24333.5   58609.75   0.4618339   
24524   58597.5   0.5571278   
24714.5   58585.25   0.6254114   
24695   58514.5   0.3129003   
24765   58534   0.400223   
24835   58553.5   0.4215102   
24857.5   58189.5   0.3480293   
24847   58217   0.422777   
24836.5   58244.5   0.4469439   
24757   58401   0.3129003   
24780   58358   0.3894449   
24803   58315   0.4085906   
24946.75   58374.75   0.3129003   
24906.5   58340.5   0.389445   
24866.25   58306.25   0.4085906   
24767.5   58441.75   0.3129003   
24801   58439.5   0.3851951   
24834.5   58437.25   0.4039034   
24868   58435   0.4088587   B1-D2-69
24957.25   58415.5   0.3129003   
24927.5   58422   0.3851951   
24897.75   58428.5   0.4039034   
24920.25   58172.25   0.3496971   
24972.5   58182.5   0.4265804   
25024.75   58192.75   0.451768   
25231.5   58101   0.3129003   
25180   58135   0.4092486   
25128.5   58169   0.4319017   
25009.5   58357.5   0.3129003   
25032   58306   0.3905309   
25054.5   58254.5   0.4098087   
25185   58308   0.3129003   
25149   58273   0.3905305   
25113   58238   0.4098083   
25102.5   58332.75   0.3129003   
25094   58289.5   0.3905306   
25085.5   58246.25   0.4098083   
25250.75   58364.25   0.3129003   
25280.5   58385.5   0.3129003   
25310.25   58406.75   0.3881952   
25287.25   58087.25   0.3129003   
25291.5   58107.5   0.411193   
25295.75   58127.75   0.4340547   
25240.75   58294.25   0.3129003   
25260.5   58245.5   0.3909763   
25280.25   58196.75   0.4103083   
25349.25   58073.25   0.3829964   
25415.5   58079.5   0.4347799   
25481.75   58085.75   0.4620087   
25686   58177.5   0.3129003   
25640   58149   0.398359   
25594   58120.5   0.4191369   
25755.75   58232.75   0.3129003   
25779.5   58259.5   0.3851926   
25803.25   58286.25   0.4039004   
25905   58197.5   0.3129003   
25879   58236   0.3851926   
25853   58274.5   0.4039005   
21123.75   59049.25   0.3129003   
21145.5   59111.5   0.385296   
21167.25   59173.75   0.4040142   
21189   59236   0.4089762   B1-321-51
21311.25   59321.5   0.3129003   
21270.5   59293   0.3852946   
21229.75   59264.5   0.4040126   
23280   58613.75   0.4618339   
23229   58652.5   0.5571278   
23178   58691.25   0.6254114   
23127   58730   0.7095   B1-321-59
21834.5   59288.25   0.3129003   
21809   59320.5   0.3858408   
21783.5   59352.75   0.4046127   
21758   59385   0.4096164   B1-320-53
25224.25   58394.5   0.3129003   
25227.5   58446   0.3852134   
25230.75   58497.5   0.4039234   
25234   58549   0.4088801   B1-1-468
22211.5   59412.5   0.3182865   
22145   59383   0.4144022   
22078.5   59353.5   0.4375966   
21898   59273   0.3182905   
21936   59290   0.4144027   
21974   59307   0.4375971   
21979   59235.5   0.4236167   
21990   59265   0.4951709   
22001   59294.5   0.5351614   
22339.25   58877.75   0.3129003   
22283.5   58907.5   0.3867282   
22227.75   58937.25   0.4055874   
22172   58967   0.4106979   B1-321-55
22193.75   59081.75   0.3129003   
22186.5   59043.5   0.386797   
22179.25   59005.25   0.405663   
22757.75   58977   0.4618339   
22800.5   58918   0.5571278   
22843.25   58859   0.6254114   
25745.5   58163   0.3129003   
25759   58120   0.3854783   
25772.5   58077   0.4042143   
25786   58034   0.409191   B1-321-70
25894.75   58127.75   0.3129003   
25858.5   58096.5   0.3854784   
25822.25   58065.25   0.4042144   
21392   59375.5   0.3129003   
21432   59401   0.3852   
21472   59426.5   0.4039086   
21512   59452   0.4088643   B1-320-52
22731   59308   0.3129003   
22704   59286   0.3853182   
22677   59264   0.4040385   
22650   59242   0.4090031   B1-1-457
21038   58964.25   0.3860642   
20974   58941.5   0.4388   
20910   58918.75   0.4669039   
21060.5   58633.5   0.4160064   
20989   58721   0.4830712   
20917.5   58808.5   0.5205526   
20827.75   59381.75   0.3129003   
20772.5   59343.5   0.3851961   
20717.25   59305.25   0.4039044   
20662   59267   0.4088597   B1-2-34
21834   58506   0.3129003   
21896   58504   0.3853258   
21958   58502   0.4040469   
22020   58500   0.4090113   B1-331-55
22193.25   58401   0.3129003   
22135.5   58434   0.3853253   
22077.75   58467   0.4040464   
21912   58344   0.3129003   
21948   58396   0.3853247   
21984   58448   0.4040456   
26098.75   58431.25   0.3129003   
26092.5   58407.5   0.388785   
26086.25   58383.75   0.4078502   
26080   58360   0.4129629   B1-1-071
25968.25   58209.25   0.3129003   
26005.5   58259.5   0.3885999   
26042.75   58309.75   0.4076436   
21372   59304   0.3129003   
21392   59258   0.3855014   
21412   59212   0.4042398   
21432   59166   0.4092181   B1-321-52
23508.25   58815.25   0.401863   
23480.5   58854.5   0.4620824   
23452.75   58893.75   0.494417   
23425   58933   0.5035821   B1-320-60
21327.75   59389.75   0.3129003   
21303.5   59429.5   0.3852203   
21279.25   59469.25   0.403931   
21255   59509   0.4088882   B1-320-51
25022.5   58452   0.3129003   
25058   58495   0.3851979   
25093.5   58538   0.4039063   
25129   58581   0.4088619   B1-1-067
20861.5   59369   0.3129003   
20840   59318   0.3851941   
20818.5   59267   0.4039022   
20797   59216   0.4088575   B1-2-450
22832.25   58670.75   0.3927082   
22795.5   58649.5   0.4481725   
22758.75   58628.25   0.4781572   
22657.5   58740.5   0.3129003   
22679   58696   0.3971133   
22700.5   58651.5   0.4175508   
22611.75   58598   0.3129003   
22648.5   58601   0.3971132   
22685.25   58604   0.4175507   
22779   58473.5   0.3129003   
22760   58518   0.3971135   
22741   58562.5   0.4175511   
22791   58754   0.3933691   
22713   58816   0.4491962   
22635   58878   0.4793257   
22557   58940   0.4359681   B1-321-P57
22435.5   58871   0.3129003   
22476   58894   0.3969912   
22516.5   58917   0.4173954   
22616.25   58823.75   0.3129003   
22596.5   58862.5   0.3969977   
22576.75   58901.25   0.4174037   
22490.25   59045.75   0.3129003   
22512.5   59010.5   0.3969895   
22534.75   58975.25   0.4173933   
22675.5   59012   0.3129003   
22636   58988   0.3969911   
22596.5   58964   0.4173953   
22596   58756.25   0.3129003   
22556   58727.5   0.385346   
22516   58698.75   0.404069   
22476   58670   0.4090357   B1-330-P57
22550.25   58613.75   0.3129003   
22525.5   58632.5   0.3853456   
22500.75   58651.25   0.4040686   
22512   58511   0.3129003   
22500   58564   0.3853465   
22488   58617   0.4040696   
24041.5   58384   0.4292701   
24005   58354   0.5041623   
23968.5   58324   0.5460866   
24172.75   58120   0.4272266   
24092.5   58178   0.5009927   
24012.25   58236   0.5421603   
22591.75   58528.5   0.3129003   
22608.5   58462   0.398272   
22625.25   58395.5   0.4190262   
22704.25   58273.5   0.3129003   
22683.5   58292   0.3982601   
22662.75   58310.5   0.4190109   
22595.5   58204.5   0.3129003   
22611   58246   0.398275   
22626.5   58287.5   0.41903   
22728.25   58185   0.4193677   
22699.5   58233   0.48823   
22670.75   58281   0.5270995   
22553.5   58425.75   0.3129003   
22583   58393.5   0.3983014   
22612.5   58361.25   0.4190636   
22759   58404   0.3129003   
22720   58379   0.3982651   
22681   58354   0.4190174   
20946.75   59454.5   0.3129003   
21010.5   59489   0.3852787   
21074.25   59523.5   0.4039951   
21138   59558   0.4089567   B1-320-SP51
20860   59442   0.3129003   
20837   59464   0.3853149   
20814   59486   0.4040349   
20791   59508   0.4089993   B1-D2-M52
20894.25   59391.75   0.3129003   
20905.5   59363.5   0.3851941   
20916.75   59335.25   0.4039022   
20928   59307   0.4088575   B1-321-50
23357   58534.25   0.4318644   
23383   58493.5   0.5080009   
23409   58452.75   0.551108   
23540.75   58367.75   0.3377694   
23505.5   58382.5   0.4168684   
23470.25   58397.25   0.4402938   
23511.5   58295   0.430827   
23486   58334   0.5064328   
23460.5   58373   0.5490645   
24217.5   58911   0.3129003   
24251   58852   0.3856884   
24284.5   58793   0.4044452   
24186.75   58650   0.3129003   
24230.5   58678   0.3856275   
24274.25   58706   0.4043784   
24120.75   58438.5   0.3129003   
24163.5   58463   0.3977028   
24206.25   58487.5   0.4183014   
24169.5   58594.5   0.3129003   
24196   58567   0.3977187   
24222.5   58539.5   0.4183217   
24531   58499.25   0.3129003   
24437   58503.5   0.3977198   
24343   58507.75   0.4183231   
24252   58174.5   0.4618339   
24251   58287   0.5571278   
24250   58399.5   0.6254114   
22393.25   58943.5   0.4160015   
22391.5   59039   0.4830639   
22389.75   59134.5   0.520543   
22305.5   59389   0.3129003   
22333   59336   0.3979506   
22360.5   59283   0.418617   
22665.5   59305   0.3129003   
22573   59280   0.3979768   
22480.5   59255   0.4186502   
22448   59118.25   0.3129003   
22428   59155.5   0.397944   
22408   59192.75   0.4186085   
22505   59109.5   0.3129003   
22542   59138   0.3860121   
22579   59166.5   0.4048008   
22616   59195   0.4098149   B1-320-P57
22690.25   59075.75   0.3129003   
22665.5   59115.5   0.386008   
22640.75   59155.25   0.4047962   
21792.75   59240   0.3129003   
21725.5   59224   0.3913933   
21658.25   59208   0.410776   
21591   59192   0.4161431   B1-321-P53
21868.5   58948   0.4295511   
21833   58914   0.5045754   
21797.5   58880   0.5466242   
24059   58449.25   0.3129003   
24040   58484.5   0.385253   
24021   58519.75   0.4039668   
24002   58555   0.408927   B1-321-P63
23836.25   58675   0.3129003   
23891.5   58635   0.3852548   
23946.75   58595   0.4039688   
24107.75   58605.25   0.3129003   
24072.5   58588.5   0.3852524   
24037.25   58571.75   0.4039662   
24102.25   58370.75   0.3129003   
24126.5   58327.5   0.3883653   
24150.75   58284.25   0.4073858   
24175   58241   0.4125879   B1-330-P64
24233.5   58106.75   0.3129003   
24214   58151.5   0.3883811   
24194.5   58196.25   0.4074032   
24293.75   58090   0.3129003   
24334.5   58118   0.3854398   
24375.25   58146   0.4041722   
24416   58174   0.4091458   B1-330-P65
24212   58038   0.4618339   
24171   58014   0.5571278   
24130   57990   0.5635735   
21754.75   58519   0.3129003   
21737.5   58530   0.387053   
21720.25   58541   0.4059442   
21703   58552   0.411507   B1-331-P54
21603.25   58414.75   0.3129003   
21636.5   58460.5   0.3870424   
21669.75   58506.25   0.4059325   
21832.75   58357   0.3129003   
21789.5   58422   0.3870479   
21746.25   58487   0.4059386   
21634   58669.75   0.3129003   
21657   58630.5   0.3886649   
21680   58591.25   0.4077155   
24277.25   58022.25   0.4618339   
24301.5   57982.5   0.5571278   
24325.75   57942.75   0.6254114   
20824.5   59818.75   0.3129003   
20827   59790.5   0.3852834   
20829.5   59762.25   0.4040003   
20832   59734   0.4089622   B1-1-49
25638.25   58556.75   0.3129003   
25635.5   58525.5   0.3857823   
25632.75   58494.25   0.4045483   
25630   58463   0.4095137   B1-1-069
25706.5   58270.25   0.3129003   
25681   58334.5   0.3857243   
25655.5   58398.75   0.4044846   
22897.5   58678.75   0.4557546   
22926   58665.5   0.5470628   
22954.5   58652.25   0.606536   
22844.25   58481.5   0.4618339   
22890.5   58534   0.5571278   
22936.75   58586.5   0.6254114   
21071.75   58954.25   0.3895281   
21041.5   58921.5   0.4434922   
21011.25   58888.75   0.4726489   
20709   58871.25   0.5442039   
22961   59049   0.4098075   B1-320-58
21480   58821   0.4036403   
24440   57701.75   0.3129003   
24955.75   57986.75   0.3129003   
24896.5   57997.5   0.3879604   
25032   58012.5   0.3129003   
25049   58049   0.3856859   
25000.75   58015.25   0.3129003   
24986.5   58054.5   0.3941617   
24978.25   58022.5   0.3129003   
24941.5   58069   0.3854733   
24307.25   57723   0.3129003   
24234.5   57804   0.387699   
24161.75   57885   0.4066539   
24372.5   57707.25   0.3129003   
24365   57772.5   0.3910136   
21510.5   58586.5   0.4160094   
23793.5   58504.5   0.6224817   
25922.75   57352.75   0.4324332   
22125   58287.75   0.4118522   
25413.75   58481.75   0.432934   
23268   59116   0.55   B1-1-059
21671   59498   0.55   B1-1-453
21887   59474   0.55   B1-1-454
21284   59603   0.55   B1-1-51
22956   59175   0.55   B1-1-58
23415   59061   0.55   B1-1-60
21628   59391   0.55   B1-20-553
23113   59036   0.55   B1-20-559
23346   58918   0.55   B1-20-560
21401   59067   0.55   B1-2-135
23023   58782   0.55   B1-21-559
21094   59296   0.55   B1-21-M551
21368   59053   0.55   B1-2-M135
21420   59091   0.55   B1-2-P135
23148   58473   0.55   B1-30-560
23164   58500   0.55   B1-30-M560
23944   59023   0.55   B1-311-62
23861   57963   0.55   B1-31-563
23217   58979   0.55   B1-320-59
21655   59429   0.55   B1-320-P53
23077   59021   0.55   B1-320-P59
23570   58927   0.55   B1-320-P61
23346   58974   0.55   B1-320-SP60
21118   59293   0.55   B1-321-P51
23065   58471   0.55   B1-330-59
20623   59116   0.55   B1-330-J49
23207   58495   0.55   B1-330-P60
24660   58102   0.55   B1-330-P66
23185   57966   0.55   B1-3-57
23783   57820   0.55   B1-3-59
24721   57569   0.55   B1-3-62
24940   57525   0.55   B1-3-63
25252   57445   0.55   B1-3-64
25525   57379   0.55   B1-3-65
26098   57244   0.55   B1-3-67
23899   57802   0.55   B1-3-D59
25105   57471   0.55   B1-3-D63
23980   57820   0.55   B1-3-P269
25091   57562   0.55   B1-3-P274
24647   57651   0.55   B1-3-SP272
23052   58900   0.55   B1-D2-459
23304   58800   0.55   B1-D2-460
23190   58870   0.55   B1-D2-62
22067   58623   0.55   B1-D3-P61
23042   58364   0.55   B1-D3-P65
23151   58933   0.55   G94-45
21348   59078   0.55   G96-39
21788   59473   0.5904921   B1-1-053
22998   59141   0.5515079   B1-1-058
22880   59232   0.6692124   B1-1-458
23086   59128   0.5773549   B1-1-459
23332   59070   0.5519601   B1-1-460
21820   59537   0.6461287   B1-1-53
21073   59678   0.6623992   B1-1-P50
23018   59194   0.5597413   B1-1-P58
23079   58592   0.6292636   B1-2-039
21085   59275   0.5648224   B1-21-551
21262   59719   0.6456948   B1-311-51
22992   59267   0.6030442   B1-311-58
23243   59228   0.6060139   B1-311-59
25494   57861   0.5688087   B1-330-69
23174   58894   0.5525185   B1-D2-P62
24747   57921   0.5529169   B1-D3-P72
251815.28125   56737.22265625   0.4326479   
25614   57851   0.55   B1-330-P70
21032   59688   0.6157245   B1-1-050
23567   59011   0.6103431   B1-1-461
21277   59099   0.55   B1-2-452
23176   58028   0.55   B1-3-SP265
24388   58814   0.3114   B1-1-64
22869   58692   0.3114   B1-2-138
23331   58575   0.3114   B1-2-139
24868   58162   0.3114   B1-2-142
25283   58067   0.3114   B1-2-143
21904   58982   0.3114   B1-2-P136
22395   58848   0.3114   B1-2-P137
22636   58785   0.3114   B1-2-P38
24078   58414   0.3114   B1-2-P41
20572   58649   0.3114   B1-3-48
20871   58569   0.3114   B1-3-49
21445   58423   0.3114   B1-3-51
23477   57895   0.3114   B1-3-58
24380   57642   0.3114   B1-3-61
25825   57292   0.3114   B1-3-66
21292   58455   0.3114   B1-3-D50
21570   58369   0.3114   B1-3-D51
22453   58153   0.3114   B1-3-D54
22786   58052   0.3114   B1-3-D55
23066   58007   0.3114   B1-3-D56
23342   57931   0.3114   B1-3-D57
25382   57406   0.3114   B1-3-D64
25966   57263   0.3114   B1-3-D66
21876   58292   0.3114   B1-3-F52
22160   58217   0.3114   B1-3-F53
20697   58660   0.3114   B1-3-P253
21132   58546   0.3114   B1-3-P255
21295   58528   0.3114   B1-3-P256
22580   58163   0.3114   B1-3-P262
22757   58137   0.3114   B1-3-P263
22971   58076   0.3114   B1-3-P264
20822   59847   0.3114   B1-311-49
22278   59442   0.3114   B1-311-55
22758   59330   0.3114   B1-311-57
23702   59084   0.3114   B1-311-61
24184   58970   0.3114   B1-311-63
25641   58588   0.3114   B1-311-69
26105   58455   0.3114   B1-311-71
21102   58987   0.3114   B1-330-51
21609   58854   0.3114   B1-330-53
22575   58595   0.3114   B1-330-57
23576   58353   0.3114   B1-330-61
25015   57976   0.3114   B1-330-67
25946   57730   0.3114   B1-330-71
21318   58621   0.3114   B1-331-52
21772   58508   0.3114   B1-331-54
22251   58368   0.3114   B1-331-56
22725   58255   0.3114   B1-331-58
25202   57654   0.3114   B1-331-68
25673   57521   0.3114   B1-331-70
23226   58149   0.3114   B1-331-S60
24716   57728   0.3114   B1-331-S66
20883   59420   0.3114   B1-D2-450
21352   59350   0.3114   B1-D2-452
21860   59256   0.3114   B1-D2-454
23536   58776   0.3114   B1-D2-461
23781   58715   0.3114   B1-D2-462
24734   58444   0.3114   B1-D2-466
24987   58409   0.3114   B1-D2-467
25221   58343   0.3114   B1-D2-468
25732   58206   0.3114   B1-D2-470
25931   58159   0.3114   B1-D2-471
24143   58622   0.3114   B1-D2-66
24625   58495   0.3114   B1-D2-68
25111   58376   0.3114   B1-D2-70
26019   58136   0.3114   B1-D2-74
22201   59120   0.3114   B1-D2-58
21968   59206   0.3114   B1-D2-P57
22468   59081   0.3114   B1-D2-P59
22715   59036   0.3114   B1-D2-P60
21575   58713   0.3114   B1-D3-59
22524   58458   0.3114   B1-D3-63
21611   58709   0.3114   B1-D3-P59
22798   58429   0.3114   B1-D3-P64
23537   58256   0.3114   B1-D3-P67
24253   58062   0.3114   B1-D3-P70
20878.66015625   60014.87890625   0.3114   B1-311-SP68
19758.8671875   593711.9375   0.3114   
19758.8671875   56737.22265625   0.3114   
251815.28125   593711.9375   0.3114   
21156   59634   0.7095   B1-1-451
23233   59109   0.7095   B1-1-59
21527   59036   0.7095   B1-2-453
21775   59589   0.7095   B1-311-53
25159   58707   0.7095   B1-311-67
23038   58807   0.7095   B1-321-P59
22102   58717   0.7095   B1-330-55
23975   58002   0.7095   B1-331-63
24855   57551   0.7095   B1-3-SP273
25458   58274   0.7095   B1-D2-469
22040   58589   0.7095   B1-D3-61
24866   57851   0.7095   B1-D3-467
21326   59567   0.4756174   B1-1-051
22044   59424   0.4108013   B1-1-054
23478   59043   0.5268234   B1-1-060
23664   59002   0.4014868   B1-1-061
23891   58948   0.4680884   B1-1-062
24153   58873   0.3711961   B1-1-063
24432   58796   0.3451297   B1-1-064
25350   58567   0.4211662   B1-1-068
25828   58434   0.4144337   B1-1-070
21392   59560   0.4345699   B1-1-452
23802   58953   0.4272015   B1-1-462
24044   58908   0.3944072   B1-1-463
24298   58848   0.3624198   B1-1-464
24553   58751   0.3975144   B1-1-465
20987   59705   0.5089485   B1-1-50
21510   59546   0.4179388   B1-1-52
22267   59360   0.3698483   B1-1-55
22803   59221   0.4726924   B1-1-57
23716   58985   0.3551469   B1-1-61
23938   58934   0.4670319   B1-1-62
24202   58863   0.3746461   B1-1-63
25318   58589   0.4382546   B1-1-68
25652   58485   0.4068049   B1-1-69
25801   58450   0.4143257   B1-1-70
26044   58285   0.4069846   B1-1-71
22061   59449   0.4052588   B1-1-P54
23494   59074   0.4974189   B1-1-P60
23974   58948   0.4642625   B1-1-P62
24448   58826   0.3507988   B1-1-P64
25403   58573   0.4228436   B1-1-P68
25869   58431   0.4117004   B1-1-P70
25149   58614   0.4870144   B1-1-X67
21095   59146   0.41309   B1-2-035
22096   58828   0.49916   B1-2-037
20905   59565   0.386753   B1-20-550
21166   59494   0.3970165   B1-20-551
21372   59459   0.3526969   B1-20-552
22596   59154   0.3991634   B1-20-557
23568   58896   0.4933995   B1-20-561
23819   58841   0.3925429   B1-20-562
25756   57943   0.4200509   B1-2-144
21304   59213   0.4245847   B1-21-552
21557   59141   0.5067865   B1-21-553
21795   59089   0.4828539   B1-21-554
22530   58898   0.407106   B1-21-557
23255   58712   0.5696499   B1-21-560
23489   58658   0.4360058   B1-21-561
21156   59126   0.396748   B1-2-35
22136   58874   0.4190035   B1-2-37
24069   58379   0.364655   B1-2-41
25508   58006   0.4438712   B1-2-44
25996   57879   0.3944986   B1-2-45
20997   59168   0.4255836   B1-2-451
22274   58844   0.3581021   B1-2-456
23216   58605   0.5316544   B1-2-460
23469   58550   0.4312672   B1-2-461
20947   59222   0.4275223   B1-2-P134
23362   58575   0.3896268   B1-2-P139
25305   58095   0.37582   B1-2-P143
25778   57975   0.4140551   B1-2-P144
21226   59142   0.4517299   B1-2-P35
22155   58918   0.4132208   B1-2-P37
23128   58636   0.6298242   B1-2-P39
26013   57904   0.3992831   B1-2-P45
20763   59068   0.4730429   B1-30-550
21282   58945   0.4195593   B1-30-552
22202   58697   0.5396279   B1-30-556
22436   58629   0.4078788   B1-30-557
22467   58626   0.408318   B1-30-F557
24441   58903   0.3363698   B1-311-64
24692   58830   0.3958168   B1-311-65
21659   58530   0.4089901   B1-31-554
21885   58475   0.3703566   B1-31-555
22122   58410   0.3767473   B1-31-556
22374   58322   0.3788584   B1-31-557
23321   58048   0.3790298   B1-31-561
24567   57779   0.4155688   B1-31-566
25956   58279   0.3863925   B1-320-CSP71
21399   59484   0.3732451   B1-320-P52
23803   58872   0.4113419   B1-320-P62
24055   58797   0.4010462   B1-320-P63
25274   58494   0.4033861   B1-320-P68
25509   58422   0.4678017   B1-320-P69
20700   59363   0.4027738   B1-321-49
23608   58623   0.4156555   B1-321-61
21347   59246   0.3830405   B1-321-P52
23276   58737   0.5597807   B1-321-P60
23507   58685   0.4021149   B1-321-P61
25690   58122   0.3512447   B1-321-P70
25929   58056   0.3674627   B1-321-P71
24514   58081   0.4292975   B1-330-65
21264   58967   0.4236741   B1-330-P52
21986   58803   0.550737   B1-330-P55
22231   58740   0.4791864   B1-330-P56
25356   57920   0.463619   B1-330-P69
25865   57789   0.377841   B1-330-P71
21030   59058   0.3469443   B1-330-SP51
21551   58614   0.3750097   B1-331-53
23491   58129   0.3902192   B1-331-61
21921   58524   0.4149448   B1-331-P55
22163   58468   0.3851022   B1-331-P56
22399   58384   0.3853623   B1-331-P57
24583   57834   0.4377497   B1-331-P66
24843   57758   0.4316077   B1-331-P67
25058   57712   0.4014138   B1-331-P68
25306   57635   0.3736079   B1-331-P69
25553   57586   0.4040582   B1-331-P70
25785   57524   0.413127   B1-331-P71
21202   58706   0.4055673   B1-331-SP52
23360   58150   0.4508018   B1-331-SP61
21155   58497   0.3114   B1-3-50
21729   58347   0.3433781   B1-3-52
22023   58256   0.3579314   B1-3-53
24071   57739   0.4384833   B1-3-60
20717   58608   0.3114   B1-3-D48
24223   57691   0.3370307   B1-3-D60
21459   58393   0.3114   B1-3-F51
22612   58092   0.3114   B1-3-F55
22029   58334   0.3849727   B1-3-P259
24193   57760   0.3666804   B1-3-P270
22028   58327   0.3828509   B1-3-SP258
23439   57955   0.3539371   B1-3-SP266
24409   57699   0.3135041   B1-3-SP271
21098   59375   0.4747212   B1-D2-451
21594   59285   0.445076   B1-D2-453
24010   58639   0.3693176   B1-D2-463
20749   59499   0.4073425   B1-D2-52
20993   59421   0.3827651   B1-D2-53
21219   59367   0.426991   B1-D2-54
21720   59270   0.3987767   B1-D2-56
23413   58810   0.5012595   B1-D2-63
23660   58742   0.3513379   B1-D2-64
23895   58686   0.3517308   B1-D2-65
25835   58184   0.3543056   B1-D2-73
25991   58108   0.3315076   B1-D2-F74
20763   59545   0.4102046   B1-D2-P52
21013   59462   0.3778827   B1-D2-P53
21234   59400   0.4147491   B1-D2-P54
21484   59335   0.4195594   B1-D2-P55
21741   59292   0.3932051   B1-D2-P56
22935   58969   0.3984829   B1-D2-P61
23421   58843   0.4929954   B1-D2-P63
23666   58771   0.3609325   B1-D2-P64
23918   58711   0.3713693   B1-D2-P65
22186   58572   0.4741703   B1-D3-456
22440   58488   0.3423829   B1-D3-457
23442   58263   0.39641   B1-D3-461
21126   58822   0.4001101   B1-D3-57
23761   58147   0.4885974   B1-D3-68
24481   57958   0.4656449   B1-D3-71
25450   57714   0.4615776   B1-D3-75
25690   57654   0.4061387   B1-D3-76
25887   57603   0.4543001   B1-D3-77
21105   58847   0.3961535   B1-D3-P57
22313   58564   0.395205   B1-D3-P62
24499   57995   0.4451162   B1-D3-P71
25449   57742   0.4841675   B1-D3-P75
25701   57685   0.4223751   B1-D3-P76
20619   58641   0.3114   G100-37
21205   58491   0.3114   G100-39
21781   58328   0.3270664   G100-41
22059   58284   0.3818489   G100-42
22961   58053   0.3114   G100-45
20830   59522   0.3785488   G94-37
21119   59440   0.4057083   G94-38
21704   59300   0.4191923   G94-40
22582   59079   0.3671382   G94-43
22871   59003   0.3762592   G94-44
21051   59166   0.4306593   G96-38
22243   58846   0.3879308   G96-42
22477   58781   0.3590117   G96-43
22791   58708   0.4911547   G96-44
21281   58772   0.3975361   G98-39
21526   58751   0.3624432   G98-40
22182   58608   0.5089189   G98-42
22368   58491   0.3633003   G98-43
22255   58524   0.388129   S117
22384   59355   0.3825791   B1-1-055
22542   59331   0.3993152   B1-1-056
24711   58688   0.4388353   B1-1-065
22496   59333   0.4053175   B1-1-56
24687   58732   0.4188831   B1-1-65
24929   58668   0.4364842   B1-1-66
22524   59357   0.4074644   B1-1-P56
24941   58709   0.4272137   B1-1-P66
21888   59322   0.3383056   B1-20-554
22382   58805   0.3255288   B1-2-137
23723   58607   0.4472919   B1-21-562
22887   58722   0.4376684   B1-2-P138
21002   59016   0.3710839   B1-30-551
24938   58768   0.5208129   B1-311-66
23572   58041   0.3799431   B1-31-562
24401   58701   0.3758675   B1-320-64
21904   59373   0.4032676   B1-320-P54
24574   58337   0.4088735   B1-321-65
21816   59132   0.39026   B1-321-P54
22070   59061   0.4350263   B1-321-P55
23699   58350   0.3973017   B1-330-P62
23735   58013   0.4823089   B1-331-62
24461   57844   0.4384278   B1-331-65
21436   58641   0.3878514   B1-331-P53
23610   58090   0.4095891   B1-331-P62
24350   57903   0.4092526   B1-331-P65
23589   57879   0.3794679   B1-3-D58
23658   57894   0.4273034   B1-3-P267
22687   58998   0.3445281   B1-D2-60
21455   58756   0.4282494   B1-D3-453
24354   57957   0.4175967   B1-D3-465
22783   58390   0.3361486   B1-D3-64
21353   58813   0.4136788   B1-D3-P58
23253   58313   0.4731358   B1-D3-P66
23082   58675   0.6575363   G96-45
22429   59275   0.4085412   B1-1-456
24042   58440   0.3641469   B1-2-041
22352   59211   0.410177   B1-20-556
22294   58964   0.3818147   B1-21-556
23972   58528   0.4524597   B1-21-563
22613   58277   0.4028107   B1-31-558
22388   59230   0.4108851   B1-320-P56
23866   58555   0.5118504   B1-321-62
22314   58995   0.3780917   B1-321-P56
24498   58417   0.3655698   B1-321-P65
23794   58295   0.4683381   B1-330-62
22325   59089   0.3839986   B1-D2-456
22443   59061   0.3334979   B1-D2-59
22225   59140   0.3175197   B1-D2-P58
21939   58618   0.5383911   B1-D3-455
22654   58427   0.3936092   B1-D3-458
23125   58308   0.4951234   B1-D3-460
23636   58170   0.410513   B1-D3-462
23551   58231   0.3235449   B1-D3-67
21831   58677   0.4659387   B1-D3-P60
22562   58494   0.3200339   B1-D3-P63
22337   59162   0.4012454   G94-42
22620   58434   0.3916708   G98-44
22592   58434   0.3681277   G98-F44
22847   59191   0.5517692   B1-1-057
22136   59384   0.3926816   B1-1-455
24544   58249   0.4218466   B1-2-042
22842   59094   0.423652   B1-20-558
24305   58315   0.3946027   B1-2-141
24704   58322   0.388264   B1-2-42
22506   58778   0.3457496   B1-2-457
24409   58260   0.4108332   B1-2-465
24676   58212   0.4088811   B1-2-466
24958   58133   0.4111513   B1-2-467
24332   58354   0.4021932   B1-2-P141
24804   58221   0.4153621   B1-2-P142
24577   58284   0.4139409   B1-2-P42
22695   58567   0.3894781   B1-30-558
22986   58509   0.4714163   B1-30-559
23938   58251   0.4255562   B1-30-563
24155   58197   0.4213552   B1-30-564
22958   58490   0.4417196   B1-30-M559
24320   57852   0.398252   B1-31-565
22874   59101   0.4466682   B1-320-P58
22410   58914   0.3171726   B1-321-56
25300   58148   0.393032   B1-321-68
24249   58512   0.4106933   B1-321-P64
24974   58321   0.3381079   B1-321-P67
24032   58225   0.4117093   B1-330-63
24260   58150   0.3252589   B1-330-64
22964   58537   0.4481618   B1-330-P59
23932   58294   0.4215911   B1-330-P63
22642   58329   0.417658   B1-331-P58
22566   59032   0.3781759   B1-D2-457
24255   58587   0.3779721   B1-D2-464
23882   58111   0.5412664   B1-D3-463
24746   57871   0.5294285   B1-D3-72
25210   57775   0.3762577   B1-D3-74
23766   58184   0.4813395   B1-D3-P68
24015   58124   0.4759674   B1-D3-P69
21558   59574   0.4468609   B1-1-P52
23586   58433   0.3738756   B1-2-040
22106   59280   0.4003482   B1-20-555
23097   58644   0.55   B1-2-39
23581   58505   0.411112   B1-2-40
22742   58719   0.4114347   B1-2-458
22983   58639   0.4732193   B1-2-459
25143   58105   0.4089445   B1-2-468
23602   58530   0.4325621   B1-2-P40
25537   58028   0.4217346   B1-2-P44
24086   57905   0.4528506   B1-31-564
22012   59324   0.4203972   B1-320-54
22142   59295   0.4107358   B1-320-P55
22649   58855   0.3994169   B1-321-57
24348   58417   0.3960954   B1-321-64
25077   58203   0.4090905   B1-321-67
25548   58092   0.4096188   B1-321-69
25226   58268   0.3374522   B1-321-P68
25467   58194   0.55   B1-321-P69
22819   58547   0.4641134   B1-330-58
25253   57926   0.4108454   B1-330-68
20792   59097   0.447032   B1-330-P50
22722   58607   0.411692   B1-330-P58
23435   58412   0.4091424   B1-330-P61
20559   58872   0.4505555   B1-331-49
24089   57966   0.4103614   B1-331-P64
25675   57334   0.3862873   B1-3-D65
25710   57369   0.360318   B1-3-P277
22077   59164   0.3905788   B1-D2-455
21969   59176   0.3714026   B1-D2-57
25096   57785   0.426162   B1-D3-468
25340   57749   0.4105927   B1-D3-469
24991   57821   0.4703353   B1-D3-73
25217   57807   0.3927791   B1-D3-P74
21982   59225   0.3157892   G94-41
21562   59539   0.4589111   B1-1-052
20668   59225   0.4401058   B1-2-034
21635   58947   0.4105124   B1-2-036
22628   58714   0.3435448   B1-2-038
25083   58122   0.4094345   B1-2-043
22797   58867   0.5129586   B1-21-558
22772   58841   0.4958595   B1-21-M558
25055   58132   0.4101329   B1-2-43
20698   59251   0.4194762   B1-2-P34
21679   59030   0.5030773   B1-2-P36
25080   58156   0.412426   B1-2-P43
21489   58889   0.4146601   B1-30-553
23419   58377   0.427929   B1-30-561
23092   58154   0.425773   B1-31-560
21703   59120   0.4938112   B1-321-53
21933   59058   0.5088004   B1-321-54
22886   58800   0.543993   B1-321-58
22770   58875   0.4948935   B1-321-P58
24778   58019   0.4121035   B1-330-66
21519   58910   0.4142908   B1-330-P53
24886   58056   0.3909219   B1-330-P67
25132   57978   0.3760802   B1-330-P68
24223   57870   0.3983465   B1-331-64
23122   58202   0.4158825   B1-331-P60
22907   58052   0.3117077   B1-3-56
22807   58966   0.4242882   B1-D2-458
24882   58459   0.4109309   B1-D2-P69
24114   58025   0.4057159   B1-D3-464
20846   58896   0.4924797   B1-D3-56
21814   58650   0.4235148   B1-D3-60
24239   58018   0.3201889   B1-D3-70
20859   58926   0.4774863   B1-D3-P56
24964   57869   0.4841977   B1-D3-P73
21602   59003   0.5389047   G96-40
22814   58229   0.4081128   B1-31-559
24905   58573   0.4386886   B1-320-66
24794   58605   0.4551967   B1-320-P66
22975   58244   0.4839146   B1-331-59
22864   58283   0.4470797   B1-331-P59
24498   58526   0.3617747   B1-D2-465
24398   58596   0.3911462   B1-D2-67
24428   58565   0.398299   B1-D2-P67
22895   58371   0.4515402   B1-D3-459
23003   58331   0.5183579   B1-D3-65
22908   58394   0.4552588   G98-45
20748   59773   0.3462057   B1-1-049
24217   58463   0.3923592   B1-21-564
23647   58304   0.3762364   B1-30-562
21406   58580   0.3285899   B1-31-553
24678   58622   0.4337964   B1-320-65
25017   58546   0.3961421   B1-320-P67
24103   58488   0.3185833   B1-321-63
22319   58198   0.3116692   B1-3-54
21513   58457   0.3371563   B1-3-P257
22396   58224   0.3335639   B1-3-P261
25605   58240   0.4208181   B1-D2-72
25605   58278   0.4310391   B1-D2-P72
20981   58856   0.4752572   B1-D3-451
21496   58410   0.3162417   G100-40
22365   58181   0.3152642   G100-43
21408   59370   0.3417079   G94-39
20943   58866   0.489169   G98-38
21649   59001   0.5070381   B1-2-36
21864   58636   0.3998121   G98-41
20922   59589   0.4029841   B1-320-P50
20830   59350   0.3458481   B1-21-550
21771   58975   0.5040625   B1-2-454
21213   58649   0.3641798   B1-31-552
23928   58814   0.4092463   B1-320-62
24159   58754   0.3977984   B1-320-63
24826   58272   0.4017228   B1-321-66
25123   58399   0.3209556   B1-D2-P70
20769   59235   0.4120892   G96-37
25943   58384   0.4091142   B1-1-471
23823   58448   0.5066349   B1-2-140
23939   58406   0.466537   B1-2-463
23845   58463   0.5136915   B1-2-P140
23763   58615   0.461766   B1-321-P62
24742   58366   0.3259459   B1-321-P66
21895   58938   0.3878087   B1-2-136
25115   58491   0.4004959   B1-320-67
21864   58802   0.4797883   B1-330-54
21913   58908   0.4322737   G96-41
25743   58352   0.3906031   B1-320-P70
20843   59373   0.3145945   B1-321-P50
20726   58930   0.5028996   B1-D3-450
21762   58846   0.4784945   B1-330-P54
21732   58828   0.4619564   B1-30-554
20692   58780   0.4405194   B1-31-550
20708   58834   0.4719743   B1-331-P50
25793   57622   0.4363462   B1-D3-471
20945   58710   0.4354504   B1-31-551
25340   58428   0.3909708   B1-320-68
25827   58313   0.3948113   B1-320-70
20799   58750   0.4275868   B1-331-50
20919   58764   0.445457   B1-331-P51
23849   58012   0.55   B1-331-P63
24567   57625   0.4691505   B1-3-D61
25344   58312   0.4524933   B1-D2-71
25363   58324   0.4786294   B1-D2-P71
25837   58220   0.3366211   B1-D2-P73
24620   57881   0.4557109   B1-D3-466
24003   58076   0.55   B1-D3-69
21954   58762   0.55   B1-30-555
20609   58953   0.499046   B1-D3-55
20655   58972   0.5012196   B1-D3-M55
20626   58987   0.5077839   B1-D3-P55
20661   58942   0.4997514   G98-37
24318   58734   0.3898175   B1-320-P64
24550   58666   0.4046675   B1-320-P65
22065   59016   0.3114   B1-21-555
24654   58496   0.3114   B1-D2-P68
25918   57330   0.3114   B1-3-P278
24139   58654   0.3114   B1-D2-P66
22623   58747   0.3114   B1-2-38
22607   58121   0.3114   B1-3-55
22655   58111   0.3114   G100-44
22870   58038   0.3114   B1-3-F56
21051   58519   0.3114   B1-3-D49
20900   58570   0.3114   G100-38
