24214.5   58716.25   0.3129003   
24290   58778.5   0.3856242   
24365.5   58840.75   0.4043747   
24441   58903   0.4093621   B1-311-64
22355   58814.75   0.3503045   
22328   58824.5   0.4280669   
22301   58834.25   0.4536563   
22364.75   58847   0.3129003   
22334.5   58846   0.3977411   
22304.25   58845   0.4183501   
22184.75   58899.5   0.3129003   
22214.5   58881   0.3978035   
22244.25   58862.5   0.4184297   
22303.25   58634   0.3129003   
22293.5   58704   0.4124635   
22283.75   58774   0.4354603   
22850.75   58721.25   0.3129003   
22814.5   58720.5   0.3920591   
22778.25   58719.75   0.411523   
22742   58719   0.4238446   B1-2-458
22662.5   58768.5   0.3129003   
22689   58752   0.3920626   
22715.5   58735.5   0.4115268   
22607   58550.25   0.3129003   
22652   58606.5   0.4091637   
22697   58662.75   0.4318064   
23388.75   58568.75   0.3129003   
23415.5   58562.5   0.4031892   
23442.25   58556.25   0.4250297   
23568.75   58535   0.3129003   
23535.5   58540   0.4035659   
23502.25   58545   0.4254659   
23307   58372.25   0.3129003   
23361   58431.5   0.4031968   
23415   58490.75   0.4250385   
23520   58329.5   0.4300349   
23503   58403   0.5052797   
23486   58476.5   0.5475495   
23833.75   58474.75   0.3614613   
23844.5   58501.5   0.431027   
23855.25   58528.25   0.4573779   
23866   58555   0.444658   B1-321-62
23905   58672   0.3129003   
23892   58633   0.398301   
23879   58594   0.4190631   
20806.75   59795.5   0.3129003   
20791.5   59744   0.3852735   
20776.25   59692.5   0.4039894   
20761   59641   0.4089503   B1-320-49
20852.5   59475.25   0.3129003   
20822   59530.5   0.385273   
20791.5   59585.75   0.4039888   
20845   59813   0.3129003   
20868   59779   0.3853596   
20891   59745   0.404084   
20914   59711   0.4090512   B1-1-450
21175   59717   0.3129003   
21088   59715   0.3853595   
21001   59713   0.4040838   
20890.75   59492.75   0.3129003   
20898.5   59565.5   0.3853585   
20906.25   59638.25   0.4040827   
20882.75   59827.75   0.3129003   
20943.5   59808.5   0.3870556   
21004.25   59789.25   0.4059471   
21065   59770   0.4110463   B1-311-50
21212.75   59731.75   0.3129003   
21163.5   59744.5   0.3870632   
21114.25   59757.25   0.4059554   
21235.5   59697.75   0.3129003   
21209   59676.5   0.3852816   
21182.5   59655.25   0.4039983   
21156   59634   0.40896   B1-1-451
22109   59401.5   0.3129003   
22157   59354   0.385228   
22205   59306.5   0.4039394   
22253   59259   0.408899   B1-320-55
22456.25   59332.5   0.3129003   
22388.5   59308   0.3852325   
22320.75   59283.5   0.4039444   
22232   59169.75   0.3129003   
22239   59199.5   0.385228   
22246   59229.25   0.4039394   
22500.25   59336.5   0.3129003   
22476.5   59316   0.3852366   
22452.75   59295.5   0.4039488   
22429   59275   0.4089073   B1-1-456
22519.25   59309.75   0.3129003   
22514.5   59262.5   0.3852087   
22509.75   59215.25   0.4039183   
22505   59168   0.4088745   B1-320-56
22550.75   59066   0.3129003   
22535.5   59100   0.3852085   
22520.25   59134   0.403918   
22295   59147   0.3129003   
22365   59154   0.3852087   
22435   59161   0.4039181   
22721.5   59057.75   0.3129003   
22728   59079.5   0.3851948   
22734.5   59101.25   0.4039029   
22741   59123   0.4088582   B1-320-57
22613   59325.75   0.3129003   
22702   59294.5   0.3852944   
22791   59263.25   0.4040124   
22880   59232   0.4089747   B1-1-458
22756.25   59085   0.3129003   
22797.5   59134   0.3852938   
22838.75   59183   0.4040117   
23337.25   58914.25   0.4563574   
23253.5   58985.5   0.5480548   
23169.75   59056.75   0.608319   
23457.5   58885   0.3129003   
23494   58927   0.3852351   
23530.5   58969   0.4039472   
23567   59011   0.4089055   B1-1-461
23570   58804.5   0.3129003   
23604   58833   0.3851945   
23638   58861.5   0.4039026   
23672   58890   0.4088579   B1-320-61
23667.5   58800.75   0.3129003   
23669   58830.5   0.3851945   
23670.5   58860.25   0.4039026   
23786.25   58774.5   0.3129003   
23791.5   58834   0.3859755   
23796.75   58893.5   0.4047606   
23700   58816.5   0.3129003   
23734   58862   0.3862327   
23768   58907.5   0.4050431   
23889   58771.5   0.3129003   
23860   58832   0.3857946   
23831   58892.5   0.4045619   
23949.5   58760.25   0.4161179   
23981   58809.5   0.4832364   
24012.5   58858.75   0.5207711   
24751.5   58504.5   0.3129003   
24769   58565   0.3852046   
24786.5   58625.5   0.4039137   
24804   58686   0.4088698   B1-1-466
25400   58590.5   0.3129003   
25397   58608   0.3908653   
25394   58625.5   0.4101838   
25391   58643   0.4155213   B1-311-68
25871   58454.75   0.3129003   
25873   58478.5   0.3852224   
25875   58502.25   0.4039332   
25877   58526   0.4088906   B1-311-70
25887.5   58419.25   0.3129003   
25906   58407.5   0.385196   
25924.5   58395.75   0.4039042   
25943   58384   0.4088596   B1-1-471
20888.25   59362.25   0.3129003   
20893.5   59304.5   0.3914024   
20898.75   59246.75   0.4107863   
21049.5   59328.5   0.3129003   
21001   59282   0.3898104   
20952.5   59235.5   0.4090005   
21378.5   58798.75   0.3129003   
21404   58784.5   0.3910306   
21429.5   58770.25   0.4103692   
21455   58756   0.4155204   B1-D3-453
21572   58720.75   0.3129003   
21533   58732.5   0.3906983   
21494   58744.25   0.4099965   
21631   58704.25   0.3129003   
21651   58699.5   0.38559   
21671   58694.75   0.404337   
21691   58690   0.4093241   B1-D3-454
21796   58680.25   0.3129003   
21761   58683.5   0.3855937   
21726   58686.75   0.4043411   
21933.25   58925.5   0.3505662   
21971.5   58913   0.4287072   
22009.75   58900.5   0.4544696   
22048   58888   0.4279248   B1-2-455
21940   58958.5   0.3129003   
21976   58935   0.3910626   
22012   58911.5   0.4104051   
22128.25   58910.5   0.3129003   
22101.5   58903   0.3910708   
22074.75   58895.5   0.4104143   
22062.25   58689.25   0.3129003   
22057.5   58755.5   0.3933823   
22052.75   58821.75   0.4130463   
22632.75   58775.5   0.3129003   
22629.5   58766   0.3848341   
22626.25   58756.5   0.4035066   
22577.25   58557.25   0.3129003   
22592.5   58620.5   0.3859891   
22607.75   58683.75   0.4047756   
24432   58148.25   0.3129003   
24350   58215.5   0.3877968   
24268   58282.75   0.4067613   
24186   58350   0.4119544   B1-2-464
24153.75   58554   0.3129003   
24164.5   58486   0.3877886   
24175.25   58418   0.4067523   
24057.75   58180.5   0.3129003   
24100.5   58237   0.3879146   
24143.25   58293.5   0.4068907   
23831   57865.5   0.3129003   
23879   57911   0.3869652   
23927   57956.5   0.4058478   
24161   57768.75   0.3129003   
24099   57846.5   0.3857821   
24037   57924.25   0.4045482   
24005   58093.5   0.3129003   
23995   58063   0.3857823   
23985   58032.5   0.4045483   
24195.75   57908.75   0.3129003   
24168.5   57947.5   0.3852358   
24141.25   57986.25   0.4039481   
24114   58025   0.4088912   B1-D3-464
24039.75   58099.25   0.3129003   
24064.5   58074.5   0.38521   
24089.25   58049.75   0.4039196   
24450.5   58098.25   0.3825614   
24387   58115.5   0.434213   
24323.5   58132.75   0.4613208   
24232.25   57940   0.3823857   
24241.5   58010   0.433984   
24250.75   58080   0.4610429   
24076.25   58130.5   0.4618339   
24137.5   58137   0.5571278   
24198.75   58143.5   0.6254114   
24554.5   58113.75   0.3274456   
24595   58146.5   0.4155616   
24635.5   58179.25   0.4388646   
24676   58212   0.4464734   B1-2-466
24719.5   58386   0.3456807   
24705   58328   0.4178699   
24690.5   58270   0.4413891   
24487.75   58125.75   0.3129003   
24461.5   58170.5   0.3853285   
24435.25   58215.25   0.4040498   
24409   58260   0.4090151   B1-2-465
24474   58050   0.3129003   
24434   58019   0.386872   
24394   57988   0.4057454   
24354   57957   0.4108248   B1-D3-465
24255.75   57891.75   0.3129003   
24288.5   57913.5   0.3868694   
24321.25   57935.25   0.4057425   
24500.75   58021.75   0.3129003   
24487.5   57962.5   0.3852391   
24474.25   57903.25   0.4039516   
24461   57844   0.40891   B1-331-65
24282.5   57863.5   0.3129003   
24342   57857   0.385239   
24401.5   57850.5   0.4039515   
24282.5   57729.25   0.3129003   
24342   57767.5   0.3852387   
24401.5   57805.75   0.4039512   
24540.5   57679.75   0.3129003   
24514   57734.5   0.3852387   
24487.5   57789.25   0.4039512   
24540.5   58031   0.3129003   
24567   57981   0.3852258   
24593.5   57931   0.403937   
24620   57881   0.4088954   B1-D3-466
24692   57766.25   0.3129003   
24668   57804.5   0.3852258   
24644   57842.75   0.403937   
24580.25   57689   0.3129003   
24593.5   57753   0.3852258   
24606.75   57817   0.403937   
24640.25   57708.5   0.3129003   
24633.5   57766   0.3852258   
24626.75   57823.5   0.403937   
24898.25   57836   0.3129003   
24805.5   57851   0.3852293   
24712.75   57866   0.4039409   
24580   58065.5   0.3129003   
24646   58050   0.3888335   
24712   58034.5   0.4079046   
24778   58019   0.4134965   B1-330-66
24937.75   57870.5   0.3129003   
24884.5   57920   0.3894579   
24831.25   57969.5   0.4086052   
25248   58076.5   0.3129003   
25213   58086   0.4041673   
25178   58095.5   0.4261624   
25104   58312.5   0.3129003   
25097   58249   0.3866042   
25090   58185.5   0.4054512   
25083   58122   0.4105983   B1-2-043
25014   57896.25   0.3129003   
25037   57971.5   0.3867512   
25060   58046.75   0.4056127   
25072.75   58315.25   0.3129003   
25034.5   58254.5   0.3853144   
24996.25   58193.75   0.4040343   
24958   58133   0.4090028   B1-2-467
24982.75   57899   0.3129003   
24974.5   57977   0.3853216   
24966.25   58055   0.4040422   
25017.25   57812   0.3129003   
25043.5   57803   0.3855671   
25069.75   57794   0.404312   
25096   57785   0.4093056   B1-D3-468
25361.5   57731.75   0.3129003   
25273   57749.5   0.3855849   
25184.5   57767.25   0.4043315   
25563.5   58014.5   0.3129003   
25590   58001   0.3862929   
25616.5   57987.5   0.4051092   
25870.25   57791   0.3129003   
25794.5   57852   0.3864686   
25718.75   57913   0.4053022   
25314   58054.75   0.3129003   
25345   58042.5   0.3957738   
25376   58030.25   0.4159173   
25330.5   58075.75   0.3129003   
25356   58056.5   0.3882387   
25381.5   58037.25   0.4072468   
25504.5   58025.5   0.3129003   
25472   58023   0.3882387   
25439.5   58020.5   0.4072468   
25613   57545.25   0.3129003   
25553   57569.5   0.385525   
25493   57593.75   0.4042657   
25394.75   57459   0.3129003   
25407.5   57512   0.3855249   
25420.25   57565   0.4042655   
25445.75   57690   0.3129003   
25441.5   57666   0.3856665   
25437.25   57642   0.4044212   
25646.5   57558.25   0.3129003   
25620   57595.5   0.3863113   
25593.5   57632.75   0.4051295   
25479.25   57703   0.3129003   
25508.5   57692   0.3865165   
25537.75   57681   0.4053548   
25583   57970.5   0.3129003   
25629   57913   0.3905098   
25675   57855.5   0.4097851   
25721   57798   0.4143156   B1-330-70
25889.75   57747   0.3129003   
25833.5   57764   0.3892465   
25777.25   57781   0.4083679   
25685   57590.25   0.3129003   
25697   57659.5   0.3887317   
25709   57728.75   0.4077904   
25517.75   57735   0.3129003   
25585.5   57756   0.3908772   
25653.25   57777   0.4101972   
25963.25   57790.25   0.3352262   
25980.5   57850.5   0.4165465   
25997.75   57910.75   0.4399418   
26015   57971   0.4455315   B1-321-71
25952   58112   0.3254251   
25973   58065   0.4153059   
25994   58018   0.4385849   
25929.5   57774.5   0.3129003   
25913   57819   0.3975335   
25896.5   57863.5   0.4180858   
25880   57908   0.4227787   B1-2-471
25918.25   58096.25   0.3129003   
25905.5   58033.5   0.3958623   
25892.75   57970.75   0.4160236   
25907.75   57703   0.3129003   
25869.5   57676   0.3901045   
25831.25   57649   0.4093304   
25793   57622   0.4138434   B1-D3-471
25703   57546.25   0.3129003   
25733   57571.5   0.3887761   
25763   57596.75   0.4078403   
25931.25   57698.25   0.3129003   
25916.5   57666.5   0.3864855   
25901.75   57634.75   0.4053208   
25887   57603   0.4102389   B1-D3-77
25726.5   57541.5   0.3129003   
25780   57562   0.3862574   
25833.5   57582.5   0.4050702   
25937.5   57681   0.3129003   
25929   57632   0.3876316   
25920.5   57583   0.4065798   
25912   57534   0.4112464   B1-331-71
25732.75   57524.25   0.3129003   
25792.5   57527.5   0.3874143   
25852.25   57530.75   0.4063411   
25734.25   57384   0.3129003   
25793.5   57434   0.3869378   
25852.75   57484   0.4058177   
25952.5   57330.75   0.3129003   
25939   57398.5   0.386936   
25925.5   57466.25   0.4058157   
24780.75   57729   0.3129003   
24845.5   57730   0.3852745   
24910.25   57731   0.4039904   
24885   57596.25   0.3129003   
24915   57641.5   0.3852747   
24945   57686.75   0.4039907   
24987   57798.75   0.3129003   
24983   57776.5   0.3852808   
24979   57754.25   0.4039975   
20916   59451.75   0.3129003   
20949   59483.5   0.3882952   
20982   59515.25   0.4073088   
21077.25   59418   0.3129003   
21056.5   59461   0.3902413   
21035.75   59504   0.4094839   
24776.75   58476.25   0.3129003   
24819.5   58508.5   0.3838336   
24862.25   58540.75   0.4024541   
24966.5   58450   0.3129003   
24946   58491   0.3818446   
24925.5   58532   0.4004386   
24757   58401   0.3129003   
24780   58358   0.3852038   
24803   58315   0.4039129   
24826   58272   0.4088687   B1-321-66
24946.75   58374.75   0.3129003   
24906.5   58340.5   0.3852037   
24866.25   58306.25   0.4039128   
25039.75   58350   0.3129003   
24968.5   58324   0.3852036   
24897.25   58298   0.4039126   
24767.5   58441.75   0.3129003   
24801   58439.5   0.3129003   
24834.5   58437.25   0.3881952   
24957.25   58415.5   0.3129003   
24927.5   58422   0.3129003   
24897.75   58428.5   0.3881952   
25360.75   58567   0.3129003   
25318.5   58561   0.3852156   
25276.25   58555   0.4039258   
25234   58549   0.4088825   B1-1-468
25224.25   58394.5   0.3129003   
25227.5   58446   0.3852153   
25230.75   58497.5   0.4039255   
25141.75   58419.25   0.3129003   
25172.5   58462.5   0.3852153   
25203.25   58505.75   0.4039255   
21858   58662.25   0.3129003   
21885   58647.5   0.385564   
21912   58632.75   0.4043086   
21939   58618   0.4092907   B1-D3-455
22035   58621.75   0.3129003   
22003   58620.5   0.3855627   
21971   58619.25   0.404307   
22159.25   58930.25   0.3129003   
22163.5   58942.5   0.3851973   
22167.75   58954.75   0.4039057   
22172   58967   0.4088612   B1-321-55
22211.75   59096.75   0.3129003   
22198.5   59053.5   0.3851973   
22185.25   59010.25   0.4039057   
22639.25   58802.5   0.3129003   
22642.5   58820   0.3852881   
22645.75   58837.5   0.4040054   
22649   58855   0.4089673   B1-321-57
22698.5   58990.75   0.3129003   
22682   58945.5   0.3852873   
22665.5   58900.25   0.4040046   
24650   58482   0.3129003   
24566   58520   0.3852548   
24482   58558   0.4039688   
24398   58596   0.4089351   B1-D2-67
24206.75   58615.5   0.3129003   
24270.5   58609   0.3852658   
24334.25   58602.5   0.403981   
25599.25   58029.5   0.3129003   
25661.5   58031   0.3875823   
25723.75   58032.5   0.4065257   
25786   58034   0.4124666   B1-321-70
25894.75   58127.75   0.3129003   
25858.5   58096.5   0.3875822   
25822.25   58065.25   0.4065256   
25822.75   58146.5   0.3129003   
25810.5   58109   0.3896413   
25798.25   58071.5   0.4088108   
21324.5   59652.25   0.3129003   
21387   59585.5   0.3852044   
21449.5   59518.75   0.4039134   
21392   59375.5   0.3129003   
21432   59401   0.3852042   
21472   59426.5   0.4039133   
21573.5   59326.75   0.3129003   
21553   59368.5   0.3852042   
21532.5   59410.25   0.4039133   
22555.5   59328.25   0.3129003   
22587   59299.5   0.3860702   
22618.5   59270.75   0.4048646   
22650   59242   0.4098855   B1-1-457
20827.75   59381.75   0.3129003   
20772.5   59343.5   0.385212   
20717.25   59305.25   0.4039218   
20662   59267   0.4088784   B1-2-34
21260.25   59666.5   0.3129003   
21258.5   59614   0.3851981   
21256.75   59561.5   0.4039065   
21255   59509   0.408862   B1-320-51
21137.25   59408.5   0.3129003   
21176.5   59442   0.385198   
21215.75   59475.5   0.4039065   
21327.75   59389.75   0.3129003   
21303.5   59429.5   0.385198   
21279.25   59469.25   0.4039065   
25022.5   58452   0.3962803   
25058   58495   0.453701   
25093.5   58538   0.4842638   
25115.5   58427.25   0.401801   
25120   58478.5   0.4619915   
25124.5   58529.75   0.4943007   
20861.5   59369   0.3853474   
20840   59318   0.4378484   
20818.5   59267   0.465735   
21028   58939.25   0.3822206   
20951   59031.5   0.4337687   
20874   59123.75   0.4607818   
22934.5   58796.75   0.4618339   
22982   58871.5   0.5571278   
23029.5   58946.25   0.6254114   
23161.75   58907.75   0.3129003   
23133.5   58945.5   0.401022   
23105.25   58983.25   0.42252   
23335   58887.5   0.4618339   
23249   58932   0.5571278   
23163   58976.5   0.6046513   
23544.5   58813.75   0.3129003   
23553   58851.5   0.385197   
23561.5   58889.25   0.4039054   
23570   58927   0.4088608   B1-320-P61
23458.25   58864   0.3129003   
23495.5   58885   0.385197   
23532.75   58906   0.4039054   
25285.25   58138.25   0.3129003   
25265.5   58181.5   0.385192   
25245.75   58224.75   0.4038998   
25222.25   58324.25   0.3129003   
25223.5   58305.5   0.3851919   
25224.75   58286.75   0.4038998   
25139.75   58349   0.3129003   
25168.5   58322   0.3851919   
25197.25   58295   0.4038998   
25345.5   58119.75   0.3129003   
25386   58144.5   0.3976506   
25426.5   58169.25   0.4182349   
25519.5   58069.5   0.3129003   
25502   58111   0.3976506   
25484.5   58152.5   0.4182349   
25282.5   58305.75   0.3129003   
25344   58268.5   0.3976505   
25405.5   58231.25   0.4182348   
25570.5   58228.5   0.4282784   
25536   58217   0.502624   
25501.5   58205.5   0.5441812   
25429.5   58535.25   0.4457314   
25456   58497.5   0.5306351   
25482.5   58459.75   0.5809757   
25293   58362.75   0.4457314   
25365   58382.5   0.5306351   
25437   58402.25   0.5809757   
25581   58314   0.3571893   
25557   58350   0.4304715   
25533   58386   0.456688   
25245.25   58044.75   0.3129003   
25207.5   58022.5   0.3996402   
25169.75   58000.25   0.4207681   
25026.25   57860.25   0.3129003   
25061.5   57899.5   0.3897094   
25096.75   57938.75   0.4088871   
25203.5   57511.75   0.3129003   
25155   57578.5   0.3969285   
25106.5   57645.25   0.4173156   
24905.75   57591.25   0.3129003   
24956.5   57631.5   0.3936812   
25007.25   57671.75   0.4134052   
25007.75   57793.75   0.3129003   
25024.5   57766.5   0.3940164   
25041.25   57739.25   0.4138076   
25352   57713.5   0.3129003   
25254   57713   0.3930764   
25156   57712.5   0.412679   
25301.25   58030.25   0.3129003   
25319.5   57993.5   0.3984078   
25337.75   57956.75   0.419199   
25491.75   58001   0.3129003   
25446.5   57974   0.3940744   
25401.25   57947   0.4138771   
25082.25   57845.75   0.3129003   
25173.5   57870.5   0.3890768   
25264.75   57895.25   0.4081776   
25426.5   57765.5   0.3129003   
25403   57817   0.3892161   
25379.5   57868.5   0.4083338   
25575.25   58051.5   0.3129003   
25613.5   58075   0.3852705   
25651.75   58098.5   0.4039862   
25721.5   58185   0.3129003   
25711   58164   0.3852705   
25700.5   58143   0.4039862   
25626.25   58210.5   0.3129003   
25647.5   58181   0.3868195   
25668.75   58151.5   0.4056876   
25798.75   58168.5   0.3129003   
25762.5   58153   0.3852707   
25726.25   58137.5   0.4039863   
25556.25   57983.75   0.3129003   
25575.5   57939.5   0.3888896   
25594.75   57895.25   0.4079676   
25491   57748.25   0.3129003   
25532   57782.5   0.3888783   
25573   57816.75   0.4079549   
22924.75   58743.25   0.3129003   
22962.5   58764.5   0.3851971   
23000.25   58785.75   0.4039055   
23038   58807   0.408861   B1-321-P59
23152   58854.25   0.3129003   
23114   58838.5   0.3851971   
23076   58822.75   0.4039055   
22857.75   58760.25   0.3129003   
22828.5   58798.5   0.3854014   
22799.25   58836.75   0.4041299   
22770   58875   0.4090962   B1-321-P58
22669.5   58807.5   0.3129003   
22703   58830   0.3853959   
22736.5   58852.5   0.404124   
22728.75   58995.75   0.3129003   
22742.5   58955.5   0.3853955   
22756.25   58915.25   0.4041234   
22845.75   58693.25   0.3129003   
22804.5   58664.5   0.3854499   
22763.25   58635.75   0.4041832   
22602   58522.25   0.3129003   
22642   58550.5   0.3854499   
22682   58578.75   0.4041831   
22779   58473.5   0.3129003   
22760   58518   0.3859479   
22741   58562.5   0.4047303   
22906.25   58675.75   0.3129003   
22925.5   58629.5   0.3869128   
22944.75   58583.25   0.4057902   
22964   58537   0.410986   B1-330-P59
23087   58611.25   0.3129003   
23046   58586.5   0.3873974   
23005   58561.75   0.4063226   
22839.5   58456   0.3129003   
22881   58483   0.3869169   
22922.5   58510   0.4057947   
23022.5   58407.25   0.3129003   
23003   58450.5   0.386879   
22983.5   58493.75   0.4057531   
23180.75   58369   0.3129003   
23108.5   58425   0.3869341   
23036.25   58481   0.4058136   
22435.5   58871   0.3129003   
22476   58894   0.392487   
22516.5   58917   0.4120029   
22557   58940   0.4173767   B1-321-P57
22616.25   58823.75   0.3129003   
22596.5   58862.5   0.392433   
22576.75   58901.25   0.4119423   
22563.75   59009   0.3129003   
22561.5   58986   0.3923568   
22559.25   58963   0.4118568   
22675.5   59012   0.3129003   
22636   58988   0.392487   
22596.5   58964   0.4120029   
22405.5   58771.25   0.3129003   
22429   58737.5   0.3991273   
22452.5   58703.75   0.4201151   
22596   58756.25   0.3399252   
22556   58727.5   0.4171413   
22516   58698.75   0.4405923   
22353.75   58590.5   0.3129003   
22394.5   58617   0.3908055   
22435.25   58643.5   0.4101168   
22540.5   58538   0.3129003   
22519   58582   0.3908048   
22497.5   58626   0.4101159   
23850.25   58409.5   0.3993137   
23877.5   58371   0.4582874   
23904.75   58332.5   0.4896925   
23807.5   58211.5   0.3468735   
23849   58239   0.4200191   
23890.5   58266.5   0.4437687   
23994.25   58166.5   0.4319013   
23973.5   58209   0.5080608   
23952.75   58251.5   0.551185   
25890.75   58393   0.3129003   
25912.5   58355   0.3851972   
25934.25   58317   0.4039056   
25937.25   58189   0.3129003   
25943.5   58219   0.3851972   
25949.75   58249   0.4039056   
25865.25   58207.75   0.3129003   
25895.5   58231.5   0.3851973   
25925.75   58255.25   0.4039057   
25959.25   58190.5   0.3129003   
25987.5   58222   0.3851941   
26015.75   58253.5   0.4039022   
26044   58285   0.4088574   B1-1-71
22595.5   58204.5   0.3129003   
22611   58246   0.3851986   
22626.5   58287.5   0.4039071   
22642   58329   0.4088627   B1-331-P58
22728.25   58185   0.3129003   
22699.5   58233   0.3851986   
22670.75   58281   0.4039071   
22582   58452.75   0.3129003   
22602   58411.5   0.3851985   
22622   58370.25   0.403907   
22759   58404   0.3129003   
22720   58379   0.3851986   
22681   58354   0.4039071   
22121.5   58346.5   0.4288866   
22214   58359   0.5035673   
22306.5   58371.5   0.5453496   
22534.75   58218.25   0.4288866   
22489.5   58273.5   0.5035673   
22444.25   58328.75   0.5453496   
22334.5   58519   0.4288866   
22356   58474   0.5035673   
22377.5   58429   0.5453496   
22521.25   58466.5   0.3733558   
22480.5   58439   0.4325734   
22439.75   58411.5   0.4592986   
23080   58055.75   0.3129003   
23094   58104.5   0.3858842   
23108   58153.25   0.4046603   
23122   58202   0.409674   B1-331-P60
23008.75   58107.5   0.3129003   
23046.5   58139   0.3858924   
23084.25   58170.5   0.4046693   
23162.5   58071.5   0.3129003   
23149   58115   0.3858933   
23135.5   58158.5   0.4046702   
23062   58323.5   0.3129003   
23082   58283   0.3858915   
23102   58242.5   0.4046683   
23220.25   58285.25   0.3129003   
23187.5   58257.5   0.3858885   
23154.75   58229.75   0.404665   
22805.5   58109.75   0.3129003   
22825   58167.5   0.3859249   
22844.5   58225.25   0.404705   
22864   58283   0.4099089   B1-331-P59
22783.75   58173.5   0.3129003   
22810.5   58210   0.3858957   
22837.25   58246.5   0.4046729   
22944.25   58127.75   0.3129003   
22917.5   58179.5   0.3868435   
22890.75   58231.25   0.4057141   
22814.5   58392.5   0.3129003   
22831   58356   0.3858896   
22847.5   58319.5   0.4046662   
22997.5   58343.75   0.3129003   
22953   58323.5   0.3858972   
22908.5   58303.25   0.4046745   
23346.5   57985.75   0.3129003   
23351   58040.5   0.3855628   
23355.5   58095.25   0.4043072   
23222   58058.5   0.3129003   
23268   58089   0.3856032   
23314   58119.5   0.4043517   
23419.25   58003.75   0.3129003   
23399.5   58052.5   0.3855661   
23379.75   58101.25   0.4043109   
23279.75   58272.25   0.3129003   
23306.5   58231.5   0.3855667   
23333.25   58190.75   0.4043114   
23492.75   58229.5   0.4618339   
23448.5   58203   0.5571278   
23404.25   58176.5   0.6254114   
23808   58489.75   0.3848651   
23793   58531.5   0.4372158   
23778   58573.25   0.4649641   
23642.25   58551.25   0.3129003   
23682.5   58572.5   0.4028634   
23722.75   58593.75   0.4246524   
23776.5   58690   0.3129003   
23772   58665   0.402575   
23767.5   58640   0.4243184   
23690.25   58732   0.3129003   
23714.5   58693   0.402575   
23738.75   58654   0.4243184   
23879.25   58687   0.3129003   
23840.5   58663   0.402575   
23801.75   58639   0.4243184   
23593.5   58345.75   0.4618339   
23650   58435.5   0.5571278   
23706.5   58525.25   0.6254114   
21108   59420.75   0.3129003   
21118   59466.5   0.3851942   
21128   59512.25   0.4039024   
21138   59558   0.4088576   B1-320-SP51
20860   59442   0.3129003   
20837   59464   0.3853506   
20814   59486   0.4040741   
20791   59508   0.4090411   B1-D2-M52
21360.25   59646.5   0.3129003   
21458.5   59574   0.3852031   
21556.75   59501.5   0.403912   
21609.25   59321   0.3129003   
21624.5   59357   0.3852028   
21639.75   59393   0.4039118   
21719.5   59326.25   0.3129003   
21698   59360.5   0.3852028   
21676.5   59394.75   0.4039118   
21296.25   59660.25   0.3129003   
21330.5   59601.5   0.3852056   
21364.75   59542.75   0.4039148   
21363.75   59383.5   0.3129003   
21375.5   59417   0.3852054   
21387.25   59450.5   0.4039146   
21882   59019.5   0.3129003   
21860   59057   0.3851962   
21838   59094.5   0.4039045   
21713.25   59055.5   0.3129003   
21747.5   59081   0.3851963   
21781.75   59106.5   0.4039046   
21649.5   59246.75   0.3129003   
21705   59208.5   0.3851962   
21760.5   59170.25   0.4039045   
21744   59235.5   0.3129003   
21768   59201   0.3851962   
21792   59166.5   0.4039045   
21945.5   59001.75   0.3129003   
21987   59021.5   0.3852643   
22028.5   59041.25   0.4039792   
22133.75   58953.75   0.3129003   
22112.5   58989.5   0.3852639   
22091.25   59025.25   0.4039789   
22075.25   59138.25   0.3129003   
22073.5   59112.5   0.3852624   
22071.75   59086.75   0.4039773   
21823.25   59234.25   0.3129003   
21905.5   59176.5   0.3852643   
21987.75   59118.75   0.4039792   
21993.5   59169.75   0.3129003   
22019   59133.5   0.3852642   
22044.5   59097.25   0.4039792   
22186.25   59120.25   0.3129003   
22147.5   59100.5   0.3852624   
22108.75   59080.75   0.4039772   
22174   58873.5   0.4434789   
22193   58829   0.5270713   
22212   58784.5   0.5757194   
22108   58652.25   0.4434789   
22149   58681.5   0.5270713   
22190   58710.75   0.5757194   
22292.5   58608   0.4434789   
22272   58652   0.5270713   
22251.5   58696   0.5757194   
23300   58555   0.3129003   
23269   58535   0.3979879   
23238   58515   0.4186643   
23207   58495   0.4192242   B1-330-P60
23147.75   58600.75   0.3129003   
23167.5   58565.5   0.3918988   
23187.25   58530.25   0.411343   
23241.5   58358.5   0.3129003   
23230   58404   0.391759   
23218.5   58449.5   0.4111863   
23317.25   58615.5   0.3129003   
23303.5   58656   0.3872802   
23289.75   58696.5   0.4061938   
23276   58737   0.4107776   B1-321-P60
23165   58661.25   0.3129003   
23202   58686.5   0.3873572   
23239   58711.75   0.4062784   
23211.5   58836.75   0.3129003   
23233   58803.5   0.3863422   
23254.5   58770.25   0.4051633   
23384.75   58816.5   0.3129003   
23348.5   58790   0.3863422   
23312.25   58763.5   0.4051634   
23398.25   58602.5   0.3129003   
23434.5   58630   0.3854648   
23470.75   58657.5   0.4041995   
23578.25   58568.75   0.3129003   
23554.5   58607.5   0.3852927   
23530.75   58646.25   0.4040105   
23528.75   58753.25   0.3129003   
23521.5   58730.5   0.3852927   
23514.25   58707.75   0.4040105   
23442.5   58803.5   0.3129003   
23464   58764   0.3852927   
23485.5   58724.5   0.4040105   
23626.25   58749.5   0.3129003   
23586.5   58728   0.3852927   
23546.75   58706.5   0.4040105   
23298.5   58337.75   0.3480262   
23344   58362.5   0.4227702   
23389.5   58387.25   0.4469353   
23511.5   58295   0.4401187   
23486   58334   0.5216772   
23460.5   58373   0.568732   
25837.5   58411.25   0.3129003   
25806   58391.5   0.3840829   
25774.5   58371.75   0.4027066   
25734.75   58242.5   0.3129003   
25737.5   58279   0.3827683   
25740.25   58315.5   0.4013746   
25812   58226   0.3129003   
25789   58268   0.3826672   
25766   58310   0.4012722   
25639.5   58296.5   0.3129003   
25674   58315   0.3840758   
25708.5   58333.5   0.4026995   
25814.75   58444.5   0.3129003   
25760.5   58458   0.3856065   
25706.25   58471.5   0.4043552   
25652   58485   0.4093414   B1-1-69
24154.75   58706.25   0.3129003   
24170.5   58758.5   0.3854904   
24186.25   58810.75   0.4042276   
24202   58863   0.409205   B1-1-63
23952.25   58732.5   0.3129003   
23986.5   58754   0.3852375   
24020.75   58775.5   0.4039499   
24055   58797   0.4089083   B1-320-P63
24118   58689.75   0.3129003   
24097   58725.5   0.3852374   
24076   58761.25   0.4039497   
24183.75   58674   0.3129003   
24228.5   58694   0.3852215   
24273.25   58714   0.4039323   
24318   58734   0.4088897   B1-320-P64
24169.5   58594.5   0.3129003   
24196   58567   0.3853586   
24222.5   58539.5   0.4040829   
24249   58512   0.4090505   B1-321-P64
22000.75   59471   0.454218   
21940.5   59493   0.5445268   
21880.25   59515   0.6019788   
21401.5   59673.5   0.4563574   
21541   59628   0.5480548   
21680.5   59582.5   0.608319   
21760.75   59353.25   0.4563574   
21780.5   59414.5   0.5480548   
21800.25   59475.75   0.608319   
22021.75   59430   0.3129003   
21982.5   59411   0.3859139   
21943.25   59392   0.4046929   
21781.75   59312.25   0.3129003   
21822.5   59332.5   0.3857419   
21863.25   59352.75   0.4045039   
21952   59247.75   0.3129003   
21936   59289.5   0.3860922   
21920   59331.25   0.4048887   
22081.25   59410.5   0.3129003   
22101.5   59372   0.3856388   
22121.75   59333.5   0.4043908   
22093.25   59196.75   0.3129003   
22109.5   59229.5   0.385635   
22125.75   59262.25   0.4043866   
22011.5   59228.25   0.3129003   
22055   59250.5   0.3856879   
22098.5   59272.75   0.4044446   
22204.25   59178.75   0.3129003   
22183.5   59217.5   0.3856322   
22162.75   59256.25   0.4043834   
22112.5   59426.75   0.3129003   
22164   59404.5   0.3802863   
22215.5   59382.25   0.3988594   
22459.75   59357.75   0.3129003   
22395.5   59358.5   0.3834251   
22331.25   59359.25   0.4020401   
22265.75   59162.5   0.3129003   
22306.5   59185   0.3851622   
22347.25   59207.5   0.4038671   
22547   59316.5   0.3129003   
22570   59276   0.4011   
22593   59235.5   0.4226103   
22578.5   59072.75   0.3129003   
22591   59113.5   0.4010977   
22603.5   59154.25   0.4226076   
22690.25   59075.75   0.4317278   
22665.5   59115.5   0.5077795   
22640.75   59155.25   0.5508237   
21462.75   59116.25   0.3129003   
21505.5   59141.5   0.3852078   
21548.25   59166.75   0.4039173   
21317.25   59154.5   0.3129003   
21408.5   59167   0.3852078   
21499.75   59179.5   0.4039173   
21657   59070.5   0.3129003   
21635   59111   0.3852547   
21613   59151.5   0.4039687   
21411.75   59310.5   0.3129003   
21471.5   59271   0.3852078   
21531.25   59231.5   0.4039173   
21593.25   59261.75   0.3129003   
21592.5   59238.5   0.3852078   
21591.75   59215.25   0.4039173   
21366.75   59042   0.3878846   
21332.5   59017   0.4412166   
21298.25   58992   0.4698723   
21235.5   59098.25   0.3129003   
21245   59054.5   0.4056392   
21254.5   59010.75   0.4278477   
21144.75   58877   0.4320687   
21184.5   58907   0.508332   
21224.25   58937   0.5515333   
21330.75   58851.5   0.3129003   
21308.5   58890   0.4058434   
21286.25   58928.5   0.4280771   
21430.5   59027.75   0.3129003   
21460   58988.5   0.4133659   
21489.5   58949.25   0.4364586   
21519   58910   0.4210251   B1-330-P53
21639   59000   0.3129003   
21599   58970   0.3907487   
21559   58940   0.410053   
21394.5   58837.25   0.3129003   
21436   58861.5   0.3916824   
21477.5   58885.75   0.4111004   
21588   58759.25   0.3129003   
21565   58809.5   0.3907422   
21542   58859.75   0.4100457   
21753   58735.25   0.3129003   
21675   58793.5   0.3907516   
21597   58851.75   0.4100562   
21861.75   58915   0.3745968   
21828.5   58892   0.4327348   
21795.25   58869   0.4594989   
21699.75   58984   0.345615   
21720.5   58938   0.4178616   
21741.25   58892   0.44138   
21813.75   58719.25   0.3129003   
21796.5   58761.5   0.3949144   
21779.25   58803.75   0.4148856   
21917.75   58904.25   0.3503538   
21940.5   58870.5   0.4281874   
21963.25   58836.75   0.4538094   
21869.75   58708.5   0.3129003   
21908.5   58740   0.3900722   
21947.25   58771.5   0.4092941   
22046.75   58668   0.3129003   
22026.5   58713   0.3900701   
22006.25   58758   0.4092918   
23867.75   58474.75   0.3129003   
23912.5   58501.5   0.410925   
23957.25   58528.25   0.4337583   
24107.75   58605.25   0.3129003   
24072.5   58588.5   0.3899906   
24037.25   58571.75   0.4092025   
23939   58672   0.3129003   
23960   58633   0.389991   
23981   58594   0.409203   
24011.75   58231.75   0.3484466   
24008.5   58339.5   0.4237141   
24005.25   58447.25   0.448132   
23792   58423.5   0.3129003   
23761   58399   0.4080992   
23730   58374.5   0.4306108   
23699   58350   0.4175026   B1-330-P62
23668.25   58008   0.3129003   
23678.5   58122   0.3885372   
23688.75   58236   0.4075747   
23504   58053.75   0.3129003   
23569   58152.5   0.3885238   
23634   58251.25   0.4075599   
23577.5   58279.5   0.3129003   
23618   58303   0.3885238   
23658.5   58326.5   0.4075599   
23749.25   58225.5   0.3129003   
23732.5   58267   0.3885328   
23715.75   58308.5   0.4075698   
23799.5   57868   0.3966732   
23816   57916   0.4542972   
23832.5   57964   0.4849601   
23705.75   57923.5   0.4618339   
23753.5   57953   0.5571278   
23801.25   57982.5   0.6254114   
23786.75   58141   0.4618339   
23807.5   58098   0.5571278   
23828.25   58055   0.6254114   
23973.5   58096   0.4618339   
23932   58068   0.5571278   
23890.5   58040   0.6254114   
21199   59179.75   0.3129003   
21172   59217.5   0.3851956   
21145   59255.25   0.4039038   
21118   59293   0.4088592   B1-321-P51
21103   59354.5   0.3129003   
21108   59334   0.3851956   
21113   59313.5   0.4039038   
21293.5   59335.75   0.3129003   
21235   59321.5   0.3851956   
21176.5   59307.25   0.4039038   
21177   59121   0.3129003   
21128   59100   0.3910698   
21079   59079   0.4104133   
21030   59058   0.415848   B1-330-SP51
21081   59295.75   0.3129003   
21064   59216.5   0.3910259   
21047   59137.25   0.410364   
21086.25   58899.75   0.3129003   
21067.5   58952.5   0.3913324   
21048.75   59005.25   0.4107077   
22374.75   58884.75   0.3129003   
22354.5   58921.5   0.385388   
22334.25   58958.25   0.4041153   
22314   58995   0.4090817   B1-321-P56
22194.75   58937.25   0.3129003   
22234.5   58956.5   0.3853971   
22274.25   58975.75   0.4041252   
22247.25   59103.75   0.3129003   
22269.5   59067.5   0.3853706   
22291.75   59031.25   0.4040961   
24189.5   57894   0.3129003   
24156   57918   0.398358   
24122.5   57942   0.4191357   
24189.5   57759.75   0.3129003   
24156   57828.5   0.3983573   
24122.5   57897.25   0.4191348   
24033.5   58084.5   0.3880744   
24052   58045   0.4414735   
24070.5   58005.5   0.4701869   
21330.25   58556.25   0.3129003   
21365.5   58584.5   0.3862273   
21400.75   58612.75   0.4050372   
21436   58641   0.4104661   B1-331-P53
21373.75   58770   0.3129003   
21394.5   58727   0.3872424   
21415.25   58684   0.4061522   
21567.25   58692   0.3129003   
21523.5   58675   0.3862253   
21479.75   58658   0.405035   
21149.5   58586   0.3129003   
21167   58626   0.3969002   
21184.5   58666   0.4172795   
21202   58706   0.4230815   B1-331-SP52
21271.75   58572.5   0.3129003   
21248.5   58617   0.3968995   
21225.25   58661.5   0.4172785   
21129.25   58811.75   0.3129003   
21153.5   58776.5   0.3969529   
21177.75   58741.25   0.4173467   
21315.25   58786.25   0.3129003   
21277.5   58759.5   0.3969079   
21239.75   58732.75   0.4172893   
21078.75   58600.5   0.4618339   
21025.5   58655   0.5571278   
20972.25   58709.5   0.6254114   
21058.5   58826.25   0.4618339   
21012   58805.5   0.5571278   
20965.5   58784.75   0.6254114   
21603.25   58414.75   0.3129003   
21636.5   58460.5   0.3852046   
21669.75   58506.25   0.4039137   
21703   58552   0.4088698   B1-331-P54
21520   58432.75   0.3129003   
21581   58472.5   0.3852046   
21642   58512.25   0.4039137   
21832.75   58357   0.3129003   
21789.5   58422   0.3852046   
21746.25   58487   0.4039137   
21634   58669.75   0.3129003   
21657   58630.5   0.3852047   
21680   58591.25   0.4039138   
21799   58645.75   0.3129003   
21767   58614.5   0.3852047   
21735   58583.25   0.4039139   
22062.5   58367.5   0.3881388   
22096   58401   0.441563   
22129.5   58434.5   0.4702961   
22091   58584.25   0.4618339   
22115   58545.5   0.5571278   
22139   58506.75   0.6254114   
22275.5   58540   0.4618339   
22238   58516   0.5571278   
22200.5   58492   0.6254114   
21887.25   58350   0.3129003   
21898.5   58408   0.4040007   
21909.75   58466   0.4259695   
22002   58381.5   0.3129003   
21975   58429   0.4044831   
21948   58476.5   0.4265282   
21853.5   58638.75   0.3129003   
21876   58600.5   0.40408   
21898.5   58562.25   0.4260614   
22030.5   58598.25   0.430295   
21994   58573.5   0.5056583   
21957.5   58548.75   0.548047   
24688   58499.5   0.3129003   
24642   58555   0.4097264   
24596   58610.5   0.4324322   
24241.75   58657   0.4618339   
24344.5   58660   0.5571278   
24447.25   58663   0.6254114   
24722.25   58516   0.3129003   
24710.5   58588   0.3851976   
24698.75   58660   0.4039061   
24687   58732   0.4088616   B1-1-65
20824.5   59818.75   0.3129003   
20827   59790.5   0.3853675   
20829.5   59762.25   0.4040926   
20832   59734   0.4090602   B1-1-49
20870.25   59498.5   0.3129003   
20857.5   59577   0.3853663   
20844.75   59655.5   0.4040914   
25459.75   58545.5   0.3129003   
25516.5   58518   0.3855011   
25573.25   58490.5   0.4042395   
25630   58463   0.4092397   B1-1-069
25611.25   58324.25   0.3129003   
25617.5   58370.5   0.3855386   
25623.75   58416.75   0.4042806   
25265.5   57492.5   0.3129003   
25279   57540   0.3855118   
25292.5   57587.5   0.4042511   
25363   57463.25   0.3129003   
25344   57520.5   0.3855118   
25325   57577.75   0.4042511   
25414   57694.25   0.3129003   
25378   57674.5   0.3856468   
25342   57654.75   0.4043994   
24510   58165   0.3129003   
24506   58249   0.3854566   
24502   58333   0.4041906   
24498   58417   0.4091787   B1-321-P65
24675   58437.25   0.3129003   
24616   58430.5   0.3854573   
24557   58423.75   0.4041914   
24231.75   58570.75   0.3129003   
24320.5   58519.5   0.3854896   
24409.25   58468.25   0.4042268   
22911   58701.25   0.3129003   
22935   58680.5   0.3863747   
22959   58659.75   0.4051991   
22983   58639   0.4102423   B1-2-459
23091.75   58636.75   0.3129003   
23055.5   58637.5   0.3863796   
23019.25   58638.25   0.4052045   
23138.25   58812.25   0.3129003   
23086.5   58754.5   0.3863685   
23034.75   58696.75   0.4051923   
21074   58849.25   0.3955781   
21043   58851.5   0.4526146   
21012   58853.75   0.4830809   
20834.75   58659.25   0.4045282   
20798.5   58749.5   0.4659935   
20762.25   58839.75   0.4994054   
22899.5   59045.75   0.4039062   
21394.75   58479.25   0.3896368   
23702   59084   0.55   B1-311-61
25159   58707   0.55   B1-311-67
251815.28125   56737.22265625   0.5576248   
24388   58814   0.3114   B1-1-64
22061   59449   0.3114   B1-1-P54
22524   59357   0.3114   B1-1-P56
24448   58826   0.3114   B1-1-P64
25403   58573   0.3114   B1-1-P68
25869   58431   0.3114   B1-1-P70
21401   59067   0.3114   B1-2-135
21895   58938   0.3114   B1-2-136
22382   58805   0.3114   B1-2-137
23331   58575   0.3114   B1-2-139
23823   58448   0.3114   B1-2-140
25283   58067   0.3114   B1-2-143
21420   59091   0.3114   B1-2-P135
21904   58982   0.3114   B1-2-P136
22395   58848   0.3114   B1-2-P137
22887   58722   0.3114   B1-2-P138
23362   58575   0.3114   B1-2-P139
25305   58095   0.3114   B1-2-P143
21226   59142   0.3114   B1-2-P35
21679   59030   0.3114   B1-2-P36
22155   58918   0.3114   B1-2-P37
22636   58785   0.3114   B1-2-P38
23128   58636   0.3114   B1-2-P39
23602   58530   0.3114   B1-2-P40
25537   58028   0.3114   B1-2-P44
20572   58649   0.3114   B1-3-48
20871   58569   0.3114   B1-3-49
21155   58497   0.3114   B1-3-50
22023   58256   0.3114   B1-3-53
22907   58052   0.3114   B1-3-56
23477   57895   0.3114   B1-3-58
23783   57820   0.3114   B1-3-59
24071   57739   0.3114   B1-3-60
25252   57445   0.3114   B1-3-64
26098   57244   0.3114   B1-3-67
21292   58455   0.3114   B1-3-D50
21570   58369   0.3114   B1-3-D51
22453   58153   0.3114   B1-3-D54
22786   58052   0.3114   B1-3-D55
23066   58007   0.3114   B1-3-D56
23342   57931   0.3114   B1-3-D57
24223   57691   0.3114   B1-3-D60
24567   57625   0.3114   B1-3-D61
25382   57406   0.3114   B1-3-D64
25675   57334   0.3114   B1-3-D65
25966   57263   0.3114   B1-3-D66
21459   58393   0.3114   B1-3-F51
21876   58292   0.3114   B1-3-F52
22160   58217   0.3114   B1-3-F53
22612   58092   0.3114   B1-3-F55
20697   58660   0.3114   B1-3-P253
21132   58546   0.3114   B1-3-P255
21295   58528   0.3114   B1-3-P256
22029   58334   0.3114   B1-3-P259
22580   58163   0.3114   B1-3-P262
22757   58137   0.3114   B1-3-P263
22971   58076   0.3114   B1-3-P264
23658   57894   0.3114   B1-3-P267
23176   58028   0.3114   B1-3-SP265
23439   57955   0.3114   B1-3-SP266
24647   57651   0.3114   B1-3-SP272
24855   57551   0.3114   B1-3-SP273
20822   59847   0.3114   B1-311-49
21262   59719   0.3114   B1-311-51
24514   58081   0.3114   B1-330-65
25946   57730   0.3114   B1-330-71
24223   57870   0.3114   B1-331-64
25673   57521   0.3114   B1-331-70
24716   57728   0.3114   B1-331-S66
20883   59420   0.3114   B1-D2-450
21098   59375   0.3114   B1-D2-451
21352   59350   0.3114   B1-D2-452
21594   59285   0.3114   B1-D2-453
22077   59164   0.3114   B1-D2-455
22566   59032   0.3114   B1-D2-457
23536   58776   0.3114   B1-D2-461
23781   58715   0.3114   B1-D2-462
24734   58444   0.3114   B1-D2-466
24987   58409   0.3114   B1-D2-467
25221   58343   0.3114   B1-D2-468
25732   58206   0.3114   B1-D2-470
25931   58159   0.3114   B1-D2-471
21720   59270   0.3114   B1-D2-56
22201   59120   0.3114   B1-D2-58
23190   58870   0.3114   B1-D2-62
24143   58622   0.3114   B1-D2-66
25111   58376   0.3114   B1-D2-70
25605   58240   0.3114   B1-D2-72
25835   58184   0.3114   B1-D2-73
26019   58136   0.3114   B1-D2-74
21741   59292   0.3114   B1-D2-P56
21968   59206   0.3114   B1-D2-P57
22225   59140   0.3114   B1-D2-P58
22715   59036   0.3114   B1-D2-P60
23421   58843   0.3114   B1-D2-P63
23666   58771   0.3114   B1-D2-P64
23918   58711   0.3114   B1-D2-P65
24139   58654   0.3114   B1-D2-P66
25363   58324   0.3114   B1-D2-P71
25605   58278   0.3114   B1-D2-P72
24991   57821   0.3114   B1-D3-73
25450   57714   0.3114   B1-D3-75
21105   58847   0.3114   B1-D3-P57
21353   58813   0.3114   B1-D3-P58
21611   58709   0.3114   B1-D3-P59
21831   58677   0.3114   B1-D3-P60
22067   58623   0.3114   B1-D3-P61
22313   58564   0.3114   B1-D3-P62
22562   58494   0.3114   B1-D3-P63
22798   58429   0.3114   B1-D3-P64
23042   58364   0.3114   B1-D3-P65
23253   58313   0.3114   B1-D3-P66
23537   58256   0.3114   B1-D3-P67
23766   58184   0.3114   B1-D3-P68
24015   58124   0.3114   B1-D3-P69
25217   57807   0.3114   B1-D3-P74
20878.66015625   60014.87890625   0.3114   B1-311-SP68
19758.8671875   593711.9375   0.3114   
19758.8671875   56737.22265625   0.3114   
251815.28125   593711.9375   0.3114   
23944   59023   0.7095   B1-311-62
24184   58970   0.7095   B1-311-63
24938   58768   0.7095   B1-311-66
26105   58455   0.7095   B1-311-71
20623   59116   0.7095   B1-330-J49
21032   59688   0.4019212   B1-1-050
21326   59567   0.4008422   B1-1-051
22044   59424   0.3114   B1-1-054
22542   59331   0.3114   B1-1-056
22847   59191   0.4061173   B1-1-057
23478   59043   0.4159523   B1-1-060
23664   59002   0.4592052   B1-1-061
24711   58688   0.4048075   B1-1-065
25350   58567   0.3337227   B1-1-068
25725   58456   0.3994089   B1-1-470
20987   59705   0.4050221   B1-1-50
21284   59603   0.3823696   B1-1-51
22496   59333   0.3219453   B1-1-56
23415   59061   0.4519742   B1-1-60
23716   58985   0.4532081   B1-1-61
25318   58589   0.3783212   B1-1-68
25801   58450   0.3370743   B1-1-70
21073   59678   0.3943051   B1-1-P50
23494   59074   0.4156657   B1-1-P60
20668   59225   0.4876696   B1-2-034
21095   59146   0.3915645   B1-2-035
21635   58947   0.3797488   B1-2-036
22096   58828   0.4324543   B1-2-037
23079   58592   0.343336   B1-2-039
24544   58249   0.393518   B1-2-042
25541   57998   0.3114   B1-2-044
20905   59565   0.3855477   B1-20-550
22842   59094   0.3783034   B1-20-558
23568   58896   0.4065843   B1-20-561
23819   58841   0.386577   B1-20-562
22869   58692   0.3114   B1-2-138
24305   58315   0.4003611   B1-2-141
24868   58162   0.4163383   B1-2-142
25756   57943   0.4063252   B1-2-144
21085   59275   0.3510187   B1-21-551
22065   59016   0.3985479   B1-21-555
22530   58898   0.4069951   B1-21-557
23023   58782   0.4011427   B1-21-559
23255   58712   0.4080587   B1-21-560
23489   58658   0.4072476   B1-21-561
24217   58463   0.4080566   B1-21-564
21094   59296   0.3511377   B1-21-M551
22772   58841   0.4066104   B1-21-M558
21156   59126   0.3410757   B1-2-35
21649   59001   0.3150121   B1-2-36
24704   58322   0.4205656   B1-2-42
25055   58132   0.407828   B1-2-43
25508   58006   0.3114   B1-2-44
25996   57879   0.4285197   B1-2-45
20997   59168   0.4123949   B1-2-451
22506   58778   0.3783076   B1-2-457
23216   58605   0.3683107   B1-2-460
23939   58406   0.4365464   B1-2-463
21368   59053   0.3709179   B1-2-M135
23845   58463   0.3352907   B1-2-P140
24332   58354   0.4125988   B1-2-P141
24804   58221   0.4238303   B1-2-P142
25778   57975   0.4118442   B1-2-P144
20698   59251   0.443897   B1-2-P34
24078   58414   0.4149174   B1-2-P41
24577   58284   0.4087742   B1-2-P42
26013   57904   0.4357536   B1-2-P45
20763   59068   0.5431449   B1-30-550
21002   59016   0.4176236   B1-30-551
21489   58889   0.4153973   B1-30-553
22986   58509   0.4089375   B1-30-559
23148   58473   0.4051324   B1-30-560
22958   58490   0.4030251   B1-30-M559
23164   58500   0.4117467   B1-30-M560
22545   59383   0.3114   B1-311-56
22992   59267   0.4963492   B1-311-58
23243   59228   0.5580314   B1-311-59
23474   59139   0.488452   B1-311-60
21659   58530   0.4066226   B1-31-554
23092   58154   0.4034704   B1-31-560
23321   58048   0.3743341   B1-31-561
23572   58041   0.3114   B1-31-562
24320   57852   0.3611511   B1-31-565
24567   57779   0.3981895   B1-31-566
24159   58754   0.3778607   B1-320-63
20922   59589   0.3969132   B1-320-P50
22874   59101   0.3973801   B1-320-P58
23803   58872   0.3997782   B1-320-P62
21703   59120   0.3736197   B1-321-53
23127   58730   0.3561738   B1-321-59
24103   58488   0.3940929   B1-321-63
24348   58417   0.4079808   B1-321-64
24574   58337   0.4089824   B1-321-65
24742   58366   0.3654335   B1-321-P66
25929   58056   0.3820586   B1-321-P71
21609   58854   0.4087845   B1-330-53
22342   58678   0.3539554   B1-330-56
22575   58595   0.3621536   B1-330-57
22819   58547   0.3788921   B1-330-58
23065   58471   0.3953079   B1-330-59
23306   58473   0.3811   B1-330-60
24032   58225   0.341018   B1-330-63
25015   57976   0.3835981   B1-330-67
25494   57861   0.391595   B1-330-69
20792   59097   0.5177509   B1-330-P50
24416   58174   0.3674473   B1-330-P65
24660   58102   0.4095784   B1-330-P66
24886   58056   0.4087136   B1-330-P67
25865   57789   0.3223849   B1-330-P71
22975   58244   0.3837574   B1-331-59
23610   58090   0.3474017   B1-331-P62
24350   57903   0.3982851   B1-331-P65
24583   57834   0.4080225   B1-331-P66
23226   58149   0.3835877   B1-331-S60
22607   58121   0.3114   B1-3-55
23185   57966   0.3114   B1-3-57
24721   57569   0.3114   B1-3-62
24940   57525   0.3320183   B1-3-63
20717   58608   0.3114   B1-3-D48
23589   57879   0.3114   B1-3-D58
23899   57802   0.3114   B1-3-D59
22870   58038   0.3114   B1-3-F56
23980   57820   0.3243638   B1-3-P269
25710   57369   0.3114   B1-3-P277
22028   58327   0.3114   B1-3-SP258
24409   57699   0.3606692   B1-3-SP271
24255   58587   0.3476833   B1-D2-464
24498   58526   0.3944361   B1-D2-465
20749   59499   0.4079097   B1-D2-52
22443   59061   0.3792253   B1-D2-59
23895   58686   0.3114   B1-D2-65
25991   58108   0.3437088   B1-D2-F74
20763   59545   0.4108233   B1-D2-P52
22468   59081   0.3771875   B1-D2-P59
24428   58565   0.4060394   B1-D2-P67
23125   58308   0.3552715   B1-D3-460
23636   58170   0.3894001   B1-D3-462
24866   57851   0.3481958   B1-D3-467
25340   57749   0.3359282   B1-D3-469
21351   58788   0.3114   B1-D3-58
21575   58713   0.3114   B1-D3-59
21814   58650   0.3114   B1-D3-60
24481   57958   0.3880528   B1-D3-71
24746   57871   0.3962011   B1-D3-72
25690   57654   0.3845706   B1-D3-76
24499   57995   0.3476941   B1-D3-P71
24747   57921   0.4047529   B1-D3-P72
24964   57869   0.3114   B1-D3-P73
25449   57742   0.3114   B1-D3-P75
25701   57685   0.3982103   B1-D3-P76
20619   58641   0.3114   G100-37
21205   58491   0.3114   G100-39
22655   58111   0.3114   G100-44
22961   58053   0.3114   G100-45
20830   59522   0.3766872   G94-37
21704   59300   0.3114   G94-40
21982   59225   0.3114   G94-41
21051   59166   0.403859   G96-38
21913   58908   0.3466235   G96-41
22477   58781   0.3664344   G96-43
22791   58708   0.4031756   G96-44
23082   58675   0.3577001   G96-45
21526   58751   0.3931701   G98-40
21392   59560   0.3930554   B1-1-452
22596   59154   0.401599   B1-20-557
22294   58964   0.4049726   B1-21-556
21277   59099   0.3374372   B1-2-452
22758   59330   0.3755551   B1-311-57
25641   58588   0.3229747   B1-311-69
20692   58780   0.4079792   B1-31-550
21885   58475   0.424421   B1-31-555
25591   58374   0.3952752   B1-320-69
22410   58914   0.3460626   B1-321-56
20559   58872   0.4949084   B1-331-49
21772   58508   0.4043324   B1-331-54
23491   58129   0.3634601   B1-331-61
20708   58834   0.458145   B1-331-P50
23360   58150   0.4097845   B1-331-SP61
24380   57642   0.3321346   B1-3-61
22807   58966   0.3720538   B1-D2-458
22687   58998   0.3149836   B1-D2-60
21348   59078   0.3587684   G96-39
20661   58942   0.5355632   G98-37
21864   58636   0.3402039   G98-41
21562   59539   0.3999489   B1-1-052
21788   59473   0.4034637   B1-1-053
21671   59498   0.4094336   B1-1-453
21887   59474   0.4062105   B1-1-454
24553   58751   0.382327   B1-1-465
25478   58528   0.3601332   B1-1-469
21510   59546   0.3975924   B1-1-52
21820   59537   0.4097416   B1-1-53
21995   59430   0.3499909   B1-1-54
22803   59221   0.4079369   B1-1-57
21558   59574   0.3970526   B1-1-P52
22797   58867   0.4018815   B1-21-558
21282   58945   0.4484783   B1-30-552
23647   58304   0.4017544   B1-30-562
21533   59653   0.3745251   B1-311-52
21775   59589   0.4040896   B1-311-53
21213   58649   0.400137   B1-31-552
21758   59385   0.3570225   B1-320-53
25340   58428   0.4056183   B1-320-68
22616   59195   0.4102214   B1-320-P57
25509   58422   0.4495777   B1-320-P69
21933   59058   0.358249   B1-321-54
20877   59045   0.4608591   B1-330-50
21102   58987   0.402419   B1-330-51
21864   58802   0.3900656   B1-330-54
21264   58967   0.4565304   B1-330-P52
24175   58241   0.4506628   B1-330-P64
21318   58621   0.3693933   B1-331-52
21921   58524   0.4449807   B1-331-P55
23304   58800   0.384151   B1-D2-460
22933   58935   0.3867291   B1-D2-61
24625   58495   0.3467996   B1-D2-68
21237   58774   0.3889928   B1-D3-452
20846   58896   0.4335053   B1-D3-56
23299   58266   0.3388318   B1-D3-66
23551   58231   0.315289   B1-D3-67
20859   58926   0.444643   B1-D3-P56
22582   59079   0.3255436   G94-43
22871   59003   0.3865498   G94-44
21281   58772   0.3734897   G98-39
24069   58379   0.4116942   B1-2-41
21527   59036   0.3234574   B1-2-453
23469   58550   0.419111   B1-2-461
21954   58762   0.4042778   B1-30-555
22436   58629   0.3951573   B1-30-557
23419   58377   0.4105226   B1-30-561
23938   58251   0.4289368   B1-30-563
22467   58626   0.3984983   B1-30-F557
20945   58710   0.4829485   B1-31-551
22122   58410   0.3887918   B1-31-556
22613   58277   0.3974271   B1-31-558
22814   58229   0.3905194   B1-31-559
22886   58800   0.322836   B1-321-58
22102   58717   0.4124386   B1-330-55
21762   58846   0.4104931   B1-330-P54
21986   58803   0.4129765   B1-330-P55
22722   58607   0.4090571   B1-330-P58
23435   58412   0.4132381   B1-330-P61
20799   58750   0.4058223   B1-331-50
21081   58743   0.4115668   B1-331-51
22020   58500   0.4341762   B1-331-55
22501   58362   0.3942622   B1-331-57
23735   58013   0.3814095   B1-331-62
23975   58002   0.4090731   B1-331-63
22399   58384   0.4090326   B1-331-P57
23849   58012   0.4341036   B1-331-P63
24843   57758   0.3712002   B1-331-P67
21860   59256   0.3286697   B1-D2-454
24010   58639   0.3718106   B1-D2-463
22440   58488   0.3659864   B1-D3-457
23442   58263   0.3676072   B1-D3-461
23882   58111   0.3912463   B1-D3-463
22040   58589   0.3643061   B1-D3-61
23761   58147   0.3246911   B1-D3-68
20900   58570   0.3159707   G100-38
21602   59003   0.3337961   G96-40
22368   58491   0.3663783   G98-43
22255   58524   0.3561752   S117
22136   59384   0.3488236   B1-1-455
23802   58953   0.4094208   B1-1-462
23586   58433   0.3669872   B1-2-040
24042   58440   0.413615   B1-2-041
21795   59089   0.3971926   B1-21-554
23972   58528   0.4130064   B1-21-563
23097   58644   0.3166464   B1-2-39
23581   58505   0.3415248   B1-2-40
21771   58975   0.340054   B1-2-454
23691   58482   0.3826462   B1-2-462
25143   58105   0.4088627   B1-2-468
21732   58828   0.4059979   B1-30-554
22695   58567   0.3902566   B1-30-558
21406   58580   0.3932176   B1-31-553
24086   57905   0.4082886   B1-31-564
23425   58933   0.3732583   B1-320-60
25274   58494   0.3858585   B1-320-P68
23376   58664   0.3632372   B1-321-60
23507   58685   0.4089201   B1-321-P61
24002   58555   0.4096999   B1-321-P63
21373   58929   0.3871342   B1-330-52
23576   58353   0.3533175   B1-330-61
23794   58295   0.3876819   B1-330-62
22476   58670   0.4103046   B1-330-P57
23932   58294   0.447517   B1-330-P63
25132   57978   0.4105978   B1-330-P68
22163   58468   0.4116658   B1-331-P56
24089   57966   0.4111653   B1-331-P64
22654   58427   0.3616401   B1-D3-458
24003   58076   0.3474124   B1-D3-69
22620   58434   0.3525915   G98-44
22592   58434   0.344955   G98-F44
23891   58948   0.5142514   B1-1-062
24153   58873   0.468631   B1-1-063
25828   58434   0.3122504   B1-1-070
24044   58908   0.4165296   B1-1-463
24298   58848   0.4103624   B1-1-464
23974   58948   0.5394116   B1-1-P62
21557   59141   0.3848447   B1-21-553
24692   58830   0.4546971   B1-311-65
23928   58814   0.3601151   B1-320-62
24678   58622   0.3984932   B1-320-65
24550   58666   0.4090317   B1-320-P65
21551   58614   0.3596166   B1-331-53
21513   58457   0.3378425   B1-3-P257
23003   58331   0.3217197   B1-D3-65
24239   58018   0.4237272   B1-D3-70
24253   58062   0.4370001   B1-D3-P70
22182   58608   0.390749   G98-42
20748   59773   0.3460171   B1-1-049
22628   58714   0.4038337   B1-2-038
22136   58874   0.3797017   B1-2-37
22623   58747   0.3736413   B1-2-38
25407   58018   0.4091882   B1-2-469
24155   58197   0.4537533   B1-30-564
22023   59531   0.3142244   B1-311-54
20700   59363   0.3752566   B1-321-49
24260   58150   0.4653417   B1-330-64
25253   57926   0.3784258   B1-330-68
25356   57920   0.4094509   B1-330-P69
25614   57851   0.4095283   B1-330-P70
22251   58368   0.3917906   B1-331-56
22725   58255   0.3869103   B1-331-58
25553   57586   0.3925905   B1-331-P70
21969   59176   0.3289097   B1-D2-57
25567   57670   0.4089725   B1-D3-470
22783   58390   0.3192026   B1-D3-64
22352   59211   0.3996671   B1-20-556
20904   59189   0.4092992   B1-2-134
20947   59222   0.4068376   B1-2-P134
22202   58697   0.4309821   B1-30-556
24401   58701   0.3702797   B1-320-64
24905   58573   0.3900589   B1-320-66
22388   59230   0.4027156   B1-320-P56
25743   58352   0.3891979   B1-320-P70
22231   58740   0.4506759   B1-330-P56
24193   57760   0.3127768   B1-3-P270
22325   59089   0.3609132   B1-D2-456
20981   58856   0.4753048   B1-D3-451
22186   58572   0.4113017   B1-D3-456
22895   58371   0.3358047   B1-D3-459
20943   58866   0.4938611   G98-38
22908   58394   0.3509687   G98-45
21166   59494   0.3902706   B1-20-551
20928   59307   0.3516361   B1-321-50
21189   59236   0.3730381   B1-321-51
23660   58742   0.3147438   B1-D2-64
22337   59162   0.367027   G94-42
20830   59350   0.3713698   B1-21-550
23723   58607   0.4046375   B1-21-562
20797   59216   0.4621598   B1-2-450
21015   59547   0.4052716   B1-320-50
20843   59373   0.3361164   B1-321-P50
23763   58615   0.4107473   B1-321-P62
21729   58347   0.3116629   B1-3-52
20769   59235   0.4655996   G96-37
24929   58668   0.5311492   B1-1-66
25017   58546   0.3957924   B1-320-P67
23608   58623   0.3519238   B1-321-61
20919   58764   0.524501   B1-331-P51
24868   58435   0.3510432   B1-D2-69
24654   58496   0.3208891   B1-D2-P68
20726   58930   0.4831843   B1-D3-450
21119   59440   0.3448032   G94-38
22384   59355   0.3544558   B1-1-055
25129   58581   0.4462856   B1-1-067
23332   59070   0.5327341   B1-1-460
25048   58624   0.496266   B1-1-467
22267   59360   0.3689047   B1-1-55
24941   58709   0.6084544   B1-1-P66
25149   58614   0.4756394   B1-1-X67
25643   57974   0.4033599   B1-2-470
25827   58313   0.3352161   B1-320-70
24794   58605   0.4009156   B1-320-P66
24974   58321   0.3374806   B1-321-P67
25785   57524   0.3749629   B1-331-P71
25123   58399   0.3222844   B1-D2-P70
22524   58458   0.3195961   B1-D3-63
25080   58156   0.40683   B1-2-P43
25115   58491   0.4245033   B1-320-67
25077   58203   0.3988553   B1-321-67
21347   59246   0.3237833   B1-321-P52
21013   59462   0.3554301   B1-D2-P53
24882   58459   0.3409873   B1-D2-P69
20993   59421   0.3126561   B1-D2-53
23174   58894   0.3122813   B1-D2-P62
25210   57775   0.3213927   B1-D3-74
20655   58972   0.5584387   B1-D3-M55
20626   58987   0.5869627   B1-D3-P55
25548   58092   0.3362799   B1-321-69
25300   58148   0.3217771   B1-321-68
23268   59116   0.5672719   B1-1-059
23346   58918   0.4318415   B1-20-560
25202   57654   0.3963095   B1-331-68
25918   57330   0.3168702   B1-3-P278
21219   59367   0.3686883   B1-D2-54
21234   59400   0.3641098   B1-D2-P54
21408   59370   0.3206643   G94-39
23938   58934   0.5034774   B1-1-62
21372   59459   0.3775367   B1-20-552
23861   57963   0.423875   B1-31-563
21512   59452   0.3999316   B1-320-52
21399   59484   0.4052999   B1-320-P52
21655   59429   0.3992899   B1-320-P53
23346   58974   0.4591436   B1-320-SP60
21432   59166   0.3637053   B1-321-52
25467   58194   0.3635966   B1-321-P69
24975   57732   0.403055   B1-331-67
25433   57618   0.399226   B1-331-69
25058   57712   0.4014983   B1-331-P68
25306   57635   0.3591214   B1-331-P69
25458   58274   0.3878077   B1-D2-469
21478   59302   0.3422516   B1-D2-55
21484   59335   0.3389927   B1-D2-P55
22956   59175   0.408858   B1-1-58
21628   59391   0.3716341   B1-20-553
22274   58844   0.4191816   B1-2-456
22374   58322   0.3927391   B1-31-557
21591   59192   0.3763234   B1-321-P53
22243   58846   0.4300803   G96-42
25226   58268   0.3201609   B1-321-P68
25690   58122   0.3275407   B1-321-P70
25091   57562   0.3588962   B1-3-P274
22961   59049   0.3660478   B1-320-58
23052   58900   0.3587201   B1-D2-459
22935   58969   0.3803072   B1-D2-P61
22998   59141   0.4102442   B1-1-058
23086   59128   0.4249674   B1-1-459
23233   59109   0.5610482   B1-1-59
23018   59194   0.4665225   B1-1-P58
26048   58250   0.3601389   B1-320-71
20609   58953   0.55   B1-D3-55
23151   58933   0.3148412   G94-45
22106   59280   0.3880536   B1-20-555
23113   59036   0.3941782   B1-20-559
23217   58979   0.406676   B1-320-59
22142   59295   0.4070142   B1-320-P55
23077   59021   0.3841357   B1-320-P59
21445   58423   0.3322023   B1-3-51
21904   59373   0.39954   B1-320-P54
21888   59322   0.3631681   B1-20-554
22012   59324   0.381878   B1-320-54
26080   58360   0.5527006   B1-1-071
25956   58279   0.3722444   B1-320-CSP71
21816   59132   0.3694772   B1-321-P54
22070   59061   0.3527455   B1-321-P55
25105   57471   0.3114   B1-3-D63
22319   58198   0.3114   B1-3-54
22396   58224   0.3114   B1-3-P261
22365   58181   0.3114   G100-43
22278   59442   0.3114   B1-311-55
25825   57292   0.3114   B1-3-66
21496   58410   0.3114   G100-40
25525   57379   0.3114   B1-3-65
25837   58220   0.3114   B1-D2-P73
21304   59213   0.3114   B1-21-552
24432   58796   0.3114   B1-1-064
25344   58312   0.3114   B1-D2-71
23413   58810   0.3114   B1-D2-63
21051   58519   0.3114   B1-3-D49
21781   58328   0.3114   G100-41
22059   58284   0.3114   G100-42
21126   58822   0.3114   B1-D3-57
