24178.75   58702.5   0.4618339   
24218.5   58751   0.5571278   
24258.25   58799.5   0.6217355   
24329.5   58628   0.3129003   
24404   58669   0.385513   
24478.5   58710   0.4042525   
22364.75   58847   0.3129003   
22334.5   58846   0.3852346   
22304.25   58845   0.4039467   
22274   58844   0.4089051   B1-2-456
22184.75   58899.5   0.3129003   
22214.5   58881   0.3852348   
22244.25   58862.5   0.4039469   
22422.75   58830.5   0.3129003   
22450.5   58813   0.3851955   
22478.25   58795.5   0.4039037   
22506   58778   0.4088591   B1-2-457
21033.25   59686.25   0.3129003   
20993.5   59694.5   0.3852601   
20953.75   59702.75   0.4039747   
20914   59711   0.4089349   B1-1-450
21071   59701   0.3496204   
21069   59724   0.4263929   
21067   59747   0.4515299   
21065   59770   0.459991   B1-311-50
21212.75   59731.75   0.3504897   
21163.5   59744.5   0.4285198   
21114.25   59757.25   0.4542317   
21093.75   59667   0.3129003   
21114.5   59656   0.387005   
21135.25   59645   0.4058915   
21156   59634   0.4113567   B1-1-451
21235.5   59697.75   0.3129003   
21209   59676.5   0.387643   
21182.5   59655.25   0.4065924   
23668.25   59065.75   0.3129003   
23634.5   59047.5   0.3852277   
23600.75   59029.25   0.4039391   
23567   59011   0.4088965   B1-1-461
23457.5   58885   0.3129003   
23494   58927   0.385227   
23530.5   58969   0.4039384   
23931   58949.25   0.3129003   
23888   58950.5   0.385235   
23845   58951.75   0.4039472   
23802   58953   0.4089057   B1-1-462
23727   59051.25   0.3129003   
23752   59018.5   0.3852358   
23777   58985.75   0.4039481   
23602.5   58820.25   0.3129003   
23669   58864.5   0.385235   
23735.5   58908.75   0.4039471   
23991.5   58938   0.3129003   
24009   58928   0.3851949   
24026.5   58918   0.4039031   
24044   58908   0.4088584   B1-1-463
25316.25   58213   0.3129003   
25327.5   58331   0.3851984   
25338.75   58449   0.4039069   
25350   58567   0.4088625   B1-1-068
25348.25   58203.25   0.3659933   
25391.5   58311.5   0.4316162   
25434.75   58419.75   0.4581097   
25696.75   58248   0.3129003   
25661.5   58290   0.4087741   
25626.25   58332   0.4313688   
25601.5   58273.5   0.4380712   
25598   58307   0.5183267   
25594.5   58340.5   0.5644574   
26048   58472.75   0.3129003   
25991   58490.5   0.3866931   
25934   58508.25   0.4055489   
25877   58526   0.4106736   B1-311-70
25768.25   58286   0.3129003   
25804.5   58366   0.3867905   
25840.75   58446   0.4056558   
26064.5   58437.25   0.3129003   
26024   58419.5   0.3851958   
25983.5   58401.75   0.4039041   
25943   58384   0.4088594   B1-1-471
25784.75   58250.5   0.3129003   
25837.5   58295   0.3851958   
25890.25   58339.5   0.403904   
25934   58215.25   0.3129003   
25937   58271.5   0.3851958   
25940   58327.75   0.403904   
21145.5   59153.75   0.3129003   
21065   59165.5   0.3948463   
20984.5   59177.25   0.4148039   
21049.5   59328.5   0.3129003   
21001   59282   0.3945844   
20952.5   59235.5   0.4144894   
20985.75   59393.75   0.4618339   
20958.5   59325.5   0.5571278   
20931.25   59257.25   0.5720893   
22150.25   58907   0.3129003   
22145.5   58896   0.3164845   
22140.75   58885   0.388586   
22084.25   58685.75   0.3129003   
22101.5   58748.5   0.3798127   
22118.75   58811.25   0.3983796   
21940   58958.5   0.3129003   
21976   58935   0.3852192   
22012   58911.5   0.4039297   
22048   58888   0.4088869   B1-2-455
22128.25   58910.5   0.3129003   
22101.5   58903   0.3852195   
22074.75   58895.5   0.40393   
22062.25   58689.25   0.3129003   
22057.5   58755.5   0.3852191   
22052.75   58821.75   0.4039297   
22160.25   58589.25   0.4618339   
22253.5   58555.5   0.5571278   
22346.75   58521.75   0.6253159   
22531.5   58492.5   0.3259581   
22501   58491   0.4153733   
22470.5   58489.5   0.4386587   
23746.25   57907.5   0.4618339   
23709.5   57995   0.5571278   
23672.75   58082.5   0.6254114   
23561.75   58234.5   0.4618339   
23586.5   58213   0.5571278   
23611.25   58191.5   0.6212332   
23733.5   58180.5   0.3384556   
23701   58177   0.4169553   
23668.5   58173.5   0.4403889   
24295.5   58353   0.4618339   
24259   58352   0.5571278   
24222.5   58351   0.5795208   
23909.5   58469.25   0.4618339   
23974   58475.5   0.5571278   
24038.5   58481.75   0.5795237   
24274.75   58387.5   0.4618339   
24217.5   58421   0.5571278   
24160.25   58454.5   0.6254114   
24217   58562.25   0.3215388   
24179   58537.5   0.4148139   
24141   58512.75   0.4380468   
24133   58588.5   0.3215215   
24123   58555   0.4148117   
24113   58521.5   0.4380444   
23972.75   58084.75   0.3129003   
23942.5   58093.5   0.3854515   
23912.25   58102.25   0.4041849   
23882   58111   0.4091505   B1-D3-463
23795   58165.75   0.3129003   
23824   58147.5   0.3854362   
23853   58129.25   0.4041681   
24030.75   58063.25   0.3129003   
24058.5   58050.5   0.385199   
24086.25   58037.75   0.4039075   
24114   58025   0.4088594   B1-D3-464
24218.25   58052.75   0.3129003   
24183.5   58043.5   0.3851925   
24148.75   58034.25   0.4039004   
24772   58218.75   0.3129003   
24740   58216.5   0.3851999   
24708   58214.25   0.4039086   
24676   58212   0.4088642   B1-2-466
24601.75   58266   0.3129003   
24626.5   58248   0.3851999   
24651.25   58230   0.4039086   
24351.25   58330.5   0.3129003   
24370.5   58307   0.3852509   
24389.75   58283.5   0.4039645   
24409   58260   0.4089243   B1-2-465
24535   58278   0.3129003   
24493   58272   0.3852509   
24451   58266   0.4039646   
24292   58111.5   0.3129003   
24331   58161   0.3852514   
24370   58210.5   0.4039651   
24278.25   58035.75   0.3129003   
24303.5   58009.5   0.3852152   
24328.75   57983.25   0.4039253   
24354   57957   0.4088819   B1-D3-465
24462.75   57985.5   0.3129003   
24426.5   57976   0.3852148   
24390.25   57966.5   0.4039249   
25837.25   57974   0.4400478   
25896.5   57973   0.5215613   
25955.75   57972   0.5685842   
25997   58073.75   0.3477771   
26003   58039.5   0.4222107   
26009   58005.25   0.4462259   
25910.25   57398.25   0.3855149   
25902.5   57466.5   0.4380708   
25894.75   57534.75   0.4660082   
25747.5   57664.5   0.4097503   
25794   57644   0.4739067   
25840.5   57623.5   0.508839   
21058.5   59645.25   0.3129003   
21044   59612.5   0.3852004   
21029.5   59579.75   0.4039091   
21015   59547   0.4088646   B1-320-50
21013.5   59483.25   0.3129003   
21014   59504.5   0.3852002   
21014.5   59525.75   0.4039089   
24716.75   58515.25   0.4618339   
24779.5   58534.5   0.5571278   
24842.25   58553.75   0.6254114   
24336   58369.75   0.3129003   
24340   58385.5   0.3852469   
24344   58401.25   0.4039602   
24348   58417   0.4089194   B1-321-64
22555.5   59328.25   0.3129003   
22587   59299.5   0.3854895   
22618.5   59270.75   0.4042267   
22926   59206   0.3129003   
22834   59218   0.3856064   
22742   59230   0.4043551   
22822.25   58720   0.3129003   
22757.5   58718   0.3851555   
22692.75   58716   0.4038598   
22634   58767.25   0.3129003   
22632   58749.5   0.3851503   
22630   58731.75   0.403854   
22578.5   58549   0.3129003   
22595   58604   0.3851556   
22611.5   58659   0.4038599   
23418   58539.5   0.3129003   
23474   58504   0.3858435   
23530   58468.5   0.4046156   
23586   58433   0.4096247   B1-2-040
23780.25   58455.5   0.3129003   
23715.5   58448   0.3858531   
23650.75   58440.5   0.4046261   
23549.25   58300.25   0.3129003   
23561.5   58344.5   0.3858473   
23573.75   58388.75   0.4046198   
23422   58865.5   0.3129003   
23423   58888   0.3851921   
23424   58910.5   0.4038999   
23032.75   59150.75   0.3129003   
23047.5   59107.5   0.3851968   
23062.25   59064.25   0.4039052   
23077   59021   0.4088607   B1-320-P59
22970.5   58982   0.3129003   
23006   58995   0.3851969   
23041.5   59008   0.4039052   
23149.75   58925.75   0.3129003   
23125.5   58957.5   0.3851968   
23101.25   58989.25   0.4039052   
23071.75   59172.75   0.3129003   
23125.5   59151.5   0.3853121   
23179.25   59130.25   0.4040318   
23233   59109   0.4089976   B1-1-59
23584.75   59090.25   0.3129003   
23467.5   59096.5   0.3853166   
23350.25   59102.75   0.4040366   
23188.75   58947.75   0.3129003   
23203.5   59001.5   0.385312   
23218.25   59055.25   0.4040316   
23217   58914   0.3129003   
23260   58934   0.3851994   
23303   58954   0.403908   
23346   58974   0.4088637   B1-320-SP60
23402.25   58875.75   0.3129003   
23383.5   58908.5   0.3851995   
23364.75   58941.25   0.4039081   
23669   59044.75   0.3129003   
23636   59005.5   0.3852029   
23603   58966.25   0.4039119   
23570   58927   0.4088677   B1-320-P61
23544.5   58813.75   0.3129003   
23553   58851.5   0.3852028   
23561.5   58889.25   0.4039118   
23458.25   58864   0.3129003   
23495.5   58885   0.3852028   
23532.75   58906   0.4039118   
25297.25   58194.75   0.3129003   
25289.5   58294.5   0.3851987   
25281.75   58394.25   0.4039073   
25274   58494   0.4088629   B1-320-P68
25285.25   58138.25   0.3129003   
25265.5   58181.5   0.3852512   
25245.75   58224.75   0.4039648   
25226   58268   0.4089248   B1-321-P68
25116.5   58184   0.3129003   
25153   58212   0.3852518   
25189.5   58240   0.4039656   
25345.5   58119.75   0.3129003   
25386   58144.5   0.4008944   
25426.5   58169.25   0.4223651   
25519.5   58069.5   0.3129003   
25502   58111   0.4008944   
25484.5   58152.5   0.4223651   
25570.5   58228.5   0.4316733   
25536   58217   0.5076914   
25501.5   58205.5   0.5507105   
25356   58176.75   0.3129003   
25407   58258.5   0.4096383   
25458   58340.25   0.4323347   
25581   58285.5   0.4381726   
25557   58331   0.5184979   
25533   58376.5   0.5646787   
25245.25   58044.75   0.3129003   
25207.5   58022.5   0.3951123   
25169.75   58000.25   0.4151232   
25093   58111.5   0.3129003   
25106   58067   0.3879852   
25119   58022.5   0.4069683   
25026.25   57860.25   0.3129003   
25061.5   57899.5   0.3875402   
25096.75   57938.75   0.4064795   
25006   57896.25   0.3129003   
25048   57923.5   0.3875538   
25090   57950.75   0.4064943   
25226.75   57978.25   0.3129003   
25170.5   57889.5   0.3921804   
25114.25   57800.75   0.411659   
25093.25   57531.25   0.3129003   
25081.5   57591.5   0.3868449   
25069.75   57651.75   0.4057156   
24905.75   57591.25   0.3129003   
24956.5   57631.5   0.386845   
25007.25   57671.75   0.4057157   
25007.75   57793.75   0.3129003   
25024.5   57766.5   0.3868495   
25041.25   57739.25   0.4057206   
25301.25   58030.25   0.3129003   
25319.5   57993.5   0.3976647   
25337.75   57956.75   0.4182529   
25491.75   58001   0.3129003   
25446.5   57974   0.3971345   
25401.25   57947   0.4175778   
25425.75   57786.5   0.3129003   
25402.5   57831   0.3897986   
25379.25   57875.5   0.4089872   
25815.75   57995.25   0.3129003   
25853.5   58015.5   0.3851925   
25891.25   58035.75   0.4039004   
25781.25   58168.5   0.3129003   
25830.5   58131   0.3851925   
25879.75   58093.5   0.4039004   
25930.5   58133.25   0.3129003   
25930   58107.5   0.3851925   
25929.5   58081.75   0.4039004   
25975.5   58095   0.3129003   
25960   58082   0.3851925   
25944.5   58069   0.4039004   
25756   58011.75   0.3129003   
25734   58048.5   0.3849921   
25712   58085.25   0.4036803   
25575.25   58051.5   0.3129003   
25613.5   58075   0.3849921   
25651.75   58098.5   0.4036803   
25721.5   58185   0.3129003   
25711   58164   0.3849921   
25700.5   58143   0.4036803   
25626.25   58210.5   0.3129003   
25647.5   58181   0.3834315   
25668.75   58151.5   0.4020466   
25556.25   57983.75   0.4288399   
25575.5   57939.5   0.503495   
25594.75   57895.25   0.54526   
25490.25   57769.25   0.3129003   
25531.5   57796.5   0.4009206   
25572.75   57823.75   0.4223984   
25679.25   57726.5   0.3129003   
25657.5   57768   0.4009208   
25635.75   57809.5   0.4223987   
22924.75   58743.25   0.3129003   
22962.5   58764.5   0.385195   
23000.25   58785.75   0.4039032   
23038   58807   0.4088585   B1-321-P59
23105.5   58678.75   0.3129003   
23083   58721.5   0.385195   
23060.5   58764.25   0.4039032   
22960.75   58928.5   0.3129003   
22986.5   58888   0.385195   
23012.25   58847.5   0.4039032   
23140   58872.25   0.3129003   
23106   58850.5   0.385195   
23072   58828.75   0.4039032   
22857.75   58760.25   0.3129003   
22828.5   58798.5   0.3847979   
22799.25   58836.75   0.403467   
22669.5   58807.5   0.3129003   
22703   58830   0.3847979   
22736.5   58852.5   0.403467   
22797.75   58943.25   0.3129003   
22788.5   58920.5   0.3847979   
22779.25   58897.75   0.403467   
22728.75   58995.75   0.3129003   
22742.5   58955.5   0.3847979   
22756.25   58915.25   0.403467   
22893.75   58945.5   0.3129003   
22852.5   58922   0.383389   
22811.25   58898.5   0.4020035   
22845.75   58693.25   0.3129003   
22804.5   58664.5   0.3851946   
22763.25   58635.75   0.4039027   
22602   58522.25   0.3129003   
22642   58550.5   0.3851946   
22682   58578.75   0.4039027   
22779   58473.5   0.3129003   
22760   58518   0.3851946   
22741   58562.5   0.4039027   
22906.25   58675.75   0.3129003   
22925.5   58629.5   0.3852071   
22944.75   58583.25   0.4039165   
23087   58611.25   0.3129003   
23046   58586.5   0.3852071   
23005   58561.75   0.4039165   
22839.5   58456   0.3129003   
22881   58483   0.3852071   
22922.5   58510   0.4039165   
23022.5   58407.25   0.3129003   
23003   58450.5   0.3852101   
22983.5   58493.75   0.4039198   
22435.5   58871   0.3129003   
22476   58894   0.385214   
22516.5   58917   0.4039241   
22616.25   58823.75   0.3129003   
22596.5   58862.5   0.3852129   
22576.75   58901.25   0.4039229   
22563.75   59009   0.3129003   
22561.5   58986   0.3852129   
22559.25   58963   0.4039229   
22490.25   59045.75   0.3129003   
22512.5   59010.5   0.3852129   
22534.75   58975.25   0.4039229   
22675.5   59012   0.3129003   
22636   58988   0.3852129   
22596.5   58964   0.4039229   
22415.25   58803.5   0.3215302   
22435.5   58759   0.4148128   
22455.75   58714.5   0.4380456   
22169.25   58634.75   0.4343033   
22271.5   58646.5   0.5119852   
22373.75   58658.25   0.5562404   
22540.5   58538   0.3216057   
22519   58582   0.4148224   
22497.5   58626   0.4380561   
23866.75   58420.75   0.4367952   
23888.5   58378.5   0.5161652   
23910.25   58336.25   0.5616598   
23985.25   58130.5   0.341947   
23967.5   58185   0.4173973   
23949.75   58239.5   0.4408722   
23807.5   58211.5   0.4323917   
23849   58239   0.5088553   
23890.5   58266.5   0.5522056   
24846.5   58246   0.3915455   
24889   58271   0.4463714   
24931.5   58296   0.4761015   
25053.5   58197.25   0.3907412   
25027   58238.5   0.4451769   
25000.5   58279.75   0.4747034   
24734   58452.25   0.4618339   
24814   58408.5   0.5571278   
24894   58364.75   0.6254114   
24824.5   58179.75   0.4149452   
24845   58138.5   0.4814976   
24865.5   58097.25   0.5184729   
25031.5   58131   0.3129003   
24983   58106   0.4106883   
24934.5   58081   0.4334964   
24781.75   57954.75   0.4149452   
24816.5   57988.5   0.4814976   
24851.25   58022.25   0.5184729   
24944.5   57915.75   0.3129003   
24925   57962.5   0.4102547   
24905.5   58009.25   0.4330165   
22595.5   58204.5   0.3129003   
22611   58246   0.3851954   
22626.5   58287.5   0.4039036   
22728.25   58185   0.3129003   
22699.5   58233   0.3851954   
22670.75   58281   0.4039036   
22582   58452.75   0.3129003   
22602   58411.5   0.3851954   
22622   58370.25   0.4039036   
22759   58404   0.3129003   
22720   58379   0.3851954   
22681   58354   0.4039036   
22396.75   58264   0.3129003   
22397.5   58304   0.3975556   
22398.25   58344   0.4181139   
22534.75   58218.25   0.3129003   
22489.5   58273.5   0.3975556   
22444.25   58328.75   0.4181139   
22150   58563.25   0.4025142   
22233   58503.5   0.4630372   
22316   58443.75   0.4956379   
22521.25   58466.5   0.3129003   
22480.5   58439   0.3975556   
22439.75   58411.5   0.4181139   
23008.75   58107.5   0.3129003   
23046.5   58139   0.3852974   
23084.25   58170.5   0.4040157   
23162.5   58071.5   0.3129003   
23149   58115   0.3852978   
23135.5   58158.5   0.4040162   
23062   58323.5   0.3129003   
23082   58283   0.3853052   
23102   58242.5   0.4040242   
23220.25   58285.25   0.3129003   
23187.5   58257.5   0.385298   
23154.75   58229.75   0.4040163   
22805.5   58109.75   0.3129003   
22825   58167.5   0.3851672   
22844.5   58225.25   0.4038726   
22783.75   58173.5   0.3129003   
22810.5   58210   0.3851854   
22837.25   58246.5   0.4038926   
22944.25   58127.75   0.3129003   
22917.5   58179.5   0.3851854   
22890.75   58231.25   0.4038926   
22814.5   58392.5   0.3129003   
22831   58356   0.3851854   
22847.5   58319.5   0.4038926   
22997.5   58343.75   0.3129003   
22953   58323.5   0.3851916   
22908.5   58303.25   0.4038994   
23346.5   57985.75   0.3129003   
23351   58040.5   0.3859988   
23355.5   58095.25   0.4047862   
23360   58150   0.4098079   B1-331-SP61
23583.5   57958   0.3129003   
23509   58022   0.3860147   
23434.5   58086   0.4048036   
23222   58058.5   0.3129003   
23268   58089   0.3860018   
23314   58119.5   0.4047895   
23419.25   58003.75   0.3129003   
23399.5   58052.5   0.3860124   
23379.75   58101.25   0.404801   
23279.75   58272.25   0.3129003   
23306.5   58231.5   0.3860003   
23333.25   58190.75   0.4047878   
23492.75   58229.5   0.3129003   
23448.5   58203   0.3859966   
23404.25   58176.5   0.4047838   
24696   57677.75   0.3129003   
24745   57704.5   0.3830497   
24794   57731.25   0.4016597   
24852   57602.75   0.3129003   
24849   57654.5   0.3753606   
24846   57706.25   0.3938223   
24954   57805.25   0.3129003   
24917   57789.5   0.3752599   
24880   57773.75   0.3937191   
24771   57880.25   0.3129003   
24795   57839.5   0.3830339   
24819   57798.75   0.4016436   
24933.75   57841.25   0.3129003   
24903.5   57813.5   0.3751591   
24873.25   57785.75   0.393616   
23824.5   58501   0.3129003   
23804   58539   0.3851987   
23783.5   58577   0.4039072   
23763   58615   0.4088629   B1-321-P62
23776.5   58690   0.3129003   
23772   58665   0.3851987   
23767.5   58640   0.4039072   
23879.25   58687   0.3129003   
23840.5   58663   0.3851988   
23801.75   58639   0.4039073   
21089.25   59648   0.3477145   
21105.5   59618   0.4220701   
21121.75   59588   0.4460475   
21108   59420.75   0.3477145   
21118   59466.5   0.4220701   
21128   59512.25   0.4460475   
21044.25   59486   0.44003   
21075.5   59510   0.5215322   
21106.75   59534   0.5685471   
21210   59439.5   0.44003   
21186   59479   0.5215322   
21162   59518.5   0.5685471   
20957.5   59473.5   0.3129003   
20902   59485   0.3859001   
20846.5   59496.5   0.4046777   
20791   59508   0.4096859   B1-D2-M52
21518.25   59551.5   0.3129003   
21478.5   59529   0.3853562   
21438.75   59506.5   0.4040803   
21296.25   59660.25   0.3129003   
21330.5   59601.5   0.385402   
21364.75   59542.75   0.4041306   
21363.75   59383.5   0.3129003   
21375.5   59417   0.3853562   
21387.25   59450.5   0.4040803   
21275.25   59421   0.3129003   
21316.5   59442   0.3853562   
21357.75   59463   0.4040803   
21462.75   59372.25   0.3129003   
21441.5   59409.5   0.3853562   
21420.25   59446.75   0.4040803   
21882   59019.5   0.4618339   
21860   59057   0.5571278   
21838   59094.5   0.6254114   
21713.25   59055.5   0.3518881   
21747.5   59081   0.4297823   
21781.75   59106.5   0.455832   
21744   59235.5   0.3515997   
21768   59201   0.4297448   
21792   59166.5   0.4557855   
21930   59187.5   0.4618339   
21892   59169   0.5571278   
21854   59150.5   0.6254114   
21945.5   59001.75   0.3129003   
21987   59021.5   0.3855911   
22028.5   59041.25   0.4043384   
22070   59061   0.4093216   B1-321-P55
22133.75   58953.75   0.3129003   
22112.5   58989.5   0.3855908   
22091.25   59025.25   0.4043379   
22075.25   59138.25   0.3129003   
22073.5   59112.5   0.3855841   
22071.75   59086.75   0.4043306   
21993.5   59169.75   0.3129003   
22019   59133.5   0.3855911   
22044.5   59097.25   0.4043384   
22186.25   59120.25   0.3129003   
22147.5   59100.5   0.3855911   
22108.75   59080.75   0.4043384   
22354   58821   0.3129003   
22313   58794   0.4008381   
22272   58767   0.4222934   
22174   58873.5   0.3129003   
22193   58829   0.4007998   
22212   58784.5   0.4222445   
22108   58652.25   0.4061499   
22149   58681.5   0.4683957   
22190   58710.75   0.502382   
23300   58555   0.3129003   
23269   58535   0.3881957   
23238   58515   0.4071994   
23207   58495   0.4111389   B1-330-P60
23147.75   58600.75   0.3129003   
23167.5   58565.5   0.3866031   
23187.25   58530.25   0.40545   
23083.25   58396.75   0.3129003   
23124.5   58429.5   0.3866161   
23165.75   58462.25   0.4054643   
23317.25   58615.5   0.3129003   
23303.5   58656   0.3869348   
23289.75   58696.5   0.4058143   
23165   58661.25   0.3129003   
23202   58686.5   0.3858804   
23239   58711.75   0.4046561   
23199.5   58854.75   0.3129003   
23225   58815.5   0.3858803   
23250.5   58776.25   0.4046559   
23384.75   58816.5   0.3129003   
23348.5   58790   0.3858804   
23312.25   58763.5   0.4046561   
23398.25   58602.5   0.3129003   
23434.5   58630   0.385196   
23470.75   58657.5   0.4039043   
23507   58685   0.4088597   B1-321-P61
23528.75   58753.25   0.3129003   
23521.5   58730.5   0.385196   
23514.25   58707.75   0.4039043   
23712.5   58707.5   0.3129003   
23644   58700   0.385196   
23575.5   58692.5   0.4039043   
23442.5   58803.5   0.3129003   
23464   58764   0.385196   
23485.5   58724.5   0.4039043   
23931.25   58929   0.3129003   
23888.5   58910   0.3851976   
23845.75   58891   0.4039061   
23803   58872   0.4088616   B1-320-P62
23602.75   58800   0.3129003   
23669.5   58824   0.3851976   
23736.25   58848   0.4039061   
23786.5   58754.25   0.3129003   
23792   58793.5   0.3851976   
23797.5   58832.75   0.403906   
23889.25   58751.25   0.3129003   
23860.5   58791.5   0.3851976   
23831.75   58831.75   0.4039061   
23380.25   58534.25   0.3389187   
23398.5   58493.5   0.4170139   
23416.75   58452.75   0.4404529   
23140.25   58376   0.4356863   
23238.5   58388   0.5142943   
23336.75   58400   0.5592367   
23298.5   58337.75   0.3391087   
23344   58362.5   0.417038   
23389.5   58387.25   0.4404792   
23511.5   58295   0.4369474   
23486   58334   0.516423   
23460.5   58373   0.5619936   
24154.75   58706.25   0.3129003   
24170.5   58758.5   0.3851941   
24186.25   58810.75   0.4039022   
24202   58863   0.4088575   B1-1-63
23994.25   58910.25   0.3129003   
24014.5   58872.5   0.3851944   
24034.75   58834.75   0.4039025   
24021.25   58678.5   0.3129003   
24032.5   58718   0.3851944   
24043.75   58757.5   0.4039025   
23952.25   58732.5   0.3129003   
23986.5   58754   0.3851944   
24020.75   58775.5   0.4039025   
24118   58689.75   0.3129003   
24097   58725.5   0.3851944   
24076   58761.25   0.4039025   
24270.75   58623.75   0.3129003   
24286.5   58660.5   0.3851942   
24302.25   58697.25   0.4039024   
24318   58734   0.4088576   B1-320-P64
24183.75   58674   0.3129003   
24228.5   58694   0.3851942   
24273.25   58714   0.4039024   
21035.25   59655.75   0.3129003   
20997.5   59633.5   0.4049133   
20959.75   59611.25   0.4270263   
20990.25   59493.75   0.4048952   
20967.5   59525.5   0.4665372   
20944.75   59557.25   0.5000792   
21623.5   59564.75   0.3129003   
21689   59555.5   0.3855152   
21754.5   59546.25   0.4042549   
22000.75   59471   0.3129003   
21940.5   59493   0.3855152   
21880.25   59515   0.4042549   
21760.75   59353.25   0.3129003   
21780.5   59414.5   0.3861272   
21800.25   59475.75   0.4049272   
22021.75   59430   0.3129003   
21982.5   59411   0.3854073   
21943.25   59392   0.4041364   
21904   59373   0.409107   B1-320-P54
21781.75   59312.25   0.3129003   
21822.5   59332.5   0.3854055   
21863.25   59352.75   0.4041344   
21952   59247.75   0.3129003   
21936   59289.5   0.3854075   
21920   59331.25   0.4041366   
22081.25   59410.5   0.3129003   
22101.5   59372   0.3857394   
22121.75   59333.5   0.4045012   
22142   59295   0.4095062   B1-320-P55
22093.25   59196.75   0.3129003   
22109.5   59229.5   0.3857353   
22125.75   59262.25   0.4044967   
22011.5   59228.25   0.3129003   
22055   59250.5   0.3857762   
22098.5   59272.75   0.4045416   
22204.25   59178.75   0.3129003   
22183.5   59217.5   0.385737   
22162.75   59256.25   0.4044985   
22112.5   59426.75   0.3129003   
22164   59404.5   0.3906193   
22215.5   59382.25   0.4099079   
22459.75   59357.75   0.3129003   
22395.5   59358.5   0.3909909   
22331.25   59359.25   0.4103246   
22235.5   59195   0.3129003   
22246   59250   0.4066814   
22256.5   59305   0.4290183   
22490   59325.25   0.3129003   
22456   59293.5   0.3976976   
22422   59261.75   0.4182948   
22340.75   59124.25   0.3129003   
22356.5   59159.5   0.3976986   
22372.25   59194.75   0.418296   
22265.75   59162.5   0.428293   
22306.5   59185   0.5026468   
22347.25   59207.5   0.5442094   
22448   59118.25   0.3129003   
22428   59155.5   0.3976969   
22408   59192.75   0.4182938   
22547   59316.5   0.3129003   
22570   59276   0.385196   
22593   59235.5   0.4039043   
22616   59195   0.4088597   B1-320-P57
22578.5   59072.75   0.3129003   
22591   59113.5   0.385196   
22603.5   59154.25   0.4039043   
22505   59109.5   0.3129003   
22542   59138   0.385196   
22579   59166.5   0.4039043   
22690.25   59075.75   0.3129003   
22665.5   59115.5   0.385196   
22640.75   59155.25   0.4039043   
22982   59170.75   0.3129003   
22946   59147.5   0.3852316   
22910   59124.25   0.4039434   
22874   59101   0.408902   B1-320-P58
22823.75   58999.75   0.3129003   
22840.5   59033.5   0.3852316   
22857.25   59067.25   0.4039433   
22754.75   59052.25   0.3129003   
22794.5   59068.5   0.3852335   
22834.25   59084.75   0.4039454   
22919.75   59002   0.3129003   
22904.5   59035   0.3852317   
22889.25   59068   0.4039435   
21462.75   59116.25   0.3129003   
21505.5   59141.5   0.3852096   
21548.25   59166.75   0.4039192   
21591   59192   0.4088756   B1-321-P53
21657   59070.5   0.3129003   
21635   59111   0.3852097   
21613   59151.5   0.4039194   
21593.25   59261.75   0.3129003   
21592.5   59238.5   0.3852094   
21591.75   59215.25   0.4039191   
21687.75   59250.5   0.3129003   
21655.5   59231   0.3852094   
21623.25   59211.5   0.4039191   
21510.75   59299.25   0.3129003   
21537.5   59263.5   0.3852096   
21564.25   59227.75   0.4039192   
21401.75   59129.75   0.3129003   
21383.5   59168.5   0.3853086   
21365.25   59207.25   0.4040279   
21347   59246   0.4089922   B1-321-P52
21256.25   59168   0.3129003   
21286.5   59194   0.3853095   
21316.75   59220   0.4040289   
21350.75   59324   0.3129003   
21349.5   59298   0.3853077   
21348.25   59272   0.404027   
21262.25   59361.5   0.3129003   
21290.5   59323   0.3853077   
21318.75   59284.5   0.404027   
21449.75   59312.75   0.3129003   
21415.5   59290.5   0.3853084   
21381.25   59268.25   0.4040278   
21351.5   58921.25   0.3129003   
21350   59029.5   0.3853121   
21348.5   59137.75   0.4040318   
21235.5   59098.25   0.3129003   
21245   59054.5   0.3973101   
21254.5   59010.75   0.4178015   
21264   58967   0.4237069   B1-330-P52
21144.75   58877   0.3129003   
21184.5   58907   0.3976883   
21224.25   58937   0.4182829   
21330.75   58851.5   0.3129003   
21308.5   58890   0.3973205   
21286.25   58928.5   0.4178147   
21639   59000   0.3129003   
21599   58970   0.3854195   
21559   58940   0.4041498   
21519   58910   0.4091249   B1-330-P53
21561   58762.25   0.3129003   
21547   58811.5   0.3854245   
21533   58860.75   0.4041553   
21394.5   58837.25   0.3129003   
21436   58861.5   0.3854221   
21477.5   58885.75   0.4041526   
21868.5   58948   0.3129003   
21833   58914   0.410947   
21797.5   58880   0.4337825   
21699.75   58984   0.3129003   
21720.5   58938   0.388566   
21741.25   58892   0.4076062   
21648.75   58743.25   0.3129003   
21686.5   58777.5   0.388566   
21724.25   58811.75   0.4076062   
21813.75   58719.25   0.3129003   
21796.5   58761.5   0.388566   
21779.25   58803.75   0.4076063   
21924.5   58937.25   0.3129003   
21945   58892.5   0.3881353   
21965.5   58847.75   0.4071332   
21869.75   58708.5   0.3129003   
21908.5   58740   0.3881355   
21947.25   58771.5   0.4071333   
22046.75   58668   0.3129003   
22026.5   58713   0.3881351   
22006.25   58758   0.4071329   
23884.25   58486   0.3129003   
23923.5   58509   0.3851952   
23962.75   58532   0.4039034   
24002   58555   0.4088587   B1-321-P63
24008   58618   0.3129003   
24006   58597   0.3851952   
24004   58576   0.4039034   
24107.75   58605.25   0.3129003   
24072.5   58588.5   0.3851952   
24037.25   58571.75   0.4039034   
23939   58672   0.3129003   
23960   58633   0.3851952   
23981   58594   0.4039034   
23808.5   58434.75   0.3392059   
23772   58406.5   0.4170503   
23735.5   58378.25   0.4404927   
23577.5   58279.5   0.4025962   
23618   58303   0.4631575   
23658.5   58326.5   0.4957917   
23749.25   58225.5   0.4025962   
23732.5   58267   0.4631575   
23715.75   58308.5   0.4957917   
23799.5   57868   0.3129003   
23816   57916   0.3883338   
23832.5   57964   0.4073512   
23947.25   57868   0.3129003   
23914.5   57916   0.4075351   
23881.75   57964   0.4299771   
23964.5   58060   0.3129003   
23926   58044   0.3883359   
23887.5   58028   0.4073536   
23786.75   58141   0.3129003   
23807.5   58098   0.3883339   
23828.25   58055   0.4073513   
24292.75   58325.75   0.4142886   
24253.5   58297.5   0.4805425   
24214.25   58269.25   0.5172052   
24046   58117.25   0.4126151   
24089   58158.5   0.4782077   
24132   58199.75   0.5140782   
24233.5   58106.75   0.4169084   
24214   58151.5   0.4844086   
24194.5   58196.25   0.5223203   
24536.75   58256.5   0.3129003   
24496.5   58229   0.385286   
24456.25   58201.5   0.4040031   
24416   58174   0.4089654   B1-330-P65
24293.75   58090   0.3129003   
24334.5   58118   0.3852867   
24375.25   58146   0.4040039   
24478.25   58039.75   0.3129003   
24457.5   58084.5   0.3852857   
24436.75   58129.25   0.4040028   
21199   59179.75   0.4324769   
21172   59217.5   0.5089933   
21145   59255.25   0.5523827   
21103   59354.5   0.3129003   
21108   59334   0.4039034   
21113   59313.5   0.4258568   
21205   59373.25   0.3129003   
21176   59346.5   0.4039365   
21147   59319.75   0.4258952   
21177   59121   0.3129003   
21128   59100   0.3913258   
21079   59079   0.4107003   
21030   59058   0.4160635   B1-330-SP51
21086.25   58899.75   0.3129003   
21067.5   58952.5   0.3913258   
21048.75   59005.25   0.4107003   
22374.75   58884.75   0.3129003   
22354.5   58921.5   0.3828605   
22334.25   58958.25   0.401468   
22194.75   58937.25   0.3129003   
22234.5   58956.5   0.3829222   
22274.25   58975.75   0.4015306   
22322.25   59065.5   0.3129003   
22319.5   59042   0.3606488   
22316.75   59018.5   0.39213   
22247.25   59103.75   0.3129003   
22269.5   59067.5   0.3648114   
22291.75   59031.25   0.392464   
22429.5   59059.5   0.3129003   
22391   59038   0.3645682   
22352.5   59016.5   0.3924446   
24007.25   57856.5   0.3129003   
24034.5   57893   0.398418   
24061.75   57929.5   0.419212   
24167   57811.5   0.3129003   
24141   57863   0.3984178   
24115   57914.5   0.4192117   
24024.5   58048.5   0.3129003   
24046   58021   0.3984319   
24067.5   57993.5   0.4192297   
24212   58038   0.4618339   
24171   58014   0.5571278   
24130   57990   0.6254114   
21328   58501.5   0.3129003   
21364   58548   0.3859727   
21400   58594.5   0.4047576   
21436   58641   0.4097784   B1-331-P53
21540.25   58695   0.3129003   
21505.5   58677   0.3859839   
21470.75   58659   0.4047698   
21373.75   58770   0.3129003   
21394.5   58727   0.3859802   
21415.25   58684   0.4047657   
21018   58580.25   0.4153138   
20985   58641.5   0.4820443   
20952   58702.75   0.5191954   
21058.5   58826.25   0.4490166   
21012   58805.5   0.5358829   
20965.5   58784.75   0.5890258   
21244.5   58800.75   0.4618339   
21136   58788.5   0.5571278   
21027.5   58776.25   0.6254114   
21832.75   58357   0.3129003   
21789.5   58422   0.3852454   
21746.25   58487   0.4039585   
21703   58552   0.408918   B1-331-P54
21634   58669.75   0.3129003   
21657   58630.5   0.3852456   
21680   58591.25   0.4039587   
21799   58645.75   0.3129003   
21767   58614.5   0.3852462   
21735   58583.25   0.4039594   
22062.5   58367.5   0.3129003   
22096   58401   0.386909   
22129.5   58434.5   0.4057861   
22337.75   58285   0.3129003   
22279.5   58346   0.3860233   
22221.25   58407   0.4048131   
22070.75   58558.75   0.3129003   
22101.5   58528.5   0.386021   
22132.25   58498.25   0.4048105   
21887.25   58350   0.3129003   
21898.5   58408   0.3853103   
21909.75   58466   0.4040298   
22002   58381.5   0.3129003   
21975   58429   0.3861034   
21948   58476.5   0.404901   
22010.25   58572.75   0.3129003   
21980.5   58556.5   0.3861034   
21950.75   58540.25   0.404901   
21853.5   58638.75   0.3129003   
21876   58600.5   0.3861035   
21898.5   58562.25   0.4049011   
24254.75   57744   0.3129003   
24286.5   57797   0.385195   
24318.25   57850   0.4039032   
24232.25   57795.75   0.3129003   
24271.5   57831.5   0.385195   
24310.75   57867.25   0.4039032   
24394.25   57750   0.3129003   
24379.5   57801   0.385195   
24364.75   57852   0.4039032   
24461.75   57972   0.4618339   
24424.5   57949   0.5571278   
24387.25   57926   0.6254114   
24452.5   57732.75   0.3129003   
24496   57766.5   0.3851952   
24539.5   57800.25   0.4039034   
24631   57696.75   0.3129003   
24615   57742.5   0.3851953   
24599   57788.25   0.4039034   
24520   57954.75   0.3129003   
24541   57914.5   0.3851952   
24562   57874.25   0.4039034   
24706   57899.25   0.3129003   
24665   57877.5   0.3851952   
24624   57855.75   0.4039034   
24328.75   58606.75   0.3129003   
24402.5   58626.5   0.3854602   
24476.25   58646.25   0.4041945   
24511   58561   0.3129003   
24524   58596   0.3854187   
24537   58631   0.4041488   
24606.25   58537.75   0.3129003   
24587.5   58580.5   0.3854187   
24568.75   58623.25   0.4041488   
24689   58523.25   0.3129003   
24724   58550.5   0.3851942   
24759   58577.75   0.4039022   
24794   58605   0.4088575   B1-320-P66
24662.25   58555   0.3129003   
24670.5   58614   0.3851942   
24678.75   58673   0.4039024   
24687   58732   0.4088576   B1-1-65
24788.5   58257.25   0.3129003   
24773   58293.5   0.3851996   
24757.5   58329.75   0.4039083   
24742   58366   0.4088639   B1-321-P66
24618.25   58304.5   0.3129003   
24659.5   58325   0.3851996   
24700.75   58345.5   0.4039083   
24676   58463.5   0.3129003   
24698   58431   0.3851995   
24720   58398.5   0.4039081   
24768   58191.25   0.3129003   
24732   58161.5   0.3858991   
24696   58131.75   0.4046767   
24597.75   58238.5   0.3129003   
24618.5   58193   0.3858994   
24639.25   58147.5   0.404677   
24539.25   58021.75   0.4618339   
24579.5   58048.5   0.5571278   
24619.75   58075.25   0.5759001   
24725.25   57966.25   0.4618339   
24703.5   58011.5   0.5571278   
24681.75   58056.75   0.6186835   
25799.75   57928.5   0.3129003   
25821.5   57882   0.3853295   
25843.25   57835.5   0.4040509   
25865   57789   0.409017   B1-330-P71
25742   57711   0.3129003   
25783   57737   0.3853307   
25824   57763   0.4040522   
25706.5   58270.25   0.3129003   
25681   58334.5   0.385271   
25655.5   58398.75   0.4039866   
25630   58463   0.4089476   B1-1-069
25327.25   57480.25   0.3129003   
25402.5   57515.5   0.3852033   
25477.75   57550.75   0.4039123   
25553   57586   0.4088683   B1-331-P70
25644.5   57397   0.3129003   
25614   57460   0.3852033   
25583.5   57523   0.4039123   
25475   57703   0.3129003   
25501   57664   0.3852034   
25527   57625   0.4039124   
25664   57660.25   0.3129003   
25627   57635.5   0.3852035   
25590   57610.75   0.4039125   
25288.75   57959   0.3129003   
25294.5   57851   0.3941214   
25300.25   57743   0.4139336   
25265.5   57492.5   0.3129003   
25279   57540   0.3873571   
25292.5   57587.5   0.4062783   
25155.25   57512   0.3129003   
25205.5   57553   0.3873571   
25255.75   57594   0.4062783   
25413.25   57715.25   0.3129003   
25377.5   57688.5   0.3873973   
25341.75   57661.75   0.4063225   
24373.5   58369.75   0.3129003   
24415   58385.5   0.3851945   
24456.5   58401.25   0.4039026   
24557.25   58317.25   0.3129003   
24537.5   58350.5   0.3851945   
24517.75   58383.75   0.4039026   
24498   58498.75   0.3129003   
24498   58471.5   0.3851945   
24498   58444.25   0.4039026   
24593.25   58475.5   0.3129003   
24561.5   58456   0.3851945   
24529.75   58436.5   0.4039026   
21074   58849.25   0.4563574   
21043   58851.5   0.5480548   
21012   58853.75   0.608319   
24693   58797   0.4856174   
24815.5   58782.5   0.5238456   
20733.25   59255.75   0.4332003   
25757.5   57476.5   0.4372081   
21593.75   58464.5   0.4618339   
25129   58581   0.55   B1-1-067
20763   59068   0.55   B1-30-550
20822   59847   0.55   B1-311-49
24184   58970   0.55   B1-311-63
25159   58707   0.55   B1-311-67
25641   58588   0.55   B1-311-69
20761   59641   0.55   B1-320-49
20877   59045   0.55   B1-330-50
20623   59116   0.55   B1-330-J49
20559   58872   0.55   B1-331-49
20799   58750   0.55   B1-331-50
20708   58834   0.55   B1-331-P50
20572   58649   0.55   B1-3-48
26098   57244   0.55   B1-3-67
20717   58608   0.55   B1-3-D48
20697   58660   0.55   B1-3-P253
20726   58930   0.55   B1-D3-450
20609   58953   0.55   B1-D3-55
20846   58896   0.55   B1-D3-56
20655   58972   0.6916   B1-D3-M55
20626   58987   0.55   B1-D3-P55
20859   58926   0.55   B1-D3-P56
20661   58942   0.55   G98-37
19758.8671875   56737.22265625   0.4471623   
251815.28125   56737.22265625   0.383031   
24388   58814   0.3114   B1-1-64
21073   59678   0.3114   B1-1-P50
21558   59574   0.3114   B1-1-P52
22061   59449   0.3114   B1-1-P54
22524   59357   0.3114   B1-1-P56
23018   59194   0.3114   B1-1-P58
23974   58948   0.3114   B1-1-P62
24448   58826   0.3114   B1-1-P64
23331   58575   0.3114   B1-2-139
25283   58067   0.3114   B1-2-143
20947   59222   0.3114   B1-2-P134
21420   59091   0.3114   B1-2-P135
21904   58982   0.3114   B1-2-P136
22395   58848   0.3114   B1-2-P137
22887   58722   0.3114   B1-2-P138
23362   58575   0.3114   B1-2-P139
23845   58463   0.3114   B1-2-P140
24332   58354   0.3114   B1-2-P141
24804   58221   0.3114   B1-2-P142
25305   58095   0.3114   B1-2-P143
25778   57975   0.3114   B1-2-P144
21226   59142   0.3114   B1-2-P35
21679   59030   0.3114   B1-2-P36
22155   58918   0.3114   B1-2-P37
22636   58785   0.3114   B1-2-P38
23128   58636   0.3114   B1-2-P39
24577   58284   0.3114   B1-2-P42
25080   58156   0.3114   B1-2-P43
25537   58028   0.3114   B1-2-P44
21155   58497   0.3114   B1-3-50
21445   58423   0.3114   B1-3-51
21729   58347   0.3114   B1-3-52
22023   58256   0.3114   B1-3-53
22319   58198   0.3114   B1-3-54
22607   58121   0.3114   B1-3-55
22907   58052   0.3114   B1-3-56
23185   57966   0.3114   B1-3-57
23783   57820   0.3114   B1-3-59
24071   57739   0.3114   B1-3-60
24380   57642   0.3114   B1-3-61
25252   57445   0.3114   B1-3-64
21051   58519   0.3114   B1-3-D49
21292   58455   0.3114   B1-3-D50
22786   58052   0.3114   B1-3-D55
23342   57931   0.3114   B1-3-D57
24223   57691   0.3114   B1-3-D60
25105   57471   0.3114   B1-3-D63
25675   57334   0.3114   B1-3-D65
21876   58292   0.3114   B1-3-F52
22612   58092   0.3114   B1-3-F55
22029   58334   0.3114   B1-3-P259
22396   58224   0.3114   B1-3-P261
22580   58163   0.3114   B1-3-P262
22757   58137   0.3114   B1-3-P263
22971   58076   0.3114   B1-3-P264
23658   57894   0.3114   B1-3-P267
23980   57820   0.3114   B1-3-P269
24193   57760   0.3114   B1-3-P270
25918   57330   0.3114   B1-3-P278
22028   58327   0.3114   B1-3-SP258
23176   58028   0.3114   B1-3-SP265
23439   57955   0.3114   B1-3-SP266
24409   57699   0.3114   B1-3-SP271
24647   57651   0.3114   B1-3-SP272
24855   57551   0.3114   B1-3-SP273
21262   59719   0.3114   B1-311-51
23702   59084   0.3114   B1-311-61
26105   58455   0.3114   B1-311-71
21098   59375   0.3114   B1-D2-451
21352   59350   0.3114   B1-D2-452
21594   59285   0.3114   B1-D2-453
22077   59164   0.3114   B1-D2-455
22325   59089   0.3114   B1-D2-456
22566   59032   0.3114   B1-D2-457
22807   58966   0.3114   B1-D2-458
23536   58776   0.3114   B1-D2-461
23781   58715   0.3114   B1-D2-462
24010   58639   0.3114   B1-D2-463
24255   58587   0.3114   B1-D2-464
24498   58526   0.3114   B1-D2-465
25732   58206   0.3114   B1-D2-470
25931   58159   0.3114   B1-D2-471
21720   59270   0.3114   B1-D2-56
24143   58622   0.3114   B1-D2-66
24625   58495   0.3114   B1-D2-68
25605   58240   0.3114   B1-D2-72
26019   58136   0.3114   B1-D2-74
25991   58108   0.3114   B1-D2-F74
21013   59462   0.3114   B1-D2-P53
21234   59400   0.3114   B1-D2-P54
21484   59335   0.3114   B1-D2-P55
21741   59292   0.3114   B1-D2-P56
21968   59206   0.3114   B1-D2-P57
22225   59140   0.3114   B1-D2-P58
22468   59081   0.3114   B1-D2-P59
22715   59036   0.3114   B1-D2-P60
22935   58969   0.3114   B1-D2-P61
23174   58894   0.3114   B1-D2-P62
23421   58843   0.3114   B1-D2-P63
23918   58711   0.3114   B1-D2-P65
24139   58654   0.3114   B1-D2-P66
24654   58496   0.3114   B1-D2-P68
21575   58713   0.3114   B1-D3-59
22040   58589   0.3114   B1-D3-61
24003   58076   0.3114   B1-D3-69
24991   57821   0.3114   B1-D3-73
21105   58847   0.3114   B1-D3-P57
21353   58813   0.3114   B1-D3-P58
21611   58709   0.3114   B1-D3-P59
21831   58677   0.3114   B1-D3-P60
22067   58623   0.3114   B1-D3-P61
22562   58494   0.3114   B1-D3-P63
22798   58429   0.3114   B1-D3-P64
23042   58364   0.3114   B1-D3-P65
23253   58313   0.3114   B1-D3-P66
23537   58256   0.3114   B1-D3-P67
23766   58184   0.3114   B1-D3-P68
24253   58062   0.3114   B1-D3-P70
24499   57995   0.3114   B1-D3-P71
24747   57921   0.3114   B1-D3-P72
24964   57869   0.3114   B1-D3-P73
25217   57807   0.3114   B1-D3-P74
25449   57742   0.3114   B1-D3-P75
25701   57685   0.3114   B1-D3-P76
20878.66015625   60014.87890625   0.3114   B1-311-SP68
19758.8671875   593711.9375   0.3114   
251815.28125   593711.9375   0.3114   
20748   59773   0.7095   B1-1-049
20832   59734   0.7095   B1-1-49
25149   58614   0.7095   B1-1-X67
21533   59653   0.7095   B1-311-52
20692   58780   0.7095   B1-31-550
25115   58491   0.7095   B1-320-67
20792   59097   0.7095   B1-330-P50
25825   57292   0.7095   B1-3-66
25966   57263   0.7095   B1-3-D66
20619   58641   0.7095   G100-37
21032   59688   0.3181282   B1-1-050
21562   59539   0.3114   B1-1-052
22542   59331   0.3114   B1-1-056
22847   59191   0.383648   B1-1-057
23268   59116   0.4068234   B1-1-059
23478   59043   0.3918557   B1-1-060
23664   59002   0.3676796   B1-1-061
23891   58948   0.3800282   B1-1-062
24153   58873   0.4110504   B1-1-063
25828   58434   0.4044991   B1-1-070
21392   59560   0.4174593   B1-1-452
21671   59498   0.3237726   B1-1-453
21887   59474   0.4050173   B1-1-454
22880   59232   0.3502338   B1-1-458
23086   59128   0.3698837   B1-1-459
23332   59070   0.4073617   B1-1-460
20987   59705   0.3929427   B1-1-50
21510   59546   0.3293771   B1-1-52
21995   59430   0.3486491   B1-1-54
22496   59333   0.3114   B1-1-56
22803   59221   0.3921555   B1-1-57
22956   59175   0.3354469   B1-1-58
23415   59061   0.4033187   B1-1-60
23716   58985   0.3788389   B1-1-61
23938   58934   0.3114   B1-1-62
25801   58450   0.4083178   B1-1-70
23494   59074   0.3788092   B1-1-P60
25869   58431   0.4075359   B1-1-P70
21095   59146   0.3792505   B1-2-035
24544   58249   0.3161232   B1-2-042
25083   58122   0.3114   B1-2-043
21628   59391   0.3114   B1-20-553
22106   59280   0.4061744   B1-20-555
22596   59154   0.4034228   B1-20-557
22842   59094   0.4061986   B1-20-558
23113   59036   0.4074565   B1-20-559
23346   58918   0.3849614   B1-20-560
23568   58896   0.4031679   B1-20-561
23819   58841   0.4060542   B1-20-562
21895   58938   0.313893   B1-2-136
21304   59213   0.3980704   B1-21-552
21557   59141   0.3951783   B1-21-553
22065   59016   0.4008208   B1-21-555
22530   58898   0.4016812   B1-21-557
23723   58607   0.3971622   B1-21-562
21156   59126   0.3270534   B1-2-35
21649   59001   0.3114   B1-2-36
25508   58006   0.3231303   B1-2-44
20997   59168   0.4133505   B1-2-451
21277   59099   0.3482872   B1-2-452
21527   59036   0.3622717   B1-2-453
22983   58639   0.3783543   B1-2-459
25407   58018   0.3787641   B1-2-469
21002   59016   0.4415808   B1-30-551
21282   58945   0.4170465   B1-30-552
21489   58889   0.4061348   B1-30-553
22992   59267   0.3114   B1-311-58
23243   59228   0.3806705   B1-311-59
23474   59139   0.3670526   B1-311-60
23944   59023   0.3543658   B1-311-62
24692   58830   0.4843081   B1-311-65
21406   58580   0.4016084   B1-31-553
21512   59452   0.3520989   B1-320-52
21758   59385   0.3449128   B1-320-53
22012   59324   0.3800215   B1-320-54
22741   59123   0.3676572   B1-320-57
22961   59049   0.3724468   B1-320-58
23217   58979   0.3670493   B1-320-59
23672   58890   0.3919055   B1-320-61
24159   58754   0.3764645   B1-320-63
24401   58701   0.3791356   B1-320-64
25827   58313   0.3804866   B1-320-70
25956   58279   0.3804344   B1-320-CSP71
21655   59429   0.3387588   B1-320-P53
25743   58352   0.3641018   B1-320-P70
21432   59166   0.3500704   B1-321-52
22172   58967   0.3288532   B1-321-55
23376   58664   0.36811   B1-321-60
23608   58623   0.3935163   B1-321-61
25077   58203   0.3711585   B1-321-67
21102   58987   0.379744   B1-330-51
22819   58547   0.3830594   B1-330-58
23576   58353   0.3983655   B1-330-61
25253   57926   0.33621   B1-330-68
25946   57730   0.4465629   B1-330-71
21318   58621   0.3955873   B1-331-52
21551   58614   0.3854695   B1-331-53
21772   58508   0.4027561   B1-331-54
23975   58002   0.3674901   B1-331-63
23226   58149   0.3847789   B1-331-S60
23477   57895   0.3114   B1-3-58
24721   57569   0.3114   B1-3-62
22453   58153   0.3114   B1-3-D54
23066   58007   0.3114   B1-3-D56
23589   57879   0.3114   B1-3-D58
23899   57802   0.3114   B1-3-D59
24567   57625   0.3114   B1-3-D61
22160   58217   0.3114   B1-3-F53
22870   58038   0.3114   B1-3-F56
21295   58528   0.331217   B1-3-P256
22201   59120   0.3114   B1-D2-58
23190   58870   0.3114   B1-D2-62
23895   58686   0.3144818   B1-D2-65
20763   59545   0.4562553   B1-D2-P52
24746   57871   0.3142597   B1-D3-72
21781   58328   0.3114   G100-41
22365   58181   0.3114   G100-43
22961   58053   0.3114   G100-45
21408   59370   0.3328808   G94-39
21704   59300   0.3114   G94-40
21982   59225   0.3114   G94-41
22582   59079   0.3246001   G94-43
23151   58933   0.3216377   G94-45
21051   59166   0.3981929   G96-38
21602   59003   0.3510683   G96-40
21913   58908   0.3473681   G96-41
21526   58751   0.3374815   G98-40
21864   58636   0.3266848   G98-41
22620   58434   0.3614493   G98-44
22908   58394   0.3681543   G98-45
22044   59424   0.3151816   B1-1-054
24298   58848   0.408859   B1-1-464
25725   58456   0.402439   B1-1-470
25652   58485   0.4280307   B1-1-69
23581   58505   0.3916732   B1-2-40
23469   58550   0.3571606   B1-2-461
23691   58482   0.3859613   B1-2-462
24186   58350   0.4232057   B1-2-464
21368   59053   0.3638405   B1-2-M135
23602   58530   0.389299   B1-2-P40
23148   58473   0.394501   B1-30-560
23164   58500   0.3987095   B1-30-M560
26048   58250   0.3294386   B1-320-71
22649   58855   0.3536181   B1-321-57
23866   58555   0.3599311   B1-321-62
24826   58272   0.3797361   B1-321-66
24974   58321   0.5100329   B1-321-P67
21373   58929   0.3272234   B1-330-52
24514   58081   0.3588657   B1-330-65
24660   58102   0.4107116   B1-330-P66
25123   58399   0.5875645   B1-D2-P70
23003   58331   0.3210355   B1-D3-65
21205   58491   0.3148533   G100-39
21348   59078   0.3687761   G96-39
24711   58688   0.4096931   B1-1-065
25541   57998   0.3158769   B1-2-044
22352   59211   0.406417   B1-20-556
21085   59275   0.4094941   B1-21-551
21094   59296   0.4073929   B1-21-M551
23097   58644   0.3125705   B1-2-39
25055   58132   0.3120812   B1-2-43
25591   58374   0.4025169   B1-320-69
22388   59230   0.4092033   B1-320-P56
21189   59236   0.4082176   B1-321-51
21703   59120   0.3599885   B1-321-53
25548   58092   0.3146535   B1-321-69
21118   59293   0.430626   B1-321-P51
25015   57976   0.3696651   B1-330-67
25721   57798   0.3664525   B1-330-70
25614   57851   0.4090312   B1-330-P70
23491   58129   0.4010652   B1-331-61
25433   57618   0.3843895   B1-331-69
20749   59499   0.4577299   B1-D2-52
21219   59367   0.3168038   B1-D2-54
21455   58756   0.3640392   B1-D3-453
21691   58690   0.3444939   B1-D3-454
21814   58650   0.3114545   B1-D3-60
23299   58266   0.3319681   B1-D3-66
22243   58846   0.4060862   G96-42
21326   59567   0.3965618   B1-1-051
21284   59603   0.3723587   B1-1-51
21635   58947   0.3624327   B1-2-036
24042   58440   0.4635158   B1-2-041
20905   59565   0.4153082   B1-20-550
21888   59322   0.4017209   B1-20-554
21401   59067   0.3322114   B1-2-135
22382   58805   0.3143975   B1-2-137
25756   57943   0.3143628   B1-2-144
23972   58528   0.4107293   B1-21-563
23939   58406   0.4237813   B1-2-463
25143   58105   0.330923   B1-2-468
21732   58828   0.4023575   B1-30-554
21954   58762   0.4017969   B1-30-555
23419   58377   0.4124714   B1-30-561
23938   58251   0.4216738   B1-30-563
24441   58903   0.3343151   B1-311-64
21659   58530   0.4233298   B1-31-554
21255   59509   0.3841234   B1-320-51
20922   59589   0.4106818   B1-320-P50
21138   59558   0.4088846   B1-320-SP51
25786   58034   0.3322316   B1-321-70
21816   59132   0.4493586   B1-321-P54
21609   58854   0.3834369   B1-330-53
22102   58717   0.3340018   B1-330-55
22575   58595   0.3714545   B1-330-57
23306   58473   0.4095387   B1-330-60
24778   58019   0.3760523   B1-330-66
21762   58846   0.4089384   B1-330-P54
23435   58412   0.4193292   B1-330-P61
23932   58294   0.425323   B1-330-P63
24975   57732   0.3752425   B1-331-67
21860   59256   0.3768356   B1-D2-454
23304   58800   0.3918855   B1-D2-460
21969   59176   0.3172863   B1-D2-57
23413   58810   0.3141075   B1-D2-63
23125   58308   0.3522996   B1-D3-460
23442   58263   0.3626447   B1-D3-461
21351   58788   0.3213546   B1-D3-58
20830   59522   0.4195549   G94-37
21119   59440   0.3447982   G94-38
22477   58781   0.403483   G96-43
21788   59473   0.4006258   B1-1-053
21820   59537   0.4092973   B1-1-53
24868   58162   0.3328805   B1-2-142
23255   58712   0.4032842   B1-21-560
23489   58658   0.4044941   B1-21-561
24217   58463   0.3984581   B1-21-564
24069   58379   0.4742546   B1-2-41
25996   57879   0.4118632   B1-2-45
23216   58605   0.3517304   B1-2-460
24958   58133   0.3780457   B1-2-467
25880   57908   0.3811011   B1-2-471
24078   58414   0.4697772   B1-2-P41
26013   57904   0.4090793   B1-2-P45
21775   59589   0.4235611   B1-311-53
24103   58488   0.4322748   B1-321-63
23276   58737   0.4092791   B1-321-P60
21864   58802   0.3935203   B1-330-54
22342   58678   0.4281376   B1-330-56
21986   58803   0.4095799   B1-330-P55
24886   58056   0.4089618   B1-330-P67
25912   57534   0.4553019   B1-331-71
23052   58900   0.3863946   B1-D2-459
24987   58409   0.6129071   B1-D2-467
25221   58343   0.4461336   B1-D2-468
21478   59302   0.3200838   B1-D2-55
24868   58435   0.5286351   B1-D2-69
25096   57785   0.3260271   B1-D3-468
24015   58124   0.3618827   B1-D3-P69
22337   59162   0.3702817   G94-42
22871   59003   0.3411661   G94-44
23082   58675   0.3324617   G96-45
22384   59355   0.3864143   B1-1-055
22998   59141   0.337335   B1-1-058
22650   59242   0.4091977   B1-1-457
24553   58751   0.4089599   B1-1-465
22096   58828   0.38655   B1-2-037
20830   59350   0.3938012   B1-21-550
22202   58697   0.3927209   B1-30-556
22758   59330   0.3786663   B1-311-57
23572   58041   0.4051402   B1-31-562
23127   58730   0.3633192   B1-321-59
20843   59373   0.3885984   B1-321-P50
24249   58512   0.3536451   B1-321-P64
23794   58295   0.3836624   B1-330-62
22231   58740   0.4102026   B1-330-P56
23735   58013   0.3985112   B1-331-62
24223   57870   0.3704167   B1-331-64
23610   58090   0.4155047   B1-331-P62
20883   59420   0.3702355   B1-D2-450
23636   58170   0.4226982   B1-D3-462
24239   58018   0.3202328   B1-D3-70
22136   59384   0.3437447   B1-1-455
22267   59360   0.3959961   B1-1-55
20668   59225   0.4722506   B1-2-034
21166   59494   0.3946761   B1-20-551
20904   59189   0.3771464   B1-2-134
21795   59089   0.436921   B1-21-554
20662   59267   0.4391203   B1-2-34
20797   59216   0.4500382   B1-2-450
21771   58975   0.3282493   B1-2-454
20698   59251   0.4465879   B1-2-P34
23647   58304   0.4210566   B1-30-562
24155   58197   0.4995202   B1-30-564
22023   59531   0.3148744   B1-311-54
22278   59442   0.3443033   B1-311-55
22253   59259   0.4125127   B1-320-55
20700   59363   0.4458795   B1-321-49
20928   59307   0.3422329   B1-321-50
21933   59058   0.3834313   B1-321-54
22410   58914   0.3291155   B1-321-56
24032   58225   0.4646337   B1-330-63
24260   58150   0.4072946   B1-330-64
23699   58350   0.4256169   B1-330-P62
25673   57521   0.4043429   B1-331-70
24089   57966   0.4231516   B1-331-P64
24716   57728   0.3659787   B1-331-S66
22443   59061   0.311555   B1-D2-59
21939   58618   0.3666037   B1-D3-455
25567   57670   0.3815003   B1-D3-470
25793   57622   0.4456393   B1-D3-471
23761   58147   0.3185636   B1-D3-68
25887   57603   0.4766556   B1-D3-77
20769   59235   0.4442322   G96-37
23079   58592   0.3270007   B1-2-039
22294   58964   0.3919935   B1-21-556
24704   58322   0.3981375   B1-2-42
25643   57974   0.3367802   B1-2-470
22986   58509   0.3965012   B1-30-559
22314   58995   0.353283   B1-321-P56
23065   58471   0.3537931   B1-330-59
24843   57758   0.3568127   B1-331-P67
25785   57524   0.4502037   B1-331-P71
25710   57369   0.3389358   B1-3-P277
23660   58742   0.3502837   B1-D2-64
22654   58427   0.3740125   B1-D3-458
24866   57851   0.3166017   B1-D3-467
25690   57654   0.3200631   B1-D3-76
22429   59275   0.3906961   B1-1-456
25478   58528   0.409067   B1-1-469
25403   58573   0.4206372   B1-1-P68
22136   58874   0.3458328   B1-2-37
22505   59168   0.3663422   B1-320-56
23928   58814   0.3625476   B1-320-62
25340   58428   0.4015062   B1-320-68
25017   58546   0.5386289   B1-320-P67
25494   57861   0.3816927   B1-330-69
25382   57406   0.3280181   B1-3-D64
25344   58312   0.3796704   B1-D2-71
23666   58771   0.3497971   B1-D2-P64
25363   58324   0.3842405   B1-D2-P71
22524   58458   0.3170564   B1-D3-63
26080   58360   0.320869   B1-1-071
25048   58624   0.55   B1-1-467
24929   58668   0.4943943   B1-1-66
26044   58285   0.3363367   B1-1-71
24941   58709   0.5126574   B1-1-P66
24905   58573   0.4286135   B1-320-66
20871   58569   0.4329917   B1-3-49
20900   58570   0.408752   G100-38
24305   58315   0.3818695   B1-2-141
20945   58710   0.4683321   B1-31-551
21213   58649   0.4186031   B1-31-552
24175   58241   0.497124   B1-330-P64
21081   58743   0.4362634   B1-331-51
20919   58764   0.4787647   B1-331-P51
21202   58706   0.4071516   B1-331-SP52
25525   57379   0.3243811   B1-3-65
21132   58546   0.3380448   B1-3-P255
24882   58459   0.5293458   B1-D2-P69
21237   58774   0.3973336   B1-D3-452
21126   58822   0.3874827   B1-D3-57
21281   58772   0.3914058   G98-39
22742   58719   0.3611321   B1-2-458
23425   58933   0.40188   B1-320-60
24574   58337   0.3325228   B1-321-65
24940   57525   0.3123132   B1-3-63
22628   58714   0.3539196   B1-2-038
22623   58747   0.3305812   B1-2-38
25340   57749   0.3641429   B1-D3-469
22783   58390   0.3216569   B1-D3-64
25210   57775   0.3119757   B1-D3-74
24938   58768   0.5333672   B1-311-66
25837   58220   0.3126788   B1-D2-P73
25091   57562   0.3225403   B1-3-P274
22791   58708   0.3420716   G96-44
22592   58434   0.3454653   G98-F44
24804   58686   0.4098419   B1-1-466
25234   58549   0.4170861   B1-1-468
25318   58589   0.4236078   B1-1-68
21372   59459   0.3735548   B1-20-552
23023   58782   0.4040355   B1-21-559
25391   58643   0.4529722   B1-311-68
23861   57963   0.3780314   B1-31-563
24678   58622   0.3842716   B1-320-65
21399   59484   0.397012   B1-320-P52
24055   58797   0.3952245   B1-320-P63
24550   58666   0.4043551   B1-320-P65
25509   58422   0.4069244   B1-320-P69
22886   58800   0.3263421   B1-321-58
24498   58417   0.3600371   B1-321-P65
25690   58122   0.352063   B1-321-P70
25929   58056   0.3620355   B1-321-P71
25132   57978   0.4061352   B1-330-P68
22251   58368   0.3759586   B1-331-56
24461   57844   0.3718955   B1-331-65
25202   57654   0.338373   B1-331-68
23849   58012   0.4061437   B1-331-P63
24350   57903   0.4048737   B1-331-P65
24583   57834   0.3486571   B1-331-P66
22687   58998   0.3148993   B1-D2-60
24428   58565   0.3238165   B1-D2-P67
24620   57881   0.3663791   B1-D3-466
22772   58841   0.3313492   B1-21-M558
22695   58567   0.3940801   B1-30-558
22958   58490   0.3894003   B1-30-M559
22613   58277   0.3202359   B1-31-558
24086   57905   0.3878196   B1-31-564
24567   57779   0.3253674   B1-31-566
22557   58940   0.3512344   B1-321-P57
22770   58875   0.3240223   B1-321-P58
22722   58607   0.3907634   B1-330-P58
22964   58537   0.3871824   B1-330-P59
22864   58283   0.3439618   B1-331-P59
24398   58596   0.3334875   B1-D2-67
25605   58278   0.3203416   B1-D2-P72
20981   58856   0.5096122   B1-D3-451
22895   58371   0.3745961   B1-D3-459
20943   58866   0.5159547   G98-38
22467   58626   0.4292502   B1-30-F557
21885   58475   0.4020726   B1-31-555
22476   58670   0.4311122   B1-330-P57
22020   58500   0.3209498   B1-331-55
21921   58524   0.3940775   B1-331-P55
22186   58572   0.3667158   B1-D3-456
22182   58608   0.3503285   G98-42
23321   58048   0.3484805   B1-31-561
22122   58410   0.3471716   B1-31-556
25467   58194   0.3590612   B1-321-P69
22163   58468   0.3403366   B1-331-P56
25306   57635   0.333169   B1-331-P69
22255   58524   0.3942204   S117
25356   57920   0.3961332   B1-330-P69
25111   58376   0.55   B1-D2-70
22059   58284   0.3161171   G100-42
22436   58629   0.4297892   B1-30-557
22374   58322   0.3392597   B1-31-557
23092   58154   0.319207   B1-31-560
22975   58244   0.3434193   B1-331-59
22399   58384   0.3479939   B1-331-P57
23122   58202   0.3456556   B1-331-P60
25458   58274   0.3867877   B1-D2-469
22642   58329   0.3454643   B1-331-P58
24734   58444   0.4181322   B1-D2-466
22440   58488   0.3870195   B1-D3-457
22313   58564   0.4156858   B1-D3-P62
22368   58491   0.3942685   G98-43
22501   58362   0.3371165   B1-331-57
22814   58229   0.3204407   B1-31-559
22725   58255   0.3150366   B1-331-58
25058   57712   0.3782597   B1-331-P68
21570   58369   0.3257076   B1-3-D51
21513   58457   0.3601587   B1-3-P257
21496   58410   0.3202324   G100-40
24320   57852   0.3791863   B1-31-565
26015   57971   0.4052713   B1-321-71
22797   58867   0.3114   B1-21-558
22869   58692   0.3114   B1-2-138
25835   58184   0.3114   B1-D2-73
22655   58111   0.3114   G100-44
24432   58796   0.3114   B1-1-064
21459   58393   0.3114   B1-3-F51
24481   57958   0.3114   B1-D3-71
22545   59383   0.3114   B1-311-56
20993   59421   0.3114   B1-D2-53
23823   58448   0.3114   B1-2-140
25300   58148   0.3114   B1-321-68
22933   58935   0.3114   B1-D2-61
23551   58231   0.3114   B1-D3-67
25450   57714   0.3114   B1-D3-75
