24178.75   58702.5   0.4397673   
24218.5   58751   0.5286814   
24258.25   58799.5   0.5928453   
24459.25   58611.5   0.4397673   
24490.5   58658   0.5286814   
24521.75   58704.5   0.5928453   
22364.75   58847   0.3078003   
22334.5   58846   0.3726419   
22304.25   58845   0.3903661   
22274   58844   0.3950924   B1-2-456
22184.75   58899.5   0.3078003   
22214.5   58881   0.3726382   
22244.25   58862.5   0.3903621   
22422.75   58830.5   0.3078003   
22450.5   58813   0.374643   
22478.25   58795.5   0.3925318   
22506   58778   0.3974528   B1-2-457
22603.5   58783.25   0.3078003   
22571   58781.5   0.3746563   
22538.5   58779.75   0.3925462   
23388.75   58568.75   0.3078003   
23415.5   58562.5   0.3747483   
23442.25   58556.25   0.3926458   
23469   58550   0.3988096   B1-2-461
23568.75   58535   0.3078003   
23535.5   58540   0.3767211   
23502.25   58545   0.3949392   
20995   59668.75   0.4397673   
20917   59659.5   0.5286814   
20839   59650.25   0.5928453   
20950   59506.75   0.4397673   
20887   59551.5   0.5286814   
20824   59596.25   0.5928453   
21033.25   59686.25   0.3078003   
20993.5   59694.5   0.3709887   
20953.75   59702.75   0.388577   
20914   59711   0.3931529   B1-1-450
21093.75   59667   0.3078003   
21114.5   59656   0.3706915   
21135.25   59645   0.3882554   
21156   59634   0.3928038   B1-1-451
22500.25   59336.5   0.3078003   
22476.5   59316   0.3778661   
22452.75   59295.5   0.3962805   
22429   59275   0.4015105   B1-1-456
22458.25   59129.5   0.3078003   
22448.5   59178   0.3778797   
22438.75   59226.5   0.3962966   
23512.25   59058.25   0.3078003   
23530.5   59042.5   0.3706673   
23548.75   59026.75   0.3882297   
23567   59011   0.3927774   B1-1-461
23668.25   59065.75   0.3078003   
23634.5   59047.5   0.3706673   
23600.75   59029.25   0.3882297   
23931   58949.25   0.3078003   
23888   58950.5   0.3706733   
23845   58951.75   0.388236   
23802   58953   0.3927838   B1-1-462
23727   59051.25   0.3078003   
23752   59018.5   0.3706733   
23777   58985.75   0.388236   
23700   58816.5   0.3078003   
23734   58862   0.3706732   
23768   58907.5   0.3882359   
23991.5   58938   0.3377899   
24009   58928   0.4049275   
24026.5   58918   0.4273964   
23949.5   58760.25   0.3754766   
23981   58809.5   0.4264346   
24012.5   58858.75   0.4540043   
25316.25   58213   0.420908   
25327.5   58331   0.4968895   
25338.75   58449   0.5418761   
25541.25   58321.75   0.420908   
25477.5   58403.5   0.4968895   
25413.75   58485.25   0.5418761   
25573.25   58312   0.4397673   
25541.5   58384   0.5286814   
25509.75   58456   0.5928453   
26010   58455.25   0.3417894   
25915   58455.5   0.4145421   
25820   58455.75   0.4389477   
25725   58456   0.451024   B1-1-470
25635   58294   0.3724554   
25665   58348   0.4223033   
25695   58402   0.4489169   
26048   58472.75   0.3078003   
25991   58490.5   0.3740048   
25934   58508.25   0.3918411   
25877   58526   0.3966954   B1-311-70
26064.5   58437.25   0.3078003   
26024   58419.5   0.3706968   
25983.5   58401.75   0.3882611   
25943   58384   0.3928097   B1-1-471
25934   58215.25   0.3078003   
25937   58271.5   0.3706964   
25940   58327.75   0.3882607   
21145.5   59153.75   0.4397673   
21065   59165.5   0.5286814   
20984.5   59177.25   0.5928453   
20985.75   59393.75   0.4004761   
20958.5   59325.5   0.4639174   
20931.25   59257.25   0.4997217   
20870.25   58991.75   0.4004761   
20881.5   59057.5   0.4639174   
20892.75   59123.25   0.4997217   
21138   58828.75   0.3078003   
21171   58810.5   0.3685374   
21204   58792.25   0.385976   
21324   58803.25   0.3078003   
21295   58793.5   0.3078004   
21266   58783.75   0.376282   
21682   58945   0.4141063   
21685   58860   0.4852241   
21688   58775   0.526714   
21557.5   58515.25   0.3384919   
21602   58573.5   0.406579   
21646.5   58631.75   0.4293031   
21631   58704.25   0.3384033   
21651   58699.5   0.4063705   
21671   58694.75   0.4290625   
21796   58680.25   0.3384962   
21761   58683.5   0.4065889   
21726   58686.75   0.4293147   
22150.25   58907   0.3078003   
22145.5   58896   0.3078004   
22140.75   58885   0.3753548   
21933.25   58925.5   0.3395436   
21971.5   58913   0.4090808   
22009.75   58900.5   0.4322371   
21940   58958.5   0.3078003   
21976   58935   0.3763663   
22012   58911.5   0.3945236   
22128.25   58910.5   0.3078003   
22101.5   58903   0.3763743   
22074.75   58895.5   0.3945329   
22632.75   58775.5   0.3078003   
22629.5   58766   0.3078004   
22626.25   58756.5   0.3753835   
22160.25   58589.25   0.4397673   
22253.5   58555.5   0.5286814   
22346.75   58521.75   0.5928453   
22531.5   58492.5   0.3250358   
22501   58491   0.4025372   
22470.5   58489.5   0.4247672   
23610.5   58440   0.4397673   
23619   58350   0.5286814   
23627.5   58260   0.5928453   
23733.5   58180.5   0.3806344   
23701   58177   0.4337425   
23668.5   58173.5   0.462731   
24295.5   58353   0.3078003   
24259   58352   0.3722308   
24222.5   58351   0.3899213   
24186   58350   0.3946139   B1-2-464
24105   58398   0.3078003   
24132   58382   0.3722345   
24159   58366   0.3899252   
23972.75   58084.75   0.3771171   
23942.5   58093.5   0.4287104   
23912.25   58102.25   0.4567539   
23795   58165.75   0.3910145   
23824   58147.5   0.4499168   
23853   58129.25   0.4815542   
23981.75   58120.75   0.3909802   
23948.5   58117.5   0.4498674   
23915.25   58114.25   0.4814916   
24030.75   58063.25   0.3078003   
24058.5   58050.5   0.3078004   
24086.25   58037.75   0.3758231   
24039.75   58099.25   0.3078003   
24064.5   58074.5   0.3078004   
24089.25   58049.75   0.3758222   
24218.25   58052.75   0.3078003   
24183.5   58043.5   0.3601283   
24148.75   58034.25   0.3828543   
24772   58218.75   0.3078003   
24740   58216.5   0.3706838   
24708   58214.25   0.3882471   
24676   58212   0.3927951   B1-2-466
24601.75   58266   0.3078003   
24626.5   58248   0.3706837   
24651.25   58230   0.3882471   
24351.25   58330.5   0.3078003   
24370.5   58307   0.3711184   
24389.75   58283.5   0.3887174   
24409   58260   0.3933064   B1-2-465
24535   58278   0.3078003   
24493   58272   0.3711188   
24451   58266   0.3887179   
24292   58111.5   0.3078003   
24331   58161   0.3711211   
24370   58210.5   0.3887203   
24278.25   58035.75   0.3078003   
24303.5   58009.5   0.3706929   
24328.75   57983.25   0.3882569   
24354   57957   0.3928052   B1-D3-465
24462.75   57985.5   0.3078003   
24426.5   57976   0.3706927   
24390.25   57966.5   0.3882566   
25837.25   57974   0.4397673   
25896.5   57973   0.5286814   
25955.75   57972   0.5928453   
26082.5   58334   0.4397673   
26060   58213   0.5286814   
26037.5   58092   0.5928453   
25997   58073.75   0.3841445   
26003   58039.5   0.4390919   
26009   58005.25   0.4689184   
25747.5   57664.5   0.4042412   
25794   57644   0.4696318   
25840.5   57623.5   0.5069488   
25916.5   57381   0.3616794   
25915   57432   0.4185623   
25913.5   57483   0.4441251   
21058.5   59645.25   0.3078003   
21044   59612.5   0.3708243   
21029.5   59579.75   0.3883991   
21015   59547   0.3929568   B1-320-50
21013.5   59483.25   0.3078003   
21014   59504.5   0.3708192   
21014.5   59525.75   0.3883936   
24887.75   58487.5   0.4397673   
24893.5   58516   0.5286814   
24899.25   58544.5   0.5928453   
25755.75   58232.75   0.3078003   
25779.5   58259.5   0.3803025   
25803.25   58286.25   0.3992323   
25905   58197.5   0.3078003   
25879   58236   0.3803063   
25853   58274.5   0.399237   
25660.5   58258.25   0.3078003   
25716   58276.5   0.3958716   
25771.5   58294.75   0.4176124   
25150.75   58436.5   0.3078003   
25178.5   58474   0.3706897   
25206.25   58511.5   0.3882535   
25234   58549   0.3928017   B1-1-468
22555.5   59328.25   0.3078003   
22587   59299.5   0.3710393   
22618.5   59270.75   0.3886317   
22650   59242   0.393293   B1-1-457
22926   59206   0.3078003   
22834   59218   0.3711768   
22742   59230   0.3887806   
22822.25   58720   0.3078003   
22757.5   58718   0.3707774   
22692.75   58716   0.3883483   
22628   58714   0.3929065   B1-2-038
22578.5   58549   0.3078003   
22595   58604   0.3707806   
22611.5   58659   0.3883518   
22074.25   58674.25   0.3078003   
22081.5   58725.5   0.3714138   
22088.75   58776.75   0.3890371   
22096   58828   0.3936521   B1-2-037
23032.75   59150.75   0.3078003   
23047.5   59107.5   0.3078004   
23062.25   59064.25   0.3760052   
22970.5   58982   0.3078003   
23006   58995   0.3681848   
23041.5   59008   0.3856029   
23149.75   58925.75   0.3078003   
23125.5   58957.5   0.3078004   
23101.25   58989.25   0.3760052   
23071.75   59172.75   0.3078003   
23125.5   59151.5   0.370664   
23179.25   59130.25   0.3882262   
23428.75   59082.75   0.3078003   
23363.5   59091.5   0.370664   
23298.25   59100.25   0.3882262   
23188.75   58947.75   0.3078003   
23203.5   59001.5   0.370664   
23218.25   59055.25   0.3882262   
23457   59049   0.3078003   
23420   59024   0.3706661   
23383   58999   0.3882285   
23229   58896   0.3078003   
23268   58922   0.3706661   
23307   58948   0.3882285   
23402.25   58875.75   0.3078003   
23383.5   58908.5   0.3706661   
23364.75   58941.25   0.3882285   
23513   59037.25   0.3078003   
23532   59000.5   0.3706659   
23551   58963.75   0.3882282   
23669   59044.75   0.3078003   
23636   59005.5   0.370666   
23603   58966.25   0.3882283   
23544.5   58813.75   0.3078003   
23553   58851.5   0.3706659   
23561.5   58889.25   0.3882282   
23458.25   58864   0.3078003   
23495.5   58885   0.3706659   
23532.75   58906   0.3882282   
23642   58810   0.3078003   
23618   58849   0.3706659   
23594   58888   0.3882282   
23705.5   59059.25   0.3078003   
23709   59034.5   0.3948426   
23712.5   59009.75   0.4164531   
23678.5   58824.5   0.4397673   
23691   58878   0.5286814   
23703.5   58931.5   0.5928453   
25297.25   58194.75   0.3078003   
25289.5   58294.5   0.3714346   
25281.75   58394.25   0.3890596   
25274   58494   0.393464   B1-320-P68
25234.25   58380.75   0.3078003   
25247.5   58418.5   0.3711631   
25260.75   58456.25   0.3887658   
25160.75   58422.75   0.3078003   
25198.5   58446.5   0.3711632   
25236.25   58470.25   0.3887658   
25285.25   58138.25   0.3078003   
25265.5   58181.5   0.3760711   
25245.75   58224.75   0.3941777   
25226   58268   0.3964672   B1-321-P68
25116.5   58184   0.3078003   
25153   58212   0.3730282   
25189.5   58240   0.3907843   
25222.25   58324.25   0.3078003   
25223.5   58305.5   0.373027   
25224.75   58286.75   0.390783   
25148.75   58366.25   0.3078003   
25174.5   58333.5   0.3730269   
25200.25   58300.75   0.3907828   
25345.5   58119.75   0.307976   
25386   58144.5   0.4000664   
25426.5   58169.25   0.4220925   
25519.5   58069.5   0.3078815   
25502   58111   0.4000527   
25484.5   58152.5   0.4220777   
25570.5   58228.5   0.4157228   
25536   58217   0.4879392   
25501.5   58205.5   0.5304846   
25245.25   58044.75   0.360208   
25207.5   58022.5   0.4183547   
25169.75   58000.25   0.4438537   
25132   57978   0.4222994   B1-330-P68
25026.25   57860.25   0.3078003   
25061.5   57899.5   0.3831188   
25096.75   57938.75   0.4027189   
25006   57896.25   0.3078003   
25048   57923.5   0.3831747   
25090   57950.75   0.4027845   
25226.75   57978.25   0.3078003   
25170.5   57889.5   0.3911994   
25114.25   57800.75   0.4122603   
24969.5   57571.75   0.3078003   
24999   57618.5   0.3748425   
25028.5   57665.25   0.3927478   
25082.75   57599.5   0.3078003   
25074.5   57637   0.3748646   
25066.25   57674.5   0.3927716   
24905.75   57591.25   0.3078003   
24956.5   57631.5   0.3748726   
25007.25   57671.75   0.3927803   
25007.75   57793.75   0.3078003   
25024.5   57766.5   0.375293   
25041.25   57739.25   0.3932661   
25301.25   58030.25   0.3376027   
25319.5   57993.5   0.4044871   
25337.75   57956.75   0.4268878   
25491.75   58001   0.3078003   
25446.5   57974   0.3916577   
25401.25   57947   0.4127878   
25815.75   57995.25   0.3078003   
25853.5   58015.5   0.3706656   
25891.25   58035.75   0.3882279   
25930.5   58133.25   0.3078003   
25930   58107.5   0.3706656   
25929.5   58081.75   0.3882279   
25975.5   58095   0.3078003   
25960   58082   0.3706656   
25944.5   58069   0.3882279   
25756   58011.75   0.3078003   
25734   58048.5   0.3709024   
25712   58085.25   0.3884836   
25575.25   58051.5   0.3078003   
25613.5   58075   0.3709024   
25651.75   58098.5   0.3884836   
25721.5   58185   0.3078003   
25711   58164   0.3709024   
25700.5   58143   0.3884835   
25870.75   58149.75   0.3078003   
25810.5   58140.5   0.3709024   
25750.25   58131.25   0.3884836   
25626.25   58210.5   0.3078003   
25647.5   58181   0.3729485   
25668.75   58151.5   0.3906979   
25720.5   57920   0.3078003   
25685   57897   0.3985279   
25649.5   57874   0.4204492   
25556.25   57983.75   0.3078003   
25575.5   57939.5   0.3726081   
25594.75   57895.25   0.3903295   
25490.25   57769.25   0.3078003   
25531.5   57796.5   0.3727456   
25572.75   57823.75   0.3904784   
25679.25   57726.5   0.3078003   
25657.5   57768   0.372611   
25635.75   57809.5   0.3903327   
22924.75   58743.25   0.3078003   
22962.5   58764.5   0.3706636   
23000.25   58785.75   0.3882259   
23105.5   58678.75   0.3078003   
23083   58721.5   0.3706637   
23060.5   58764.25   0.3882259   
22960.75   58928.5   0.3384623   
22986.5   58888   0.4065093   
23012.25   58847.5   0.4292226   
23140   58872.25   0.3078003   
23106   58850.5   0.3706637   
23072   58828.75   0.3882259   
22857.75   58760.25   0.3078003   
22828.5   58798.5   0.3776752   
22799.25   58836.75   0.3960568   
22669.5   58807.5   0.3078003   
22703   58830   0.3783473   
22736.5   58852.5   0.3968442   
22797.75   58943.25   0.3078003   
22788.5   58920.5   0.3776751   
22779.25   58897.75   0.3960568   
22728.75   58995.75   0.3078003   
22742.5   58955.5   0.3776752   
22756.25   58915.25   0.3960568   
22893.75   58945.5   0.3078003   
22852.5   58922   0.3776752   
22811.25   58898.5   0.3960568   
22845.75   58693.25   0.3078003   
22804.5   58664.5   0.387376   
22763.25   58635.75   0.4077248   
22602   58522.25   0.4397673   
22642   58550.5   0.5286814   
22682   58578.75   0.5928453   
22779   58473.5   0.3078003   
22760   58518   0.3873805   
22741   58562.5   0.4077302   
22906.25   58675.75   0.3078003   
22925.5   58629.5   0.3707114   
22944.75   58583.25   0.3882769   
23087   58611.25   0.3078003   
23046   58586.5   0.3707114   
23005   58561.75   0.3882769   
22839.5   58456   0.3078003   
22881   58483   0.370712   
22922.5   58510   0.3882776   
23022.5   58407.25   0.3078003   
23003   58450.5   0.3707172   
22983.5   58493.75   0.3882833   
22435.5   58871   0.3078003   
22476   58894   0.3720881   
22516.5   58917   0.3897669   
22557   58940   0.3943899   B1-321-P57
22616.25   58823.75   0.3078003   
22596.5   58862.5   0.3720448   
22576.75   58901.25   0.3897199   
22563.75   59009   0.3078003   
22561.5   58986   0.3720173   
22559.25   58963   0.3896902   
22490.25   59045.75   0.3078003   
22512.5   59010.5   0.372037   
22534.75   58975.25   0.3897114   
22675.5   59012   0.3078003   
22636   58988   0.3720226   
22596.5   58964   0.3896959   
22415.25   58803.5   0.3078003   
22435.5   58759   0.3962733   
22455.75   58714.5   0.4180414   
22596   58756.25   0.3078003   
22556   58727.5   0.396203   
22516   58698.75   0.4179663   
22169.25   58634.75   0.4131617   
22271.5   58646.5   0.4836392   
22373.75   58658.25   0.5245459   
22540.5   58538   0.3078003   
22519   58582   0.3961108   
22497.5   58626   0.4178678   
23850.25   58409.5   0.3829185   
23877.5   58371   0.4371954   
23904.75   58332.5   0.4667352   
24041.5   58384   0.420908   
24005   58354   0.4968895   
23968.5   58324   0.5418761   
23807.5   58211.5   0.4199976   
23849   58239   0.4953505   
23890.5   58266.5   0.5399997   
23994.25   58166.5   0.4181849   
23973.5   58209   0.492292   
23952.75   58251.5   0.536157   
25053.5   58197.25   0.3078003   
25027   58238.5   0.3704581   
25000.5   58279.75   0.3880083   
24905   58424.5   0.3078003   
24928   58390   0.3705725   
24951   58355.5   0.3881294   
25085.75   58379.5   0.3078003   
25048.5   58360   0.3705725   
25011.25   58340.5   0.3881294   
25183.75   58064.25   0.3951637   
25084.5   58061.5   0.4558869   
24985.25   58058.75   0.4892655   
24824.5   58179.75   0.3951637   
24845   58138.5   0.4558869   
24865.5   58097.25   0.4892655   
25031.5   58131   0.3078003   
24983   58106   0.3944874   
24934.5   58081   0.4160444   
24781.75   57954.75   0.3078003   
24816.5   57988.5   0.394486   
24851.25   58022.25   0.4160427   
24944.5   57915.75   0.3078003   
24925   57962.5   0.3944871   
24905.5   58009.25   0.4160441   
23646   57943   0.3078003   
23634   57992   0.3875014   
23622   58041   0.4078736   
23481.75   57988.75   0.3078003   
23524.5   58022.5   0.3879463   
23567.25   58056.25   0.4084014   
23727   58160.5   0.4135752   
23688   58137   0.4843321   
23649   58113.5   0.525475   
22457.5   58250.25   0.3078003   
22519   58276.5   0.3712814   
22580.5   58302.75   0.3888938   
22595.5   58204.5   0.3078003   
22611   58246   0.3757358   
22626.5   58287.5   0.3937849   
22582   58452.75   0.3078003   
22602   58411.5   0.3712855   
22622   58370.25   0.3888982   
22759   58404   0.3078003   
22720   58379   0.3712864   
22681   58354   0.3888991   
22396.75   58264   0.3078003   
22397.5   58304   0.3898898   
22398.25   58344   0.410707   
22150   58563.25   0.3917778   
22233   58503.5   0.4510165   
22316   58443.75   0.4829469   
22521.25   58466.5   0.3078003   
22480.5   58439   0.3898891   
22439.75   58411.5   0.4107061   
23008.75   58107.5   0.3078003   
23046.5   58139   0.3707626   
23084.25   58170.5   0.3883322   
23162.5   58071.5   0.3078003   
23149   58115   0.3707643   
23135.5   58158.5   0.3883342   
23062   58323.5   0.3078003   
23082   58283   0.3707699   
23102   58242.5   0.3883401   
23220.25   58285.25   0.3078003   
23187.5   58257.5   0.3707618   
23154.75   58229.75   0.3883314   
22805.5   58109.75   0.3078003   
22825   58167.5   0.373033   
22844.5   58225.25   0.3907894   
22651   58193   0.3078003   
22722   58223   0.3730786   
22793   58253   0.3908388   
22783.75   58173.5   0.3078003   
22810.5   58210   0.3730615   
22837.25   58246.5   0.3908202   
22944.25   58127.75   0.3078003   
22917.5   58179.5   0.3730786   
22890.75   58231.25   0.3908388   
22814.5   58392.5   0.3078003   
22831   58356   0.3730614   
22847.5   58319.5   0.3908201   
22997.5   58343.75   0.3078003   
22953   58323.5   0.3730819   
22908.5   58303.25   0.3908423   
23541.5   58435   0.4397673   
23481   58340   0.5286814   
23420.5   58245   0.5928453   
23346.5   57985.75   0.3078003   
23351   58040.5   0.3847594   
23355.5   58095.25   0.4046472   
23222   58058.5   0.4397673   
23268   58089   0.5286814   
23314   58119.5   0.5928453   
23419.25   58003.75   0.3078003   
23399.5   58052.5   0.3848695   
23379.75   58101.25   0.4047767   
23279.75   58272.25   0.3078003   
23306.5   58231.5   0.3848585   
23333.25   58190.75   0.4047638   
24696   57677.75   0.3078003   
24745   57704.5   0.3730067   
24794   57731.25   0.390761   
24852   57602.75   0.3078003   
24849   57654.5   0.3707809   
24846   57706.25   0.3883522   
24954   57805.25   0.3078003   
24917   57789.5   0.3697733   
24880   57773.75   0.3872837   
24771   57880.25   0.4397673   
24795   57839.5   0.5286814   
24819   57798.75   0.5928453   
24933.75   57841.25   0.3078003   
24903.5   57813.5   0.3078004   
24873.25   57785.75   0.3774312   
23824.5   58501   0.3078003   
23804   58539   0.3724028   
23783.5   58577   0.3901074   
23642.25   58551.25   0.3078003   
23682.5   58572.5   0.372041   
23722.75   58593.75   0.3897159   
23776.5   58690   0.3078003   
23772   58665   0.3717182   
23767.5   58640   0.3893665   
23685.75   58710.25   0.3078003   
23711.5   58678.5   0.3717182   
23737.25   58646.75   0.3893665   
23879.25   58687   0.3078003   
23840.5   58663   0.3717229   
23801.75   58639   0.3893716   
21089.25   59648   0.3078003   
21105.5   59618   0.3958054   
21121.75   59588   0.4175417   
21044.25   59486   0.3078003   
21075.5   59510   0.3958135   
21106.75   59534   0.4175503   
21210   59439.5   0.4151401   
21186   59479   0.4869605   
21162   59518.5   0.5291253   
20957.5   59473.5   0.3381298   
20902   59485   0.4057271   
20846.5   59496.5   0.4283197   
20791   59508   0.434532   B1-D2-M52
20970.5   59439.75   0.3758571   
20928   59417.5   0.4269601   
20885.5   59395.25   0.4546416   
20843   59373   0.46192   B1-321-P50
21582.25   59537.75   0.3078003   
21606.5   59501.5   0.3706699   
21630.75   59465.25   0.3882324   
21655   59429   0.3927802   B1-320-P53
21609.25   59321   0.3078003   
21624.5   59357   0.3706699   
21639.75   59393   0.3882324   
21526.75   59358.5   0.3078003   
21569.5   59382   0.37067   
21612.25   59405.5   0.3882325   
21719.5   59326.25   0.3078003   
21698   59360.5   0.3706699   
21676.5   59394.75   0.3882324   
21518.25   59551.5   0.4105567   
21478.5   59529   0.47939   
21438.75   59506.5   0.5189883   
21363.75   59383.5   0.3078003   
21375.5   59417   0.3845244   
21387.25   59450.5   0.404371   
21275.25   59421   0.3078003   
21316.5   59442   0.384523   
21357.75   59463   0.4043694   
21462.75   59372.25   0.3078003   
21441.5   59409.5   0.38454   
21420.25   59446.75   0.4043893   
21882   59019.5   0.3078003   
21860   59057   0.3709545   
21838   59094.5   0.3885399   
21816   59132   0.3931137   B1-321-P54
21713.25   59055.5   0.3078003   
21747.5   59081   0.3709564   
21781.75   59106.5   0.3885419   
21744   59235.5   0.3078003   
21768   59201   0.3709543   
21792   59166.5   0.3885398   
21930   59187.5   0.3078003   
21892   59169   0.3709564   
21854   59150.5   0.3885421   
21945.5   59001.75   0.3078003   
21987   59021.5   0.3708017   
22028.5   59041.25   0.3883746   
22070   59061   0.3929334   B1-321-P55
22133.75   58953.75   0.3078003   
22112.5   58989.5   0.3708022   
22091.25   59025.25   0.3883752   
22075.25   59138.25   0.3078003   
22073.5   59112.5   0.3708007   
22071.75   59086.75   0.3883736   
21993.5   59169.75   0.3078003   
22019   59133.5   0.370802   
22044.5   59097.25   0.388375   
22186.25   59120.25   0.3078003   
22147.5   59100.5   0.3708028   
22108.75   59080.75   0.3883758   
22354   58821   0.4073219   
22313   58794   0.4743969   
22272   58767   0.5127959   
22174   58873.5   0.3411927   
22193   58829   0.4130991   
22212   58784.5   0.4371492   
22108   58652.25   0.4073219   
22149   58681.5   0.4743969   
22190   58710.75   0.5127959   
23300   58555   0.3078003   
23269   58535   0.3722182   
23238   58515   0.3899076   
23147.75   58600.75   0.3078003   
23167.5   58565.5   0.3713121   
23187.25   58530.25   0.388927   
23083.25   58396.75   0.3078003   
23124.5   58429.5   0.3713167   
23165.75   58462.25   0.3889319   
23241.5   58358.5   0.3078003   
23230   58404   0.3713121   
23218.5   58449.5   0.388927   
23317.25   58615.5   0.3078003   
23303.5   58656   0.3720595   
23289.75   58696.5   0.3897359   
23165   58661.25   0.3078003   
23202   58686.5   0.3712475   
23239   58711.75   0.3888571   
23211.5   58836.75   0.3078003   
23233   58803.5   0.3712475   
23254.5   58770.25   0.3888571   
23384.75   58816.5   0.3078003   
23348.5   58790   0.3712476   
23312.25   58763.5   0.3888572   
23398.25   58602.5   0.3078003   
23434.5   58630   0.3699614   
23470.75   58657.5   0.3874828   
23578.25   58568.75   0.3078003   
23554.5   58607.5   0.3699614   
23530.75   58646.25   0.3874828   
23528.75   58753.25   0.3078003   
23521.5   58730.5   0.3699614   
23514.25   58707.75   0.3874828   
23621.75   58727.75   0.3078003   
23583.5   58713.5   0.3699614   
23545.25   58699.25   0.3874828   
23442.5   58803.5   0.3078003   
23464   58764   0.3078004   
23485.5   58724.5   0.377013   
23931.25   58929   0.3078003   
23888.5   58910   0.3706655   
23845.75   58891   0.3882278   
23803   58872   0.3927755   B1-320-P62
23786.5   58754.25   0.3078003   
23792   58793.5   0.3706655   
23797.5   58832.75   0.3882278   
23700.25   58796.25   0.3078003   
23734.5   58821.5   0.3706655   
23768.75   58846.75   0.3882278   
23889.25   58751.25   0.3078003   
23860.5   58791.5   0.3706655   
23831.75   58831.75   0.3882278   
23380.25   58534.25   0.3078003   
23398.5   58493.5   0.3776844   
23416.75   58452.75   0.3960676   
23435   58412   0.4018199   B1-330-P61
23560.25   58500.5   0.3078003   
23518.5   58471   0.3788675   
23476.75   58441.5   0.3974537   
23298.5   58337.75   0.3078003   
23344   58362.5   0.3777994   
23389.5   58387.25   0.3962024   
24154.75   58706.25   0.3078003   
24170.5   58758.5   0.3706717   
24186.25   58810.75   0.3882343   
24202   58863   0.3927821   B1-1-63
24021.25   58678.5   0.3078003   
24032.5   58718   0.3078004   
24043.75   58757.5   0.3766864   
23952.25   58732.5   0.3078003   
23986.5   58754   0.3693529   
24020.75   58775.5   0.3868389   
24118   58689.75   0.3078003   
24097   58725.5   0.3693529   
24076   58761.25   0.3868389   
24270.75   58623.75   0.3078003   
24286.5   58660.5   0.3703198   
24302.25   58697.25   0.387862   
24183.75   58674   0.3078003   
24228.5   58694   0.3703198   
24273.25   58714   0.387862   
24400.5   58607.25   0.3078003   
24373   58649.5   0.3692877   
24345.5   58691.75   0.3867699   
24311.25   58393.5   0.3916348   
24290.5   58433   0.4508105   
24269.75   58472.5   0.482686   
24120.75   58438.5   0.3078003   
24163.5   58463   0.3876315   
24206.25   58487.5   0.4080279   
24253.5   58568.25   0.3078003   
24252   58549.5   0.3840104   
24250.5   58530.75   0.4037669   
24169.5   58594.5   0.3078003   
24196   58567   0.3840104   
24222.5   58539.5   0.4037669   
24383.25   58551.75   0.3916348   
24338.5   58538.5   0.4508105   
24293.75   58525.25   0.482686   
21035.25   59655.75   0.4397673   
20997.5   59633.5   0.5286814   
20959.75   59611.25   0.5904153   
20990.25   59493.75   0.3078003   
20967.5   59525.5   0.3959831   
20944.75   59557.25   0.4177315   
21489.5   59581.25   0.3078003   
21421   59588.5   0.3714611   
21352.5   59595.75   0.3890882   
21246.5   59450.75   0.3078003   
21259   59501.5   0.37198   
21271.5   59552.25   0.3896498   
21623.5   59564.75   0.3078003   
21689   59555.5   0.3868893   
21754.5   59546.25   0.4071507   
22000.75   59471   0.3078003   
21940.5   59493   0.3868895   
21880.25   59515   0.4071509   
21760.75   59353.25   0.4133642   
21780.5   59414.5   0.4839781   
21800.25   59475.75   0.5249949   
22021.75   59430   0.3078003   
21982.5   59411   0.370696   
21943.25   59392   0.3882602   
22033.75   59216.25   0.3078003   
21990.5   59268.5   0.3706959   
21947.25   59320.75   0.3882601   
21781.75   59312.25   0.3078003   
21822.5   59332.5   0.3706958   
21863.25   59352.75   0.3882599   
21952   59247.75   0.3078003   
21936   59289.5   0.3706961   
21920   59331.25   0.3882603   
22093.25   59196.75   0.3078003   
22109.5   59229.5   0.3706821   
22125.75   59262.25   0.3882453   
22142   59295   0.3927933   B1-320-P55
22204.25   59178.75   0.3078003   
22183.5   59217.5   0.3706821   
22162.75   59256.25   0.3882453   
22112.5   59426.75   0.3404106   
22164   59404.5   0.4111984   
22215.5   59382.25   0.4348094   
22267   59360   0.4513154   B1-1-55
22459.75   59357.75   0.3725691   
22395.5   59358.5   0.422456   
22331.25   59359.25   0.4491104   
22235.5   59195   0.3725691   
22246   59250   0.422456   
22256.5   59305   0.4491104   
22265.75   59162.5   0.4204401   
22306.5   59185   0.4960985   
22347.25   59207.5   0.5409145   
22448   59118.25   0.3818426   
22428   59155.5   0.4355347   
22408   59192.75   0.4648224   
22547   59316.5   0.3078003   
22570   59276   0.3706735   
22593   59235.5   0.3882363   
22616   59195   0.3927841   B1-320-P57
22578.5   59072.75   0.3078003   
22591   59113.5   0.3706735   
22603.5   59154.25   0.3882363   
22505   59109.5   0.3078003   
22542   59138   0.3706737   
22579   59166.5   0.3882363   
22690.25   59075.75   0.3078003   
22665.5   59115.5   0.3706735   
22640.75   59155.25   0.3882363   
22982   59170.75   0.3078003   
22946   59147.5   0.3706652   
22910   59124.25   0.3882275   
22823.75   58999.75   0.3078003   
22840.5   59033.5   0.3706652   
22857.25   59067.25   0.3882275   
22754.75   59052.25   0.3078003   
22794.5   59068.5   0.3706652   
22834.25   59084.75   0.3882275   
22919.75   59002   0.3078003   
22904.5   59035   0.3706652   
22889.25   59068   0.3882275   
21462.75   59116.25   0.3078003   
21505.5   59141.5   0.3706722   
21548.25   59166.75   0.3882348   
21591   59192   0.3927827   B1-321-P53
21657   59070.5   0.3078003   
21635   59111   0.3706722   
21613   59151.5   0.3882349   
21593.25   59261.75   0.3078003   
21592.5   59238.5   0.3706722   
21591.75   59215.25   0.3882348   
21687.75   59250.5   0.3078003   
21655.5   59231   0.3706722   
21623.25   59211.5   0.3882348   
21510.75   59299.25   0.3078003   
21537.5   59263.5   0.3706722   
21564.25   59227.75   0.3882349   
21401.75   59129.75   0.3078003   
21383.5   59168.5   0.3706725   
21365.25   59207.25   0.3882352   
21347   59246   0.392783   B1-321-P52
21256.25   59168   0.3078003   
21286.5   59194   0.3706725   
21316.75   59220   0.3882352   
21350.75   59324   0.3078003   
21349.5   59298   0.3706725   
21348.25   59272   0.3882352   
21449.75   59312.75   0.3078003   
21415.5   59290.5   0.3706725   
21381.25   59268.25   0.3882352   
21366.75   59042   0.3733474   
21332.5   59017   0.4235007   
21298.25   58992   0.4504345   
21264   58967   0.4195371   B1-330-P52
21235.5   59098.25   0.3078003   
21245   59054.5   0.3822316   
21254.5   59010.75   0.4016255   
21144.75   58877   0.3078003   
21184.5   58907   0.3822594   
21224.25   58937   0.4016601   
21330.75   58851.5   0.3078003   
21308.5   58890   0.3822415   
21286.25   58928.5   0.4016378   
21430.5   59027.75   0.3905457   
21460   58988.5   0.4492416   
21489.5   58949.25   0.4806989   
21639   59000   0.3078003   
21599   58970   0.3891861   
21559   58940   0.4098721   
21394.5   58837.25   0.3078003   
21436   58861.5   0.3891674   
21477.5   58885.75   0.4098499   
21861.75   58915   0.379569   
21828.5   58892   0.4321619   
21795.25   58869   0.4608866   
21762   58846   0.4296174   B1-330-P54
21699.75   58984   0.3078003   
21720.5   58938   0.3850045   
21741.25   58892   0.4049352   
21813.75   58719.25   0.3078003   
21796.5   58761.5   0.3850024   
21779.25   58803.75   0.4049328   
21917.75   58904.25   0.3406107   
21940.5   58870.5   0.4116871   
21963.25   58836.75   0.4354032   
22112.75   58889.25   0.3078003   
22070.5   58860.5   0.3751913   
22028.25   58831.75   0.3931471   
21869.75   58708.5   0.3078003   
21908.5   58740   0.3751729   
21947.25   58771.5   0.3931255   
22046.75   58668   0.3078003   
22026.5   58713   0.3751705   
22006.25   58758   0.3931228   
23884.25   58486   0.3078003   
23923.5   58509   0.3706677   
23962.75   58532   0.3882301   
24059   58449.25   0.3078003   
24040   58484.5   0.3706678   
24021   58519.75   0.3882302   
24008   58618   0.3078003   
24006   58597   0.3706677   
24004   58576   0.3882301   
24107.75   58605.25   0.3078003   
24072.5   58588.5   0.3706677   
24037.25   58571.75   0.3882301   
23939   58672   0.3078003   
23960   58633   0.3706677   
23981   58594   0.3882301   
23792   58423.5   0.3078003   
23761   58399   0.3929531   
23730   58374.5   0.4142786   
23699   58350   0.4063126   B1-330-P62
23626.25   58485   0.3078003   
23650.5   58440   0.3764355   
23674.75   58395   0.3946046   
23749.25   58225.5   0.3078003   
23732.5   58267   0.3762382   
23715.75   58308.5   0.3943735   
23799.5   57868   0.3687519   
23816   57916   0.4195601   
23832.5   57964   0.4454296   
23705.75   57923.5   0.4397673   
23753.5   57953   0.5286814   
23801.25   57982.5   0.5928453   
23947.25   57868   0.4397673   
23914.5   57916   0.5286814   
23881.75   57964   0.5928453   
23964.5   58060   0.4397673   
23926   58044   0.5286814   
23887.5   58028   0.5639192   
23786.75   58141   0.4397673   
23807.5   58098   0.5286814   
23828.25   58055   0.5913001   
24292.75   58325.75   0.3078003   
24253.5   58297.5   0.3722174   
24214.25   58269.25   0.3899067   
24175   58241   0.3946104   B1-330-P64
24102.25   58370.75   0.3078003   
24126.5   58327.5   0.3722345   
24150.75   58284.25   0.3899252   
24055   58153.25   0.3078003   
24095   58182.5   0.3722295   
24135   58211.75   0.3899199   
24233.5   58106.75   0.3078003   
24214   58151.5   0.3722373   
24194.5   58196.25   0.3899283   
24536.75   58256.5   0.3078003   
24496.5   58229   0.3711431   
24456.25   58201.5   0.3887441   
24416   58174   0.3933332   B1-330-P65
24293.75   58090   0.3078003   
24334.5   58118   0.3711435   
24375.25   58146   0.3887445   
24478.25   58039.75   0.3078003   
24457.5   58084.5   0.3711402   
24436.75   58129.25   0.388741   
21199   59179.75   0.3078003   
21172   59217.5   0.3743183   
21145   59255.25   0.3921803   
21118   59293   0.3971259   B1-321-P51
21293.5   59335.75   0.3078003   
21235   59321.5   0.3742964   
21176.5   59307.25   0.3921567   
21039.25   59419.75   0.3078003   
21065.5   59377.5   0.3745647   
21091.75   59335.25   0.3924471   
21205   59373.25   0.3078003   
21176   59346.5   0.374306   
21147   59319.75   0.392167   
21177   59121   0.3421865   
21128   59100   0.4155024   
21079   59079   0.4401445   
21030   59058   0.4478287   B1-330-SP51
20901.75   58959   0.348915   
20944.5   58992   0.4167614   
20987.25   59025   0.4417706   
21086.25   58899.75   0.3421277   
21067.5   58952.5   0.4153603   
21048.75   59005.25   0.4399674   
22374.75   58884.75   0.3078003   
22354.5   58921.5   0.375264   
22334.25   58958.25   0.3932322   
22314   58995   0.3997762   B1-321-P56
22194.75   58937.25   0.3078003   
22234.5   58956.5   0.3752354   
22274.25   58975.75   0.3931988   
22247.25   59103.75   0.3078003   
22269.5   59067.5   0.3805264   
22291.75   59031.25   0.3995101   
22429.5   59059.5   0.3078003   
22391   59038   0.3750603   
22352.5   59016.5   0.3929936   
24007.25   57856.5   0.372714   
24034.5   57893   0.4226504   
24061.75   57929.5   0.4493567   
24167   57811.5   0.3078003   
24141   57863   0.3865724   
24115   57914.5   0.4067782   
24024.5   58048.5   0.3078003   
24046   58021   0.3834811   
24067.5   57993.5   0.4031448   
24212   58038   0.3078003   
24171   58014   0.3834777   
24130   57990   0.4031408   
21453.25   58455   0.3078003   
21447.5   58517   0.3708945   
21441.75   58579   0.3884751   
21436   58641   0.3930456   B1-331-P53
21330.25   58556.25   0.3078003   
21365.5   58584.5   0.370899   
21400.75   58612.75   0.3884799   
21493.75   58503   0.3078003   
21474.5   58549   0.370899   
21455.25   58595   0.3884799   
21373.75   58770   0.3078003   
21394.5   58727   0.370898   
21415.25   58684   0.3884788   
21567.25   58692   0.3078003   
21523.5   58675   0.3708963   
21479.75   58658   0.388477   
21088.75   58565.75   0.3078003   
21126.5   58612.5   0.370781   
21164.25   58659.25   0.3883522   
21202   58706   0.3929096   B1-331-SP52
21271.75   58572.5   0.3078003   
21248.5   58617   0.370782   
21225.25   58661.5   0.3883533   
21129.25   58811.75   0.3078003   
21153.5   58776.5   0.3707813   
21177.75   58741.25   0.3883526   
21315.25   58786.25   0.3078003   
21277.5   58759.5   0.3707823   
21239.75   58732.75   0.3883536   
21018   58580.25   0.3078003   
20985   58641.5   0.3851166   
20952   58702.75   0.405067   
20874   58885.5   0.3553104   
20889   58845   0.4176637   
20904   58804.5   0.4429502   
21603.25   58414.75   0.3078003   
21636.5   58460.5   0.3708934   
21669.75   58506.25   0.3884739   
21703   58552   0.3930434   B1-331-P54
21560.5   58480.75   0.3078003   
21608   58504.5   0.3708971   
21655.5   58528.25   0.3884779   
21799   58645.75   0.3078003   
21767   58614.5   0.3708961   
21735   58583.25   0.3884768   
22062.5   58367.5   0.3078003   
22096   58401   0.3964142   
22129.5   58434.5   0.4181919   
22337.75   58285   0.4397673   
22279.5   58346   0.5286814   
22221.25   58407   0.5928453   
22091   58584.25   0.3078003   
22115   58545.5   0.3963577   
22139   58506.75   0.4181315   
21657.75   58407.75   0.3078003   
21745.5   58446.5   0.3707001   
21833.25   58485.25   0.3882647   
21921   58524   0.3928141   B1-331-P55
22002   58381.5   0.3078003   
21975   58429   0.3707003   
21948   58476.5   0.3882649   
21853.5   58638.75   0.3078003   
21876   58600.5   0.3707007   
21898.5   58562.25   0.3882653   
22030.5   58598.25   0.3078003   
21994   58573.5   0.3707002   
21957.5   58548.75   0.3882647   
24254.75   57744   0.3078003   
24286.5   57797   0.3704784   
24318.25   57850   0.3880298   
24232.25   57795.75   0.3078003   
24271.5   57831.5   0.3706302   
24310.75   57867.25   0.3881904   
24572.75   57714   0.4397673   
24498.5   57777   0.5286814   
24424.25   57840   0.5928453   
24461.75   57972   0.4397673   
24424.5   57949   0.5286814   
24387.25   57926   0.5928453   
24631   57696.75   0.3078003   
24615   57742.5   0.3721796   
24599   57788.25   0.3898658   
24583   57834   0.394545   B1-331-P66
24520   57954.75   0.3078003   
24541   57914.5   0.3721712   
24562   57874.25   0.3898567   
24706   57899.25   0.3078003   
24665   57877.5   0.3721713   
24624   57855.75   0.3898569   
20842.25   58968.75   0.3078003   
20825.5   59011.5   0.3929125   
20808.75   59054.25   0.4142319   
20792   59097   0.4197641   B1-330-P50
20965.25   58597.75   0.3078003   
20879.5   58676.5   0.3972967   
20793.75   58755.25   0.4191344   
20821.25   58903   0.3847006   
20783.5   58880   0.4399672   
20745.75   58857   0.4699262   
24511   58561   0.3078003   
24524   58596   0.3700589   
24537   58631   0.3875859   
24606.25   58537.75   0.3078003   
24587.5   58580.5   0.3462417   
24568.75   58623.25   0.381725   
24458.5   58590.25   0.3078003   
24489   58615.5   0.370059   
24519.5   58640.75   0.387586   
24689   58523.25   0.3078003   
24724   58550.5   0.3707139   
24759   58577.75   0.3882797   
24794   58605   0.3928301   B1-320-P66
24860   58495.5   0.3078003   
24838   58532   0.370714   
24816   58568.5   0.3882797   
24662.25   58555   0.3078003   
24670.5   58614   0.3726823   
24678.75   58673   0.3904098   
24788.5   58257.25   0.4095102   
24773   58293.5   0.477789   
24757.5   58329.75   0.5169628   
24618.25   58304.5   0.3078003   
24659.5   58325   0.3853859   
24700.75   58345.5   0.4053837   
24995.5   58208.5   0.3078003   
24911   58261   0.3856658   
24826.5   58313.5   0.4057125   
24676   58463.5   0.3078003   
24698   58431   0.3853859   
24720   58398.5   0.4053836   
24847   58435.75   0.3078003   
24812   58412.5   0.3853869   
24777   58389.25   0.4053848   
24768   58191.25   0.3078003   
24732   58161.5   0.3710599   
24696   58131.75   0.388654   
24660   58102   0.3932344   B1-330-P66
24597.75   58238.5   0.3078003   
24618.5   58193   0.3710584   
24639.25   58147.5   0.3886524   
24539.25   58021.75   0.3078003   
24579.5   58048.5   0.371056   
24619.75   58075.25   0.3886498   
24725.25   57966.25   0.3078003   
24703.5   58011.5   0.3710586   
24681.75   58056.75   0.3886526   
25783.25   57904.5   0.3078003   
25810.5   57866   0.3910474   
25837.75   57827.5   0.4120802   
25742   57711   0.3078003   
25783   57737   0.3709412   
25824   57763   0.3885255   
25611.25   58295.75   0.4365376   
25617.5   58351.5   0.5225732   
25623.75   58407.25   0.5816821   
25327.25   57480.25   0.3078003   
25402.5   57515.5   0.3869964   
25477.75   57550.75   0.4072766   
25644.5   57397   0.3078003   
25614   57460   0.3869927   
25583.5   57523   0.4072722   
25826.75   57394   0.4099722   
25735.5   57458   0.4784958   
25644.25   57522   0.5178569   
25475.75   57682   0.3078003   
25501.5   57650   0.3871815   
25527.25   57618   0.4074941   
25664   57660.25   0.3078003   
25627   57635.5   0.3869995   
25590   57610.75   0.4072802   
25288.75   57959   0.3078003   
25294.5   57851   0.3905329   
25300.25   57743   0.4114699   
25479.25   57929.75   0.4397673   
25421.5   57831.5   0.5286814   
25363.75   57733.25   0.5928453   
25265.5   57492.5   0.3078003   
25279   57540   0.3756611   
25292.5   57587.5   0.3936974   
25155.25   57512   0.3078003   
25205.5   57553   0.3756611   
25255.75   57594   0.3936974   
25144.75   57580.25   0.3078003   
25198.5   57598.5   0.3756613   
25252.25   57616.75   0.3936977   
25414   57694.25   0.3078003   
25378   57674.5   0.3771881   
25342   57654.75   0.3954863   
20808   58937.5   0.4397673   
20757   58949   0.5286814   
20706   58960.5   0.5905566   
24373.5   58369.75   0.3078003   
24415   58385.5   0.3706756   
24456.5   58401.25   0.3882384   
24498   58417   0.3927863   B1-321-P65
24557.25   58317.25   0.3078003   
24537.5   58350.5   0.3706756   
24517.75   58383.75   0.3882385   
24498   58498.75   0.3078003   
24498   58471.5   0.3706756   
24498   58444.25   0.3882384   
24593.25   58475.5   0.3078003   
24561.5   58456   0.3706756   
24529.75   58436.5   0.3882384   
24445.5   58528   0.3078003   
24463   58491   0.3706756   
24480.5   58454   0.3882384   
21033.5   58603.25   0.3745499   
21016   58687.5   0.425155   
20998.5   58771.75   0.4524524   
20889.5   58908.5   0.3893445   
20920   58891   0.447466   
20950.5   58873.5   0.4785061   
21074   58849.25   0.3795934   
21043   58851.5   0.4321982   
21012   58853.75   0.4609289   
24693   58797   0.5670707   
24815.5   58782.5   0.684   
24958.5   58502   0.4006986   
20592.75   58729.75   0.4085914   
20700   59363   0.55   B1-321-49
251815.28125   56737.22265625   0.3999123   
25017   58546   0.668155   B1-320-P67
21073   59678   0.3031   B1-1-P50
21558   59574   0.3031   B1-1-P52
22061   59449   0.3031   B1-1-P54
22524   59357   0.3031   B1-1-P56
23018   59194   0.3031   B1-1-P58
23494   59074   0.3031   B1-1-P60
23974   58948   0.3031   B1-1-P62
24448   58826   0.3031   B1-1-P64
21401   59067   0.3031   B1-2-135
21895   58938   0.3031   B1-2-136
23331   58575   0.3031   B1-2-139
23823   58448   0.3031   B1-2-140
25283   58067   0.3031   B1-2-143
25756   57943   0.3031   B1-2-144
21420   59091   0.3031   B1-2-P135
21904   58982   0.3031   B1-2-P136
22395   58848   0.3031   B1-2-P137
22887   58722   0.3031   B1-2-P138
23362   58575   0.3031   B1-2-P139
23845   58463   0.3031   B1-2-P140
24332   58354   0.3031   B1-2-P141
24804   58221   0.3031   B1-2-P142
25305   58095   0.3031   B1-2-P143
25778   57975   0.3031   B1-2-P144
21226   59142   0.3031   B1-2-P35
21679   59030   0.3031   B1-2-P36
22155   58918   0.3031   B1-2-P37
22636   58785   0.3031   B1-2-P38
23128   58636   0.3031   B1-2-P39
23602   58530   0.3031   B1-2-P40
24078   58414   0.3031   B1-2-P41
24577   58284   0.3031   B1-2-P42
25080   58156   0.3031   B1-2-P43
25537   58028   0.3031   B1-2-P44
20572   58649   0.3031   B1-3-48
21155   58497   0.3031   B1-3-50
21445   58423   0.3031   B1-3-51
21729   58347   0.3031   B1-3-52
22023   58256   0.3031   B1-3-53
22607   58121   0.3031   B1-3-55
22907   58052   0.3031   B1-3-56
23185   57966   0.3031   B1-3-57
23783   57820   0.3031   B1-3-59
24380   57642   0.3031   B1-3-61
24940   57525   0.3031   B1-3-63
25252   57445   0.3031   B1-3-64
25525   57379   0.3031   B1-3-65
26098   57244   0.3031   B1-3-67
20717   58608   0.3031   B1-3-D48
21051   58519   0.3031   B1-3-D49
21292   58455   0.3031   B1-3-D50
21570   58369   0.3031   B1-3-D51
22786   58052   0.3031   B1-3-D55
23342   57931   0.3031   B1-3-D57
24223   57691   0.3031   B1-3-D60
25105   57471   0.3031   B1-3-D63
25675   57334   0.3031   B1-3-D65
21459   58393   0.3031   B1-3-F51
22612   58092   0.3031   B1-3-F55
20697   58660   0.3031   B1-3-P253
21295   58528   0.3031   B1-3-P256
21513   58457   0.3031   B1-3-P257
22029   58334   0.3031   B1-3-P259
22396   58224   0.3031   B1-3-P261
22580   58163   0.3031   B1-3-P262
22757   58137   0.3031   B1-3-P263
22971   58076   0.3031   B1-3-P264
23658   57894   0.3031   B1-3-P267
23980   57820   0.3031   B1-3-P269
24193   57760   0.3031   B1-3-P270
25091   57562   0.3031   B1-3-P274
25918   57330   0.3031   B1-3-P278
22028   58327   0.3031   B1-3-SP258
23176   58028   0.3031   B1-3-SP265
23439   57955   0.3031   B1-3-SP266
24647   57651   0.3031   B1-3-SP272
24855   57551   0.3031   B1-3-SP273
23702   59084   0.3031   B1-311-61
26105   58455   0.3031   B1-311-71
21352   59350   0.3031   B1-D2-452
21594   59285   0.3031   B1-D2-453
22077   59164   0.3031   B1-D2-455
22566   59032   0.3031   B1-D2-457
22807   58966   0.3031   B1-D2-458
23536   58776   0.3031   B1-D2-461
23781   58715   0.3031   B1-D2-462
24010   58639   0.3031   B1-D2-463
24255   58587   0.3031   B1-D2-464
24498   58526   0.3031   B1-D2-465
25221   58343   0.3031   B1-D2-468
25732   58206   0.3031   B1-D2-470
25931   58159   0.3031   B1-D2-471
21720   59270   0.3031   B1-D2-56
23190   58870   0.3031   B1-D2-62
23660   58742   0.3031   B1-D2-64
24143   58622   0.3031   B1-D2-66
24625   58495   0.3031   B1-D2-68
25605   58240   0.3031   B1-D2-72
26019   58136   0.3031   B1-D2-74
25991   58108   0.3031   B1-D2-F74
21013   59462   0.3031   B1-D2-P53
21234   59400   0.3031   B1-D2-P54
21484   59335   0.3031   B1-D2-P55
21741   59292   0.3031   B1-D2-P56
21968   59206   0.3031   B1-D2-P57
22225   59140   0.3031   B1-D2-P58
22468   59081   0.3031   B1-D2-P59
22715   59036   0.3031   B1-D2-P60
22935   58969   0.3031   B1-D2-P61
23174   58894   0.3031   B1-D2-P62
23421   58843   0.3031   B1-D2-P63
23666   58771   0.3031   B1-D2-P64
23918   58711   0.3031   B1-D2-P65
24139   58654   0.3031   B1-D2-P66
24428   58565   0.3031   B1-D2-P67
24654   58496   0.3031   B1-D2-P68
24882   58459   0.3031   B1-D2-P69
25123   58399   0.3031   B1-D2-P70
25363   58324   0.3031   B1-D2-P71
24003   58076   0.3031   B1-D3-69
24991   57821   0.3031   B1-D3-73
25450   57714   0.3031   B1-D3-75
20859   58926   0.3031   B1-D3-P56
21105   58847   0.3031   B1-D3-P57
21353   58813   0.3031   B1-D3-P58
21611   58709   0.3031   B1-D3-P59
21831   58677   0.3031   B1-D3-P60
22067   58623   0.3031   B1-D3-P61
22562   58494   0.3031   B1-D3-P63
22798   58429   0.3031   B1-D3-P64
23042   58364   0.3031   B1-D3-P65
23253   58313   0.3031   B1-D3-P66
23766   58184   0.3031   B1-D3-P68
24015   58124   0.3031   B1-D3-P69
24253   58062   0.3031   B1-D3-P70
24499   57995   0.3031   B1-D3-P71
24747   57921   0.3031   B1-D3-P72
24964   57869   0.3031   B1-D3-P73
25217   57807   0.3031   B1-D3-P74
25449   57742   0.3031   B1-D3-P75
25701   57685   0.3031   B1-D3-P76
20878.66015625   60014.87890625   0.3031   B1-311-SP68
19758.8671875   593711.9375   0.3031   
19758.8671875   56737.22265625   0.3031   
251815.28125   593711.9375   0.3031   
24938   58768   0.684   B1-311-66
20748   59773   0.684   B1-1-049
25149   58614   0.684   B1-1-X67
20668   59225   0.684   B1-2-034
20662   59267   0.684   B1-2-34
20698   59251   0.684   B1-2-P34
20822   59847   0.684   B1-311-49
24184   58970   0.684   B1-311-63
25159   58707   0.684   B1-311-67
25641   58588   0.684   B1-311-69
25946   57730   0.684   B1-330-71
20623   59116   0.684   B1-330-J49
21032   59688   0.3096338   B1-1-050
22384   59355   0.4296639   B1-1-055
22847   59191   0.3697274   B1-1-057
24153   58873   0.4302088   B1-1-063
22880   59232   0.3407865   B1-1-458
23086   59128   0.3361513   B1-1-459
25048   58624   0.684   B1-1-467
20987   59705   0.3598881   B1-1-50
22496   59333   0.3205818   B1-1-56
22803   59221   0.3773457   B1-1-57
23415   59061   0.3366514   B1-1-60
24544   58249   0.3103842   B1-2-042
25083   58122   0.3473027   B1-2-043
22596   59154   0.3877207   B1-20-557
20830   59350   0.4919784   B1-21-550
21557   59141   0.3802658   B1-21-553
21795   59089   0.3845076   B1-21-554
22065   59016   0.385428   B1-21-555
22294   58964   0.3939545   B1-21-556
22530   58898   0.3876915   B1-21-557
23489   58658   0.3896606   B1-21-561
21094   59296   0.411342   B1-21-M551
21156   59126   0.3889518   B1-2-35
21649   59001   0.3089753   B1-2-36
25055   58132   0.3198729   B1-2-43
25508   58006   0.3057162   B1-2-44
21277   59099   0.3363515   B1-2-452
21527   59036   0.391008   B1-2-453
22983   58639   0.3652025   B1-2-459
23216   58605   0.353278   B1-2-460
23691   58482   0.33972   B1-2-462
25143   58105   0.3834961   B1-2-468
21368   59053   0.3568191   B1-2-M135
20763   59068   0.4698914   B1-30-550
21002   59016   0.440587   B1-30-551
21282   58945   0.4138227   B1-30-552
21732   58828   0.4589302   B1-30-554
24155   58197   0.3893802   B1-30-564
21065   59770   0.3031   B1-311-50
21533   59653   0.3031   B1-311-52
22992   59267   0.3078349   B1-311-58
23243   59228   0.3569146   B1-311-59
21213   58649   0.3861129   B1-31-552
21659   58530   0.3898758   B1-31-554
21885   58475   0.3886909   B1-31-555
22613   58277   0.3889668   B1-31-558
21255   59509   0.3828846   B1-320-51
22505   59168   0.352832   B1-320-56
22741   59123   0.3557651   B1-320-57
22961   59049   0.3516814   B1-320-58
24159   58754   0.3628297   B1-320-63
24678   58622   0.3787208   B1-320-65
25743   58352   0.4203722   B1-320-P70
20928   59307   0.4788843   B1-321-50
21189   59236   0.3657785   B1-321-51
22172   58967   0.3214319   B1-321-55
22410   58914   0.337421   B1-321-56
25300   58148   0.312477   B1-321-68
20877   59045   0.4476366   B1-330-50
21102   58987   0.4120384   B1-330-51
21373   58929   0.4018871   B1-330-52
22575   58595   0.3566061   B1-330-57
23306   58473   0.3644904   B1-330-60
24260   58150   0.3430252   B1-330-64
25253   57926   0.3294758   B1-330-68
21318   58621   0.3575491   B1-331-52
21772   58508   0.3836994   B1-331-54
24223   57870   0.3640892   B1-331-64
25433   57618   0.3599026   B1-331-69
23477   57895   0.3031   B1-3-58
24071   57739   0.3031   B1-3-60
22453   58153   0.3031   B1-3-D54
23066   58007   0.3031   B1-3-D56
23589   57879   0.3031   B1-3-D58
25966   57263   0.3031   B1-3-D66
22870   58038   0.3031   B1-3-F56
20883   59420   0.4384391   B1-D2-450
21098   59375   0.3775044   B1-D2-451
22325   59089   0.4147269   B1-D2-456
20993   59421   0.3611729   B1-D2-53
21969   59176   0.3093351   B1-D2-57
22201   59120   0.3031   B1-D2-58
23413   58810   0.3073333   B1-D2-63
24868   58435   0.3031   B1-D2-69
24620   57881   0.3798329   B1-D3-466
22524   58458   0.311355   B1-D3-63
22783   58390   0.3154178   B1-D3-64
23003   58331   0.3161703   B1-D3-65
20619   58641   0.3069417   G100-37
21205   58491   0.3031   G100-39
21496   58410   0.3031   G100-40
22655   58111   0.3031   G100-44
22961   58053   0.3031   G100-45
20830   59522   0.4649642   G94-37
20769   59235   0.6087973   G96-37
21348   59078   0.3482992   G96-39
21913   58908   0.3377744   G96-41
22243   58846   0.4039918   G96-42
22477   58781   0.3977753   G96-43
23082   58675   0.3243327   G96-45
21281   58772   0.3571994   G98-39
22908   58394   0.3565318   G98-45
24298   58848   0.392795   B1-1-464
25541   57998   0.3045265   B1-2-044
21628   59391   0.3863839   B1-20-553
21888   59322   0.3738522   B1-20-554
20904   59189   0.5362222   B1-2-134
22869   58692   0.3054487   B1-2-138
21085   59275   0.4284155   B1-21-551
23581   58505   0.3064953   B1-2-40
21771   58975   0.3534929   B1-2-454
21954   58762   0.3883778   B1-30-555
23419   58377   0.4067898   B1-30-561
23572   58041   0.380751   B1-31-562
24567   57779   0.3770853   B1-31-566
24905   58573   0.3937032   B1-320-66
24550   58666   0.3900962   B1-320-P65
23866   58555   0.361132   B1-321-62
22819   58547   0.3530556   B1-330-58
24514   58081   0.3478734   B1-330-65
25494   57861   0.3550147   B1-330-69
25721   57798   0.3609295   B1-330-70
25614   57851   0.3973252   B1-330-P70
25865   57789   0.3934057   B1-330-P71
22642   58329   0.3941965   B1-331-P58
24716   57728   0.3648917   B1-331-S66
21860   59256   0.3476337   B1-D2-454
20749   59499   0.4909181   B1-D2-52
21219   59367   0.3140743   B1-D2-54
23442   58263   0.4168038   B1-D3-461
21126   58822   0.3053176   B1-D3-57
24746   57871   0.3191221   B1-D3-72
21408   59370   0.3262766   G94-39
22791   58708   0.3477552   G96-44
21326   59567   0.3876873   B1-1-051
21562   59539   0.3122034   B1-1-052
21788   59473   0.3877299   B1-1-053
23664   59002   0.3685402   B1-1-061
25630   58463   0.4513023   B1-1-069
21392   59560   0.3904413   B1-1-452
21671   59498   0.3817659   B1-1-453
21887   59474   0.3894256   B1-1-454
21510   59546   0.3219258   B1-1-52
21820   59537   0.3939836   B1-1-53
21995   59430   0.3381552   B1-1-54
23716   58985   0.3927983   B1-1-61
25652   58485   0.504052   B1-1-69
23586   58433   0.3708806   B1-2-040
21372   59459   0.3952719   B1-20-552
24305   58315   0.3143976   B1-2-141
23097   58644   0.3064033   B1-2-39
24069   58379   0.3064707   B1-2-41
22742   58719   0.3762882   B1-2-458
22695   58567   0.3900588   B1-30-558
23647   58304   0.4664901   B1-30-562
21775   59589   0.3803095   B1-311-53
21512   59452   0.3692988   B1-320-52
21758   59385   0.3464458   B1-320-53
23425   58933   0.3616857   B1-320-60
23672   58890   0.3745745   B1-320-61
21399   59484   0.4002243   B1-320-P52
24318   58734   0.3909482   B1-320-P64
21933   59058   0.3385348   B1-321-54
22649   58855   0.3459267   B1-321-57
25548   58092   0.335675   B1-321-69
25467   58194   0.4328933   B1-321-P69
22722   58607   0.3968805   B1-330-P58
21551   58614   0.3773422   B1-331-53
22020   58500   0.3662972   B1-331-55
23491   58129   0.4213625   B1-331-61
23610   58090   0.3983123   B1-331-P62
21132   58546   0.3156327   B1-3-P255
22687   58998   0.3200864   B1-D2-60
21939   58618   0.3591368   B1-D3-455
22440   58488   0.4265127   B1-D3-457
22654   58427   0.363776   B1-D3-458
24114   58025   0.3823051   B1-D3-464
25567   57670   0.3634699   B1-D3-470
23299   58266   0.3335672   B1-D3-66
23551   58231   0.4696175   B1-D3-67
23537   58256   0.4616729   B1-D3-P67
22620   58434   0.3518305   G98-44
22592   58434   0.3378184   G98-F44
24553   58751   0.39766   B1-1-465
24804   58686   0.3927917   B1-1-466
24687   58732   0.392898   B1-1-65
24042   58440   0.3193393   B1-2-041
22382   58805   0.3210851   B1-2-137
24868   58162   0.3532001   B1-2-142
24217   58463   0.3868666   B1-21-564
24704   58322   0.3841903   B1-2-42
22048   58888   0.4083694   B1-2-455
24958   58133   0.350855   B1-2-467
25407   58018   0.3771173   B1-2-469
25643   57974   0.3421667   B1-2-470
22202   58697   0.3930098   B1-30-556
22436   58629   0.4367084   B1-30-557
23938   58251   0.4124356   B1-30-563
22467   58626   0.4346906   B1-30-F557
24441   58903   0.331944   B1-311-64
20922   59589   0.3984839   B1-320-P50
21138   59558   0.4038655   B1-320-SP51
24974   58321   0.3918952   B1-321-P67
21864   58802   0.3854127   B1-330-54
22102   58717   0.3698318   B1-330-55
22342   58678   0.4148009   B1-330-56
24032   58225   0.3519126   B1-330-63
21986   58803   0.4006309   B1-330-P55
22476   58670   0.4355145   B1-330-P57
23932   58294   0.4187205   B1-330-P63
24975   57732   0.3790712   B1-331-67
22163   58468   0.4113353   B1-331-P56
23360   58150   0.4301087   B1-331-SP61
23052   58900   0.3257776   B1-D2-459
22443   59061   0.3065547   B1-D2-59
24398   58596   0.3135018   B1-D2-67
21237   58774   0.3844637   B1-D3-452
22186   58572   0.3951721   B1-D3-456
25340   57749   0.3825432   B1-D3-469
22313   58564   0.4318485   B1-D3-P62
22059   58284   0.3103124   G100-42
21602   59003   0.3525446   G96-40
21526   58751   0.3419457   G98-40
22182   58608   0.3592093   G98-42
23891   58948   0.3656274   B1-1-062
25350   58567   0.4331606   B1-1-068
21284   59603   0.3936824   B1-1-51
22956   59175   0.3277712   B1-1-58
20905   59565   0.4274082   B1-20-550
21166   59494   0.3780507   B1-20-551
22352   59211   0.4517825   B1-20-556
21304   59213   0.3814324   B1-21-552
23939   58406   0.3622717   B1-2-463
25880   57908   0.4299829   B1-2-471
21489   58889   0.403884   B1-30-553
25391   58643   0.4924467   B1-311-68
20692   58780   0.3935445   B1-31-550
24086   57905   0.3767133   B1-31-564
25956   58279   0.3755094   B1-320-CSP71
22388   59230   0.4548783   B1-320-P56
21703   59120   0.3554009   B1-321-53
25077   58203   0.3094752   B1-321-67
23794   58295   0.3638054   B1-330-62
24778   58019   0.3684813   B1-330-66
21519   58910   0.4097519   B1-330-P53
25356   57920   0.3953016   B1-330-P69
23735   58013   0.4091248   B1-331-62
23975   58002   0.3815238   B1-331-63
24089   57966   0.3962582   B1-331-P64
25458   58274   0.3805134   B1-D2-469
20763   59545   0.5177466   B1-D2-P52
21455   58756   0.3587001   B1-D3-453
25096   57785   0.3225432   B1-D3-468
23761   58147   0.3427654   B1-D3-68
21119   59440   0.3286348   G94-38
22337   59162   0.4235893   G94-42
22044   59424   0.3102999   B1-1-054
22136   59384   0.3656926   B1-1-455
20832   59734   0.5772165   B1-1-49
24388   58814   0.3411224   B1-1-64
24929   58668   0.5575482   B1-1-66
25318   58589   0.4357865   B1-1-68
22106   59280   0.3796692   B1-20-555
22136   58874   0.3655142   B1-2-37
22623   58747   0.3743611   B1-2-38
20997   59168   0.4920933   B1-2-451
22023   59531   0.3258979   B1-311-54
22758   59330   0.3649952   B1-311-57
20761   59641   0.515978   B1-320-49
22012   59324   0.3767019   B1-320-54
25340   58428   0.3915216   B1-320-68
23127   58730   0.3496736   B1-321-59
25015   57976   0.3911944   B1-330-67
22231   58740   0.3985159   B1-330-P56
24886   58056   0.4146538   B1-330-P67
22501   58362   0.360767   B1-331-57
20708   58834   0.395917   B1-331-P50
20919   58764   0.39315   B1-331-P51
21814   58650   0.3048265   B1-D3-60
22582   59079   0.3179254   G94-43
21864   58636   0.3197211   G98-41
21095   59146   0.4461862   B1-2-035
21635   58947   0.3800238   B1-2-036
20947   59222   0.5250704   B1-2-P134
22278   59442   0.4030944   B1-311-55
20945   58710   0.3893587   B1-31-551
22253   59259   0.4318049   B1-320-55
23376   58664   0.3477429   B1-321-60
21609   58854   0.4076391   B1-330-53
20799   58750   0.3726449   B1-331-50
21691   58690   0.4530988   B1-D3-454
21575   58713   0.3093247   B1-D3-59
25210   57775   0.3142744   B1-D3-74
21051   59166   0.4663542   G96-38
24711   58688   0.3881568   B1-1-065
25129   58581   0.6448057   B1-1-067
23079   58592   0.3203759   B1-2-039
20797   59216   0.55   B1-2-450
23148   58473   0.3630469   B1-30-560
23164   58500   0.3665276   B1-30-M560
24401   58701   0.3725291   B1-320-64
25115   58491   0.4157559   B1-320-67
24249   58512   0.3587915   B1-321-P64
23065   58471   0.3435491   B1-330-59
21081   58743   0.3788996   B1-331-51
25673   57521   0.3880244   B1-331-70
24843   57758   0.3863412   B1-331-P67
24987   58409   0.3536889   B1-D2-467
20726   58930   0.5033984   B1-D3-450
20981   58856   0.4414495   B1-D3-451
24866   57851   0.3121979   B1-D3-467
24239   58018   0.3182167   B1-D3-70
20943   58866   0.4377637   G98-38
24044   58908   0.3962271   B1-1-463
21262   59719   0.357005   B1-311-51
23944   59023   0.3347488   B1-311-62
23928   58814   0.3534657   B1-320-62
24103   58488   0.3327076   B1-321-63
21478   59302   0.3107673   B1-D2-55
25344   58312   0.3120659   B1-D2-71
25690   57654   0.3039669   B1-D3-76
21982   59225   0.3120012   G94-41
24348   58417   0.3260863   B1-321-64
24574   58337   0.3237041   B1-321-65
23576   58353   0.4293191   B1-330-61
22040   58589   0.3097044   B1-D3-61
25202   57654   0.3705435   B1-331-68
22255   58524   0.4506613   S117
26080   58360   0.3413683   B1-1-071
26044   58285   0.3744593   B1-1-71
23608   58623   0.3395558   B1-321-61
25786   58034   0.3131825   B1-321-70
23938   58934   0.3052926   B1-1-62
25996   57879   0.5392192   B1-2-45
26013   57904   0.5223044   B1-2-P45
24826   58272   0.3086561   B1-321-66
26015   57971   0.4482276   B1-321-71
24461   57844   0.3802015   B1-331-65
23125   58308   0.3485766   B1-D3-460
24481   57958   0.3051783   B1-D3-71
23478   59043   0.3065807   B1-1-060
25478   58528   0.4734098   B1-1-469
25403   58573   0.479636   B1-1-P68
25591   58374   0.427785   B1-320-69
20559   58872   0.4945101   B1-331-49
25912   57534   0.4137281   B1-331-71
25605   58278   0.3548681   B1-D2-P72
20655   58972   0.5381926   B1-D3-M55
20626   58987   0.5710618   B1-D3-P55
20661   58942   0.5280342   G98-37
24692   58830   0.5554262   B1-311-65
21432   59166   0.312995   B1-321-52
25710   57369   0.3050668   B1-3-P277
22933   58935   0.3197432   B1-D2-61
22975   58244   0.3653389   B1-331-59
20871   58569   0.3035872   B1-3-49
24409   57699   0.3143743   B1-3-SP271
25111   58376   0.3033806   B1-D2-70
20900   58570   0.3048585   G100-38
22998   59141   0.3090722   B1-1-058
25828   58434   0.4163664   B1-1-070
25801   58450   0.4239241   B1-1-70
24941   58709   0.55   B1-1-P66
25869   58431   0.418107   B1-1-P70
23113   59036   0.3412832   B1-20-559
23819   58841   0.3880329   B1-20-562
23723   58607   0.3800976   B1-21-562
22122   58410   0.3878233   B1-31-556
23092   58154   0.366849   B1-31-560
23321   58048   0.3678423   B1-31-561
23861   57963   0.3836637   B1-31-563
24320   57852   0.3808471   B1-31-565
23217   58979   0.3286949   B1-320-59
25827   58313   0.3783081   B1-320-70
26048   58250   0.3420706   B1-320-71
21904   59373   0.3881372   B1-320-P54
23077   59021   0.3361577   B1-320-P59
24055   58797   0.3846154   B1-320-P63
22886   58800   0.3221023   B1-321-58
25929   58056   0.390147   B1-321-P71
23849   58012   0.4091584   B1-331-P63
24350   57903   0.3893482   B1-331-P65
25785   57524   0.3758293   B1-331-P71
25835   58184   0.3202628   B1-D2-73
25837   58220   0.3159335   B1-D2-P73
25887   57603   0.3962048   B1-D3-77
22842   59094   0.3826293   B1-20-558
23346   58918   0.3493772   B1-20-560
23023   58782   0.3749172   B1-21-559
23255   58712   0.3650866   B1-21-560
23972   58528   0.3802891   B1-21-563
22374   58322   0.3472075   B1-31-557
22874   59101   0.3856678   B1-320-P58
23346   58974   0.3763591   B1-320-SP60
23038   58807   0.3642194   B1-321-P59
23763   58615   0.3601593   B1-321-P62
24002   58555   0.3449181   B1-321-P63
23207   58495   0.3798097   B1-330-P60
22251   58368   0.3525175   B1-331-56
22399   58384   0.3872782   B1-331-P57
23122   58202   0.3850998   B1-331-P60
23226   58149   0.384577   B1-331-S60
23882   58111   0.4315717   B1-D3-463
25793   57622   0.4365714   B1-D3-471
22368   58491   0.4504893   G98-43
23233   59109   0.3832576   B1-1-59
20609   58953   0.55   B1-D3-55
22871   59003   0.3148219   G94-44
22770   58875   0.3587817   B1-321-P58
23507   58685   0.3667736   B1-321-P61
23636   58170   0.462963   B1-D3-462
21781   58328   0.3094983   G100-41
23276   58737   0.3680049   B1-321-P60
23304   58800   0.3553814   B1-D2-460
22797   58867   0.3255138   B1-21-558
22772   58841   0.3900123   B1-21-M558
25306   57635   0.3700733   B1-331-P69
23268   59116   0.3796163   B1-1-059
23332   59070   0.3749557   B1-1-460
25690   58122   0.3461123   B1-321-P70
25509   58422   0.4481765   B1-320-P69
24734   58444   0.3512008   B1-D2-466
23568   58896   0.3634124   B1-20-561
22986   58509   0.3785766   B1-30-559
22958   58490   0.3715579   B1-30-M559
22814   58229   0.3113924   B1-31-559
23570   58927   0.3736722   B1-320-P61
24742   58366   0.3750848   B1-321-P66
22964   58537   0.3697429   B1-330-P59
22864   58283   0.3381507   B1-331-P59
25553   57586   0.4004807   B1-331-P70
22895   58371   0.3576734   B1-D3-459
23151   58933   0.3035375   G94-45
22725   58255   0.3449095   B1-331-58
25058   57712   0.3858551   B1-331-P68
21406   58580   0.3763268   B1-31-553
23474   59139   0.3031   B1-311-60
21704   59300   0.3031   G94-40
24432   58796   0.3031   B1-1-064
25382   57406   0.3031   B1-3-D64
22545   59383   0.3031   B1-311-56
21876   58292   0.3031   B1-3-F52
20846   58896   0.3031   B1-D3-56
21351   58788   0.3031   B1-D3-58
23895   58686   0.3031   B1-D2-65
22319   58198   0.3031   B1-3-54
25825   57292   0.3031   B1-3-66
22160   58217   0.3031   B1-3-F53
22365   58181   0.3031   G100-43
23899   57802   0.3031   B1-3-D59
22542   59331   0.3031   B1-1-056
24721   57569   0.3031   B1-3-62
24567   57625   0.3031   B1-3-D61
