24231   58628.75   0.3129003   
24207   58670.5   0.3851976   
24183   58712.25   0.403906   
24159   58754   0.4088615   B1-320-63
24329.5   58628   0.4618339   
24404   58669   0.5571278   
24478.5   58710   0.5931587   
24459.25   58611.5   0.4618339   
24490.5   58658   0.5571278   
24521.75   58704.5   0.5626193   
21394   59032.5   0.3957481   
21387   58998   0.4528776   
21380   58963.5   0.4833673   
21358   58842   0.3129003   
21363   58871   0.4019231   
21368   58900   0.4235635   
21432.5   59059.25   0.4259046   
21464   59051.5   0.4988731   
21495.5   59043.75   0.5395899   
22453.5   59039.25   0.3129003   
22439   58997.5   0.3853052   
22424.5   58955.75   0.4040242   
22410   58914   0.4089878   B1-321-56
22838.5   58958.25   0.3129003   
22870   58950.5   0.3852008   
22901.5   58942.75   0.4039096   
22933   58935   0.4088653   B1-D2-61
23022.25   58908.75   0.3129003   
22992.5   58917.5   0.3852009   
22962.75   58926.25   0.4039096   
22578.5   58523.25   0.405126   
22633   58588.5   0.4668791   
22687.5   58653.75   0.5005028   
22742   58719   0.5094572   B1-2-458
23209.5   58382.75   0.3129003   
23166   58452.5   0.3855795   
23122.5   58522.25   0.4043255   
23079   58592   0.4093097   B1-2-039
23325.5   58582.5   0.3129003   
23289   58590   0.3852705   
23252.5   58597.5   0.4039862   
23216   58605   0.4089471   B1-2-460
23601.25   58265.75   0.3129003   
23665.5   58275.5   0.3852533   
23729.75   58285.25   0.4039673   
23794   58295   0.4089271   B1-330-62
23773   58211.75   0.3129003   
23780   58239.5   0.3852537   
23787   58267.25   0.4039676   
21578.75   59377   0.3129003   
21563.5   59469   0.3883332   
21548.25   59561   0.4073505   
21533   59653   0.412541   B1-311-52
21866.75   59310.5   0.3129003   
21873.5   59365   0.3909507   
21880.25   59419.5   0.4102796   
21887   59474   0.4156219   B1-1-454
22790.5   59005.25   0.3129003   
22774   59044.5   0.3856286   
22757.5   59083.75   0.4043795   
22741   59123   0.4093673   B1-320-57
22825.25   59032.5   0.3129003   
22843.5   59099   0.3852009   
22861.75   59165.5   0.4039096   
22880   59232   0.4088653   B1-1-458
23368.5   59122.25   0.3129003   
23243   59170.5   0.3898904   
23117.5   59218.75   0.4090903   
22992   59267   0.4126582   B1-311-58
22853.25   59041.25   0.3129003   
22899.5   59116.5   0.3877006   
22945.75   59191.75   0.4066556   
23037   58991.75   0.3129003   
23022   59083.5   0.3877041   
23007   59175.25   0.4066594   
23538.5   59028   0.3129003   
23583   58982   0.3851941   
23627.5   58936   0.4039022   
23672   58890   0.4088575   B1-320-61
23570   58804.5   0.3129003   
23604   58833   0.3851941   
23638   58861.5   0.4039022   
24522   58595.25   0.4618339   
24616   58625.5   0.5571278   
24710   58655.75   0.6254114   
25170.75   58423.75   0.4525703   
25230.5   58471.5   0.5417955   
25290.25   58519.25   0.5911532   
25541.25   58321.75   0.4563574   
25477.5   58403.5   0.5480548   
25413.75   58485.25   0.608319   
22096.75   58610.25   0.3129003   
22126.5   58597.5   0.3852299   
22156.25   58584.75   0.4039416   
22186   58572   0.4088995   B1-D3-456
22518.25   58434   0.3129003   
22512.5   58410   0.387156   
22506.75   58386   0.4060573   
22501   58362   0.4111596   B1-331-57
22833.25   58100   0.3129003   
22880.5   58148   0.3855368   
22927.75   58196   0.4042787   
22975   58244   0.4092596   B1-331-59
23423.5   58587   0.4419492   
23485   58599   0.5246081   
23546.5   58611   0.5724834   
23554   58737.75   0.3926501   
23572   58699.5   0.4480825   
23590   58661.25   0.4780545   
24367.5   58511.25   0.4618339   
24307   58457.5   0.5571278   
24246.5   58403.75   0.6254114   
23795   58165.75   0.3129003   
23824   58147.5   0.3852651   
23853   58129.25   0.4039801   
23882   58111   0.4089407   B1-D3-463
24450.5   58098.25   0.3129003   
24387   58115.5   0.3852559   
24323.5   58132.75   0.4039701   
24260   58150   0.4089299   B1-330-64
24474   58050   0.3129003   
24434   58019   0.386284   
24394   57988   0.4050995   
24354   57957   0.4101364   B1-D3-465
24845.5   58126.25   0.3485224   
24823   58090.5   0.4238844   
24800.5   58054.75   0.448348   
24580   58065.5   0.3129003   
24646   58050   0.3893361   
24712   58034.5   0.4084684   
24501.25   57779   0.3129003   
24593.5   57859   0.3896458   
24685.75   57939   0.4088157   
24917.5   57906.5   0.3129003   
24871   57944   0.3893377   
24824.5   57981.5   0.4084702   
24921.75   58152   0.3844624   
24975.5   58142   0.4366908   
25029.25   58132   0.4643272   
24925   58067.75   0.3937277   
24982   57973.5   0.4497517   
25039   57879.25   0.4799597   
25096   57785   0.4830775   B1-D3-468
25556.5   57473   0.3852018   
25403   57577   0.4376552   
25249.5   57681   0.4654976   
25361.5   57731.75   0.3993719   
25273   57749.5   0.4583741   
25184.5   57767.25   0.4897999   
24997   57848   0.3850769   
25030   57827   0.4374918   
25063   57806   0.465299   
25981.5   57828.75   0.4206918   
25950   57753.5   0.4904005   
25918.5   57678.25   0.5296068   
25754.25   57427.5   0.3999414   
25798.5   57486   0.4592242   
25842.75   57544.5   0.4908532   
25910.25   57398.25   0.3997155   
25902.5   57466.5   0.458887   
25894.75   57534.75   0.4904355   
25747.5   57664.5   0.4124802   
25794   57644   0.4780197   
25840.5   57623.5   0.5138263   
21267.75   59399.25   0.3129003   
21183.5   59448.5   0.3877996   
21099.25   59497.75   0.4067644   
21015   59547   0.4119149   B1-320-50
21904.5   58968   0.388087   
21914   58998   0.4414911   
21923.5   59028   0.4702083   
21878.25   59206.5   0.3129003   
21896.5   59157   0.3954235   
21914.75   59107.5   0.4154968   
24986   58228.5   0.4618339   
25104   58295   0.5571278   
25222   58361.5   0.5962089   
25168.25   58389   0.3833051   
25225.5   58402   0.4351823   
25282.75   58415   0.4624968   
25538.75   58287   0.3936571   
25472.5   58334   0.4496425   
25406.25   58381   0.479835   
25477.75   58058   0.4618339   
25418.5   58088   0.5571278   
25359.25   58118   0.5890257   
23303.25   58613.75   0.3129003   
23244.5   58652.5   0.3852419   
23185.75   58691.25   0.4039547   
23127   58730   0.4089141   B1-321-59
23070.75   58857.5   0.3129003   
23089.5   58815   0.3852435   
23108.25   58772.5   0.4039565   
23259.75   58782.5   0.3129003   
23215.5   58765   0.3852416   
23171.25   58747.5   0.4039544   
21635   59310   0.3129003   
21676   59335   0.3852538   
21717   59360   0.4039678   
21758   59385   0.4089284   B1-320-53
21834.5   59288.25   0.3129003   
21809   59320.5   0.3852554   
21783.5   59352.75   0.4039695   
22060.75   59204   0.3129003   
22044.5   59244   0.3852038   
22028.25   59284   0.4039128   
22012   59324   0.4088687   B1-320-54
22767.5   58938.25   0.3129003   
22728   58910.5   0.3855013   
22688.5   58882.75   0.4042397   
22649   58855   0.4092239   B1-321-57
22677.5   58962.25   0.3129003   
22668   58926.5   0.3855115   
22658.5   58890.75   0.4042508   
22826.75   58924.5   0.3129003   
22846.5   58883   0.3871137   
22866.25   58841.5   0.4060109   
22886   58800   0.411144   B1-321-58
23010.5   58875   0.3129003   
22969   58850   0.3871717   
22927.5   58825   0.4060747   
24290.75   58589.25   0.3129003   
24326.5   58591.5   0.3851953   
24362.25   58593.75   0.4039035   
24398   58596   0.4088588   B1-D2-67
24420.5   58572.75   0.3129003   
24413   58580.5   0.3851953   
24405.5   58588.25   0.4039035   
22550   58522   0.356802   
22576   58586   0.4304212   
22602   58650   0.4566255   
22628   58714   0.4638362   B1-2-038
25921.75   58413.25   0.3129003   
25974.5   58395.5   0.3854566   
26027.25   58377.75   0.4041905   
26080   58360   0.4091654   B1-1-071
23418   58539.5   0.3129003   
23474   58504   0.3855126   
23530   58468.5   0.404252   
23549.25   58300.25   0.3129003   
23561.5   58344.5   0.3855014   
23573.75   58388.75   0.4042398   
21945.25   58910.5   0.3930128   
21995.5   58883   0.4486443   
22045.75   58855.5   0.4786958   
22074.25   58674.25   0.3129003   
22081.5   58725.5   0.3975437   
22088.75   58776.75   0.4180989   
23428.75   59082.75   0.3129003   
23363.5   59091.5   0.3852229   
23298.25   59100.25   0.4039338   
23233   59109   0.4088911   B1-1-59
23286.25   58877.25   0.3129003   
23268.5   58954.5   0.3852228   
23250.75   59031.75   0.4039336   
23457   59049   0.3129003   
23420   59024   0.3852   
23383   58999   0.4039087   
23346   58974   0.4088644   B1-320-SP60
23314.5   58843.5   0.3129003   
23325   58887   0.3852   
23335.5   58930.5   0.4039087   
23402.25   58875.75   0.3129003   
23383.5   58908.5   0.3852   
23364.75   58941.25   0.4039087   
23513   59037.25   0.3129003   
23532   59000.5   0.4032001   
23551   58963.75   0.4250425   
23414   58663   0.4618339   
23466   58751   0.5571278   
23518   58839   0.6039401   
23458.25   58864   0.3129003   
23495.5   58885   0.4032003   
23532.75   58906   0.4250426   
25519.5   58069.5   0.3129003   
25502   58111   0.4071715   
25484.5   58152.5   0.4295688   
25570.5   58228.5   0.4292883   
25536   58217   0.5041906   
25501.5   58205.5   0.5461216   
24934   58116   0.4618339   
25000   58070   0.5571278   
25066   58024   0.572646   
25547   57454.75   0.3460178   
25384   57540.5   0.4179279   
25221   57626.25   0.4414527   
25058   57712   0.447381   B1-331-P68
24749.75   57666.25   0.3460178   
24852.5   57681.5   0.4179279   
24955.25   57696.75   0.4414527   
24987.5   57829.75   0.3354373   
25011   57790.5   0.4165732   
25034.5   57751.25   0.439971   
25491.75   58001   0.3129003   
25446.5   57974   0.3867069   
25401.25   57947   0.405564   
25356   57920   0.4106326   B1-330-P69
25815.75   57995.25   0.3129003   
25853.5   58015.5   0.3852284   
25891.25   58035.75   0.4039398   
25992   57942   0.3129003   
25971   57980   0.3852285   
25950   58018   0.4039399   
25930.5   58133.25   0.3129003   
25930   58107.5   0.3852284   
25929.5   58081.75   0.4039398   
25858.5   58152   0.3129003   
25882   58120   0.3852324   
25905.5   58088   0.4039442   
25975.5   58095   0.3129003   
25960   58082   0.3852284   
25944.5   58069   0.4039398   
25824.25   58353.75   0.3129003   
25779.5   58276.5   0.3851811   
25734.75   58199.25   0.4038879   
25575.25   58051.5   0.3129003   
25613.5   58075   0.3851812   
25651.75   58098.5   0.403888   
25626.25   58210.5   0.3129003   
25647.5   58181   0.3849404   
25668.75   58151.5   0.4036235   
25798.75   58168.5   0.3129003   
25762.5   58153   0.3851817   
25726.25   58137.5   0.4038885   
25720.5   57920   0.3129003   
25685   57897   0.4132987   
25649.5   57874   0.4363844   
25556.25   57983.75   0.3129003   
25575.5   57939.5   0.3861367   
25594.75   57895.25   0.4049376   
25491   57748.25   0.3129003   
25532   57782.5   0.3869445   
25573   57816.75   0.405825   
22654.5   58983.5   0.3129003   
22622   58969   0.3864606   
22589.5   58954.5   0.4052935   
22557   58940   0.4103169   B1-321-P57
22490.25   59045.75   0.3129003   
22512.5   59010.5   0.3864151   
22534.75   58975.25   0.4052434   
23807.5   58211.5   0.3129003   
23849   58239   0.3852695   
23890.5   58266.5   0.403985   
23932   58294   0.4089459   B1-330-P63
24894.5   58201.75   0.3842675   
24921   58241.5   0.4364368   
24947.5   58281.25   0.464019   
25076.75   58362.25   0.3129003   
25042.5   58348.5   0.39744   
25008.25   58334.75   0.4179667   
24872.5   58135.5   0.3507524   
24877   58109   0.4291627   
24881.5   58082.5   0.4550483   
24944.5   57915.75   0.3129003   
24925   57962.5   0.3924171   
24905.5   58009.25   0.4119245   
25912.75   58394.5   0.3129003   
25956.5   58358   0.3851999   
26000.25   58321.5   0.4039086   
26044   58285   0.4088642   B1-1-71
25959.25   58190.5   0.3129003   
25987.5   58222   0.3851999   
26015.75   58253.5   0.4039086   
23739.75   57887.5   0.431561   
23696.5   57955   0.5075093   
23653.25   58022.5   0.5504766   
23481.75   57988.75   0.3129003   
23524.5   58022.5   0.4115936   
23567.25   58056.25   0.4344979   
23555.25   58214.5   0.3129003   
23573.5   58173   0.4107048   
23591.75   58131.5   0.4335146   
23727   58160.5   0.3129003   
23688   58137   0.4110681   
23649   58113.5   0.4339166   
23220.25   58285.25   0.3850502   
23187.5   58257.5   0.4374571   
23154.75   58229.75   0.4652569   
23419.25   58003.75   0.3129003   
23399.5   58052.5   0.3855358   
23379.75   58101.25   0.4042775   
23279.75   58272.25   0.3900365   
23306.5   58231.5   0.4441983   
23333.25   58190.75   0.4735099   
23492.75   58229.5   0.3129003   
23448.5   58203   0.3855138   
23404.25   58176.5   0.4042534   
24517.5   57713.75   0.4618339   
24626   57728.5   0.5571278   
24734.5   57743.25   0.5490748   
24696   57677.75   0.3930656   
24745   57704.5   0.4487261   
24794   57731.25   0.4787892   
24933.75   57841.25   0.3945241   
24903.5   57813.5   0.4509839   
24873.25   57785.75   0.4813056   
23592.75   58735.75   0.3129003   
23649.5   58695.5   0.3852212   
23706.25   58655.25   0.4039319   
23763   58615   0.4088892   B1-321-P62
23593.5   58345.75   0.3129003   
23650   58435.5   0.3852212   
23706.5   58525.25   0.4039319   
21298.5   59402   0.3129003   
21245   59454   0.385195   
21191.5   59506   0.4039032   
21138   59558   0.4088585   B1-320-SP51
21545.25   59334.75   0.3129003   
21496.5   59384.5   0.3851949   
21447.75   59434.25   0.4039031   
21399   59484   0.4088584   B1-320-P52
23323.25   58555   0.3129003   
23284.5   58535   0.3990208   
23245.75   58515   0.4199795   
23207   58495   0.425595   B1-330-P60
23241.5   58358.5   0.3129003   
23230   58404   0.3990258   
23218.5   58449.5   0.4199859   
23340.5   58615.5   0.3129003   
23319   58656   0.3851971   
23297.5   58696.5   0.4039055   
23276   58737   0.408861   B1-321-P60
23297   58784.25   0.3129003   
23290   58768.5   0.3851971   
23283   58752.75   0.4039055   
23384.75   58816.5   0.3129003   
23348.5   58790   0.3851971   
23312.25   58763.5   0.4039055   
23380.25   58534.25   0.3129003   
23398.5   58493.5   0.3854156   
23416.75   58452.75   0.4041455   
23298.5   58337.75   0.3392264   
23344   58362.5   0.4170529   
23389.5   58387.25   0.4404956   
23511.5   58295   0.3129003   
23486   58334   0.3854157   
23460.5   58373   0.4041456   
25814.75   58444.5   0.3129003   
25760.5   58458   0.3865586   
25706.25   58471.5   0.4054011   
25652   58485   0.4104586   B1-1-69
24270.75   58623.75   0.3129003   
24286.5   58660.5   0.3851941   
24302.25   58697.25   0.4039022   
24318   58734   0.4088574   B1-320-P64
22612.25   59056   0.3505607   
22537.5   59114   0.4286938   
22462.75   59172   0.4544527   
22388   59230   0.4614411   B1-320-P56
22448   59118.25   0.3504476   
22428   59155.5   0.4284169   
22408   59192.75   0.4541009   
22759.25   59023.25   0.3129003   
22711.5   59080.5   0.3888769   
22663.75   59137.75   0.4079533   
22616   59195   0.4132874   B1-320-P57
22669.25   59047.25   0.3129003   
22651.5   59096.5   0.3890594   
22633.75   59145.75   0.4081581   
21448.5   59098.25   0.4086779   
21496   59129.5   0.4722528   
21543.5   59160.75   0.5069188   
21819   59001.5   0.3934084   
21743   59065   0.449257   
21667   59128.5   0.4793951   
21593.25   59261.75   0.3129003   
21592.5   59238.5   0.4008235   
21591.75   59215.25   0.4222748   
21387.5   59111.75   0.3933626   
21374   59156.5   0.4491861   
21360.5   59201.25   0.4793143   
21350.75   59324   0.3129003   
21349.5   59298   0.4006369   
21348.25   59272   0.4220372   
21532.25   59275.25   0.3129003   
21470.5   59265.5   0.4006369   
21408.75   59255.75   0.4220372   
21430.5   59027.75   0.4008201   
21460   58988.5   0.4605359   
21489.5   58949.25   0.4924783   
21394.5   58837.25   0.3129003   
21436   58861.5   0.4008241   
21477.5   58885.75   0.4222755   
21588   58759.25   0.3129003   
21565   58809.5   0.4008237   
21542   58859.75   0.422275   
21648.75   58743.25   0.3129003   
21686.5   58777.5   0.3855007   
21724.25   58811.75   0.404239   
21813.75   58719.25   0.3966613   
21796.5   58761.5   0.4542792   
21779.25   58803.75   0.4849389   
21917.75   58904.25   0.4175552   
21940.5   58870.5   0.4854037   
21963.25   58836.75   0.5235794   
21869.75   58708.5   0.3630839   
21908.5   58740   0.4312379   
21947.25   58771.5   0.4576399   
22046.75   58668   0.4436367   
22026.5   58713   0.5273254   
22006.25   58758   0.5760535   
23577.5   58279.5   0.3129003   
23618   58303   0.3129003   
23658.5   58326.5   0.3881938   
23886.5   57854.5   0.3129003   
23874   57907   0.3851941   
23861.5   57959.5   0.4039022   
23849   58012   0.4088574   B1-331-P63
24407.75   58052.25   0.3129003   
24301.5   58023.5   0.3854882   
24195.25   57994.75   0.4042252   
24089   57966   0.4092004   B1-331-P64
23946.5   57843   0.3129003   
23994   57884   0.3854846   
24041.5   57925   0.4042213   
21453.25   58455   0.3129003   
21447.5   58517   0.3980286   
21441.75   58579   0.4187162   
21373.75   58770   0.3129003   
21394.5   58727   0.3980294   
21415.25   58684   0.4187173   
21567.25   58692   0.4618339   
21523.5   58675   0.5571278   
21479.75   58658   0.5942935   
21634   58669.75   0.3129003   
21657   58630.5   0.3852551   
21680   58591.25   0.4039692   
21799   58645.75   0.3129003   
21767   58614.5   0.385256   
21735   58583.25   0.4039702   
22091   58584.25   0.43082   
22115   58545.5   0.5064225   
22139   58506.75   0.549051   
21574.5   58425.75   0.3129003   
21690   58458.5   0.4057148   
21805.5   58491.25   0.4279326   
22001.25   58376.25   0.3129003   
21974.5   58425.5   0.4056268   
21947.75   58474.75   0.4278338   
21853.5   58638.75   0.3129003   
21876   58600.5   0.4056121   
21898.5   58562.25   0.4278172   
22030.5   58598.25   0.4248508   
21994   58573.5   0.4971665   
21957.5   58548.75   0.5375333   
24394.25   57750   0.4618339   
24379.5   57801   0.5571278   
24364.75   57852   0.6254114   
24458.5   58590.25   0.3129003   
24489   58615.5   0.3852028   
24519.5   58640.75   0.4039117   
24550   58666   0.4088676   B1-320-P65
25031.75   58433.25   0.4618339   
24952.5   58490.5   0.5571278   
24873.25   58547.75   0.5747151   
24519.5   58575   0.4618339   
24611   58585   0.5571278   
24702.5   58595   0.6144363   
24689   58523.25   0.3129003   
24724   58550.5   0.3953708   
24759   58577.75   0.4154335   
24860   58495.5   0.3129003   
24838   58532   0.3953723   
24816   58568.5   0.4154353   
24836.5   58213   0.3508688   
24805   58264   0.4294478   
24773.5   58315   0.4554105   
24571   58152.25   0.3129003   
24628   58223.5   0.3884417   
24685   58294.75   0.4074697   
25018.75   58373.5   0.3129003   
24926.5   58371   0.3884417   
24834.25   58368.5   0.4074697   
24676   58463.5   0.3129003   
24698   58431   0.3884417   
24720   58398.5   0.4074697   
24847   58435.75   0.3129003   
24812   58412.5   0.3884417   
24777   58389.25   0.4074697   
25783.25   57904.5   0.3129003   
25810.5   57866   0.4114773   
25837.75   57827.5   0.4343692   
25976   57875.25   0.3129003   
25939   57846.5   0.3851995   
25902   57817.75   0.4039081   
25553.75   57732.75   0.3129003   
25657.5   57751.5   0.3842841   
25761.25   57770.25   0.4029106   
25742   57711   0.3129003   
25783   57737   0.3851995   
25824   57763   0.4039081   
25670.75   57423.25   0.3129003   
25631.5   57477.5   0.3900007   
25592.25   57531.75   0.409214   
25475.75   57682   0.3129003   
25501.5   57650   0.3949047   
25527.25   57618   0.414874   
25664   57660.25   0.3129003   
25627   57635.5   0.3899937   
25590   57610.75   0.4092062   
21617   58768.5   0.4618339   
21623   58828   0.5571278   
21629   58887.5   0.6254114   
20923.5   58612.5   0.3488885   
20976   58656   0.4247064   
21028.5   58699.5   0.4493902   
21081   58743   0.4563865   B1-331-51
24537.5   58394   0.6254114   
20818.75   58743.5   0.4618339   
20766.5   58918   0.5571278   
20714.25   59092.5   0.6254114   
20953.75   58603.25   0.4563574   
21036.5   58637.5   0.5480548   
21119.25   58671.75   0.608319   
20851.25   58701   0.4618339   
20831.5   58833   0.5571278   
20811.75   58965   0.6254114   
20817   58669.75   0.4618339   
20763   58770.5   0.5571278   
20709   58871.25   0.6254114   
20898.5   58640.75   0.4618339   
20926   58712.5   0.5571278   
20953.5   58784.25   0.6254114   
22160.75   58279.75   0.4019279   
22161.5   58342.5   0.4621776   
22162.25   58405.25   0.4945387   
24298   58848   0.4680486   B1-1-464
22384   59355   0.55   B1-1-055
23891   58948   0.55   B1-1-062
24044   58908   0.55   B1-1-463
21995   59430   0.55   B1-1-54
22267   59360   0.55   B1-1-55
24202   58863   0.55   B1-1-63
22524   59357   0.55   B1-1-P56
21095   59146   0.55   B1-2-035
21156   59126   0.55   B1-2-35
22274   58844   0.55   B1-2-456
20822   59847   0.55   B1-311-49
22278   59442   0.55   B1-311-55
22545   59383   0.55   B1-311-56
23702   59084   0.55   B1-311-61
24184   58970   0.55   B1-311-63
25159   58707   0.55   B1-311-67
22613   58277   0.55   B1-31-558
23928   58814   0.55   B1-320-62
22172   58967   0.55   B1-321-55
22314   58995   0.55   B1-321-P56
22399   58384   0.55   B1-331-P57
22642   58329   0.55   B1-331-P58
22319   58198   0.55   B1-3-54
22607   58121   0.55   B1-3-55
24071   57739   0.55   B1-3-60
22453   58153   0.55   B1-3-D54
22612   58092   0.55   B1-3-F55
21295   58528   0.55   B1-3-P256
22396   58224   0.55   B1-3-P261
24010   58639   0.55   B1-D2-463
22201   59120   0.55   B1-D2-58
20791   59508   0.55   B1-D2-M52
22895   58371   0.55   B1-D3-459
22798   58429   0.55   B1-D3-P64
22655   58111   0.55   G100-44
20748   59773   0.6385534   B1-1-049
22044   59424   0.5490144   B1-1-054
22542   59331   0.560178   B1-1-056
24153   58873   0.5468579   B1-1-063
22136   59384   0.5445003   B1-1-455
23938   58934   0.547134   B1-1-62
22061   59449   0.5592071   B1-1-P54
23974   58948   0.5450873   B1-1-P62
22382   58805   0.5845159   B1-2-137
22065   59016   0.5589122   B1-21-555
22294   58964   0.5501434   B1-21-556
23972   58528   0.6815487   B1-21-563
22506   58778   0.6261735   B1-2-457
24409   58260   0.5977706   B1-2-465
22395   58848   0.5702313   B1-2-P137
22202   58697   0.6573568   B1-30-556
22436   58629   0.6134805   B1-30-557
21065   59770   0.6121252   B1-311-50
21262   59719   0.6106398   B1-311-51
21775   59589   0.7027616   B1-311-53
22023   59531   0.611438   B1-311-54
23944   59023   0.5381901   B1-311-62
24441   58903   0.5319296   B1-311-64
24938   58768   0.5336906   B1-311-66
22374   58322   0.5708634   B1-31-557
22253   59259   0.5821818   B1-320-55
22142   59295   0.5502825   B1-320-P55
24055   58797   0.5385976   B1-320-P63
22070   59061   0.5578298   B1-321-P55
24002   58555   0.6528662   B1-321-P63
22342   58678   0.6150691   B1-330-56
22819   58547   0.557863   B1-330-58
24032   58225   0.6175591   B1-330-63
21264   58967   0.5555579   B1-330-P52
24175   58241   0.693513   B1-330-P64
22725   58255   0.5445712   B1-331-58
21292   58455   0.6025564   B1-3-D50
24223   57691   0.6298711   B1-3-D60
22580   58163   0.5439453   B1-3-P262
24193   57760   0.6214957   B1-3-P270
20883   59420   0.6339872   B1-D2-450
23895   58686   0.5850537   B1-D2-65
20763   59545   0.6868464   B1-D2-P52
22225   59140   0.5622852   B1-D2-P58
23918   58711   0.5626904   B1-D2-P65
22783   58390   0.5459487   B1-D3-64
22313   58564   0.5810111   B1-D3-P62
21205   58491   0.6742669   G100-39
22243   58846   0.5833601   G96-42
22477   58781   0.6311179   G96-43
22368   58491   0.5879346   G98-43
22908   58394   0.5592755   G98-45
22255   58524   0.5717361   S117
19758.8671875   56737.22265625   0.3467513   
21318   58621   0.6143031   B1-331-52
23819   58841   0.5954012   B1-20-562
23803   58872   0.5979425   B1-320-P62
22122   58410   0.6399639   B1-31-556
20904   59189   0.667   B1-2-134
20830   59350   0.55   B1-21-550
20997   59168   0.6319091   B1-2-451
21102   58987   0.55   B1-330-51
22496   59333   0.55   B1-1-56
22467   58626   0.6089683   B1-30-F557
24692   58830   0.55   B1-311-65
22476   58670   0.6252769   B1-330-P57
22907   58052   0.6705429   B1-3-56
22870   58038   0.6342966   B1-3-F56
23494   59074   0.3114   B1-1-P60
25869   58431   0.3114   B1-1-P70
21401   59067   0.3114   B1-2-135
21895   58938   0.3114   B1-2-136
24868   58162   0.3114   B1-2-142
25756   57943   0.3114   B1-2-144
23362   58575   0.3114   B1-2-P139
25778   57975   0.3114   B1-2-P144
25537   58028   0.3114   B1-2-P44
26013   57904   0.3114   B1-2-P45
20871   58569   0.3114   B1-3-49
21729   58347   0.3114   B1-3-52
23783   57820   0.3114   B1-3-59
25525   57379   0.3114   B1-3-65
22786   58052   0.3114   B1-3-D55
23899   57802   0.3114   B1-3-D59
21459   58393   0.3114   B1-3-F51
22160   58217   0.3114   B1-3-F53
25710   57369   0.3114   B1-3-P277
25918   57330   0.3114   B1-3-P278
22028   58327   0.3114   B1-3-SP258
23439   57955   0.3114   B1-3-SP266
24409   57699   0.3114   B1-3-SP271
24647   57651   0.3114   B1-3-SP272
24514   58081   0.3114   B1-330-65
21352   59350   0.3114   B1-D2-452
21594   59285   0.3114   B1-D2-453
21860   59256   0.3114   B1-D2-454
22077   59164   0.3114   B1-D2-455
22807   58966   0.3114   B1-D2-458
23052   58900   0.3114   B1-D2-459
23304   58800   0.3114   B1-D2-460
23536   58776   0.3114   B1-D2-461
24255   58587   0.3114   B1-D2-464
25931   58159   0.3114   B1-D2-471
22687   58998   0.3114   B1-D2-60
24625   58495   0.3114   B1-D2-68
25111   58376   0.3114   B1-D2-70
25605   58240   0.3114   B1-D2-72
25835   58184   0.3114   B1-D2-73
25991   58108   0.3114   B1-D2-F74
22468   59081   0.3114   B1-D2-P59
23421   58843   0.3114   B1-D2-P63
24428   58565   0.3114   B1-D2-P67
24654   58496   0.3114   B1-D2-P68
24882   58459   0.3114   B1-D2-P69
25837   58220   0.3114   B1-D2-P73
22524   58458   0.3114   B1-D3-63
25450   57714   0.3114   B1-D3-75
21353   58813   0.3114   B1-D3-P58
21611   58709   0.3114   B1-D3-P59
21831   58677   0.3114   B1-D3-P60
22067   58623   0.3114   B1-D3-P61
23253   58313   0.3114   B1-D3-P66
23537   58256   0.3114   B1-D3-P67
23766   58184   0.3114   B1-D3-P68
24964   57869   0.3114   B1-D3-P73
25701   57685   0.3114   B1-D3-P76
20878.66015625   60014.87890625   0.3114   B1-311-SP68
24941   58709   0.3114   B1-1-P66
19758.8671875   593711.9375   0.3114   
251815.28125   593711.9375   0.3114   
21032   59688   0.7095   B1-1-050
20832   59734   0.7095   B1-1-49
24042   58440   0.7095   B1-2-041
20905   59565   0.7095   B1-20-550
22155   58918   0.7095   B1-2-P37
22758   59330   0.7095   B1-311-57
25641   58588   0.7095   B1-311-69
26105   58455   0.7095   B1-311-71
20761   59641   0.7095   B1-320-49
20922   59589   0.7095   B1-320-P50
24103   58488   0.7095   B1-321-63
22231   58740   0.7095   B1-330-P56
21155   58497   0.7095   B1-3-50
25966   57263   0.7095   B1-3-D66
20749   59499   0.7095   B1-D2-52
22365   58181   0.7095   G100-43
20830   59522   0.7095   G94-37
20914   59711   0.7095   B1-1-450
20987   59705   0.7095   B1-1-50
21073   59678   0.7095   B1-1-P50
24069   58379   0.7095   B1-2-41
24078   58414   0.7095   B1-2-P41
22023   58256   0.7095   B1-3-53
26098   57244   0.7095   B1-3-67
251815.28125   56737.22265625   0.7095   
22251   58368   0.7095   B1-331-56
20947   59222   0.7095   B1-2-P134
21126   58822   0.7095   B1-D3-57
21105   58847   0.7095   B1-D3-P57
21051   59166   0.7095   G96-38
21562   59539   0.4133605   B1-1-052
21788   59473   0.5033052   B1-1-053
22998   59141   0.3999185   B1-1-058
23268   59116   0.4013781   B1-1-059
25828   58434   0.3114   B1-1-070
21392   59560   0.4470718   B1-1-452
21671   59498   0.4847302   B1-1-453
22429   59275   0.5065529   B1-1-456
22650   59242   0.50283   B1-1-457
23086   59128   0.3937309   B1-1-459
25478   58528   0.630833   B1-1-469
25725   58456   0.3914092   B1-1-470
25943   58384   0.3546541   B1-1-471
21510   59546   0.4126191   B1-1-52
21820   59537   0.5772426   B1-1-53
22956   59175   0.4028987   B1-1-58
24929   58668   0.3114   B1-1-66
25801   58450   0.334182   B1-1-70
21558   59574   0.4180559   B1-1-P52
23018   59194   0.4085062   B1-1-P58
25541   57998   0.3114   B1-2-044
21166   59494   0.3973196   B1-20-551
21628   59391   0.3515867   B1-20-553
21888   59322   0.3413916   B1-20-554
22106   59280   0.4820173   B1-20-555
22352   59211   0.4826778   B1-20-556
22596   59154   0.4176822   B1-20-557
22842   59094   0.3802148   B1-20-558
23113   59036   0.3580122   B1-20-559
23346   58918   0.3986457   B1-20-560
22869   58692   0.5028471   B1-2-138
23331   58575   0.3114   B1-2-139
23823   58448   0.474089   B1-2-140
21085   59275   0.5792546   B1-21-551
22530   58898   0.460761   B1-21-557
22797   58867   0.3843881   B1-21-558
23023   58782   0.4042672   B1-21-559
23255   58712   0.4044802   B1-21-560
21094   59296   0.5537678   B1-21-M551
22772   58841   0.4106721   B1-21-M558
22623   58747   0.4760431   B1-2-38
21277   59099   0.4868708   B1-2-452
23939   58406   0.5802823   B1-2-463
21368   59053   0.3827279   B1-2-M135
21420   59091   0.3766651   B1-2-P135
22887   58722   0.4814377   B1-2-P138
23845   58463   0.503208   B1-2-P140
24804   58221   0.3802472   B1-2-P142
22636   58785   0.4658947   B1-2-P38
23128   58636   0.4114128   B1-2-P39
22695   58567   0.4985891   B1-30-558
23148   58473   0.3924526   B1-30-560
23938   58251   0.4454144   B1-30-563
24155   58197   0.6157517   B1-30-564
23164   58500   0.4099976   B1-30-M560
23243   59228   0.37846   B1-311-59
23474   59139   0.3114   B1-311-60
25877   58526   0.4613754   B1-311-70
22814   58229   0.4380477   B1-31-559
23321   58048   0.4051141   B1-31-561
24086   57905   0.433997   B1-31-564
21512   59452   0.3934212   B1-320-52
22505   59168   0.4419474   B1-320-56
22961   59049   0.3739499   B1-320-58
23217   58979   0.3779382   B1-320-59
26048   58250   0.400907   B1-320-71
21655   59429   0.4073023   B1-320-P53
21904   59373   0.4034946   B1-320-P54
22874   59101   0.3782282   B1-320-P58
23077   59021   0.3408018   B1-320-P59
25743   58352   0.3639067   B1-320-P70
20928   59307   0.6371272   B1-321-50
23866   58555   0.5511099   B1-321-62
21118   59293   0.5332716   B1-321-P51
22770   58875   0.3755265   B1-321-P58
23038   58807   0.3683484   B1-321-P59
22575   58595   0.4407246   B1-330-57
23306   58473   0.3984753   B1-330-60
22722   58607   0.5147183   B1-330-P58
24416   58174   0.4405434   B1-330-P65
23975   58002   0.4149303   B1-331-63
24975   57732   0.4323369   B1-331-67
25202   57654   0.4554041   B1-331-68
25433   57618   0.4054631   B1-331-69
22864   58283   0.4658632   B1-331-P59
24583   57834   0.4036398   B1-331-P66
25306   57635   0.4344097   B1-331-P69
25785   57524   0.454138   B1-331-P71
23226   58149   0.4625903   B1-331-S60
24721   57569   0.3114   B1-3-62
24940   57525   0.3675963   B1-3-63
25252   57445   0.4072781   B1-3-64
21570   58369   0.3114   B1-3-D51
23066   58007   0.6144755   B1-3-D56
25105   57471   0.4152296   B1-3-D63
25382   57406   0.3658758   B1-3-D64
25675   57334   0.3114   B1-3-D65
22029   58334   0.3165933   B1-3-P259
22757   58137   0.391214   B1-3-P263
22971   58076   0.592199   B1-3-P264
23980   57820   0.3697268   B1-3-P269
25091   57562   0.4312146   B1-3-P274
23176   58028   0.4221377   B1-3-SP265
24855   57551   0.3360792   B1-3-SP273
21098   59375   0.4796787   B1-D2-451
22325   59089   0.492974   B1-D2-456
22566   59032   0.3782935   B1-D2-457
20993   59421   0.534038   B1-D2-53
21219   59367   0.3563961   B1-D2-54
22443   59061   0.3237114   B1-D2-59
23190   58870   0.3331013   B1-D2-62
24143   58622   0.4642316   B1-D2-66
21013   59462   0.4818849   B1-D2-P53
21234   59400   0.345064   B1-D2-P54
22715   59036   0.3318701   B1-D2-P60
23174   58894   0.3401635   B1-D2-P62
21691   58690   0.3311632   B1-D3-454
22440   58488   0.4854842   B1-D3-457
22654   58427   0.4731906   B1-D3-458
24114   58025   0.4305694   B1-D3-464
25340   57749   0.4139466   B1-D3-469
25567   57670   0.3684102   B1-D3-470
21814   58650   0.3114   B1-D3-60
23551   58231   0.3114   B1-D3-67
23761   58147   0.3295919   B1-D3-68
24003   58076   0.4734506   B1-D3-69
24991   57821   0.3578585   B1-D3-73
25210   57775   0.4812593   B1-D3-74
25690   57654   0.3370437   B1-D3-76
22562   58494   0.3544834   B1-D3-P63
24015   58124   0.5134276   B1-D3-P69
24253   58062   0.3904769   B1-D3-P70
20900   58570   0.3397171   G100-38
21496   58410   0.3114   G100-40
22961   58053   0.6272773   G100-45
21119   59440   0.4116432   G94-38
22337   59162   0.4852271   G94-42
22582   59079   0.3833363   G94-43
21348   59078   0.4020177   G96-39
21913   58908   0.4020398   G96-41
22791   58708   0.5030565   G96-44
22620   58434   0.4366637   G98-44
22592   58434   0.396923   G98-F44
22803   59221   0.4875308   B1-1-57
21635   58947   0.4093905   B1-2-036
23097   58644   0.4242134   B1-2-39
21771   58975   0.4041372   B1-2-454
21732   58828   0.4067337   B1-30-554
24320   57852   0.4545821   B1-31-565
25494   57861   0.3908856   B1-330-69
21762   58846   0.4096091   B1-330-P54
23435   58412   0.4094005   B1-330-P61
25614   57851   0.4116611   B1-330-P70
23491   58129   0.3907187   B1-331-61
24223   57870   0.495742   B1-331-64
24461   57844   0.3648343   B1-331-65
24350   57903   0.431109   B1-331-P65
23360   58150   0.4096681   B1-331-SP61
23781   58715   0.4713526   B1-D2-462
23636   58170   0.3946339   B1-D3-462
24620   57881   0.4010575   B1-D3-466
24239   58018   0.3995164   B1-D3-70
24481   57958   0.3876181   B1-D3-71
24746   57871   0.4629125   B1-D3-72
24499   57995   0.3551513   B1-D3-P71
24747   57921   0.4236895   B1-D3-P72
25449   57742   0.3239459   B1-D3-P75
23082   58675   0.4385249   G96-45
22182   58608   0.4324474   G98-42
25630   58463   0.4209011   B1-1-069
20662   59267   0.4089541   B1-2-34
24676   58212   0.3782488   B1-2-466
25407   58018   0.437624   B1-2-469
25880   57908   0.35619   B1-2-471
21904   58982   0.4045397   B1-2-P136
20692   58780   0.4274185   B1-31-550
23425   58933   0.3657371   B1-320-60
25591   58374   0.386094   B1-320-69
25509   58422   0.4298347   B1-320-P69
20700   59363   0.5277   B1-321-49
25548   58092   0.3167113   B1-321-69
25786   58034   0.3434143   B1-321-70
25467   58194   0.4088976   B1-321-P69
22102   58717   0.3880906   B1-330-55
23065   58471   0.4304076   B1-330-59
20623   59116   0.3887619   B1-330-J49
20559   58872   0.4268303   B1-331-49
20799   58750   0.3583189   B1-331-50
20708   58834   0.4557502   B1-331-P50
20572   58649   0.3626354   B1-3-48
23477   57895   0.3448731   B1-3-58
20717   58608   0.3407414   B1-3-D48
21876   58292   0.437996   B1-3-F52
20697   58660   0.3632842   B1-3-P253
24987   58409   0.3347895   B1-D2-467
21969   59176   0.369128   B1-D2-57
23660   58742   0.3540541   B1-D2-64
21968   59206   0.3598932   B1-D2-P57
25123   58399   0.3273986   B1-D2-P70
20726   58930   0.4352255   B1-D3-450
24866   57851   0.4265122   B1-D3-467
20609   58953   0.4507961   B1-D3-55
23003   58331   0.4493503   B1-D3-65
20655   58972   0.4753048   B1-D3-M55
20626   58987   0.4490449   B1-D3-P55
23042   58364   0.4223968   B1-D3-P65
20619   58641   0.3546315   G100-37
21982   59225   0.362175   G94-41
20661   58942   0.463947   G98-37
21864   58636   0.3295431   G98-41
24432   58796   0.4522327   B1-1-064
24553   58751   0.4102175   B1-1-465
24388   58814   0.4599554   B1-1-64
24448   58826   0.4736776   B1-1-P64
20668   59225   0.4115965   B1-2-034
22096   58828   0.4170007   B1-2-037
25083   58122   0.4146432   B1-2-043
21795   59089   0.3990829   B1-21-554
23723   58607   0.4084022   B1-21-562
24217   58463   0.5230341   B1-21-564
22136   58874   0.55   B1-2-37
23581   58505   0.418188   B1-2-40
25055   58132   0.4147748   B1-2-43
20797   59216   0.5251456   B1-2-450
22048   58888   0.4811911   B1-2-455
23469   58550   0.3910183   B1-2-461
23691   58482   0.3996133   B1-2-462
24186   58350   0.5216136   B1-2-464
24958   58133   0.4099739   B1-2-467
25143   58105   0.450386   B1-2-468
24332   58354   0.5389197   B1-2-P141
20698   59251   0.4324948   B1-2-P34
23602   58530   0.4282997   B1-2-P40
25080   58156   0.4108683   B1-2-P43
20763   59068   0.4461266   B1-30-550
21954   58762   0.411437   B1-30-555
22986   58509   0.4942985   B1-30-559
22958   58490   0.5127045   B1-30-M559
21213   58649   0.5836921   B1-31-552
21885   58475   0.4208509   B1-31-555
24567   57779   0.4131572   B1-31-566
24401   58701   0.3963447   B1-320-64
21703   59120   0.368621   B1-321-53
21933   59058   0.4124777   B1-321-54
24348   58417   0.5045621   B1-321-64
21816   59132   0.3773018   B1-321-P54
24249   58512   0.4402328   B1-321-P64
21864   58802   0.3903605   B1-330-54
24778   58019   0.4194906   B1-330-66
25015   57976   0.3807633   B1-330-67
25253   57926   0.4224319   B1-330-68
21986   58803   0.4195047   B1-330-P55
22964   58537   0.5150744   B1-330-P59
24660   58102   0.3706329   B1-330-P66
24886   58056   0.4160837   B1-330-P67
25132   57978   0.4225114   B1-330-P68
22163   58468   0.4155845   B1-331-P56
21202   58706   0.5584387   B1-331-SP52
21051   58519   0.5676386   B1-3-D49
21132   58546   0.6550114   B1-3-P255
24734   58444   0.368809   B1-D2-466
21741   59292   0.3547642   B1-D2-P56
21237   58774   0.5243554   B1-D3-452
21351   58788   0.3208379   B1-D3-58
21781   58328   0.3619914   G100-41
21704   59300   0.3634281   G94-40
20769   59235   0.4917018   G96-37
21281   58772   0.4566128   G98-39
22847   59191   0.4230838   B1-1-057
24711   58688   0.4296148   B1-1-065
24804   58686   0.4168852   B1-1-466
24687   58732   0.4578316   B1-1-65
21649   59001   0.4083635   B1-2-36
21527   59036   0.4467807   B1-2-453
21679   59030   0.4025802   B1-2-P36
21282   58945   0.5238323   B1-30-552
21489   58889   0.4067423   B1-30-553
23419   58377   0.4024459   B1-30-561
21406   58580   0.4501684   B1-31-553
21659   58530   0.3983725   B1-31-554
24678   58622   0.405338   B1-320-65
24905   58573   0.370071   B1-320-66
24794   58605   0.4155248   B1-320-P66
21189   59236   0.4962041   B1-321-51
21347   59246   0.4088927   B1-321-P52
21373   58929   0.4122933   B1-330-52
21609   58854   0.4004897   B1-330-53
21519   58910   0.4102589   B1-330-P53
21551   58614   0.3801987   B1-331-53
22020   58500   0.4269009   B1-331-55
21436   58641   0.4101921   B1-331-P53
21921   58524   0.4360238   B1-331-P55
21513   58457   0.3168136   B1-3-P257
21455   58756   0.356783   B1-D3-453
21939   58618   0.3897803   B1-D3-455
22040   58589   0.3219627   B1-D3-61
21602   59003   0.4162613   G96-40
24544   58249   0.4508988   B1-2-042
25643   57974   0.3566386   B1-2-470
25077   58203   0.3884683   B1-321-67
25721   57798   0.3712358   B1-330-70
25912   57534   0.4830164   B1-331-71
23342   57931   0.3204914   B1-3-D57
21720   59270   0.3417692   B1-D2-56
23125   58308   0.3674134   B1-D3-460
25129   58581   0.4068972   B1-1-067
25350   58567   0.4856345   B1-1-068
23332   59070   0.3962435   B1-1-460
25048   58624   0.3559362   B1-1-467
25234   58549   0.4663743   B1-1-468
23415   59061   0.3450479   B1-1-60
25149   58614   0.4439181   B1-1-X67
25283   58067   0.4966954   B1-2-143
25305   58095   0.5048659   B1-2-P143
24577   58284   0.4524811   B1-2-P42
23647   58304   0.3574691   B1-30-562
23092   58154   0.4925101   B1-31-560
25115   58491   0.3579122   B1-320-67
25017   58546   0.3677163   B1-320-P67
24574   58337   0.4687687   B1-321-65
24498   58417   0.4579943   B1-321-P65
23699   58350   0.3902397   B1-330-P62
23122   58202   0.4630613   B1-331-P60
23185   57966   0.4832412   B1-3-57
25825   57292   0.3891642   B1-3-66
24498   58526   0.3581837   B1-D2-465
24139   58654   0.446669   B1-D2-P66
23442   58263   0.3483315   B1-D3-461
23299   58266   0.3914956   B1-D3-66
25217   57807   0.4798433   B1-D3-P74
23151   58933   0.3253414   G94-45
21526   58751   0.3573672   G98-40
23664   59002   0.4463887   B1-1-061
21557   59141   0.4508466   B1-21-553
25340   58428   0.4097739   B1-320-68
24567   57625   0.3218707   B1-3-D61
22935   58969   0.382259   B1-D2-P61
23666   58771   0.366779   B1-D2-P64
25827   58313   0.3315015   B1-320-70
21591   59192   0.3954506   B1-321-P53
21575   58713   0.312298   B1-D3-59
21372   59459   0.37427   B1-20-552
25956   58279   0.3690377   B1-320-CSP71
24843   57758   0.5093597   B1-331-P67
24716   57728   0.4318956   B1-331-S66
21445   58423   0.3234715   B1-3-51
25344   58312   0.4033283   B1-D2-71
25363   58324   0.3963029   B1-D2-P71
21408   59370   0.3498227   G94-39
22871   59003   0.3300676   G94-44
21156   59634   0.4528272   B1-1-451
23567   59011   0.3638531   B1-1-461
21255   59509   0.3874912   B1-320-51
24380   57642   0.3680961   B1-3-61
25221   58343   0.3546831   B1-D2-468
21478   59302   0.3497425   B1-D2-55
21484   59335   0.3468526   B1-D2-P55
23478   59043   0.3180452   B1-1-060
21304   59213   0.4394014   B1-21-552
21226   59142   0.5093656   B1-2-P35
21432   59166   0.4142235   B1-321-52
23376   58664   0.3373226   B1-321-60
25300   58148   0.4912073   B1-321-68
20877   59045   0.4932333   B1-330-50
20792   59097   0.4480844   B1-330-P50
20846   58896   0.436982   B1-D3-56
20859   58926   0.4451263   B1-D3-P56
21326   59567   0.4498192   B1-1-051
21284   59603   0.4605878   B1-1-51
25996   57879   0.3195446   B1-2-45
22983   58639   0.5229404   B1-2-459
23413   58810   0.3268166   B1-D2-63
24868   58435   0.3154374   B1-D2-69
23586   58433   0.4069049   B1-2-040
23608   58623   0.4280206   B1-321-61
23576   58353   0.3575604   B1-330-61
25605   58278   0.312749   B1-D2-P72
26015   57971   0.3261327   B1-321-71
23589   57879   0.3492441   B1-3-D58
23658   57894   0.3495503   B1-3-P267
22059   58284   0.5073322   G100-42
21002   59016   0.5429935   B1-30-551
20945   58710   0.4545077   B1-31-551
21030   59058   0.5612679   B1-330-SP51
20919   58764   0.4230229   B1-331-P51
20981   58856   0.450914   B1-D3-451
20943   58866   0.4463522   G98-38
25226   58268   0.4161723   B1-321-P68
23802   58953   0.4563959   B1-1-462
23716   58985   0.4662776   B1-1-61
23568   58896   0.3960197   B1-20-561
24305   58315   0.55   B1-2-141
24704   58322   0.4088603   B1-2-42
23861   57963   0.4010533   B1-31-563
23570   58927   0.3901367   B1-320-P61
24826   58272   0.4074969   B1-321-66
24742   58366   0.385479   B1-321-P66
24974   58321   0.3484636   B1-321-P67
25929   58056   0.3171262   B1-321-P71
25946   57730   0.4462951   B1-330-71
23489   58658   0.4365424   B1-21-561
23507   58685   0.4001049   B1-321-P61
23735   58013   0.4140992   B1-331-62
25458   58274   0.3715256   B1-D2-469
25887   57603   0.4607556   B1-D3-77
25318   58589   0.4820283   B1-1-68
25403   58573   0.5759625   B1-1-P68
25391   58643   0.5899403   B1-311-68
25274   58494   0.4495628   B1-320-P68
20843   59373   0.55   B1-321-P50
23572   58041   0.4450402   B1-31-562
23610   58090   0.4652824   B1-331-P62
26019   58136   0.3209582   B1-D2-74
25553   57586   0.3764413   B1-331-P70
21772   58508   0.3226864   B1-331-54
25673   57521   0.3999493   B1-331-70
21703   58552   0.4064437   B1-331-P54
25732   58206   0.3859296   B1-D2-470
25793   57622   0.4396129   B1-D3-471
25865   57789   0.3921518   B1-330-P71
25690   58122   0.3277159   B1-321-P70
25508   58006   0.3114   B1-2-44
