21776.75   59201   0.3129003   
21693.5   59146   0.3854002   
21610.25   59091   0.4041286   
21527   59036   0.4091046   B1-2-453
21396.5   58868.75   0.3129003   
21440   58924.5   0.3854092   
21483.5   58980.25   0.4041384   
23325.5   58582.5   0.3129003   
23289   58590   0.3852076   
23252.5   58597.5   0.403917   
23216   58605   0.4088733   B1-2-460
25799.5   58416.75   0.3129003   
25730   58402.5   0.3847668   
25660.5   58388.25   0.4034328   
25601.5   58302   0.3129003   
25598   58326   0.3847664   
25594.5   58350   0.4034324   
21596   58685.25   0.3129003   
21581   58661.5   0.3852208   
21566   58637.75   0.4039316   
21551   58614   0.4088888   B1-331-53
24278.25   58035.75   0.3129003   
24303.5   58009.5   0.3873272   
24328.75   57983.25   0.4062455   
24354   57957   0.4113605   B1-D3-465
25008.75   57928   0.3129003   
25053.5   57987   0.4060434   
25098.25   58046   0.4283017   
25143   58105   0.43402   B1-2-468
25981.5   57828.75   0.3872777   
25950   57753.5   0.440411   
25918.5   57678.25   0.4688827   
25754.25   57427.5   0.3129003   
25798.5   57486   0.3997924   
25842.75   57544.5   0.420962   
25910.25   57398.25   0.3129003   
25902.5   57466.5   0.3984815   
25894.75   57534.75   0.4192929   
25747.5   57664.5   0.3129003   
25794   57644   0.3983707   
25840.5   57623.5   0.4191518   
25477.75   58058   0.4618339   
25418.5   58088   0.5571278   
25359.25   58118   0.6254114   
23303.25   58613.75   0.3129003   
23244.5   58652.5   0.3852951   
23185.75   58691.25   0.4040131   
23127   58730   0.4089774   B1-321-59
23070.75   58857.5   0.3129003   
23089.5   58815   0.3852993   
23108.25   58772.5   0.4040178   
23259.75   58782.5   0.3129003   
23215.5   58765   0.3852946   
23171.25   58747.5   0.4040126   
24970   58481.5   0.3129003   
25058   58504   0.3855506   
25146   58526.5   0.4042938   
25234   58549   0.4092758   B1-1-468
22100.75   59114.75   0.3129003   
22124.5   59065.5   0.3853409   
22148.25   59016.25   0.4040635   
22172   58967   0.4090297   B1-321-55
22873.25   58719   0.3502439   
22877.5   58746   0.4279184   
22881.75   58773   0.4534677   
23010.5   58875   0.3129003   
22969   58850   0.3972396   
22927.5   58825   0.4177116   
25921.75   58413.25   0.3129003   
25974.5   58395.5   0.3858746   
26027.25   58377.75   0.4046497   
26080   58360   0.4096559   B1-1-071
23418   58539.5   0.3129003   
23474   58504   0.3859984   
23530   58468.5   0.4047857   
23586   58433   0.409802   B1-2-040
23549.25   58300.25   0.3129003   
23561.5   58344.5   0.3859996   
23573.75   58388.75   0.4047871   
23428.75   59082.75   0.4274151   
23363.5   59091.5   0.501285   
23298.25   59100.25   0.5425225   
23097.25   58952.25   0.3129003   
23142.5   59004.5   0.4073772   
23187.75   59056.75   0.4297998   
23457   59049   0.3129003   
23420   59024   0.3852021   
23383   58999   0.4039109   
23346   58974   0.4088668   B1-320-SP60
23314.5   58843.5   0.3129003   
23325   58887   0.3852021   
23335.5   58930.5   0.4039109   
25581   58314   0.3499259   
25557   58350   0.4271404   
25533   58386   0.4524794   
25006   57896.25   0.3129003   
25048   57923.5   0.3906526   
25090   57950.75   0.4099452   
25132   57978   0.4152709   B1-330-P68
25815.75   57995.25   0.3129003   
25853.5   58015.5   0.3852536   
25891.25   58035.75   0.4039676   
25992   57942   0.3129003   
25971   57980   0.3852536   
25950   58018   0.4039676   
25858.5   58152   0.3129003   
25882   58120   0.3852593   
25905.5   58088   0.4039738   
25975.5   58095   0.3129003   
25960   58082   0.3852536   
25944.5   58069   0.4039676   
25756   58011.75   0.3129003   
25734   58048.5   0.3852766   
25712   58085.25   0.4039928   
25575.25   58051.5   0.3129003   
25613.5   58075   0.3852767   
25651.75   58098.5   0.403993   
25626.25   58210.5   0.3129003   
25647.5   58181   0.3864741   
25668.75   58151.5   0.4053083   
25798.75   58168.5   0.3129003   
25762.5   58153   0.3852769   
25726.25   58137.5   0.4039931   
25720.5   57920   0.315187   
25685   57897   0.4140099   
25649.5   57874   0.4371675   
25556.25   57983.75   0.3129003   
25575.5   57939.5   0.3866578   
25594.75   57895.25   0.4055101   
25491   57748.25   0.3129003   
25532   57782.5   0.3881155   
25573   57816.75   0.4071113   
25679.25   57726.5   0.3129003   
25657.5   57768   0.3866576   
25635.75   57809.5   0.4055099   
24905   58424.5   0.3129003   
24928   58390   0.3911896   
24951   58355.5   0.4105476   
24974   58321   0.4159032   B1-321-P67
25890.75   58393   0.3129003   
25912.5   58355   0.3853139   
25934.25   58317   0.4040337   
25956   58279   0.4089985   B1-320-CSP71
25982.25   58150.75   0.3129003   
25973.5   58193.5   0.3853152   
25964.75   58236.25   0.4040352   
25866.75   58234.75   0.3129003   
25896.5   58249.5   0.3853139   
25926.25   58264.25   0.4040338   
25912.75   58394.5   0.3129003   
25956.5   58358   0.3856356   
26000.25   58321.5   0.4043872   
26044   58285   0.4093716   B1-1-71
26004.25   58152.25   0.3129003   
26017.5   58196.5   0.3856289   
26030.75   58240.75   0.4043798   
23646   57943   0.3129003   
23634   57992   0.3852602   
23622   58041   0.4039747   
23481.75   57988.75   0.3129003   
23524.5   58022.5   0.38845   
23567.25   58056.25   0.4074789   
23555.25   58214.5   0.3129003   
23573.5   58173   0.3852592   
23591.75   58131.5   0.4039736   
23727   58160.5   0.3129003   
23688   58137   0.3852602   
23649   58113.5   0.4039747   
23419.25   58003.75   0.3129003   
23399.5   58052.5   0.3853166   
23379.75   58101.25   0.4040367   
23279.75   58272.25   0.3129003   
23306.5   58231.5   0.3853138   
23333.25   58190.75   0.4040337   
23492.75   58229.5   0.4618339   
23448.5   58203   0.5571278   
23404.25   58176.5   0.6254114   
21108   59420.75   0.3129003   
21118   59466.5   0.3852761   
21128   59512.25   0.4039923   
21138   59558   0.4089537   B1-320-SP51
23323.25   58555   0.3129003   
23284.5   58535   0.3852828   
23245.75   58515   0.4039996   
23207   58495   0.4089618   B1-330-P60
23241.5   58358.5   0.3129003   
23230   58404   0.3852833   
23218.5   58449.5   0.4040002   
23340.5   58615.5   0.3129003   
23319   58656   0.3851955   
23297.5   58696.5   0.4039037   
23297   58784.25   0.3129003   
23290   58768.5   0.3851955   
23283   58752.75   0.4039037   
23384.75   58816.5   0.3129003   
23348.5   58790   0.3851956   
23312.25   58763.5   0.4039038   
23398.25   58602.5   0.4618339   
23434.5   58630   0.5571278   
23470.75   58657.5   0.5487541   
23380.25   58534.25   0.3129003   
23398.5   58493.5   0.4087409   
23416.75   58452.75   0.4313315   
23298.5   58337.75   0.3129003   
23344   58362.5   0.4087437   
23389.5   58387.25   0.4313347   
23511.5   58295   0.4333075   
23486   58334   0.5103391   
23460.5   58373   0.5541115   
24915.75   58480.75   0.3129003   
24949.5   58502.5   0.385658   
24983.25   58524.25   0.4044119   
25017   58546   0.4094018   B1-320-P67
25837.5   58411.25   0.3129003   
25806   58391.5   0.3836542   
25774.5   58371.75   0.4022723   
25639.5   58296.5   0.3129003   
25674   58315   0.3845271   
25708.5   58333.5   0.4031695   
25813.5   58253   0.3129003   
25790   58286   0.3845217   
25766.5   58319   0.4031636   
22000.75   59471   0.3129003   
21940.5   59493   0.3852283   
21880.25   59515   0.4039398   
21820   59537   0.4088975   B1-1-53
21850   59326.25   0.3129003   
21840   59396.5   0.3852282   
21830   59466.75   0.4039396   
23577.5   58279.5   0.3129003   
23618   58303   0.3861009   
23658.5   58326.5   0.4048983   
23699   58350   0.4099559   B1-330-P62
23749.25   58225.5   0.3129003   
23732.5   58267   0.3861595   
23715.75   58308.5   0.4049628   
23799.5   57868   0.3129003   
23816   57916   0.3851963   
23832.5   57964   0.4039046   
23705.75   57923.5   0.3129003   
23753.5   57953   0.387322   
23801.25   57982.5   0.4062397   
23947.25   57868   0.4618339   
23914.5   57916   0.5571278   
23881.75   57964   0.6254114   
24572.75   58414.75   0.3129003   
24520.5   58334.5   0.3883306   
24468.25   58254.25   0.4073477   
24416   58174   0.4125417   B1-330-P65
24293.75   58090   0.3129003   
24334.5   58118   0.3883369   
24375.25   58146   0.4073546   
24007.25   57856.5   0.4085789   
24034.5   57893   0.4720997   
24061.75   57929.5   0.5067429   
24072.5   57840.75   0.3129003   
24165   57861.5   0.3994291   
24257.5   57882.25   0.4204994   
24350   57903   0.4260789   B1-331-P65
24689   58523.25   0.3129003   
24724   58550.5   0.3852184   
24759   58577.75   0.4039289   
24794   58605   0.4088861   B1-320-P66
24860   58495.5   0.3129003   
24838   58532   0.3852186   
24816   58568.5   0.4039291   
24676   58463.5   0.3129003   
24698   58431   0.3852172   
24720   58398.5   0.4039276   
24742   58366   0.4088852   B1-321-P66
24847   58435.75   0.3129003   
24812   58412.5   0.3852182   
24777   58389.25   0.4039286   
25783.25   57904.5   0.3129003   
25810.5   57866   0.4116809   
25837.75   57827.5   0.4345945   
25976   57875.25   0.3129003   
25939   57846.5   0.3852093   
25902   57817.75   0.4039189   
25742   57711   0.3129003   
25783   57737   0.3852094   
25824   57763   0.403919   
25670.75   57423.25   0.3836778   
25631.5   57477.5   0.4356682   
25592.25   57531.75   0.4630864   
25475.75   57682   0.3907228   
25501.5   57650   0.4451514   
25527.25   57618   0.4746723   
25111.25   57798.25   0.4346579   
25258.5   57727.5   0.5125773   
25405.75   57656.75   0.5570087   
25664   57660.25   0.3838587   
25627   57635.5   0.435904   
25590   57610.75   0.4633725   
23424.75   59050.25   0.3129003   
23355.5   59026.5   0.3855747   
23286.25   59002.75   0.4043202   
23217   58979   0.4092995   B1-320-59
23093.25   58919.75   0.3129003   
23134.5   58939.5   0.3855732   
23175.75   58959.25   0.4043186   
23282.25   58844.75   0.3129003   
23260.5   58889.5   0.3855645   
23238.75   58934.25   0.4043091   
24593.25   58475.5   0.3129003   
24561.5   58456   0.3858709   
24529.75   58436.5   0.4046456   
24498   58417   0.4096544   B1-321-P65
24314.25   58150.75   0.3129003   
24375.5   58239.5   0.3858757   
24436.75   58328.25   0.4046509   
22983.75   59011.75   0.4815466   
21019.25   59409.5   0.5185854   
23112.75   58083.5   0.4411593   
23159.5   58160   0.5233445   
23439.25   58900.75   0.6370128   
21562   59539   0.55   B1-1-052
21671   59498   0.55   B1-1-453
22136   59384   0.55   B1-1-455
24298   58848   0.55   B1-1-464
20987   59705   0.55   B1-1-50
21284   59603   0.55   B1-1-51
21510   59546   0.55   B1-1-52
23938   58934   0.55   B1-1-62
22524   59357   0.55   B1-1-P56
23018   59194   0.55   B1-1-P58
20905   59565   0.55   B1-20-550
22106   59280   0.55   B1-20-555
21304   59213   0.55   B1-21-552
22797   58867   0.55   B1-21-558
23972   58528   0.55   B1-21-563
21094   59296   0.55   B1-21-M551
22772   58841   0.55   B1-21-M558
22623   58747   0.55   B1-2-38
22048   58888   0.55   B1-2-455
20947   59222   0.55   B1-2-P134
24804   58221   0.55   B1-2-P142
22636   58785   0.55   B1-2-P38
21732   58828   0.55   B1-30-554
22958   58490   0.55   B1-30-M559
20822   59847   0.55   B1-311-49
21533   59653   0.55   B1-311-52
21775   59589   0.55   B1-311-53
22278   59442   0.55   B1-311-55
22545   59383   0.55   B1-311-56
22758   59330   0.55   B1-311-57
22992   59267   0.55   B1-311-58
23243   59228   0.55   B1-311-59
23702   59084   0.55   B1-311-61
24692   58830   0.55   B1-311-65
26105   58455   0.55   B1-311-71
22814   58229   0.55   B1-31-559
21512   59452   0.55   B1-320-52
23928   58814   0.55   B1-320-62
24401   58701   0.55   B1-320-64
20922   59589   0.55   B1-320-P50
22142   59295   0.55   B1-320-P55
22874   59101   0.55   B1-320-P58
24318   58734   0.55   B1-320-P64
20928   59307   0.55   B1-321-50
22649   58855   0.55   B1-321-57
20843   59373   0.55   B1-321-P50
21347   59246   0.55   B1-321-P52
22770   58875   0.55   B1-321-P58
21609   58854   0.55   B1-330-53
22102   58717   0.55   B1-330-55
23065   58471   0.55   B1-330-59
22964   58537   0.55   B1-330-P59
20799   58750   0.55   B1-331-50
21703   58552   0.55   B1-331-P54
22399   58384   0.55   B1-331-P57
22642   58329   0.55   B1-331-P58
22864   58283   0.55   B1-331-P59
24716   57728   0.55   B1-331-S66
20572   58649   0.55   B1-3-48
22319   58198   0.55   B1-3-54
20717   58608   0.55   B1-3-D48
22453   58153   0.55   B1-3-D54
22870   58038   0.55   B1-3-F56
21513   58457   0.55   B1-3-P257
22757   58137   0.55   B1-3-P263
22028   58327   0.55   B1-3-SP258
20883   59420   0.55   B1-D2-450
22566   59032   0.55   B1-D2-457
24255   58587   0.55   B1-D2-464
21219   59367   0.6385   B1-D2-54
22443   59061   0.55   B1-D2-59
23660   58742   0.55   B1-D2-64
23895   58686   0.55   B1-D2-65
24398   58596   0.55   B1-D2-67
24139   58654   0.55   B1-D2-P66
21939   58618   0.55   B1-D3-455
22440   58488   0.55   B1-D3-457
22059   58284   0.55   G100-42
22655   58111   0.55   G100-44
21408   59370   0.55   G94-39
22871   59003   0.55   G94-44
21526   58751   0.55   G98-40
20748   59773   0.5727196   B1-1-049
21032   59688   0.5404192   B1-1-050
21326   59567   0.5664461   B1-1-051
22384   59355   0.5343955   B1-1-055
22542   59331   0.547903   B1-1-056
22847   59191   0.5451221   B1-1-057
22998   59141   0.5893379   B1-1-058
23891   58948   0.586772   B1-1-062
24432   58796   0.6723342   B1-1-064
20914   59711   0.5634291   B1-1-450
21156   59634   0.5372258   B1-1-451
21392   59560   0.5636825   B1-1-452
22429   59275   0.55   B1-1-456
22650   59242   0.5371614   B1-1-457
22880   59232   0.5485229   B1-1-458
23802   58953   0.630216   B1-1-462
24553   58751   0.6651945   B1-1-465
25478   58528   0.6768016   B1-1-469
20832   59734   0.5956499   B1-1-49
22267   59360   0.5303645   B1-1-55
22496   59333   0.55   B1-1-56
22803   59221   0.5417206   B1-1-57
22956   59175   0.5704983   B1-1-58
23716   58985   0.6742619   B1-1-61
24388   58814   0.6346833   B1-1-64
21073   59678   0.5342233   B1-1-P50
20668   59225   0.6867143   B1-2-034
21095   59146   0.5195795   B1-2-035
22096   58828   0.6178836   B1-2-037
22628   58714   0.5647563   B1-2-038
23079   58592   0.5816424   B1-2-039
24042   58440   0.6886746   B1-2-041
21372   59459   0.6117896   B1-20-552
21628   59391   0.5883251   B1-20-553
22352   59211   0.5249283   B1-20-556
22596   59154   0.534734   B1-20-557
22842   59094   0.5373715   B1-20-558
23568   58896   0.5772   B1-20-561
23819   58841   0.5900186   B1-20-562
20904   59189   0.6013758   B1-2-134
21895   58938   0.7047105   B1-2-136
22382   58805   0.6940959   B1-2-137
24868   58162   0.6589663   B1-2-142
21085   59275   0.5448242   B1-21-551
22294   58964   0.6116195   B1-21-556
22530   58898   0.5799398   B1-21-557
21156   59126   0.5135622   B1-2-35
22136   58874   0.6494545   B1-2-37
24069   58379   0.6896199   B1-2-41
20797   59216   0.676   B1-2-450
20997   59168   0.558264   B1-2-451
21277   59099   0.5744182   B1-2-452
22506   58778   0.6115506   B1-2-457
22742   58719   0.5681567   B1-2-458
22983   58639   0.559742   B1-2-459
23939   58406   0.6279425   B1-2-463
24676   58212   0.6293067   B1-2-466
21368   59053   0.6064333   B1-2-M135
21420   59091   0.6021239   B1-2-P135
21904   58982   0.6594   B1-2-P136
22395   58848   0.6069231   B1-2-P137
20698   59251   0.6811538   B1-2-P34
21226   59142   0.5528587   B1-2-P35
24078   58414   0.6985837   B1-2-P41
21002   59016   0.5935221   B1-30-551
21282   58945   0.6735639   B1-30-552
22202   58697   0.6776319   B1-30-556
22436   58629   0.6411607   B1-30-557
22695   58567   0.6361421   B1-30-558
23938   58251   0.6224415   B1-30-563
22467   58626   0.6152293   B1-30-F557
21065   59770   0.4494546   B1-311-50
21262   59719   0.5258567   B1-311-51
20945   58710   0.6629108   B1-31-551
21213   58649   0.6992321   B1-31-552
21406   58580   0.5928996   B1-31-553
21659   58530   0.5742286   B1-31-554
21885   58475   0.6400462   B1-31-555
22122   58410   0.5699252   B1-31-556
22613   58277   0.5568735   B1-31-558
24567   57779   0.6821429   B1-31-566
20761   59641   0.6217692   B1-320-49
21015   59547   0.5881227   B1-320-50
21255   59509   0.6124706   B1-320-51
22253   59259   0.5305912   B1-320-55
22505   59168   0.5428166   B1-320-56
22741   59123   0.5279909   B1-320-57
23672   58890   0.6740371   B1-320-61
25340   58428   0.6657827   B1-320-68
21399   59484   0.583262   B1-320-P52
21655   59429   0.5719672   B1-320-P53
22388   59230   0.5303835   B1-320-P56
22616   59195   0.5367815   B1-320-P57
23803   58872   0.6075462   B1-320-P62
24550   58666   0.6407081   B1-320-P65
20700   59363   0.6451666   B1-321-49
21189   59236   0.5510739   B1-321-51
21432   59166   0.5988325   B1-321-52
22410   58914   0.6011818   B1-321-56
23866   58555   0.55616   B1-321-62
21118   59293   0.5634559   B1-321-P51
22314   58995   0.5910133   B1-321-P56
22557   58940   0.5643554   B1-321-P57
23763   58615   0.545019   B1-321-P62
24249   58512   0.6373037   B1-321-P64
25226   58268   0.6055084   B1-321-P68
20877   59045   0.6383259   B1-330-50
21102   58987   0.6055362   B1-330-51
22575   58595   0.5854889   B1-330-57
24032   58225   0.6485003   B1-330-63
24778   58019   0.6974678   B1-330-66
20792   59097   0.696   B1-330-P50
21264   58967   0.659237   B1-330-P52
21986   58803   0.6670008   B1-330-P55
22476   58670   0.6272473   B1-330-P57
22722   58607   0.6569304   B1-330-P58
23932   58294   0.6366432   B1-330-P63
24886   58056   0.6962684   B1-330-P67
21030   59058   0.5745265   B1-330-SP51
21081   58743   0.6986657   B1-331-51
21318   58621   0.6430408   B1-331-52
22020   58500   0.5635082   B1-331-55
22251   58368   0.6109316   B1-331-56
22501   58362   0.5803195   B1-331-57
22725   58255   0.55006   B1-331-58
20919   58764   0.640921   B1-331-P51
21436   58641   0.5943273   B1-331-P53
21921   58524   0.5980501   B1-331-P55
22163   58468   0.5670938   B1-331-P56
24583   57834   0.6831574   B1-331-P66
21202   58706   0.6946305   B1-331-SP52
21155   58497   0.6732762   B1-3-50
21445   58423   0.577345   B1-3-51
22023   58256   0.570115   B1-3-53
22607   58121   0.5475788   B1-3-55
22907   58052   0.5829248   B1-3-56
24380   57642   0.6880834   B1-3-61
24940   57525   0.614824   B1-3-63
21292   58455   0.6360186   B1-3-D50
21570   58369   0.6145491   B1-3-D51
22786   58052   0.5488679   B1-3-D55
21459   58393   0.5847377   B1-3-F51
21876   58292   0.6418357   B1-3-F52
22160   58217   0.5582722   B1-3-F53
22612   58092   0.5454618   B1-3-F55
20697   58660   0.6280651   B1-3-P253
21132   58546   0.6841235   B1-3-P255
21295   58528   0.6391162   B1-3-P256
22029   58334   0.5513617   B1-3-P259
22580   58163   0.556411   B1-3-P262
24409   57699   0.6947857   B1-3-SP271
24647   57651   0.6744   B1-3-SP272
24855   57551   0.6543624   B1-3-SP273
22325   59089   0.5477178   B1-D2-456
22807   58966   0.545724   B1-D2-458
23781   58715   0.5713474   B1-D2-462
24010   58639   0.6840765   B1-D2-463
20749   59499   0.6348182   B1-D2-52
21478   59302   0.5978474   B1-D2-55
21969   59176   0.6180769   B1-D2-57
22687   58998   0.5388666   B1-D2-60
24143   58622   0.581645   B1-D2-66
25344   58312   0.6037528   B1-D2-71
20791   59508   0.6348182   B1-D2-M52
20763   59545   0.6348182   B1-D2-P52
21013   59462   0.6353846   B1-D2-P53
21484   59335   0.5764923   B1-D2-P55
21968   59206   0.6336667   B1-D2-P57
22225   59140   0.5433773   B1-D2-P58
22468   59081   0.5473833   B1-D2-P59
22715   59036   0.5311522   B1-D2-P60
24428   58565   0.5534135   B1-D2-P67
25363   58324   0.6059458   B1-D2-P71
20981   58856   0.6371474   B1-D3-451
21455   58756   0.6221922   B1-D3-453
22186   58572   0.6047484   B1-D3-456
22654   58427   0.5939349   B1-D3-458
24620   57881   0.5779038   B1-D3-466
20846   58896   0.6569803   B1-D3-56
21126   58822   0.6830119   B1-D3-57
21814   58650   0.6678928   B1-D3-60
22040   58589   0.5645921   B1-D3-61
22524   58458   0.5601435   B1-D3-63
22783   58390   0.6427289   B1-D3-64
23003   58331   0.6741309   B1-D3-65
24481   57958   0.6786923   B1-D3-71
24746   57871   0.653359   B1-D3-72
20859   58926   0.634091   B1-D3-P56
21105   58847   0.6696957   B1-D3-P57
21831   58677   0.6748775   B1-D3-P60
22067   58623   0.5631337   B1-D3-P61
22313   58564   0.6499249   B1-D3-P62
22562   58494   0.5741844   B1-D3-P63
22798   58429   0.6751035   B1-D3-P64
23042   58364   0.6435695   B1-D3-P65
24747   57921   0.6794518   B1-D3-P72
21205   58491   0.6583644   G100-39
21496   58410   0.5765616   G100-40
21781   58328   0.7035331   G100-41
21982   59225   0.6336667   G94-41
22582   59079   0.55   G94-43
21051   59166   0.5326844   G96-38
21348   59078   0.6017536   G96-39
21913   58908   0.6883528   G96-41
22243   58846   0.6411667   G96-42
22477   58781   0.6296763   G96-43
22791   58708   0.5750894   G96-44
20943   58866   0.656278   G98-38
21864   58636   0.6349605   G98-41
22182   58608   0.6222667   G98-42
22368   58491   0.5881741   G98-43
22620   58434   0.5841436   G98-44
22592   58434   0.5814031   G98-F44
22255   58524   0.6011263   S117
19758.8671875   56737.22265625   0.402657   
251815.28125   56737.22265625   0.6203513   
25318   58589   0.7075318   B1-1-68
23823   58448   0.6089831   B1-2-140
23845   58463   0.6019163   B1-2-P140
24938   58768   0.5415034   B1-311-66
22971   58076   0.6275194   B1-3-P264
22961   58053   0.6258885   G100-45
24015   58124   0.55   B1-D3-P69
23691   58482   0.679178   B1-2-462
24003   58076   0.5613796   B1-D3-69
23086   59128   0.5606124   B1-1-459
21635   58947   0.6696141   B1-2-036
21401   59067   0.6046475   B1-2-135
24305   58315   0.6269364   B1-2-141
21373   58929   0.6888062   B1-330-52
24975   57732   0.6757715   B1-331-67
24843   57758   0.6364415   B1-331-P67
25058   57712   0.673664   B1-331-P68
24223   57691   0.6969333   B1-3-D60
21594   59285   0.6656171   B1-D2-453
21720   59270   0.6972963   B1-D2-56
21741   59292   0.6671504   B1-D2-P56
24866   57851   0.6787128   B1-D3-467
21704   59300   0.6626142   G94-40
22061   59449   0.3114   B1-1-P54
23494   59074   0.3114   B1-1-P60
25869   58431   0.3114   B1-1-P70
22869   58692   0.3114   B1-2-138
25756   57943   0.3114   B1-2-144
23362   58575   0.3114   B1-2-P139
25778   57975   0.3114   B1-2-P144
25537   58028   0.3114   B1-2-P44
26013   57904   0.3114   B1-2-P45
20871   58569   0.3114   B1-3-49
21729   58347   0.3114   B1-3-52
23783   57820   0.3114   B1-3-59
24721   57569   0.3114   B1-3-62
25525   57379   0.3114   B1-3-65
25825   57292   0.3114   B1-3-66
23066   58007   0.3114   B1-3-D56
23658   57894   0.3114   B1-3-P267
23980   57820   0.3114   B1-3-P269
25710   57369   0.3114   B1-3-P277
25918   57330   0.3114   B1-3-P278
23439   57955   0.3114   B1-3-SP266
21098   59375   0.3114   B1-D2-451
21860   59256   0.3114   B1-D2-454
22077   59164   0.3114   B1-D2-455
23052   58900   0.3114   B1-D2-459
23304   58800   0.3114   B1-D2-460
24625   58495   0.3114   B1-D2-68
25605   58240   0.3114   B1-D2-72
25835   58184   0.3114   B1-D2-73
26019   58136   0.3114   B1-D2-74
25991   58108   0.3114   B1-D2-F74
23421   58843   0.3114   B1-D2-P63
24654   58496   0.3114   B1-D2-P68
24882   58459   0.3114   B1-D2-P69
25605   58278   0.3114   B1-D2-P72
25837   58220   0.3114   B1-D2-P73
25450   57714   0.3114   B1-D3-75
21353   58813   0.3114   B1-D3-P58
21611   58709   0.3114   B1-D3-P59
23253   58313   0.3114   B1-D3-P66
23537   58256   0.3114   B1-D3-P67
23766   58184   0.3114   B1-D3-P68
24253   58062   0.3114   B1-D3-P70
24964   57869   0.3114   B1-D3-P73
25701   57685   0.3114   B1-D3-P76
20878.66015625   60014.87890625   0.3114   B1-311-SP68
22337   59162   0.3114   G94-42
19758.8671875   593711.9375   0.3114   
251815.28125   593711.9375   0.3114   
23664   59002   0.7095   B1-1-061
24153   58873   0.7095   B1-1-063
24044   58908   0.7095   B1-1-463
24202   58863   0.7095   B1-1-63
21558   59574   0.7095   B1-1-P52
23974   58948   0.7095   B1-1-P62
24448   58826   0.7095   B1-1-P64
25403   58573   0.7095   B1-1-P68
20830   59350   0.7095   B1-21-550
24217   58463   0.7095   B1-21-564
20662   59267   0.7095   B1-2-34
22274   58844   0.7095   B1-2-456
24186   58350   0.7095   B1-2-464
24958   58133   0.7095   B1-2-467
22155   58918   0.7095   B1-2-P37
21954   58762   0.7095   B1-30-555
22986   58509   0.7095   B1-30-559
23944   59023   0.7095   B1-311-62
24184   58970   0.7095   B1-311-63
24441   58903   0.7095   B1-311-64
25391   58643   0.7095   B1-311-68
25641   58588   0.7095   B1-311-69
25877   58526   0.7095   B1-311-70
20692   58780   0.7095   B1-31-550
22374   58322   0.7095   B1-31-557
24159   58754   0.7095   B1-320-63
24055   58797   0.7095   B1-320-P63
24103   58488   0.7095   B1-321-63
25077   58203   0.7095   B1-321-67
24002   58555   0.7095   B1-321-P63
21864   58802   0.7095   B1-330-54
22342   58678   0.7095   B1-330-56
22819   58547   0.7095   B1-330-58
20623   59116   0.7095   B1-330-J49
21762   58846   0.7095   B1-330-P54
22231   58740   0.7095   B1-330-P56
24660   58102   0.7095   B1-330-P66
21772   58508   0.7095   B1-331-54
22975   58244   0.7095   B1-331-59
20708   58834   0.7095   B1-331-P50
24567   57625   0.7095   B1-3-D61
22396   58224   0.7095   B1-3-P261
21352   59350   0.7095   B1-D2-452
21234   59400   0.7095   B1-D2-P54
23666   58771   0.7095   B1-D2-P64
23918   58711   0.7095   B1-D2-P65
20726   58930   0.7095   B1-D3-450
21691   58690   0.7095   B1-D3-454
22895   58371   0.7095   B1-D3-459
20655   58972   0.7095   B1-D3-M55
20626   58987   0.7095   B1-D3-P55
24499   57995   0.7095   B1-D3-P71
20619   58641   0.7095   G100-37
22365   58181   0.7095   G100-43
20830   59522   0.7095   G94-37
20769   59235   0.7095   G96-37
20661   58942   0.7095   G98-37
22908   58394   0.7095   G98-45
20763   59068   0.7095   B1-30-550
21933   59058   0.7095   B1-321-54
20559   58872   0.7095   B1-331-49
26098   57244   0.7095   B1-3-67
21051   58519   0.7095   B1-3-D49
21237   58774   0.7095   B1-D3-452
20609   58953   0.7095   B1-D3-55
20900   58570   0.7095   G100-38
21281   58772   0.7095   G98-39
25350   58567   0.7095   B1-1-068
24687   58732   0.7095   B1-1-65
24826   58272   0.7095   B1-321-66
21649   59001   0.7095   B1-2-36
21771   58975   0.7095   B1-2-454
21679   59030   0.7095   B1-2-P36
25253   57926   0.7095   B1-330-68
25306   57635   0.7095   B1-331-P69
21788   59473   0.4458451   B1-1-053
24711   58688   0.6211095   B1-1-065
25129   58581   0.4276507   B1-1-067
25828   58434   0.3426   B1-1-070
21887   59474   0.3821445   B1-1-454
24804   58686   0.5290616   B1-1-466
25048   58624   0.4541488   B1-1-467
25943   58384   0.3571354   B1-1-471
21995   59430   0.3377111   B1-1-54
24929   58668   0.4806079   B1-1-66
25801   58450   0.3835042   B1-1-70
24941   58709   0.5057836   B1-1-P66
25149   58614   0.4554095   B1-1-X67
24544   58249   0.4657149   B1-2-042
21166   59494   0.460828   B1-20-551
21888   59322   0.3410113   B1-20-554
23331   58575   0.3114   B1-2-139
21557   59141   0.4628549   B1-21-553
21795   59089   0.5377983   B1-21-554
22065   59016   0.4773645   B1-21-555
23255   58712   0.4045018   B1-21-560
23097   58644   0.5066562   B1-2-39
25055   58132   0.628547   B1-2-43
24409   58260   0.4075767   B1-2-465
22887   58722   0.3666609   B1-2-P138
23128   58636   0.4796469   B1-2-P39
24577   58284   0.4534478   B1-2-P42
25080   58156   0.6412888   B1-2-P43
21489   58889   0.4209307   B1-30-553
23148   58473   0.4710093   B1-30-560
23647   58304   0.3929362   B1-30-562
23164   58500   0.4585114   B1-30-M560
22023   59531   0.3566769   B1-311-54
25159   58707   0.5492086   B1-311-67
23321   58048   0.3895815   B1-31-561
24320   57852   0.4796021   B1-31-565
21758   59385   0.5127218   B1-320-53
22012   59324   0.4920473   B1-320-54
24678   58622   0.5118575   B1-320-65
24905   58573   0.4042447   B1-320-66
25115   58491   0.395497   B1-320-67
26048   58250   0.403259   B1-320-71
21904   59373   0.3546912   B1-320-P54
21703   59120   0.4371711   B1-321-53
24574   58337   0.3963368   B1-321-65
21591   59192   0.5186265   B1-321-P53
21816   59132   0.4549528   B1-321-P54
22070   59061   0.4218397   B1-321-P55
23794   58295   0.4509105   B1-330-62
25015   57976   0.4014328   B1-330-67
21519   58910   0.4389481   B1-330-P53
23735   58013   0.392207   B1-331-62
24223   57870   0.423711   B1-331-64
24461   57844   0.6263302   B1-331-65
25785   57524   0.4006442   B1-331-P71
23226   58149   0.4506053   B1-331-S60
23185   57966   0.3114   B1-3-57
23477   57895   0.3114   B1-3-58
23342   57931   0.3262608   B1-3-D57
23589   57879   0.3114   B1-3-D58
23899   57802   0.3341403   B1-3-D59
24193   57760   0.5358827   B1-3-P270
23176   58028   0.3537611   B1-3-SP265
24498   58526   0.4860035   B1-D2-465
24987   58409   0.3697734   B1-D2-467
25221   58343   0.5750593   B1-D2-468
25931   58159   0.3538232   B1-D2-471
22201   59120   0.5009407   B1-D2-58
22933   58935   0.4545871   B1-D2-61
23190   58870   0.371601   B1-D2-62
24868   58435   0.3125364   B1-D2-69
25111   58376   0.4797235   B1-D2-70
23174   58894   0.3798188   B1-D2-P62
25123   58399   0.4552797   B1-D2-P70
23636   58170   0.3756269   B1-D3-462
25793   57622   0.3957345   B1-D3-471
21575   58713   0.3746991   B1-D3-59
24239   58018   0.3518376   B1-D3-70
25449   57742   0.3292657   B1-D3-P75
21119   59440   0.3566551   G94-38
23151   58933   0.3892672   G94-45
21602   59003   0.5823298   G96-40
23478   59043   0.3269858   B1-1-060
23567   59011   0.5101539   B1-1-461
25725   58456   0.4297465   B1-1-470
23113   59036   0.4201002   B1-20-559
23489   58658   0.4058349   B1-21-561
23581   58505   0.461808   B1-2-40
23469   58550   0.3589625   B1-2-461
23602   58530   0.4968891   B1-2-P40
23572   58041   0.3918471   B1-31-562
23376   58664   0.3702983   B1-321-60
23608   58623   0.4822466   B1-321-61
23507   58685   0.4089588   B1-321-P61
23576   58353   0.3885625   B1-330-61
25614   57851   0.4133304   B1-330-P70
23491   58129   0.393034   B1-331-61
23610   58090   0.409018   B1-331-P62
23849   58012   0.4088628   B1-331-P63
23360   58150   0.4091519   B1-331-SP61
24071   57739   0.4066305   B1-3-60
23536   58776   0.4841495   B1-D2-461
23413   58810   0.3229559   B1-D2-63
23268   59116   0.4181827   B1-1-059
23332   59070   0.395525   B1-1-460
23233   59109   0.4098847   B1-1-59
23415   59061   0.3252082   B1-1-60
25541   57998   0.3129546   B1-2-044
25283   58067   0.4827423   B1-2-143
25508   58006   0.318807   B1-2-44
25407   58018   0.4420775   B1-2-469
23474   59139   0.3447247   B1-311-60
25591   58374   0.4023364   B1-320-69
23077   59021   0.422448   B1-320-P59
25274   58494   0.5509984   B1-320-P68
24348   58417   0.572966   B1-321-64
25548   58092   0.3140382   B1-321-69
23306   58473   0.3778343   B1-330-60
25494   57861   0.3682094   B1-330-69
25356   57920   0.5614313   B1-330-P69
23299   58266   0.3355612   B1-D3-66
25690   57654   0.3473279   B1-D3-76
25630   58463   0.5048468   B1-1-069
25652   58485   0.5285742   B1-1-69
24704   58322   0.4834881   B1-2-42
25880   57908   0.3550129   B1-2-471
23419   58377   0.4048623   B1-30-561
22961   59049   0.4896503   B1-320-58
25509   58422   0.4091583   B1-320-P69
23435   58412   0.4104123   B1-330-P61
22935   58969   0.4887536   B1-D2-P61
23442   58263   0.3602557   B1-D3-461
25340   57749   0.4830008   B1-D3-469
24991   57821   0.4364069   B1-D3-73
23023   58782   0.3938459   B1-21-559
25305   58095   0.44559   B1-2-P143
23861   57963   0.4200127   B1-31-563
24086   57905   0.4346008   B1-31-564
22886   58800   0.4315429   B1-321-58
25300   58148   0.4135246   B1-321-68
23038   58807   0.3580903   B1-321-P59
25467   58194   0.396216   B1-321-P69
24260   58150   0.3629818   B1-330-64
23975   58002   0.5008956   B1-331-63
24089   57966   0.4750319   B1-331-P64
24114   58025   0.4649103   B1-D3-464
23082   58675   0.4890912   G96-45
25643   57974   0.3515   B1-2-470
24155   58197   0.5256758   B1-30-564
25721   57798   0.3727445   B1-330-70
24175   58241   0.5757204   B1-330-P64
25996   57879   0.3124603   B1-2-45
25732   58206   0.3666132   B1-D2-470
23346   58918   0.4114629   B1-20-560
25827   58313   0.344764   B1-320-70
25743   58352   0.3751434   B1-320-P70
25202   57654   0.6135309   B1-331-68
25096   57785   0.4437655   B1-D3-468
25210   57775   0.4825846   B1-D3-74
25217   57807   0.5021973   B1-D3-P74
23122   58202   0.547999   B1-331-P60
23125   58308   0.5229752   B1-D3-460
23761   58147   0.3289585   B1-D3-68
22044   59424   0.350796   B1-1-054
25458   58274   0.4551715   B1-D2-469
23882   58111   0.4505208   B1-D3-463
25083   58122   0.55   B1-2-043
26015   57971   0.3215389   B1-321-71
25966   57263   0.4494453   B1-3-D66
24734   58444   0.375867   B1-D2-466
23092   58154   0.5459702   B1-31-560
25786   58034   0.3366992   B1-321-70
21351   58788   0.4201673   B1-D3-58
25252   57445   0.5472012   B1-3-64
24332   58354   0.55   B1-2-P141
24514   58081   0.55   B1-330-65
25105   57471   0.556105   B1-3-D63
25091   57562   0.55   B1-3-P274
20993   59421   0.5288759   B1-D2-53
23723   58607   0.55   B1-21-562
23425   58933   0.4908259   B1-320-60
23570   58927   0.55   B1-320-P61
23276   58737   0.3835719   B1-321-P60
25929   58056   0.3196188   B1-321-P71
25553   57586   0.3597886   B1-331-P70
25567   57670   0.3933268   B1-D3-470
25690   58122   0.3468823   B1-321-P70
25865   57789   0.4084204   B1-330-P71
25673   57521   0.4089777   B1-331-70
25946   57730   0.423907   B1-330-71
25912   57534   0.4202065   B1-331-71
25887   57603   0.4104313   B1-D3-77
25433   57618   0.4527175   B1-331-69
25382   57406   0.409837   B1-3-D64
25675   57334   0.3114   B1-3-D65
23551   58231   0.3114   B1-D3-67
