21653307.22	5170346.33	0.239578
21653379.37	5170326.32	0.23344
21653451.52	5170306.31	0.240635
21653523.66	5170286.3	0.241053
21653595.81	5170266.29	0.232004
21653667.96	5170246.29	0.233332
21653740.1	5170226.28	0.229703
21653812.25	5170206.27	0.230515
21653884.4	5170186.26	0.23089
21653956.54	5170166.25	0.234202
21654028.69	5170146.25	0.248909
21654100.84	5170126.24	0.302149
21654172.98	5170106.23	0.322088
21654245.13	5170086.22	0.350462
21654317.28	5170066.21	0.36422
21654389.42	5170046.21	0.335728
21654461.57	5170026.2	0.334837
21654533.72	5170006.19	0.255763
21654605.86	5169986.18	0.326103
21654678.01	5169966.17	0.397939
21654750.16	5169946.17	0.389886
21654822.31	5169926.16	0.296774
21654894.45	5169906.15	0.29592
21654966.6	5169886.14	0.275483
21655038.75	5169866.13	0.331882
21655110.89	5169846.13	0.365742
21655183.04	5169826.12	0.439348
21655255.19	5169806.11	0.381168
21655327.33	5169786.1	0.289674
21655399.48	5169766.09	0.324591
21653254.7	5170437.11	0.234462
21653326.85	5170417.1	0.242981
21653399	5170397.09	0.239071
21653471.14	5170377.08	0.240464
21653543.29	5170357.07	0.240772
21653615.44	5170337.07	0.238815
21653687.58	5170317.06	0.235358
21653759.73	5170297.05	0.241358
21653831.88	5170277.04	0.248747
21653904.02	5170257.03	0.2369
21653976.17	5170237.03	0.231966
21654048.32	5170217.02	0.234072
21654120.46	5170197.01	0.240048
21654192.61	5170177	0.240272
21654264.76	5170156.99	0.238819
21654336.9	5170136.98	0.248425
21654409.05	5170116.98	0.246929
21654481.2	5170096.97	0.26104
21654553.34	5170076.96	0.280566
21654625.49	5170056.95	0.35061
21654697.64	5170036.94	0.37262
21654769.78	5170016.94	0.327238
21654841.93	5169996.93	0.296012
21654914.08	5169976.92	0.259813
21654986.23	5169956.91	0.272056
21655058.37	5169936.9	0.246683
21655130.52	5169916.9	0.359897
21655202.66	5169896.89	0.410467
21655274.81	5169876.88	0.364061
21655346.96	5169856.87	0.315149
21655419.11	5169836.86	0.345957
21655491.25	5169816.86	0.353792
21655563.4	5169796.85	0.322947
21655635.55	5169776.84	0.280688
21655707.69	5169756.83	0.242642
21655779.84	5169736.82	0.234784
21655851.99	5169716.82	0.231286
21655924.13	5169696.81	0.239083
21655996.28	5169676.8	0.25056
21656068.43	5169656.79	0.285031
21656140.57	5169636.78	0.319944
21656212.72	5169616.78	0.287193
21656284.87	5169596.77	0.23168
21656357.01	5169576.76	0.234958
21656429.16	5169556.75	0.248315
21656501.31	5169536.74	0.297412
21656573.45	5169516.74	0.308462
21656645.6	5169496.73	0.326901
21656717.75	5169476.72	0.296958
21656789.89	5169456.71	0.262201
21656862.04	5169436.7	0.280903
21656934.19	5169416.69	0.346976
21657006.33	5169396.69	0.360018
21657078.48	5169376.68	0.339551
21657150.63	5169356.67	0.265255
21657222.77	5169336.66	0.25883
21657294.92	5169316.65	0.251895
21657367.07	5169296.65	0.252192
21657439.21	5169276.64	0.24283
21657511.36	5169256.63	0.257068
21657583.51	5169236.62	0.367801
21657655.65	5169216.61	0.393624
21657727.8	5169196.61	0.400476
21657799.95	5169176.6	0.412297
21657872.09	5169156.59	0.410595
21657944.24	5169136.58	0.404342
21658016.39	5169116.57	0.415972
21658088.53	5169096.57	0.385364
21658160.68	5169076.56	0.354925
21658232.83	5169056.55	0.354832
21658304.97	5169036.54	0.354074
21658377.12	5169016.53	0.401189
21658449.27	5168996.53	0.365438
21658521.41	5168976.52	0.369012
21658593.56	5168956.51	0.309984
21658665.71	5168936.5	0.26108
21658737.85	5168916.49	0.251601
21658810	5168896.49	0.288814
21658882.15	5168876.48	0.337731
21658954.29	5168856.47	0.267974
21659026.44	5168836.46	0.329102
21659098.59	5168816.45	0.347836
21653274.33	5170507.88	0.235212
21653346.48	5170487.87	0.235287
21653418.62	5170467.86	0.234509
21653490.77	5170447.85	0.236162
21653562.92	5170427.84	0.234496
21653635.06	5170407.84	0.237629
21653707.21	5170387.83	0.239162
21653779.36	5170367.82	0.251915
21653851.5	5170347.81	0.283981
21653923.65	5170327.8	0.256322
21653995.8	5170307.8	0.246058
21654067.94	5170287.79	0.267424
21654140.09	5170267.78	0.245034
21654212.24	5170247.77	0.238556
21654284.38	5170227.76	0.23207
21654356.53	5170207.76	0.232708
21654428.68	5170187.75	0.232587
21654500.82	5170167.74	0.23502
21654572.97	5170147.73	0.258815
21654645.12	5170127.72	0.23965
21654717.26	5170107.72	0.241264
21654789.41	5170087.71	0.246583
21654861.56	5170067.7	0.26581
21654933.7	5170047.69	0.251087
21655005.85	5170027.68	0.24362
21655078	5170007.68	0.235941
21655150.14	5169987.67	0.268021
21655222.29	5169967.66	0.255856
21655294.44	5169947.65	0.251091
21655366.58	5169927.64	0.330382
21655438.73	5169907.63	0.305803
21655510.88	5169887.63	0.334423
21655583.03	5169867.62	0.303769
21655655.17	5169847.61	0.268962
21655727.32	5169827.6	0.231103
21655799.47	5169807.59	0.233833
21655871.61	5169787.59	0.232316
21655943.76	5169767.58	0.235589
21656015.91	5169747.57	0.241765
21656088.05	5169727.56	0.256517
21656160.2	5169707.55	0.294847
21656232.35	5169687.55	0.278497
21656304.49	5169667.54	0.237849
21656376.64	5169647.53	0.239615
21656448.79	5169627.52	0.241276
21656520.93	5169607.51	0.242863
21656593.08	5169587.51	0.252565
21656665.23	5169567.5	0.277856
21656737.37	5169547.49	0.260684
21656809.52	5169527.48	0.244181
21656881.67	5169507.47	0.246803
21656953.81	5169487.47	0.293362
21657025.96	5169467.46	0.283931
21657098.11	5169447.45	0.358265
21657170.25	5169427.44	0.347469
21657242.4	5169407.43	0.248365
21657314.55	5169387.43	0.240503
21657386.69	5169367.42	0.231111
21657458.84	5169347.41	0.233734
21657530.99	5169327.4	0.234466
21657603.13	5169307.39	0.261179
21657675.28	5169287.39	0.331323
21657747.43	5169267.38	0.371274
21657819.57	5169247.37	0.394939
21657891.72	5169227.36	0.383444
21657963.87	5169207.35	0.387007
21658036.01	5169187.34	0.378628
21658108.16	5169167.34	0.37893
21658180.31	5169147.33	0.332164
21658252.45	5169127.32	0.312661
21658324.6	5169107.31	0.381412
21658396.75	5169087.3	0.430366
21658468.89	5169067.3	0.394389
21658541.04	5169047.29	0.311578
21658613.19	5169027.28	0.322806
21658685.33	5169007.27	0.242107
21658757.48	5168987.26	0.2491
21658829.63	5168967.26	0.287001
21658901.77	5168947.25	0.304737
21658973.92	5168927.24	0.270643
21659046.07	5168907.23	0.392211
21653293.96	5170578.65	0.23383
21653366.1	5170558.64	0.23367
21653438.25	5170538.63	0.235576
21653510.4	5170518.62	0.234634
21653582.54	5170498.61	0.234459
21653654.69	5170478.61	0.234233
21653726.84	5170458.6	0.232798
21653798.98	5170438.59	0.237567
21653871.13	5170418.58	0.246525
21653943.28	5170398.57	0.235666
21654015.42	5170378.57	0.265679
21654087.57	5170358.56	0.243984
21654159.72	5170338.55	0.233566
21654231.86	5170318.54	0.238464
21654304.01	5170298.53	0.234816
21654376.16	5170278.53	0.240929
21654448.3	5170258.52	0.235516
21654520.45	5170238.51	0.248901
21654592.6	5170218.5	0.243152
21654664.74	5170198.49	0.237659
21654736.89	5170178.49	0.231428
21654809.04	5170158.48	0.234036
21654881.18	5170138.47	0.233902
21654953.33	5170118.46	0.233303
21655025.48	5170098.45	0.234955
21655097.62	5170078.45	0.243706
21655169.77	5170058.44	0.236538
21655241.92	5170038.43	0.233481
21655314.06	5170018.42	0.237391
21655386.21	5169998.41	0.306909
21655458.36	5169978.41	0.234404
21655530.5	5169958.4	0.249906
21655602.65	5169938.39	0.274705
21655674.8	5169918.38	0.231929
21655746.95	5169898.37	0.227911
21655819.09	5169878.37	0.236477
21655891.24	5169858.36	0.224839
21655963.38	5169838.35	0.231605
21656035.53	5169818.34	0.235985
21656107.68	5169798.33	0.235632
21656179.83	5169778.32	0.232282
21656251.97	5169758.32	0.257482
21656324.12	5169738.31	0.237251
21656396.27	5169718.3	0.299013
21656468.41	5169698.29	0.228875
21656540.56	5169678.28	0.230071
21656612.71	5169658.28	0.220696
21656684.85	5169638.27	0.237906
21656757	5169618.26	0.229728
21656829.15	5169598.25	0.230772
21656901.29	5169578.24	0.224613
21656973.44	5169558.24	0.235205
21657045.59	5169538.23	0.228402
21657117.73	5169518.22	0.289869
21657189.88	5169498.21	0.319689
21657262.03	5169478.2	0.255249
21657334.17	5169458.2	0.27217
21657406.32	5169438.19	0.231857
21657478.47	5169418.18	0.23027
21657550.61	5169398.17	0.223737
21657622.76	5169378.16	0.239019
21657694.91	5169358.16	0.251581
21657767.05	5169338.15	0.259469
21657839.2	5169318.14	0.381819
21657911.35	5169298.13	0.368633
21657983.49	5169278.12	0.336652
21658055.64	5169258.12	0.329002
21658127.79	5169238.11	0.314746
21658199.93	5169218.1	0.244221
21658272.08	5169198.09	0.245464
21658344.23	5169178.08	0.338645
21658416.37	5169158.08	0.417037
21658488.52	5169138.07	0.380143
21658560.67	5169118.06	0.324416
21658632.81	5169098.05	0.337576
21658704.96	5169078.04	0.305232
21658777.11	5169058.03	0.236814
21658849.25	5169038.03	0.267695
21658921.4	5169018.02	0.271077
21658993.55	5168998.01	0.279048
21659065.69	5168978	0.290273
21653313.58	5170649.42	0.234501
21653385.73	5170629.41	0.233959
21653457.88	5170609.4	0.232992
21653530.02	5170589.39	0.233707
21653602.17	5170569.39	0.23449
21653674.32	5170549.38	0.235923
21653746.46	5170529.37	0.234371
21653818.61	5170509.36	0.237417
21653890.76	5170489.35	0.24142
21653962.9	5170469.35	0.240426
21654035.05	5170449.34	0.255331
21654107.2	5170429.33	0.258178
21654179.34	5170409.32	0.236004
21654251.49	5170389.31	0.236534
21654323.64	5170369.3	0.235112
21654395.78	5170349.3	0.241921
21654467.93	5170329.29	0.237745
21654540.08	5170309.28	0.238816
21654612.22	5170289.27	0.235841
21654684.37	5170269.26	0.236816
21654756.52	5170249.26	0.23376
21654828.66	5170229.25	0.232934
21654900.81	5170209.24	0.231943
21654972.96	5170189.23	0.232862
21655045.1	5170169.22	0.232676
21655117.25	5170149.22	0.236267
21655189.4	5170129.21	0.232762
21655261.54	5170109.2	0.235301
21655333.69	5170089.19	0.261074
21655405.84	5170069.18	0.296307
21655477.98	5170049.18	0.24681
21655550.13	5170029.17	0.24124
21655622.28	5170009.16	0.24154
21655694.42	5169989.15	0.234114
21655766.57	5169969.14	0.240541
21655838.72	5169949.14	0.258243
21655910.86	5169929.13	0.241531
21655983.01	5169909.12	0.235079
21656055.16	5169889.11	0.235313
21656127.3	5169869.1	0.238389
21656199.45	5169849.1	0.239723
21656271.6	5169829.09	0.265494
21656343.75	5169809.08	0.257469
21656415.89	5169789.07	0.297017
21656488.04	5169769.06	0.232166
21656560.19	5169749.06	0.23845
21656632.33	5169729.05	0.230284
21656704.48	5169709.04	0.236488
21656776.63	5169689.03	0.228703
21656848.77	5169669.02	0.228625
21656920.92	5169649.02	0.220137
21656993.07	5169629.01	0.233128
21657065.21	5169609	0.256583
21657137.36	5169588.99	0.340242
21657209.51	5169568.98	0.366701
21657281.65	5169548.97	0.305884
21657353.8	5169528.97	0.260805
21657425.95	5169508.96	0.227985
21657498.09	5169488.95	0.231766
21657570.24	5169468.94	0.239083
21657642.39	5169448.93	0.250944
21657714.53	5169428.93	0.236998
21657786.68	5169408.92	0.228487
21657858.83	5169388.91	0.309175
21657930.97	5169368.9	0.340388
21658003.12	5169348.89	0.286548
21658075.27	5169328.89	0.273087
21658147.41	5169308.88	0.230263
21658219.56	5169288.87	0.230317
21658291.71	5169268.86	0.240441
21658363.85	5169248.85	0.234276
21658436	5169228.85	0.236766
21658508.15	5169208.84	0.228394
21658580.29	5169188.83	0.265729
21658652.44	5169168.82	0.260171
21658724.59	5169148.81	0.232559
21658796.73	5169128.81	0.229068
21658868.88	5169108.8	0.233017
21658941.03	5169088.79	0.238851
21659013.17	5169068.78	0.25479
21659085.32	5169048.77	0.272743
21653261.06	5170740.2	0.244176
21653333.21	5170720.19	0.237836
21653405.36	5170700.18	0.232307
21653477.5	5170680.17	0.233137
21653549.65	5170660.16	0.233233
21653621.8	5170640.16	0.233545
21653693.94	5170620.15	0.234092
21653766.09	5170600.14	0.242748
21653838.24	5170580.13	0.247533
21653910.38	5170560.12	0.255083
21653982.53	5170540.12	0.258129
21654054.68	5170520.11	0.291882
21654126.82	5170500.1	0.270379
21654198.97	5170480.09	0.234936
21654271.12	5170460.08	0.234605
21654343.26	5170440.08	0.23603
21654415.41	5170420.07	0.240845
21654487.56	5170400.06	0.237869
21654559.7	5170380.05	0.235215
21654631.85	5170360.04	0.233109
21654704	5170340.04	0.234796
21654776.14	5170320.03	0.234024
21654848.29	5170300.02	0.23179
21654920.44	5170280.01	0.229601
21654992.58	5170260	0.232698
21655064.73	5170240	0.232545
21655136.88	5170219.99	0.23333
21655209.02	5170199.98	0.234251
21655281.17	5170179.97	0.248444
21655353.32	5170159.96	0.320159
21655425.46	5170139.95	0.341049
21655497.61	5170119.95	0.354491
21655569.76	5170099.94	0.26504
21655641.9	5170079.93	0.232826
21655714.05	5170059.92	0.232295
21655786.2	5170039.91	0.236898
21655858.34	5170019.91	0.248626
21655930.49	5169999.9	0.259133
21656002.64	5169979.89	0.242085
21656074.78	5169959.88	0.245042
21656146.93	5169939.87	0.279628
21656219.08	5169919.87	0.281935
21656291.22	5169899.86	0.297261
21656363.37	5169879.85	0.298896
21656435.52	5169859.84	0.338451
21656507.66	5169839.83	0.283392
21656579.81	5169819.83	0.258752
21656651.96	5169799.82	0.247815
21656724.1	5169779.81	0.240661
21656796.25	5169759.8	0.234288
21656868.4	5169739.79	0.230857
21656940.55	5169719.79	0.232923
21657012.69	5169699.78	0.274539
21657084.84	5169679.77	0.300306
21657156.99	5169659.76	0.352492
21657229.13	5169639.75	0.401054
21657301.28	5169619.75	0.341366
21657373.43	5169599.74	0.298688
21657445.57	5169579.73	0.235457
21657517.72	5169559.72	0.247393
21657589.87	5169539.71	0.252485
21657662.01	5169519.71	0.264885
21657734.16	5169499.7	0.243857
21657806.31	5169479.69	0.231402
21657878.45	5169459.68	0.311292
21657950.6	5169439.67	0.336651
21658022.75	5169419.66	0.273203
21658094.89	5169399.66	0.282377
21658167.04	5169379.65	0.253709
21658239.19	5169359.64	0.249271
21658311.33	5169339.63	0.234238
21658383.48	5169319.62	0.224356
21658455.63	5169299.62	0.231571
21658527.77	5169279.61	0.235292
21658599.92	5169259.6	0.321238
21658672.07	5169239.59	0.281244
21658744.21	5169219.58	0.244703
21658816.36	5169199.58	0.234825
21658888.51	5169179.57	0.244357
21658960.65	5169159.56	0.246568
21659032.8	5169139.55	0.243661
21659104.95	5169119.54	0.239301
21653280.69	5170810.97	0.24085
21653352.84	5170790.96	0.238032
21653424.98	5170770.95	0.232618
21653497.13	5170750.94	0.232221
21653569.28	5170730.93	0.232557
21653641.42	5170710.93	0.233359
21653713.57	5170690.92	0.235081
21653785.72	5170670.91	0.24354
21653857.86	5170650.9	0.256454
21653930.01	5170630.89	0.264853
21654002.16	5170610.89	0.315443
21654074.3	5170590.88	0.300932
21654146.45	5170570.87	0.246282
21654218.6	5170550.86	0.236399
21654290.74	5170530.85	0.239168
21654362.89	5170510.85	0.242414
21654435.04	5170490.84	0.261595
21654507.18	5170470.83	0.237831
21654579.33	5170450.82	0.240836
21654651.48	5170430.81	0.233861
21654723.62	5170410.81	0.234071
21654795.77	5170390.8	0.233206
21654867.92	5170370.79	0.230932
21654940.06	5170350.78	0.228537
21655012.21	5170330.77	0.232239
21655084.36	5170310.77	0.232103
21655156.5	5170290.76	0.236821
21655228.65	5170270.75	0.256119
21655300.8	5170250.74	0.343663
21655372.94	5170230.73	0.362413
21655445.09	5170210.73	0.336367
21655517.24	5170190.72	0.287187
21655589.38	5170170.71	0.238575
21655661.53	5170150.7	0.230769
21655733.68	5170130.69	0.230912
21655805.82	5170110.69	0.233287
21655877.97	5170090.68	0.241575
21655950.12	5170070.67	0.260438
21656022.26	5170050.66	0.28991
21656094.41	5170030.65	0.263605
21656166.56	5170010.65	0.297455
21656238.7	5169990.64	0.306312
21656310.85	5169970.63	0.311812
21656383	5169950.62	0.258123
21656455.14	5169930.61	0.275465
21656527.29	5169910.6	0.255129
21656599.44	5169890.6	0.240733
21656671.58	5169870.59	0.245173
21656743.73	5169850.58	0.248231
21656815.88	5169830.57	0.23488
21656888.02	5169810.56	0.236911
21656960.17	5169790.56	0.261504
21657032.32	5169770.55	0.308423
21657104.47	5169750.54	0.378526
21657176.61	5169730.53	0.406508
21657248.76	5169710.52	0.345123
21657320.91	5169690.52	0.318895
21657393.05	5169670.51	0.301834
21657465.2	5169650.5	0.241219
21657537.35	5169630.49	0.233891
21657609.49	5169610.48	0.27537
21657681.64	5169590.48	0.302935
21657753.79	5169570.47	0.236764
21657825.93	5169550.46	0.238886
21657898.08	5169530.45	0.317201
21657970.23	5169510.44	0.308517
21658042.37	5169490.44	0.247371
21658114.52	5169470.43	0.272238
21658186.67	5169450.42	0.265029
21658258.81	5169430.41	0.262193
21658330.96	5169410.4	0.257206
21658403.11	5169390.4	0.232371
21658475.25	5169370.39	0.239047
21658547.4	5169350.38	0.252557
21658619.55	5169330.37	0.356589
21658691.69	5169310.36	0.304137
21658763.84	5169290.36	0.265354
21658835.99	5169270.35	0.24514
21658908.13	5169250.34	0.248531
21658980.28	5169230.33	0.258473
21659052.43	5169210.32	0.270373
21653300.32	5170881.74	0.237293
21653372.46	5170861.73	0.237524
21653444.61	5170841.72	0.231994
21653516.76	5170821.71	0.232086
21653588.9	5170801.71	0.231364
21653661.05	5170781.7	0.23219
21653733.2	5170761.69	0.232408
21653805.34	5170741.68	0.237233
21653877.49	5170721.67	0.255697
21653949.64	5170701.67	0.250673
21654021.78	5170681.66	0.294151
21654093.93	5170661.65	0.2917
21654166.08	5170641.64	0.242597
21654238.22	5170621.63	0.233184
21654310.37	5170601.63	0.234985
21654382.52	5170581.62	0.236517
21654454.66	5170561.61	0.231037
21654526.81	5170541.6	0.235215
21654598.96	5170521.59	0.234872
21654671.1	5170501.58	0.231811
21654743.25	5170481.58	0.242795
21654815.4	5170461.57	0.234189
21654887.54	5170441.56	0.231494
21654959.69	5170421.55	0.233796
21655031.84	5170401.54	0.233219
21655103.98	5170381.54	0.264382
21655176.13	5170361.53	0.24334
21655248.28	5170341.52	0.262093
21655320.42	5170321.51	0.31902
21655392.57	5170301.5	0.379441
21655464.72	5170281.5	0.381544
21655536.86	5170261.49	0.35299
21655609.01	5170241.48	0.249425
21655681.16	5170221.47	0.230708
21655753.3	5170201.46	0.235867
21655825.45	5170181.46	0.233134
21655897.6	5170161.45	0.246991
21655969.74	5170141.44	0.302448
21656041.89	5170121.43	0.301318
21656114.04	5170101.42	0.249098
21656186.18	5170081.42	0.260602
21656258.33	5170061.41	0.33876
21656330.48	5170041.4	0.364734
21656402.62	5170021.39	0.236874
21656474.77	5170001.38	0.277814
21656546.92	5169981.38	0.242874
21656619.06	5169961.37	0.23576
21656691.21	5169941.36	0.233643
21656763.36	5169921.35	0.240688
21656835.5	5169901.34	0.241259
21656907.65	5169881.34	0.248512
21656979.8	5169861.33	0.28219
21657051.94	5169841.32	0.303399
21657124.09	5169821.31	0.427858
21657196.24	5169801.3	0.390082
21657268.38	5169781.3	0.356851
21657340.53	5169761.29	0.316963
21657412.68	5169741.28	0.305044
21657484.83	5169721.27	0.263198
21657556.97	5169701.26	0.264735
21657629.12	5169681.25	0.307809
21657701.27	5169661.25	0.318619
21657773.41	5169641.24	0.233108
21657845.56	5169621.23	0.238325
21657917.71	5169601.22	0.319627
21657989.85	5169581.21	0.315072
21658062	5169561.21	0.263804
21658134.15	5169541.2	0.307413
21658206.29	5169521.19	0.27234
21658278.44	5169501.18	0.253041
21658350.59	5169481.17	0.285997
21658422.73	5169461.17	0.249041
21658494.88	5169441.16	0.316199
21658567.03	5169421.15	0.327849
21658639.17	5169401.14	0.364546
21658711.32	5169381.13	0.285745
21658783.47	5169361.13	0.29403
21658855.61	5169341.12	0.248423
21658927.76	5169321.11	0.23361
21658999.91	5169301.1	0.238072
21659072.05	5169281.09	0.324294
21653247.8	5170972.52	0.319432
21653319.94	5170952.51	0.244017
21653392.09	5170932.5	0.236872
21653464.24	5170912.49	0.231309
21653536.38	5170892.48	0.231628
21653608.53	5170872.48	0.231307
21653680.68	5170852.47	0.232218
21653752.82	5170832.46	0.233512
21653824.97	5170812.45	0.235871
21653897.12	5170792.44	0.236443
21653969.26	5170772.44	0.242361
21654041.41	5170752.43	0.291063
21654113.56	5170732.42	0.249563
21654185.7	5170712.41	0.259
21654257.85	5170692.4	0.244342
21654330	5170672.4	0.242553
21654402.14	5170652.39	0.239221
21654474.29	5170632.38	0.235193
21654546.44	5170612.37	0.238946
21654618.58	5170592.36	0.245471
21654690.73	5170572.36	0.236536
21654762.88	5170552.35	0.250679
21654835.02	5170532.34	0.231588
21654907.17	5170512.33	0.230705
21654979.32	5170492.32	0.233205
21655051.46	5170472.32	0.234039
21655123.61	5170452.31	0.240537
21655195.76	5170432.3	0.247668
21655267.9	5170412.29	0.246909
21655340.05	5170392.28	0.256039
21655412.2	5170372.28	0.268609
21655484.34	5170352.27	0.353169
21655556.49	5170332.26	0.251628
21655628.64	5170312.25	0.239575
21655700.78	5170292.24	0.230222
21655772.93	5170272.23	0.23213
21655845.08	5170252.23	0.232675
21655917.22	5170232.22	0.238878
21655989.37	5170212.21	0.253989
21656061.52	5170192.2	0.24608
21656133.66	5170172.19	0.24495
21656205.81	5170152.19	0.265383
21656277.96	5170132.18	0.367147
21656350.1	5170112.17	0.37912
21656422.25	5170092.16	0.415253
21656494.4	5170072.15	0.270881
21656566.54	5170052.15	0.240856
21656638.69	5170032.14	0.232983
21656710.84	5170012.13	0.232432
21656782.98	5169992.12	0.233632
21656855.13	5169972.11	0.233421
21656927.28	5169952.11	0.270334
21656999.42	5169932.1	0.332315
21657071.57	5169912.09	0.387977
21657143.72	5169892.08	0.365988
21657215.86	5169872.07	0.395009
21657288.01	5169852.07	0.37868
21657360.16	5169832.06	0.290722
21657432.3	5169812.05	0.296531
21657504.45	5169792.04	0.249752
21657576.6	5169772.03	0.272718
21657648.74	5169752.03	0.357512
21657720.89	5169732.02	0.263213
21657793.04	5169712.01	0.229766
21657865.18	5169692	0.235118
21657937.33	5169671.99	0.309697
21658009.48	5169651.99	0.307669
21658081.63	5169631.98	0.250152
21658153.77	5169611.97	0.272375
21658225.92	5169591.96	0.235412
21658298.07	5169571.95	0.230194
21658370.21	5169551.94	0.255943
21658442.36	5169531.94	0.320011
21658514.51	5169511.93	0.353293
21658586.65	5169491.92	0.340347
21658658.8	5169471.91	0.295789
21658730.95	5169451.9	0.25559
21658803.09	5169431.9	0.245079
21658875.24	5169411.89	0.248004
21658947.39	5169391.88	0.239726
21659019.53	5169371.87	0.247963
21659091.68	5169351.86	0.334773
21653267.42	5171043.29	0.342454
21653339.57	5171023.28	0.279884
21653411.72	5171003.27	0.240618
21653483.86	5170983.26	0.237473
21653556.01	5170963.26	0.232031
21653628.16	5170943.25	0.233292
21653700.3	5170923.24	0.239739
21653772.45	5170903.23	0.234135
21653844.6	5170883.22	0.235917
21653916.74	5170863.21	0.240822
21653988.89	5170843.21	0.253233
21654061.04	5170823.2	0.2826
21654133.18	5170803.19	0.292197
21654205.33	5170783.18	0.32749
21654277.48	5170763.17	0.282176
21654349.62	5170743.17	0.278557
21654421.77	5170723.16	0.245642
21654493.92	5170703.15	0.239698
21654566.06	5170683.14	0.240977
21654638.21	5170663.13	0.249972
21654710.36	5170643.13	0.276436
21654782.5	5170623.12	0.239561
21654854.65	5170603.11	0.23545
21654926.8	5170583.1	0.233137
21654998.94	5170563.09	0.233091
21655071.09	5170543.09	0.328882
21655143.24	5170523.08	0.233982
21655215.38	5170503.07	0.244958
21655287.53	5170483.06	0.239123
21655359.68	5170463.05	0.247535
21655431.82	5170443.05	0.267263
21655503.97	5170423.04	0.266905
21655576.12	5170403.03	0.266391
21655648.26	5170383.02	0.298053
21655720.41	5170363.01	0.262023
21655792.56	5170343.01	0.252856
21655864.7	5170323	0.233054
21655936.85	5170302.99	0.231607
21656009	5170282.98	0.241075
21656081.14	5170262.97	0.237431
21656153.29	5170242.97	0.235892
21656225.44	5170222.96	0.247017
21656297.58	5170202.95	0.300008
21656369.73	5170182.94	0.378432
21656441.88	5170162.93	0.312354
21656514.02	5170142.93	0.372141
21656586.17	5170122.92	0.297813
21656658.32	5170102.91	0.246681
21656730.46	5170082.9	0.244216
21656802.61	5170062.89	0.273098
21656874.76	5170042.88	0.267982
21656946.9	5170022.88	0.311843
21657019.05	5170002.87	0.345923
21657091.2	5169982.86	0.410987
21657163.34	5169962.85	0.440341
21657235.49	5169942.84	0.417664
21657307.64	5169922.84	0.400479
21657379.78	5169902.83	0.288586
21657451.93	5169882.82	0.28932
21657524.08	5169862.81	0.269349
21657596.22	5169842.8	0.266598
21657668.37	5169822.8	0.310221
21657740.52	5169802.79	0.256208
21657812.66	5169782.78	0.232652
21657884.81	5169762.77	0.259772
21657956.96	5169742.76	0.335511
21658029.1	5169722.76	0.333396
21658101.25	5169702.75	0.259294
21658173.4	5169682.74	0.312765
21658245.54	5169662.73	0.328351
21658317.69	5169642.72	0.281025
21658389.84	5169622.72	0.336302
21658461.99	5169602.71	0.336182
21658534.13	5169582.7	0.344982
21658606.28	5169562.69	0.362199
21658678.43	5169542.68	0.342645
21658750.57	5169522.68	0.260504
21658822.72	5169502.67	0.313323
21658894.87	5169482.66	0.315788
21658967.01	5169462.65	0.241463
21659039.16	5169442.64	0.254272
21659111.31	5169422.64	0.347167
21653287.05	5171114.06	0.285231
21653359.2	5171094.05	0.243881
21653431.34	5171074.04	0.239865
21653503.49	5171054.03	0.239299
21653575.64	5171034.03	0.233508
21653647.78	5171014.02	0.234718
21653719.93	5170994.01	0.259665
21653792.08	5170974	0.256333
21653864.22	5170953.99	0.29214
21653936.37	5170933.99	0.281402
21654008.52	5170913.98	0.276892
21654080.66	5170893.97	0.321024
21654152.81	5170873.96	0.333734
21654224.96	5170853.95	0.303575
21654297.1	5170833.95	0.31828
21654369.25	5170813.94	0.333202
21654441.4	5170793.93	0.255499
21654513.54	5170773.92	0.236218
21654585.69	5170753.91	0.244319
21654657.84	5170733.91	0.241863
21654729.98	5170713.9	0.246738
21654802.13	5170693.89	0.276694
21654874.28	5170673.88	0.299839
21654946.42	5170653.87	0.322212
21655018.57	5170633.86	0.236119
21655090.72	5170613.86	0.237621
21655162.86	5170593.85	0.231599
21655235.01	5170573.84	0.233523
21655307.16	5170553.83	0.234143
21655379.3	5170533.82	0.273823
21655451.45	5170513.82	0.262931
21655523.6	5170493.81	0.243894
21655595.74	5170473.8	0.241394
21655667.89	5170453.79	0.259943
21655740.04	5170433.78	0.312667
21655812.18	5170413.78	0.277654
21655884.33	5170393.77	0.231137
21655956.48	5170373.76	0.234062
21656028.62	5170353.75	0.235218
21656100.77	5170333.74	0.235442
21656172.92	5170313.74	0.232595
21656245.06	5170293.73	0.245512
21656317.21	5170273.72	0.345983
21656389.36	5170253.71	0.344192
21656461.5	5170233.7	0.3113
21656533.65	5170213.7	0.286128
21656605.8	5170193.69	0.300379
21656677.94	5170173.68	0.32914
21656750.09	5170153.67	0.279101
21656822.24	5170133.66	0.340376
21656894.38	5170113.66	0.330049
21656966.53	5170093.65	0.327677
21657038.68	5170073.64	0.322085
21657110.82	5170053.63	0.390909
21657182.97	5170033.62	0.417807
21657255.12	5170013.62	0.445672
21657327.26	5169993.61	0.453194
21657399.41	5169973.6	0.33914
21657471.56	5169953.59	0.290251
21657543.7	5169933.58	0.244555
21657615.85	5169913.57	0.323449
21657688	5169893.57	0.347617
21657760.14	5169873.56	0.280512
21657832.29	5169853.55	0.268289
21657904.44	5169833.54	0.280823
21657976.58	5169813.53	0.346273
21658048.73	5169793.53	0.360581
21658120.88	5169773.52	0.365796
21658193.02	5169753.51	0.307837
21658265.17	5169733.5	0.30929
21658337.32	5169713.49	0.308296
21658409.46	5169693.49	0.372561
21658481.61	5169673.48	0.41607
21658553.76	5169653.47	0.416582
21658625.91	5169633.46	0.390012
21658698.05	5169613.45	0.389986
21658770.2	5169593.45	0.357881
21658842.35	5169573.44	0.229974
21658914.49	5169553.43	0.355475
21658986.64	5169533.42	0.355245
21659058.79	5169513.41	0.323665
21653306.68	5171184.83	0.264454
21653378.82	5171164.82	0.236124
21653450.97	5171144.81	0.255931
21653523.12	5171124.8	0.26557
21653595.26	5171104.8	0.241247
21653667.41	5171084.79	0.233201
21653739.56	5171064.78	0.242226
21653811.7	5171044.77	0.263866
21653883.85	5171024.76	0.382271
21653956	5171004.76	0.396121
21654028.14	5170984.75	0.339568
21654100.29	5170964.74	0.2902
21654172.44	5170944.73	0.278717
21654244.58	5170924.72	0.253255
21654316.73	5170904.72	0.328145
21654388.88	5170884.71	0.397164
21654461.02	5170864.7	0.358954
21654533.17	5170844.69	0.238261
21654605.32	5170824.68	0.243884
21654677.46	5170804.68	0.239836
21654749.61	5170784.67	0.232357
21654821.76	5170764.66	0.2578
21654893.9	5170744.65	0.316027
21654966.05	5170724.64	0.316343
21655038.2	5170704.64	0.240702
21655110.34	5170684.63	0.235567
21655182.49	5170664.62	0.238691
21655254.64	5170644.61	0.239418
21655326.78	5170624.6	0.2334
21655398.93	5170604.6	0.342059
21655471.08	5170584.59	0.340209
21655543.22	5170564.58	0.28321
21655615.37	5170544.57	0.243881
21655687.52	5170524.56	0.244731
21655759.66	5170504.56	0.247394
21655831.81	5170484.55	0.275859
21655903.96	5170464.54	0.230831
21655976.1	5170444.53	0.231366
21656048.25	5170424.52	0.234554
21656120.4	5170404.51	0.246386
21656192.54	5170384.51	0.234661
21656264.69	5170364.5	0.265094
21656336.84	5170344.49	0.38542
21656408.98	5170324.48	0.40815
21656481.13	5170304.47	0.3721
21656553.28	5170284.47	0.332918
21656625.42	5170264.46	0.315489
21656697.57	5170244.45	0.28097
21656769.72	5170224.44	0.252652
21656841.86	5170204.43	0.27234
21656914.01	5170184.43	0.317587
21656986.16	5170164.42	0.330026
21657058.3	5170144.41	0.323099
21657130.45	5170124.4	0.392209
21657202.6	5170104.39	0.380642
21657274.74	5170084.39	0.387991
21657346.89	5170064.38	0.411759
21657419.04	5170044.37	0.341302
21657491.18	5170024.36	0.302177
21657563.33	5170004.35	0.246472
21657635.48	5169984.35	0.244628
21657707.62	5169964.34	0.344703
21657779.77	5169944.33	0.317314
21657851.92	5169924.32	0.300308
21657924.06	5169904.31	0.25979
21657996.21	5169884.31	0.339446
21658068.36	5169864.3	0.355591
21658140.5	5169844.29	0.334298
21658212.65	5169824.28	0.309082
21658284.8	5169804.27	0.312395
21658356.94	5169784.27	0.361408
21658429.09	5169764.26	0.398375
21658501.24	5169744.25	0.458135
21658573.38	5169724.24	0.471807
21658645.53	5169704.23	0.404983
21658717.68	5169684.22	0.410744
21658789.82	5169664.22	0.428523
21658861.97	5169644.21	0.354965
21658934.12	5169624.2	0.380919
21659006.26	5169604.19	0.37919
21659078.41	5169584.18	0.305061
21653254.15	5171275.61	0.356332
21653326.3	5171255.6	0.300345
21653398.45	5171235.59	0.287921
21653470.6	5171215.58	0.318201
21653542.74	5171195.58	0.260553
21653614.89	5171175.57	0.248819
21653687.04	5171155.56	0.259292
21653759.18	5171135.55	0.253623
21653831.33	5171115.54	0.300714
21653903.48	5171095.54	0.426376
21653975.62	5171075.53	0.39707
21654047.77	5171055.52	0.386757
21654119.92	5171035.51	0.360262
21654192.06	5171015.5	0.376505
21654264.21	5170995.49	0.419741
21654336.36	5170975.49	0.394524
21654408.5	5170955.48	0.399109
21654480.65	5170935.47	0.375714
21654552.8	5170915.46	0.308228
21654624.94	5170895.45	0.242035
21654697.09	5170875.45	0.231227
21654769.24	5170855.44	0.231395
21654841.38	5170835.43	0.231582
21654913.53	5170815.42	0.235703
21654985.68	5170795.41	0.235244
21655057.82	5170775.41	0.232317
21655129.97	5170755.4	0.234669
21655202.12	5170735.39	0.235208
21655274.26	5170715.38	0.237154
21655346.41	5170695.37	0.239807
21655418.56	5170675.37	0.27582
21655490.7	5170655.36	0.252656
21655562.85	5170635.35	0.316431
21655635	5170615.34	0.325976
21655707.14	5170595.33	0.231833
21655779.29	5170575.33	0.231832
21655851.44	5170555.32	0.232021
21655923.58	5170535.31	0.235245
21655995.73	5170515.3	0.234304
21656067.88	5170495.29	0.23361
21656140.02	5170475.29	0.236015
21656212.17	5170455.28	0.22956
21656284.32	5170435.27	0.262911
21656356.46	5170415.26	0.383275
21656428.61	5170395.25	0.438023
21656500.76	5170375.25	0.418526
21656572.9	5170355.24	0.369873
21656645.05	5170335.23	0.288644
21656717.2	5170315.22	0.242665
21656789.34	5170295.21	0.292218
21656861.49	5170275.21	0.315542
21656933.64	5170255.2	0.308315
21657005.78	5170235.19	0.318965
21657077.93	5170215.18	0.288139
21657150.08	5170195.17	0.358786
21657222.22	5170175.16	0.348577
21657294.37	5170155.16	0.37603
21657366.52	5170135.15	0.386503
21657438.66	5170115.14	0.36653
21657510.81	5170095.13	0.329688
21657582.96	5170075.12	0.233887
21657655.1	5170055.12	0.227938
21657727.25	5170035.11	0.243354
21657799.4	5170015.1	0.386136
21657871.54	5169995.09	0.343683
21657943.69	5169975.08	0.291501
21658015.84	5169955.08	0.319313
21658087.98	5169935.07	0.30768
21658160.13	5169915.06	0.247883
21658232.28	5169895.05	0.268697
21658304.42	5169875.04	0.285895
21658376.57	5169855.04	0.3693
21658448.72	5169835.03	0.439106
21658520.86	5169815.02	0.449948
21658593.01	5169795.01	0.384258
21658665.16	5169775	0.411842
21658737.3	5169755	0.441137
21658809.45	5169734.99	0.396067
21658881.6	5169714.98	0.364563
21658953.74	5169694.97	0.365272
21659025.89	5169674.96	0.352785
21659098.04	5169654.96	0.432412
21653273.78	5171346.38	0.320473
21653345.93	5171326.37	0.30498
21653418.07	5171306.36	0.350771
21653490.22	5171286.35	0.369327
21653562.37	5171266.35	0.28087
21653634.51	5171246.34	0.242609
21653706.66	5171226.33	0.287259
21653778.81	5171206.32	0.261445
21653850.96	5171186.31	0.295244
21653923.1	5171166.31	0.368454
21653995.25	5171146.3	0.301368
21654067.4	5171126.29	0.323679
21654139.54	5171106.28	0.40198
21654211.69	5171086.27	0.389256
21654283.84	5171066.27	0.38726
21654355.98	5171046.26	0.380291
21654428.13	5171026.25	0.399184
21654500.28	5171006.24	0.390852
21654572.42	5170986.23	0.366264
21654644.57	5170966.23	0.305632
21654716.72	5170946.22	0.235408
21654788.86	5170926.21	0.23207
21654861.01	5170906.2	0.247552
21654933.16	5170886.19	0.232604
21655005.3	5170866.18	0.231426
21655077.45	5170846.18	0.232842
21655149.6	5170826.17	0.236141
21655221.74	5170806.16	0.246739
21655293.89	5170786.15	0.251682
21655366.04	5170766.14	0.286136
21655438.18	5170746.14	0.324924
21655510.33	5170726.13	0.2892
21655582.48	5170706.12	0.291682
21655654.62	5170686.11	0.342036
21655726.77	5170666.1	0.231874
21655798.92	5170646.1	0.232679
21655871.06	5170626.09	0.238019
21655943.21	5170606.08	0.250687
21656015.36	5170586.07	0.295925
21656087.5	5170566.06	0.236196
21656159.65	5170546.06	0.267215
21656231.8	5170526.05	0.257541
21656303.94	5170506.04	0.31826
21656376.09	5170486.03	0.355582
21656448.24	5170466.02	0.332295
21656520.38	5170446.02	0.325727
21656592.53	5170426.01	0.310536
21656664.68	5170406	0.3212
21656736.82	5170385.99	0.237862
21656808.97	5170365.98	0.238025
21656881.12	5170345.98	0.255044
21656953.26	5170325.97	0.352499
21657025.41	5170305.96	0.33915
21657097.56	5170285.95	0.353768
21657169.7	5170265.94	0.392041
21657241.85	5170245.94	0.380979
21657314	5170225.93	0.377413
21657386.14	5170205.92	0.382109
21657458.29	5170185.91	0.369072
21657530.44	5170165.9	0.351675
21657602.58	5170145.9	0.282173
21657674.73	5170125.89	0.230254
21657746.88	5170105.88	0.279552
21657819.02	5170085.87	0.33154
21657891.17	5170065.86	0.302518
21657963.32	5170045.85	0.273616
21658035.46	5170025.85	0.286537
21658107.61	5170005.84	0.304821
21658179.76	5169985.83	0.279492
21658251.9	5169965.82	0.334099
21658324.05	5169945.81	0.339534
21658396.2	5169925.81	0.459171
21658468.34	5169905.8	0.507683
21658540.49	5169885.79	0.421898
21658612.64	5169865.78	0.401034
21658684.78	5169845.77	0.374026
21658756.93	5169825.77	0.399687
21658829.08	5169805.76	0.332753
21658901.22	5169785.75	0.352157
21658973.37	5169765.74	0.297528
21659045.52	5169745.73	0.281645
21653293.41	5171417.15	0.319255
21653365.55	5171397.14	0.324378
21653437.7	5171377.13	0.377594
21653509.85	5171357.12	0.382546
21653581.99	5171337.12	0.307031
21653654.14	5171317.11	0.235994
21653726.29	5171297.1	0.232334
21653798.43	5171277.09	0.246324
21653870.58	5171257.08	0.263172
21653942.73	5171237.08	0.297446
21654014.87	5171217.07	0.245577
21654087.02	5171197.06	0.233698
21654159.17	5171177.05	0.327804
21654231.32	5171157.04	0.237873
21654303.46	5171137.04	0.387188
21654375.61	5171117.03	0.32395
21654447.76	5171097.02	0.249176
21654519.9	5171077.01	0.237305
21654592.05	5171057	0.234676
21654664.2	5171037	0.252302
21654736.34	5171016.99	0.29324
21654808.49	5170996.98	0.262623
21654880.64	5170976.97	0.247825
21654952.78	5170956.96	0.231582
21655024.93	5170936.96	0.231036
21655097.08	5170916.95	0.231227
21655169.22	5170896.94	0.233339
21655241.37	5170876.93	0.267536
21655313.52	5170856.92	0.292215
21655385.66	5170836.92	0.253181
21655457.81	5170816.91	0.2474
21655529.96	5170796.9	0.231294
21655602.1	5170776.89	0.23008
21655674.25	5170756.88	0.233008
21655746.4	5170736.88	0.236657
21655818.54	5170716.87	0.241637
21655890.69	5170696.86	0.236839
21655962.84	5170676.85	0.234048
21656034.98	5170656.84	0.24946
21656107.13	5170636.83	0.250308
21656179.28	5170616.83	0.232338
21656251.42	5170596.82	0.315611
21656323.57	5170576.81	0.322453
21656395.72	5170556.8	0.301506
21656467.86	5170536.79	0.263152
21656540.01	5170516.79	0.277355
21656612.16	5170496.78	0.251157
21656684.3	5170476.77	0.289744
21656756.45	5170456.76	0.243113
21656828.6	5170436.75	0.233897
21656900.74	5170416.75	0.231068
21656972.89	5170396.74	0.231567
21657045.04	5170376.73	0.232593
21657117.18	5170356.72	0.234832
21657189.33	5170336.71	0.25718
21657261.48	5170316.71	0.292839
21657333.62	5170296.7	0.332224
21657405.77	5170276.69	0.368613
21657477.92	5170256.68	0.292925
21657550.06	5170236.67	0.385476
21657622.21	5170216.67	0.362012
21657694.36	5170196.66	0.2623
21657766.5	5170176.65	0.267383
21657838.65	5170156.64	0.260426
21657910.8	5170136.63	0.238925
21657982.94	5170116.63	0.243421
21658055.09	5170096.62	0.242616
21658127.24	5170076.61	0.30242
21658199.38	5170056.6	0.336346
21658271.53	5170036.59	0.349115
21658343.68	5170016.59	0.338104
21658415.82	5169996.58	0.433306
21658487.97	5169976.57	0.43983
21658560.12	5169956.56	0.276227
21658632.26	5169936.55	0.359405
21658704.41	5169916.55	0.315208
21658776.56	5169896.54	0.34423
21658848.7	5169876.53	0.329212
21658920.85	5169856.52	0.367263
21658993	5169836.51	0.39891
21659065.14	5169816.5	0.319102
21653313.03	5171487.92	0.34169
21653385.18	5171467.91	0.355135
21653457.33	5171447.9	0.320922
21653529.47	5171427.9	0.263782
21653601.62	5171407.89	0.238644
21653673.77	5171387.88	0.234909
21653745.91	5171367.87	0.236288
21653818.06	5171347.86	0.245585
21653890.21	5171327.86	0.25849
21653962.35	5171307.85	0.266193
21654034.5	5171287.84	0.255657
21654106.65	5171267.83	0.257896
21654178.79	5171247.82	0.267537
21654250.94	5171227.82	0.23107
21654323.09	5171207.81	0.252342
21654395.23	5171187.8	0.238119
21654467.38	5171167.79	0.230903
21654539.53	5171147.78	0.231435
21654611.67	5171127.77	0.230848
21654683.82	5171107.77	0.232073
21654755.97	5171087.76	0.241896
21654828.12	5171067.75	0.237215
21654900.26	5171047.74	0.232973
21654972.41	5171027.73	0.230711
21655044.56	5171007.73	0.230482
21655116.7	5170987.72	0.230771
21655188.85	5170967.71	0.230678
21655261	5170947.7	0.247263
21655333.14	5170927.69	0.256408
21655405.29	5170907.69	0.231246
21655477.44	5170887.68	0.231983
21655549.58	5170867.67	0.230158
21655621.73	5170847.66	0.230035
21655693.88	5170827.65	0.229671
21655766.02	5170807.65	0.233832
21655838.17	5170787.64	0.241307
21655910.32	5170767.63	0.236952
21655982.46	5170747.62	0.23126
21656054.61	5170727.61	0.231595
21656126.76	5170707.61	0.254723
21656198.9	5170687.6	0.250497
21656271.05	5170667.59	0.321238
21656343.2	5170647.58	0.277581
21656415.34	5170627.57	0.242527
21656487.49	5170607.57	0.231651
21656559.64	5170587.56	0.244122
21656631.78	5170567.55	0.227836
21656703.93	5170547.54	0.242016
21656776.08	5170527.53	0.338154
21656848.22	5170507.53	0.229065
21656920.37	5170487.52	0.230948
21656992.52	5170467.51	0.229511
21657064.66	5170447.5	0.232939
21657136.81	5170427.49	0.227004
21657208.96	5170407.48	0.232974
21657281.1	5170387.48	0.247806
21657353.25	5170367.47	0.248216
21657425.4	5170347.46	0.2505
21657497.54	5170327.45	0.227612
21657569.69	5170307.44	0.235436
21657641.84	5170287.44	0.316969
21657713.98	5170267.43	0.369459
21657786.13	5170247.42	0.235607
21657858.28	5170227.41	0.229517
21657930.42	5170207.4	0.229671
21658002.57	5170187.4	0.237539
21658074.72	5170167.39	0.228009
21658146.86	5170147.38	0.240176
21658219.01	5170127.37	0.295012
21658291.16	5170107.36	0.285397
21658363.3	5170087.36	0.27563
21658435.45	5170067.35	0.251227
21658507.6	5170047.34	0.373663
21658579.74	5170027.33	0.245307
21658651.89	5170007.32	0.27123
21658724.04	5169987.32	0.313226
21658796.18	5169967.31	0.304944
21658868.33	5169947.3	0.24008
21658940.48	5169927.29	0.32897
21659012.62	5169907.28	0.351309
21659084.77	5169887.28	0.323738
21653260.51	5171578.7	0.408903
21653332.66	5171558.69	0.389173
21653404.81	5171538.68	0.389782
21653476.95	5171518.67	0.409387
21653549.1	5171498.67	0.310478
21653621.25	5171478.66	0.235027
21653693.39	5171458.65	0.245011
21653765.54	5171438.64	0.245061
21653837.69	5171418.63	0.233711
21653909.83	5171398.63	0.240593
21653981.98	5171378.62	0.258908
21654054.13	5171358.61	0.253177
21654126.27	5171338.6	0.25296
21654198.42	5171318.59	0.271542
21654270.57	5171298.59	0.235929
21654342.71	5171278.58	0.242107
21654414.86	5171258.57	0.238007
21654487.01	5171238.56	0.231703
21654559.15	5171218.55	0.232013
21654631.3	5171198.55	0.233745
21654703.45	5171178.54	0.234672
21654775.59	5171158.53	0.245621
21654847.74	5171138.52	0.242567
21654919.89	5171118.51	0.232312
21654992.04	5171098.51	0.231178
21655064.18	5171078.5	0.230349
21655136.33	5171058.49	0.231041
21655208.48	5171038.48	0.235673
21655280.62	5171018.47	0.315324
21655352.77	5170998.47	0.296844
21655424.92	5170978.46	0.242763
21655497.06	5170958.45	0.242062
21655569.21	5170938.44	0.231114
21655641.36	5170918.43	0.233955
21655713.5	5170898.42	0.241254
21655785.65	5170878.42	0.299478
21655857.8	5170858.41	0.299885
21655929.94	5170838.4	0.275147
21656002.09	5170818.39	0.23868
21656074.24	5170798.38	0.249142
21656146.38	5170778.38	0.298772
21656218.53	5170758.37	0.29292
21656290.68	5170738.36	0.277091
21656362.82	5170718.35	0.308085
21656434.97	5170698.34	0.262751
21656507.12	5170678.34	0.24027
21656579.26	5170658.33	0.278253
21656651.41	5170638.32	0.233302
21656723.56	5170618.31	0.266886
21656795.7	5170598.3	0.284895
21656867.85	5170578.3	0.228086
21656940	5170558.29	0.227847
21657012.14	5170538.28	0.229124
21657084.29	5170518.27	0.23063
21657156.44	5170498.26	0.230618
21657228.58	5170478.26	0.231034
21657300.73	5170458.25	0.26649
21657372.88	5170438.24	0.235799
21657445.02	5170418.23	0.236357
21657517.17	5170398.22	0.229994
21657589.32	5170378.22	0.244717
21657661.46	5170358.21	0.327166
21657733.61	5170338.2	0.321158
21657805.76	5170318.19	0.233774
21657877.9	5170298.18	0.231596
21657950.05	5170278.18	0.233703
21658022.2	5170258.17	0.229945
21658094.34	5170238.16	0.238316
21658166.49	5170218.15	0.279489
21658238.64	5170198.14	0.317248
21658310.78	5170178.13	0.271271
21658382.93	5170158.13	0.235745
21658455.08	5170138.12	0.229416
21658527.22	5170118.11	0.289433
21658599.37	5170098.1	0.300521
21658671.52	5170078.09	0.24786
21658743.66	5170058.09	0.327476
21658815.81	5170038.08	0.231584
21658887.96	5170018.07	0.263537
21658960.1	5169998.06	0.307467
21659032.25	5169978.05	0.33104
21659104.4	5169958.05	0.318753
21653280.14	5171649.47	0.421693
21653352.29	5171629.46	0.413165
21653424.43	5171609.45	0.43155
21653496.58	5171589.45	0.4848
21653568.73	5171569.44	0.489575
21653640.87	5171549.43	0.337948
21653713.02	5171529.42	0.326506
21653785.17	5171509.41	0.265441
21653857.31	5171489.4	0.233728
21653929.46	5171469.4	0.23832
21654001.61	5171449.39	0.318411
21654073.75	5171429.38	0.304964
21654145.9	5171409.37	0.253081
21654218.05	5171389.36	0.311474
21654290.19	5171369.36	0.234866
21654362.34	5171349.35	0.236083
21654434.49	5171329.34	0.256619
21654506.63	5171309.33	0.234565
21654578.78	5171289.32	0.231857
21654650.93	5171269.32	0.233788
21654723.07	5171249.31	0.238205
21654795.22	5171229.3	0.251164
21654867.37	5171209.29	0.293565
21654939.51	5171189.28	0.245128
21655011.66	5171169.28	0.230728
21655083.81	5171149.27	0.230792
21655155.95	5171129.26	0.244651
21655228.1	5171109.25	0.242258
21655300.25	5171089.24	0.338908
21655372.39	5171069.24	0.330515
21655444.54	5171049.23	0.273371
21655516.69	5171029.22	0.255195
21655588.84	5171009.21	0.232695
21655660.98	5170989.2	0.238603
21655733.13	5170969.2	0.248754
21655805.28	5170949.19	0.28324
21655877.42	5170929.18	0.257562
21655949.57	5170909.17	0.293517
21656021.72	5170889.16	0.310894
21656093.86	5170869.16	0.24944
21656166.01	5170849.15	0.305111
21656238.16	5170829.14	0.332973
21656310.3	5170809.13	0.317483
21656382.45	5170789.12	0.261491
21656454.6	5170769.11	0.257741
21656526.74	5170749.11	0.250709
21656598.89	5170729.1	0.293994
21656671.04	5170709.09	0.262478
21656743.18	5170689.08	0.334768
21656815.33	5170669.07	0.318674
21656887.48	5170649.07	0.228174
21656959.62	5170629.06	0.22729
21657031.77	5170609.05	0.22922
21657103.92	5170589.04	0.229844
21657176.06	5170569.03	0.251733
21657248.21	5170549.03	0.234503
21657320.36	5170529.02	0.232631
21657392.5	5170509.01	0.231189
21657464.65	5170489	0.232674
21657536.8	5170468.99	0.261419
21657608.94	5170448.99	0.250257
21657681.09	5170428.98	0.316207
21657753.24	5170408.97	0.271989
21657825.38	5170388.96	0.235246
21657897.53	5170368.95	0.233075
21657969.68	5170348.95	0.23213
21658041.82	5170328.94	0.233119
21658113.97	5170308.93	0.243388
21658186.12	5170288.92	0.293123
21658258.26	5170268.91	0.345869
21658330.41	5170248.91	0.298495
21658402.56	5170228.9	0.244133
21658474.7	5170208.89	0.248763
21658546.85	5170188.88	0.355336
21658619	5170168.87	0.330954
21658691.14	5170148.87	0.374877
21658763.29	5170128.86	0.331043
21658835.44	5170108.85	0.309613
21658907.58	5170088.84	0.300685
21658979.73	5170068.83	0.361026
21659051.88	5170048.83	0.330487
21653299.77	5171720.24	0.433358
21653371.91	5171700.23	0.439236
21653444.06	5171680.22	0.482641
21653516.21	5171660.22	0.541775
21653588.35	5171640.21	0.613245
21653660.5	5171620.2	0.591646
21653732.65	5171600.19	0.500274
21653804.79	5171580.18	0.292245
21653876.94	5171560.18	0.232218
21653949.09	5171540.17	0.239774
21654021.23	5171520.16	0.332506
21654093.38	5171500.15	0.36603
21654165.53	5171480.14	0.357777
21654237.67	5171460.14	0.240684
21654309.82	5171440.13	0.233036
21654381.97	5171420.12	0.23703
21654454.11	5171400.11	0.361761
21654526.26	5171380.1	0.322586
21654598.41	5171360.09	0.237543
21654670.55	5171340.09	0.239634
21654742.7	5171320.08	0.258731
21654814.85	5171300.07	0.240852
21654886.99	5171280.06	0.240581
21654959.14	5171260.05	0.24794
21655031.29	5171240.05	0.316304
21655103.43	5171220.04	0.235481
21655175.58	5171200.03	0.281866
21655247.73	5171180.02	0.316618
21655319.87	5171160.01	0.273237
21655392.02	5171140.01	0.271196
21655464.17	5171120	0.320802
21655536.31	5171099.99	0.36389
21655608.46	5171079.98	0.256805
21655680.61	5171059.97	0.307528
21655752.76	5171039.97	0.263586
21655824.9	5171019.96	0.267464
21655897.05	5170999.95	0.241457
21655969.2	5170979.94	0.270805
21656041.34	5170959.93	0.388731
21656113.49	5170939.93	0.401957
21656185.64	5170919.92	0.377279
21656257.78	5170899.91	0.387182
21656329.93	5170879.9	0.384858
21656402.08	5170859.89	0.3498
21656474.22	5170839.89	0.319311
21656546.37	5170819.88	0.338333
21656618.52	5170799.87	0.357508
21656690.66	5170779.86	0.300771
21656762.81	5170759.85	0.339793
21656834.96	5170739.85	0.251722
21656907.1	5170719.84	0.360583
21656979.25	5170699.83	0.269281
21657051.4	5170679.82	0.333708
21657123.54	5170659.81	0.248229
21657195.69	5170639.81	0.300261
21657267.84	5170619.8	0.311004
21657339.98	5170599.79	0.236678
21657412.13	5170579.78	0.23058
21657484.28	5170559.77	0.238228
21657556.42	5170539.76	0.329332
21657628.57	5170519.76	0.351736
21657700.72	5170499.75	0.374395
21657772.86	5170479.74	0.276136
21657845.01	5170459.73	0.233572
21657917.16	5170439.72	0.237828
21657989.3	5170419.72	0.300086
21658061.45	5170399.71	0.254587
21658133.6	5170379.7	0.259605
21658205.74	5170359.69	0.295897
21658277.89	5170339.68	0.346542
21658350.04	5170319.68	0.352058
21658422.18	5170299.67	0.329793
21658494.33	5170279.66	0.338075
21658566.48	5170259.65	0.346182
21658638.62	5170239.64	0.331617
21658710.77	5170219.64	0.357291
21658782.92	5170199.63	0.385312
21658855.06	5170179.62	0.297711
21658927.21	5170159.61	0.382365
21658999.36	5170139.6	0.392805
21659071.5	5170119.6	0.386622
21653247.25	5171811.02	0.524699
21653319.39	5171791.01	0.484931
21653391.54	5171771	0.48288
21653463.69	5171750.99	0.520042
21653535.83	5171730.99	0.553003
21653607.98	5171710.98	0.606992
21653680.13	5171690.97	0.615466
21653752.27	5171670.96	0.578902
21653824.42	5171650.95	0.419829
21653896.57	5171630.95	0.235301
21653968.71	5171610.94	0.23737
21654040.86	5171590.93	0.250091
21654113.01	5171570.92	0.260511
21654185.15	5171550.91	0.37925
21654257.3	5171530.91	0.274635
21654329.45	5171510.9	0.237724
21654401.59	5171490.89	0.246474
21654473.74	5171470.88	0.372123
21654545.89	5171450.87	0.382902
21654618.03	5171430.87	0.361237
21654690.18	5171410.86	0.368356
21654762.33	5171390.85	0.246704
21654834.47	5171370.84	0.235836
21654906.62	5171350.83	0.237117
21654978.77	5171330.83	0.245839
21655050.91	5171310.82	0.237824
21655123.06	5171290.81	0.231639
21655195.21	5171270.8	0.237695
21655267.35	5171250.79	0.240838
21655339.5	5171230.79	0.231927
21655411.65	5171210.78	0.231192
21655483.79	5171190.77	0.232369
21655555.94	5171170.76	0.235092
21655628.09	5171150.75	0.236333
21655700.23	5171130.74	0.287018
21655772.38	5171110.74	0.260814
21655844.53	5171090.73	0.240731
21655916.67	5171070.72	0.238334
21655988.82	5171050.71	0.256543
21656060.97	5171030.7	0.387011
21656133.11	5171010.7	0.441644
21656205.26	5170990.69	0.434818
21656277.41	5170970.68	0.380209
21656349.56	5170950.67	0.280889
21656421.7	5170930.66	0.356687
21656493.85	5170910.66	0.3783
21656566	5170890.65	0.394096
21656638.14	5170870.64	0.440471
21656710.29	5170850.63	0.399157
21656782.44	5170830.62	0.301048
21656854.58	5170810.62	0.232569
21656926.73	5170790.61	0.233346
21656998.88	5170770.6	0.243866
21657071.02	5170750.59	0.296641
21657143.17	5170730.58	0.30989
21657215.32	5170710.58	0.33556
21657287.46	5170690.57	0.261983
21657359.61	5170670.56	0.260283
21657431.76	5170650.55	0.291314
21657503.9	5170630.54	0.287698
21657576.05	5170610.54	0.368568
21657648.2	5170590.53	0.385618
21657720.34	5170570.52	0.380551
21657792.49	5170550.51	0.346914
21657864.64	5170530.5	0.232449
21657936.78	5170510.5	0.239578
21658008.93	5170490.49	0.296753
21658081.08	5170470.48	0.287029
21658153.22	5170450.47	0.269522
21658225.37	5170430.46	0.306103
21658297.52	5170410.46	0.256882
21658369.66	5170390.45	0.360645
21658441.81	5170370.44	0.379683
21658513.96	5170350.43	0.436617
21658586.1	5170330.42	0.385949
21658658.25	5170310.41	0.318609
21658730.4	5170290.41	0.248107
21658802.54	5170270.4	0.391792
21658874.69	5170250.39	0.330406
21658946.84	5170230.38	0.398428
21659018.98	5170210.37	0.362449
21659091.13	5170190.37	0.364097
21653266.87	5171881.79	0.534563
21653339.02	5171861.78	0.521878
21653411.17	5171841.77	0.524739
21653483.31	5171821.77	0.541705
21653555.46	5171801.76	0.562745
21653627.61	5171781.75	0.588419
21653699.75	5171761.74	0.593928
21653771.9	5171741.73	0.570562
21653844.05	5171721.73	0.5015
21653916.19	5171701.72	0.384221
21653988.34	5171681.71	0.327456
21654060.49	5171661.7	0.353148
21654132.63	5171641.69	0.382717
21654204.78	5171621.68	0.408082
21654276.93	5171601.68	0.379178
21654349.07	5171581.67	0.289536
21654421.22	5171561.66	0.260181
21654493.37	5171541.65	0.380889
21654565.51	5171521.64	0.415633
21654637.66	5171501.64	0.408181
21654709.81	5171481.63	0.393652
21654781.95	5171461.62	0.315554
21654854.1	5171441.61	0.24663
21654926.25	5171421.6	0.237717
21654998.39	5171401.6	0.286411
21655070.54	5171381.59	0.272443
21655142.69	5171361.58	0.263416
21655214.83	5171341.57	0.322013
21655286.98	5171321.56	0.313991
21655359.13	5171301.56	0.234802
21655431.27	5171281.55	0.231033
21655503.42	5171261.54	0.233686
21655575.57	5171241.53	0.236136
21655647.71	5171221.52	0.238171
21655719.86	5171201.52	0.257169
21655792.01	5171181.51	0.294299
21655864.15	5171161.5	0.303889
21655936.3	5171141.49	0.259611
21656008.45	5171121.48	0.283207
21656080.59	5171101.48	0.419528
21656152.74	5171081.47	0.462782
21656224.89	5171061.46	0.450934
21656297.03	5171041.45	0.42276
21656369.18	5171021.44	0.385588
21656441.33	5171001.44	0.389405
21656513.48	5170981.43	0.357002
21656585.62	5170961.42	0.313333
21656657.77	5170941.41	0.441599
21656729.91	5170921.4	0.428768
21656802.06	5170901.39	0.369924
21656874.21	5170881.39	0.276572
21656946.36	5170861.38	0.236083
21657018.5	5170841.37	0.232925
21657090.65	5170821.36	0.333162
21657162.8	5170801.35	0.388386
21657234.94	5170781.35	0.392174
21657307.09	5170761.34	0.33756
21657379.24	5170741.33	0.329695
21657451.38	5170721.32	0.348646
21657523.53	5170701.31	0.329365
21657595.68	5170681.31	0.416759
21657667.82	5170661.3	0.401912
21657739.97	5170641.29	0.375354
21657812.12	5170621.28	0.299551
21657884.26	5170601.27	0.250348
21657956.41	5170581.27	0.373772
21658028.56	5170561.26	0.309112
21658100.7	5170541.25	0.239036
21658172.85	5170521.24	0.279205
21658245	5170501.23	0.252479
21658317.14	5170481.23	0.244499
21658389.29	5170461.22	0.258869
21658461.44	5170441.21	0.354776
21658533.58	5170421.2	0.419633
21658605.73	5170401.19	0.443576
21658677.88	5170381.19	0.416169
21658750.02	5170361.18	0.362878
21658822.17	5170341.17	0.394509
21658894.32	5170321.16	0.325632
21658966.46	5170301.15	0.307167
21659038.61	5170281.15	0.332775
21653286.5	5171952.56	0.535399
21653358.65	5171932.55	0.535955
21653430.79	5171912.54	0.54529
21653502.94	5171892.54	0.558761
21653575.09	5171872.53	0.569663
21653647.23	5171852.52	0.571879
21653719.38	5171832.51	0.561686
21653791.53	5171812.5	0.539286
21653863.67	5171792.5	0.49582
21653935.82	5171772.49	0.432884
21654007.97	5171752.48	0.402416
21654080.11	5171732.47	0.401759
21654152.26	5171712.46	0.408088
21654224.41	5171692.46	0.419837
21654296.55	5171672.45	0.421024
21654368.7	5171652.44	0.389509
21654440.85	5171632.43	0.371687
21654512.99	5171612.42	0.400229
21654585.14	5171592.42	0.405656
21654657.29	5171572.41	0.399945
21654729.43	5171552.4	0.39664
21654801.58	5171532.39	0.385121
21654873.73	5171512.38	0.375303
21654945.87	5171492.37	0.339684
21655018.02	5171472.37	0.329514
21655090.17	5171452.36	0.297125
21655162.31	5171432.35	0.319908
21655234.46	5171412.34	0.329614
21655306.61	5171392.33	0.330936
21655378.75	5171372.33	0.274176
21655450.9	5171352.32	0.233061
21655523.05	5171332.31	0.235694
21655595.19	5171312.3	0.23827
21655667.34	5171292.29	0.240443
21655739.49	5171272.29	0.27675
21655811.63	5171252.28	0.389952
21655883.78	5171232.27	0.420612
21655955.93	5171212.26	0.420806
21656028.07	5171192.25	0.452125
21656100.22	5171172.25	0.455388
21656172.37	5171152.24	0.449637
21656244.51	5171132.23	0.424793
21656316.66	5171112.22	0.418569
21656388.81	5171092.21	0.4165
21656460.95	5171072.21	0.415054
21656533.1	5171052.2	0.407415
21656605.25	5171032.19	0.429313
21656677.39	5171012.18	0.456265
21656749.54	5170992.17	0.416611
21656821.69	5170972.17	0.388053
21656893.84	5170952.16	0.341768
21656965.98	5170932.15	0.317442
21657038.13	5170912.14	0.323139
21657110.27	5170892.13	0.385799
21657182.42	5170872.13	0.421677
21657254.57	5170852.12	0.426371
21657326.72	5170832.11	0.411871
21657398.86	5170812.1	0.394259
21657471.01	5170792.09	0.386972
21657543.16	5170772.09	0.39403
21657615.3	5170752.08	0.416927
21657687.45	5170732.07	0.417562
21657759.6	5170712.06	0.387876
21657831.74	5170692.05	0.366794
21657903.89	5170672.04	0.346526
21657976.04	5170652.04	0.395673
21658048.18	5170632.03	0.377614
21658120.33	5170612.02	0.231189
21658192.48	5170592.01	0.234945
21658264.62	5170572	0.232827
21658336.77	5170552	0.231086
21658408.92	5170531.99	0.247562
21658481.06	5170511.98	0.360751
21658553.21	5170491.97	0.406997
21658625.36	5170471.96	0.465594
21658697.5	5170451.96	0.481297
21658769.65	5170431.95	0.464282
21658841.8	5170411.94	0.416472
21658913.94	5170391.93	0.375191
21658986.09	5170371.92	0.332088
21659058.24	5170351.92	0.268967
21653306.13	5172023.33	0.523933
21653378.27	5172003.32	0.545895
21653450.42	5171983.31	0.561983
21653522.57	5171963.31	0.570942
21653594.71	5171943.3	0.570863
21653666.86	5171923.29	0.557822
21653739.01	5171903.28	0.535287
21653811.15	5171883.27	0.513077
21653883.3	5171863.27	0.462756
21653955.45	5171843.26	0.422601
21654027.59	5171823.25	0.405044
21654099.74	5171803.24	0.405223
21654171.89	5171783.23	0.408926
21654244.03	5171763.23	0.4171
21654316.18	5171743.22	0.425293
21654388.33	5171723.21	0.415636
21654460.47	5171703.2	0.407771
21654532.62	5171683.19	0.40643
21654604.77	5171663.19	0.401492
21654676.91	5171643.18	0.38918
21654749.06	5171623.17	0.387151
21654821.21	5171603.16	0.383687
21654893.35	5171583.15	0.389148
21654965.5	5171563.15	0.370181
21655037.65	5171543.14	0.341332
21655109.79	5171523.13	0.285794
21655181.94	5171503.12	0.283582
21655254.09	5171483.11	0.290471
21655326.23	5171463.11	0.262336
21655398.38	5171443.1	0.245128
21655470.53	5171423.09	0.233575
21655542.67	5171403.08	0.242065
21655614.82	5171383.07	0.236198
21655686.97	5171363.07	0.236289
21655759.11	5171343.06	0.253348
21655831.26	5171323.05	0.340131
21655903.41	5171303.04	0.458889
21655975.55	5171283.03	0.456555
21656047.7	5171263.02	0.449583
21656119.85	5171243.02	0.433188
21656191.99	5171223.01	0.436838
21656264.14	5171203	0.433036
21656336.29	5171182.99	0.432287
21656408.43	5171162.98	0.422854
21656480.58	5171142.98	0.414644
21656552.73	5171122.97	0.439572
21656624.87	5171102.96	0.453472
21656697.02	5171082.95	0.459146
21656769.17	5171062.94	0.428352
21656841.31	5171042.94	0.402326
21656913.46	5171022.93	0.38884
21656985.61	5171002.92	0.389927
21657057.75	5170982.91	0.399011
21657129.9	5170962.9	0.445875
21657202.05	5170942.9	0.464122
21657274.19	5170922.89	0.472253
21657346.34	5170902.88	0.465406
21657418.49	5170882.87	0.448593
21657490.64	5170862.86	0.418807
21657562.78	5170842.86	0.413275
21657634.93	5170822.85	0.407876
21657707.08	5170802.84	0.420188
21657779.22	5170782.83	0.394986
21657851.37	5170762.82	0.360204
21657923.52	5170742.82	0.33353
21657995.66	5170722.81	0.380105
21658067.81	5170702.8	0.391952
21658139.96	5170682.79	0.363058
21658212.1	5170662.78	0.242546
21658284.25	5170642.78	0.232101
21658356.4	5170622.77	0.230681
21658428.54	5170602.76	0.23718
21658500.69	5170582.75	0.336862
21658572.84	5170562.74	0.396936
21658644.98	5170542.74	0.446915
21658717.13	5170522.73	0.481995
21658789.28	5170502.72	0.463587
21658861.42	5170482.71	0.407935
21658933.57	5170462.7	0.39555
21659005.72	5170442.69	0.381342
21659077.86	5170422.69	0.325373
21653253.61	5172114.11	0.52034
21653325.75	5172094.1	0.528415
21653397.9	5172074.09	0.549497
21653470.05	5172054.09	0.563965
21653542.19	5172034.08	0.571944
21653614.34	5172014.07	0.566383
21653686.49	5171994.06	0.54381
21653758.63	5171974.05	0.50383
21653830.78	5171954.05	0.457765
21653902.93	5171934.04	0.445392
21653975.07	5171914.03	0.423175
21654047.22	5171894.02	0.4107
21654119.37	5171874.01	0.408163
21654191.51	5171854	0.412265
21654263.66	5171834	0.425806
21654335.81	5171813.99	0.42884
21654407.95	5171793.98	0.422823
21654480.1	5171773.97	0.412287
21654552.25	5171753.96	0.404137
21654624.39	5171733.96	0.392588
21654696.54	5171713.95	0.375187
21654768.69	5171693.94	0.373264
21654840.83	5171673.93	0.375328
21654912.98	5171653.92	0.38602
21654985.13	5171633.92	0.359434
21655057.27	5171613.91	0.317139
21655129.42	5171593.9	0.289079
21655201.57	5171573.89	0.289366
21655273.71	5171553.88	0.288167
21655345.86	5171533.88	0.270724
21655418.01	5171513.87	0.245181
21655490.15	5171493.86	0.240695
21655562.3	5171473.85	0.240443
21655634.45	5171453.84	0.236859
21655706.59	5171433.84	0.235532
21655778.74	5171413.83	0.250089
21655850.89	5171393.82	0.34073
21655923.03	5171373.81	0.407921
21655995.18	5171353.8	0.413402
21656067.33	5171333.8	0.419892
21656139.47	5171313.79	0.443658
21656211.62	5171293.78	0.451401
21656283.77	5171273.77	0.450672
21656355.91	5171253.76	0.457318
21656428.06	5171233.76	0.453046
21656500.21	5171213.75	0.45152
21656572.35	5171193.74	0.451593
21656644.5	5171173.73	0.457643
21656716.65	5171153.72	0.461242
21656788.79	5171133.72	0.439887
21656860.94	5171113.71	0.41581
21656933.09	5171093.7	0.408287
21657005.23	5171073.69	0.421887
21657077.38	5171053.68	0.449883
21657149.53	5171033.67	0.474251
21657221.67	5171013.67	0.49185
21657293.82	5170993.66	0.494879
21657365.97	5170973.65	0.4872
21657438.11	5170953.64	0.479955
21657510.26	5170933.63	0.476853
21657582.41	5170913.63	0.410037
21657654.55	5170893.62	0.407888
21657726.7	5170873.61	0.401754
21657798.85	5170853.6	0.376939
21657870.99	5170833.59	0.340634
21657943.14	5170813.59	0.338349
21658015.29	5170793.58	0.348372
21658087.44	5170773.57	0.426628
21658159.58	5170753.56	0.419986
21658231.73	5170733.55	0.400806
21658303.88	5170713.55	0.367828
21658376.02	5170693.54	0.237872
21658448.17	5170673.53	0.244706
21658520.32	5170653.52	0.342461
21658592.46	5170633.51	0.392636
21658664.61	5170613.51	0.443545
21658736.76	5170593.5	0.476195
21658808.9	5170573.49	0.462731
21658881.05	5170553.48	0.427534
21658953.2	5170533.47	0.412923
21659025.34	5170513.47	0.401696
21659097.49	5170493.46	0.359432
21653273.23	5172184.88	0.519328
21653345.38	5172164.87	0.534976
21653417.53	5172144.86	0.550287
21653489.67	5172124.86	0.559553
21653561.82	5172104.85	0.568186
21653633.97	5172084.84	0.563899
21653706.11	5172064.83	0.541676
21653778.26	5172044.82	0.502673
21653850.41	5172024.82	0.452308
21653922.55	5172004.81	0.443818
21653994.7	5171984.8	0.431006
21654066.85	5171964.79	0.420187
21654138.99	5171944.78	0.415963
21654211.14	5171924.78	0.417091
21654283.29	5171904.77	0.429773
21654355.43	5171884.76	0.432067
21654427.58	5171864.75	0.42253
21654499.73	5171844.74	0.410439
21654571.87	5171824.74	0.40222
21654644.02	5171804.73	0.39969
21654716.17	5171784.72	0.383205
21654788.31	5171764.71	0.363618
21654860.46	5171744.7	0.340655
21654932.61	5171724.7	0.370169
21655004.75	5171704.69	0.338255
21655076.9	5171684.68	0.30922
21655149.05	5171664.67	0.298632
21655221.19	5171644.66	0.298075
21655293.34	5171624.65	0.313039
21655365.49	5171604.65	0.31376
21655437.63	5171584.64	0.291925
21655509.78	5171564.63	0.263647
21655581.93	5171544.62	0.238914
21655654.07	5171524.61	0.239032
21655726.22	5171504.61	0.248185
21655798.37	5171484.6	0.291877
21655870.51	5171464.59	0.361057
21655942.66	5171444.58	0.395009
21656014.81	5171424.57	0.395043
21656086.95	5171404.57	0.419635
21656159.1	5171384.56	0.455863
21656231.25	5171364.55	0.468329
21656303.39	5171344.54	0.475003
21656375.54	5171324.53	0.486879
21656447.69	5171304.53	0.470308
21656519.83	5171284.52	0.454431
21656591.98	5171264.51	0.445689
21656664.13	5171244.5	0.458887
21656736.27	5171224.49	0.462433
21656808.42	5171204.49	0.449149
21656880.57	5171184.48	0.432134
21656952.71	5171164.47	0.425094
21657024.86	5171144.46	0.443591
21657097.01	5171124.45	0.471947
21657169.15	5171104.45	0.4889
21657241.3	5171084.44	0.499432
21657313.45	5171064.43	0.500225
21657385.59	5171044.42	0.492717
21657457.74	5171024.41	0.476816
21657529.89	5171004.41	0.462873
21657602.03	5170984.4	0.454169
21657674.18	5170964.39	0.429788
21657746.33	5170944.38	0.408509
21657818.47	5170924.37	0.374662
21657890.62	5170904.36	0.338802
21657962.77	5170884.36	0.361548
21658034.91	5170864.35	0.372442
21658107.06	5170844.34	0.428191
21658179.21	5170824.33	0.454161
21658251.36	5170804.32	0.43624
21658323.5	5170784.32	0.422559
21658395.65	5170764.31	0.421093
21658467.8	5170744.3	0.422157
21658539.94	5170724.29	0.419056
21658612.09	5170704.28	0.381294
21658684.24	5170684.28	0.444409
21658756.38	5170664.27	0.476467
21658828.53	5170644.26	0.474581
21658900.68	5170624.25	0.441703
21658972.82	5170604.24	0.417488
21659044.97	5170584.24	0.409936
