21653307.22	5170346.33	0.265721
21653379.37	5170326.32	0
21653451.52	5170306.31	0.327257
21653523.66	5170286.3	0
21653595.81	5170266.29	0
21653667.96	5170246.29	0
21653740.1	5170226.28	0
21653812.25	5170206.27	0
21653884.4	5170186.26	0
21653956.54	5170166.25	0
21654028.69	5170146.25	0
21654100.84	5170126.24	0
21654172.98	5170106.23	0.230879
21654245.13	5170086.22	0.223785
21654317.28	5170066.21	0.232011
21654389.42	5170046.21	0.235369
21654461.57	5170026.2	0.295605
21654533.72	5170006.19	0
21654605.86	5169986.18	0.285819
21654678.01	5169966.17	0.28408
21654750.16	5169946.17	0.278124
21654822.31	5169926.16	0.264295
21654894.45	5169906.15	0.277176
21654966.6	5169886.14	0.269512
21655038.75	5169866.13	0.267265
21655110.89	5169846.13	0.300717
21655183.04	5169826.12	0.309771
21655255.19	5169806.11	0.289945
21655327.33	5169786.1	0.317878
21655399.48	5169766.09	0.333432
21653254.7	5170437.11	0.232411
21653326.85	5170417.1	0.340855
21653399	5170397.09	0.253558
21653471.14	5170377.08	0.256377
21653543.29	5170357.07	0.2606
21653615.44	5170337.07	0.28744
21653687.58	5170317.06	0
21653759.73	5170297.05	0.305096
21653831.88	5170277.04	0.338819
21653904.02	5170257.03	0
21653976.17	5170237.03	0
21654048.32	5170217.02	0
21654120.46	5170197.01	0
21654192.61	5170177	0.232978
21654264.76	5170156.99	0.224381
21654336.9	5170136.98	0.23194
21654409.05	5170116.98	0.232907
21654481.2	5170096.97	0.269831
21654553.34	5170076.96	0.277763
21654625.49	5170056.95	0.318392
21654697.64	5170036.94	0.291622
21654769.78	5170016.94	0.30192
21654841.93	5169996.93	0.255243
21654914.08	5169976.92	0.263633
21654986.23	5169956.91	0.264084
21655058.37	5169936.9	0.301399
21655130.52	5169916.9	0.257403
21655202.66	5169896.89	0.288315
21655274.81	5169876.88	0.291268
21655346.96	5169856.87	0.322269
21655419.11	5169836.86	0.327839
21655491.25	5169816.86	0.334443
21655563.4	5169796.85	0.234868
21655635.55	5169776.84	0.232065
21655707.69	5169756.83	0.226104
21655779.84	5169736.82	0
21655851.99	5169716.82	0
21655924.13	5169696.81	0
21655996.28	5169676.8	0.218407
21656068.43	5169656.79	0.2319
21656140.57	5169636.78	0.232681
21656212.72	5169616.78	0.218338
21656284.87	5169596.77	0.217857
21656357.01	5169576.76	0.236408
21656429.16	5169556.75	0.238507
21656501.31	5169536.74	0.233944
21656573.45	5169516.74	0.232216
21656645.6	5169496.73	0.239015
21656717.75	5169476.72	0.228714
21656789.89	5169456.71	0.239257
21656862.04	5169436.7	0.257472
21656934.19	5169416.69	0.236958
21657006.33	5169396.69	0.249047
21657078.48	5169376.68	0.299146
21657150.63	5169356.67	0.324326
21657222.77	5169336.66	0.290209
21657294.92	5169316.65	0.276158
21657367.07	5169296.65	0.273842
21657439.21	5169276.64	0.294165
21657511.36	5169256.63	0.297135
21657583.51	5169236.62	0.290718
21657655.65	5169216.61	0.300544
21657727.8	5169196.61	0.331804
21657799.95	5169176.6	0.373974
21657872.09	5169156.59	0.371686
21657944.24	5169136.58	0.358977
21658016.39	5169116.57	0.341122
21658088.53	5169096.57	0.308602
21658160.68	5169076.56	0.256155
21658232.83	5169056.55	0.284046
21658304.97	5169036.54	0.228775
21658377.12	5169016.53	0.228075
21658449.27	5168996.53	0.231894
21658521.41	5168976.52	0.236273
21658593.56	5168956.51	0.22444
21658665.71	5168936.5	0.227329
21658737.85	5168916.49	0.233221
21658810	5168896.49	0.228413
21658882.15	5168876.48	0.287052
21658954.29	5168856.47	0.276017
21659026.44	5168836.46	0.266581
21659098.59	5168816.45	0.228536
21653274.33	5170507.88	0.29293
21653346.48	5170487.87	0.273401
21653418.62	5170467.86	0.269577
21653490.77	5170447.85	0.233598
21653562.92	5170427.84	0.231363
21653635.06	5170407.84	0.238772
21653707.21	5170387.83	0.244477
21653779.36	5170367.82	0.272215
21653851.5	5170347.81	0.333063
21653923.65	5170327.8	0.383597
21653995.8	5170307.8	0
21654067.94	5170287.79	0.294029
21654140.09	5170267.78	0.241383
21654212.24	5170247.77	0.242715
21654284.38	5170227.76	0.227341
21654356.53	5170207.76	0.228847
21654428.68	5170187.75	0.230945
21654500.82	5170167.74	0.232402
21654572.97	5170147.73	0.241079
21654645.12	5170127.72	0.242091
21654717.26	5170107.72	0.235531
21654789.41	5170087.71	0.252247
21654861.56	5170067.7	0.239828
21654933.7	5170047.69	0.248148
21655005.85	5170027.68	0.246647
21655078	5170007.68	0.253219
21655150.14	5169987.67	0.240869
21655222.29	5169967.66	0.253403
21655294.44	5169947.65	0.283617
21655366.58	5169927.64	0.29558
21655438.73	5169907.63	0.259903
21655510.88	5169887.63	0.244502
21655583.03	5169867.62	0.236408
21655655.17	5169847.61	0.251093
21655727.32	5169827.6	0.224505
21655799.47	5169807.59	0
21655871.61	5169787.59	0
21655943.76	5169767.58	0.22331
21656015.91	5169747.57	0.219226
21656088.05	5169727.56	0.22194
21656160.2	5169707.55	0.23295
21656232.35	5169687.55	0.228016
21656304.49	5169667.54	0.234787
21656376.64	5169647.53	0.239985
21656448.79	5169627.52	0.234251
21656520.93	5169607.51	0.231771
21656593.08	5169587.51	0.216665
21656665.23	5169567.5	0.230999
21656737.37	5169547.49	0.230545
21656809.52	5169527.48	0.243887
21656881.67	5169507.47	0.251233
21656953.81	5169487.47	0.228763
21657025.96	5169467.46	0.236739
21657098.11	5169447.45	0.265144
21657170.25	5169427.44	0.287993
21657242.4	5169407.43	0.25291
21657314.55	5169387.43	0.259662
21657386.69	5169367.42	0.231135
21657458.84	5169347.41	0.246536
21657530.99	5169327.4	0.238362
21657603.13	5169307.39	0.277018
21657675.28	5169287.39	0.28265
21657747.43	5169267.38	0.269495
21657819.57	5169247.37	0.362958
21657891.72	5169227.36	0.340226
21657963.87	5169207.35	0.308143
21658036.01	5169187.34	0.352434
21658108.16	5169167.34	0.330079
21658180.31	5169147.33	0.317333
21658252.45	5169127.32	0.306801
21658324.6	5169107.31	0.231501
21658396.75	5169087.3	0.242847
21658468.89	5169067.3	0.228469
21658541.04	5169047.29	0.225661
21658613.19	5169027.28	0.227751
21658685.33	5169007.27	0.228264
21658757.48	5168987.26	0.232355
21658829.63	5168967.26	0.295372
21658901.77	5168947.25	0.328445
21658973.92	5168927.24	0.30345
21659046.07	5168907.23	0.404375
21653293.96	5170578.65	0.296389
21653366.1	5170558.64	0.23977
21653438.25	5170538.63	0.246392
21653510.4	5170518.62	0.230886
21653582.54	5170498.61	0.23094
21653654.69	5170478.61	0.233861
21653726.84	5170458.6	0.232209
21653798.98	5170438.59	0.255827
21653871.13	5170418.58	0.266308
21653943.28	5170398.57	0.24087
21654015.42	5170378.57	0.288121
21654087.57	5170358.56	0.245941
21654159.72	5170338.55	0.240991
21654231.86	5170318.54	0
21654304.01	5170298.53	0.245321
21654376.16	5170278.53	0.244665
21654448.3	5170258.52	0.234339
21654520.45	5170238.51	0.237079
21654592.6	5170218.5	0.23622
21654664.74	5170198.49	0.234385
21654736.89	5170178.49	0.231863
21654809.04	5170158.48	0.232426
21654881.18	5170138.47	0.23391
21654953.33	5170118.46	0.234016
21655025.48	5170098.45	0.234509
21655097.62	5170078.45	0.238323
21655169.77	5170058.44	0.232381
21655241.92	5170038.43	0.234597
21655314.06	5170018.42	0.234643
21655386.21	5169998.41	0.232531
21655458.36	5169978.41	0.230516
21655530.5	5169958.4	0.232274
21655602.65	5169938.39	0.233664
21655674.8	5169918.38	0.231074
21655746.95	5169898.37	0.233354
21655819.09	5169878.37	0.239947
21655891.24	5169858.36	0.234235
21655963.38	5169838.35	0.247908
21656035.53	5169818.34	0.220684
21656107.68	5169798.33	0.22906
21656179.83	5169778.32	0.228981
21656251.97	5169758.32	0.233346
21656324.12	5169738.31	0.218683
21656396.27	5169718.3	0.235437
21656468.41	5169698.29	0.229644
21656540.56	5169678.28	0.22881
21656612.71	5169658.28	0.219333
21656684.85	5169638.27	0.22309
21656757	5169618.26	0.229411
21656829.15	5169598.25	0.240968
21656901.29	5169578.24	0.231628
21656973.44	5169558.24	0.231934
21657045.59	5169538.23	0.228171
21657117.73	5169518.22	0.239435
21657189.88	5169498.21	0.234314
21657262.03	5169478.2	0.230246
21657334.17	5169458.2	0.233145
21657406.32	5169438.19	0.220787
21657478.47	5169418.18	0.220117
21657550.61	5169398.17	0.216262
21657622.76	5169378.16	0.24759
21657694.91	5169358.16	0.24453
21657767.05	5169338.15	0.229481
21657839.2	5169318.14	0.247422
21657911.35	5169298.13	0.325073
21657983.49	5169278.12	0.321517
21658055.64	5169258.12	0.321197
21658127.79	5169238.11	0.237578
21658199.93	5169218.1	0
21658272.08	5169198.09	0
21658344.23	5169178.08	0.24088
21658416.37	5169158.08	0.231945
21658488.52	5169138.07	0.243403
21658560.67	5169118.06	0.235422
21658632.81	5169098.05	0.228004
21658704.96	5169078.04	0.232475
21658777.11	5169058.03	0.236035
21658849.25	5169038.03	0.268967
21658921.4	5169018.02	0.275893
21658993.55	5168998.01	0.272108
21659065.69	5168978	0.313582
21653313.58	5170649.42	0.238239
21653385.73	5170629.41	0.231169
21653457.88	5170609.4	0.221468
21653530.02	5170589.39	0.22386
21653602.17	5170569.39	0.231355
21653674.32	5170549.38	0.243861
21653746.46	5170529.37	0.257379
21653818.61	5170509.36	0.275872
21653890.76	5170489.35	0.268221
21653962.9	5170469.35	0.241225
21654035.05	5170449.34	0.239835
21654107.2	5170429.33	0.237642
21654179.34	5170409.32	0.233795
21654251.49	5170389.31	0.243471
21654323.64	5170369.3	0.241143
21654395.78	5170349.3	0.244815
21654467.93	5170329.29	0.235787
21654540.08	5170309.28	0.234414
21654612.22	5170289.27	0.234251
21654684.37	5170269.26	0.232719
21654756.52	5170249.26	0.233422
21654828.66	5170229.25	0.231093
21654900.81	5170209.24	0.221181
21654972.96	5170189.23	0.233591
21655045.1	5170169.22	0.230609
21655117.25	5170149.22	0.233306
21655189.4	5170129.21	0.230781
21655261.54	5170109.2	0.231727
21655333.69	5170089.19	0.237717
21655405.84	5170069.18	0.230692
21655477.98	5170049.18	0.229981
21655550.13	5170029.17	0.232085
21655622.28	5170009.16	0.232181
21655694.42	5169989.15	0.231324
21655766.57	5169969.14	0.232404
21655838.72	5169949.14	0.236832
21655910.86	5169929.13	0.242882
21655983.01	5169909.12	0.243459
21656055.16	5169889.11	0.222335
21656127.3	5169869.1	0.219783
21656199.45	5169849.1	0.224162
21656271.6	5169829.09	0.227546
21656343.75	5169809.08	0.230149
21656415.89	5169789.07	0.237464
21656488.04	5169769.06	0.242764
21656560.19	5169749.06	0.244704
21656632.33	5169729.05	0.221343
21656704.48	5169709.04	0.218536
21656776.63	5169689.03	0.22779
21656848.77	5169669.02	0.23157
21656920.92	5169649.02	0.225234
21656993.07	5169629.01	0.224357
21657065.21	5169609	0.228084
21657137.36	5169588.99	0.232914
21657209.51	5169568.98	0.251543
21657281.65	5169548.97	0.232301
21657353.8	5169528.97	0.245548
21657425.95	5169508.96	0.229555
21657498.09	5169488.95	0.232403
21657570.24	5169468.94	0.234464
21657642.39	5169448.93	0.261577
21657714.53	5169428.93	0.23293
21657786.68	5169408.92	0.21873
21657858.83	5169388.91	0.233062
21657930.97	5169368.9	0.250991
21658003.12	5169348.89	0.249067
21658075.27	5169328.89	0
21658147.41	5169308.88	0.228541
21658219.56	5169288.87	0.229917
21658291.71	5169268.86	0.247745
21658363.85	5169248.85	0.235928
21658436	5169228.85	0.247069
21658508.15	5169208.84	0.261281
21658580.29	5169188.83	0.301922
21658652.44	5169168.82	0.231973
21658724.59	5169148.81	0.221396
21658796.73	5169128.81	0.230289
21658868.88	5169108.8	0.255698
21658941.03	5169088.79	0.240167
21659013.17	5169068.78	0.240273
21659085.32	5169048.77	0.267002
21653261.06	5170740.2	0.265719
21653333.21	5170720.19	0.260136
21653405.36	5170700.18	0.228474
21653477.5	5170680.17	0.222525
21653549.65	5170660.16	0.225258
21653621.8	5170640.16	0.231818
21653693.94	5170620.15	0.232069
21653766.09	5170600.14	0.263409
21653838.24	5170580.13	0.318849
21653910.38	5170560.12	0.253833
21653982.53	5170540.12	0.24146
21654054.68	5170520.11	0.238403
21654126.82	5170500.1	0.23152
21654198.97	5170480.09	0.232059
21654271.12	5170460.08	0.237392
21654343.26	5170440.08	0.2374
21654415.41	5170420.07	0.236389
21654487.56	5170400.06	0.234466
21654559.7	5170380.05	0.234118
21654631.85	5170360.04	0.231404
21654704	5170340.04	0.231538
21654776.14	5170320.03	0.231819
21654848.29	5170300.02	0.225428
21654920.44	5170280.01	0.221026
21654992.58	5170260	0.231249
21655064.73	5170240	0.225483
21655136.88	5170219.99	0.230497
21655209.02	5170199.98	0.22553
21655281.17	5170179.97	0.238967
21655353.32	5170159.96	0.24939
21655425.46	5170139.95	0.234438
21655497.61	5170119.95	0.236956
21655569.76	5170099.94	0.237674
21655641.9	5170079.93	0.233523
21655714.05	5170059.92	0.230611
21655786.2	5170039.91	0.231961
21655858.34	5170019.91	0.237319
21655930.49	5169999.9	0.287704
21656002.64	5169979.89	0.313509
21656074.78	5169959.88	0.233405
21656146.93	5169939.87	0.261098
21656219.08	5169919.87	0.230213
21656291.22	5169899.86	0.228426
21656363.37	5169879.85	0.230775
21656435.52	5169859.84	0.242645
21656507.66	5169839.83	0.241375
21656579.81	5169819.83	0.230864
21656651.96	5169799.82	0.225838
21656724.1	5169779.81	0.219035
21656796.25	5169759.8	0
21656868.4	5169739.79	0
21656940.55	5169719.79	0.231239
21657012.69	5169699.78	0.265552
21657084.84	5169679.77	0.232908
21657156.99	5169659.76	0.239259
21657229.13	5169639.75	0.325063
21657301.28	5169619.75	0.246108
21657373.43	5169599.74	0.24494
21657445.57	5169579.73	0.238008
21657517.72	5169559.72	0.236791
21657589.87	5169539.71	0.240109
21657662.01	5169519.71	0.249185
21657734.16	5169499.7	0.234297
21657806.31	5169479.69	0.225737
21657878.45	5169459.68	0.233696
21657950.6	5169439.67	0.241023
21658022.75	5169419.66	0.248124
21658094.89	5169399.66	0.311898
21658167.04	5169379.65	0.229976
21658239.19	5169359.64	0.282252
21658311.33	5169339.63	0.243406
21658383.48	5169319.62	0.233891
21658455.63	5169299.62	0.302595
21658527.77	5169279.61	0.328634
21658599.92	5169259.6	0.338035
21658672.07	5169239.59	0.236163
21658744.21	5169219.58	0.230945
21658816.36	5169199.58	0.229077
21658888.51	5169179.57	0.256014
21658960.65	5169159.56	0.240193
21659032.8	5169139.55	0.247731
21659104.95	5169119.54	0.266475
21653280.69	5170810.97	0.238378
21653352.84	5170790.96	0.231387
21653424.98	5170770.95	0.230422
21653497.13	5170750.94	0.226876
21653569.28	5170730.93	0.223906
21653641.42	5170710.93	0.231386
21653713.57	5170690.92	0.233915
21653785.72	5170670.91	0.241797
21653857.86	5170650.9	0.247011
21653930.01	5170630.89	0.243905
21654002.16	5170610.89	0.231777
21654074.3	5170590.88	0.237567
21654146.45	5170570.87	0.234311
21654218.6	5170550.86	0.244297
21654290.74	5170530.85	0.244309
21654362.89	5170510.85	0.240062
21654435.04	5170490.84	0.2337
21654507.18	5170470.83	0.232518
21654579.33	5170450.82	0.23233
21654651.48	5170430.81	0.231071
21654723.62	5170410.81	0.226013
21654795.77	5170390.8	0.231681
21654867.92	5170370.79	0.23183
21654940.06	5170350.78	0.223045
21655012.21	5170330.77	0.22339
21655084.36	5170310.77	0.226835
21655156.5	5170290.76	0.221548
21655228.65	5170270.75	0.233117
21655300.8	5170250.74	0.279784
21655372.94	5170230.73	0.249363
21655445.09	5170210.73	0.271246
21655517.24	5170190.72	0.291931
21655589.38	5170170.71	0.24424
21655661.53	5170150.7	0.231648
21655733.68	5170130.69	0.230593
21655805.82	5170110.69	0.230765
21655877.97	5170090.68	0.234513
21655950.12	5170070.67	0.255738
21656022.26	5170050.66	0.235764
21656094.41	5170030.65	0.280339
21656166.56	5170010.65	0.277032
21656238.7	5169990.64	0.247784
21656310.85	5169970.63	0.226391
21656383	5169950.62	0.23059
21656455.14	5169930.61	0.245276
21656527.29	5169910.6	0.232368
21656599.44	5169890.6	0.222079
21656671.58	5169870.59	0.227808
21656743.73	5169850.58	0.228754
21656815.88	5169830.57	0
21656888.02	5169810.56	0.232102
21656960.17	5169790.56	0.231315
21657032.32	5169770.55	0.254622
21657104.47	5169750.54	0.243665
21657176.61	5169730.53	0.257709
21657248.76	5169710.52	0.257407
21657320.91	5169690.52	0.268286
21657393.05	5169670.51	0.244009
21657465.2	5169650.5	0
21657537.35	5169630.49	0
21657609.49	5169610.48	0
21657681.64	5169590.48	0.239727
21657753.79	5169570.47	0.230761
21657825.93	5169550.46	0.227335
21657898.08	5169530.45	0.230591
21657970.23	5169510.44	0.235421
21658042.37	5169490.44	0.241313
21658114.52	5169470.43	0.331871
21658186.67	5169450.42	0.320314
21658258.81	5169430.41	0.303118
21658330.96	5169410.4	0.235859
21658403.11	5169390.4	0.240078
21658475.25	5169370.39	0.338369
21658547.4	5169350.38	0.340369
21658619.55	5169330.37	0.369288
21658691.69	5169310.36	0.293824
21658763.84	5169290.36	0.23247
21658835.99	5169270.35	0.220468
21658908.13	5169250.34	0.230511
21658980.28	5169230.33	0.254919
21659052.43	5169210.32	0.248192
21653300.32	5170881.74	0.233659
21653372.46	5170861.73	0.222488
21653444.61	5170841.72	0.230461
21653516.76	5170821.71	0.23045
21653588.9	5170801.71	0.224771
21653661.05	5170781.7	0.230286
21653733.2	5170761.69	0.230832
21653805.34	5170741.68	0.232052
21653877.49	5170721.67	0.234465
21653949.64	5170701.67	0.24315
21654021.78	5170681.66	0.231546
21654093.93	5170661.65	0.281339
21654166.08	5170641.64	0.247813
21654238.22	5170621.63	0.242406
21654310.37	5170601.63	0.257368
21654382.52	5170581.62	0.23328
21654454.66	5170561.61	0.232617
21654526.81	5170541.6	0.231563
21654598.96	5170521.59	0.231473
21654671.1	5170501.58	0.231513
21654743.25	5170481.58	0.235651
21654815.4	5170461.57	0.23987
21654887.54	5170441.56	0.230467
21654959.69	5170421.55	0.223266
21655031.84	5170401.54	0.224367
21655103.98	5170381.54	0.220627
21655176.13	5170361.53	0.22291
21655248.28	5170341.52	0.230735
21655320.42	5170321.51	0.23209
21655392.57	5170301.5	0.232638
21655464.72	5170281.5	0.243673
21655536.86	5170261.49	0.246786
21655609.01	5170241.48	0.312106
21655681.16	5170221.47	0.265137
21655753.3	5170201.46	0.232655
21655825.45	5170181.46	0.229104
21655897.6	5170161.45	0.230465
21655969.74	5170141.44	0.237301
21656041.89	5170121.43	0.270566
21656114.04	5170101.42	0.302495
21656186.18	5170081.42	0.259729
21656258.33	5170061.41	0.281547
21656330.48	5170041.4	0.228155
21656402.62	5170021.39	0.228062
21656474.77	5170001.38	0.255835
21656546.92	5169981.38	0.238607
21656619.06	5169961.37	0.227833
21656691.21	5169941.36	0.227328
21656763.36	5169921.35	0.227561
21656835.5	5169901.34	0.227845
21656907.65	5169881.34	0.230829
21656979.8	5169861.33	0.233476
21657051.94	5169841.32	0.264918
21657124.09	5169821.31	0.315899
21657196.24	5169801.3	0.366185
21657268.38	5169781.3	0.355176
21657340.53	5169761.29	0.32804
21657412.68	5169741.28	0.274323
21657484.83	5169721.27	0
21657556.97	5169701.26	0
21657629.12	5169681.25	0
21657701.27	5169661.25	0.234908
21657773.41	5169641.24	0.229302
21657845.56	5169621.23	0.229204
21657917.71	5169601.22	0.229252
21657989.85	5169581.21	0.233431
21658062	5169561.21	0.300916
21658134.15	5169541.2	0.336202
21658206.29	5169521.19	0.338905
21658278.44	5169501.18	0.261148
21658350.59	5169481.17	0.289837
21658422.73	5169461.17	0.254024
21658494.88	5169441.16	0.341025
21658567.03	5169421.15	0.379245
21658639.17	5169401.14	0.378448
21658711.32	5169381.13	0.380308
21658783.47	5169361.13	0.298906
21658855.61	5169341.12	0.234935
21658927.76	5169321.11	0.228669
21658999.91	5169301.1	0.230552
21659072.05	5169281.09	0.231808
21653247.8	5170972.52	0.22268
21653319.94	5170952.51	0.228171
21653392.09	5170932.5	0.221272
21653464.24	5170912.49	0.230551
21653536.38	5170892.48	0.233852
21653608.53	5170872.48	0.236166
21653680.68	5170852.47	0.23056
21653752.82	5170832.46	0.231268
21653824.97	5170812.45	0.231659
21653897.12	5170792.44	0.240176
21653969.26	5170772.44	0.29811
21654041.41	5170752.43	0.273755
21654113.56	5170732.42	0.318267
21654185.7	5170712.41	0.268526
21654257.85	5170692.4	0.244251
21654330	5170672.4	0.252202
21654402.14	5170652.39	0.239557
21654474.29	5170632.38	0.233007
21654546.44	5170612.37	0.231474
21654618.58	5170592.36	0.232277
21654690.73	5170572.36	0.234172
21654762.88	5170552.35	0.264557
21654835.02	5170532.34	0.234083
21654907.17	5170512.33	0.232246
21654979.32	5170492.32	0.250691
21655051.46	5170472.32	0.226759
21655123.61	5170452.31	0.230067
21655195.76	5170432.3	0.230212
21655267.9	5170412.29	0.230594
21655340.05	5170392.28	0.231559
21655412.2	5170372.28	0.23173
21655484.34	5170352.27	0.245528
21655556.49	5170332.26	0.267392
21655628.64	5170312.25	0.335365
21655700.78	5170292.24	0.286871
21655772.93	5170272.23	0.259369
21655845.08	5170252.23	0.249582
21655917.22	5170232.22	0.232011
21655989.37	5170212.21	0.230024
21656061.52	5170192.2	0.234399
21656133.66	5170172.19	0.246526
21656205.81	5170152.19	0.27459
21656277.96	5170132.18	0.264309
21656350.1	5170112.17	0.333826
21656422.25	5170092.16	0.239494
21656494.4	5170072.15	0.263076
21656566.54	5170052.15	0.23646
21656638.69	5170032.14	0.230369
21656710.84	5170012.13	0.228983
21656782.98	5169992.12	0
21656855.13	5169972.11	0
21656927.28	5169952.11	0
21656999.42	5169932.1	0.24643
21657071.57	5169912.09	0.24128
21657143.72	5169892.08	0.339957
21657215.86	5169872.07	0.388396
21657288.01	5169852.07	0.370445
21657360.16	5169832.06	0.328809
21657432.3	5169812.05	0.317878
21657504.45	5169792.04	0.32708
21657576.6	5169772.03	0
21657648.74	5169752.03	0
21657720.89	5169732.02	0.243461
21657793.04	5169712.01	0.248868
21657865.18	5169692	0.232449
21657937.33	5169671.99	0.230282
21658009.48	5169651.99	0.230367
21658081.63	5169631.98	0.288668
21658153.77	5169611.97	0.321435
21658225.92	5169591.96	0.242495
21658298.07	5169571.95	0.228319
21658370.21	5169551.94	0.243142
21658442.36	5169531.94	0.31545
21658514.51	5169511.93	0.339388
21658586.65	5169491.92	0.382247
21658658.8	5169471.91	0.36019
21658730.95	5169451.9	0.324834
21658803.09	5169431.9	0.339351
21658875.24	5169411.89	0.255121
21658947.39	5169391.88	0.337986
21659019.53	5169371.87	0.32712
21659091.68	5169351.86	0.227612
21653267.42	5171043.29	0.22105
21653339.57	5171023.28	0.221581
21653411.72	5171003.27	0.220675
21653483.86	5170983.26	0.230358
21653556.01	5170963.26	0.237465
21653628.16	5170943.25	0.275913
21653700.3	5170923.24	0.257747
21653772.45	5170903.23	0.2399
21653844.6	5170883.22	0.255175
21653916.74	5170863.21	0.236799
21653988.89	5170843.21	0.233457
21654061.04	5170823.2	0.299751
21654133.18	5170803.19	0.339141
21654205.33	5170783.18	0.278262
21654277.48	5170763.17	0.236582
21654349.62	5170743.17	0.278466
21654421.77	5170723.16	0.303755
21654493.92	5170703.15	0.244589
21654566.06	5170683.14	0.231961
21654638.21	5170663.13	0.237666
21654710.36	5170643.13	0.245573
21654782.5	5170623.12	0.268489
21654854.65	5170603.11	0.259897
21654926.8	5170583.1	0.234233
21654998.94	5170563.09	0.232787
21655071.09	5170543.09	0.245298
21655143.24	5170523.08	0.230074
21655215.38	5170503.07	0.229618
21655287.53	5170483.06	0.22633
21655359.68	5170463.05	0.2307
21655431.82	5170443.05	0.230278
21655503.97	5170423.04	0.230812
21655576.12	5170403.03	0.232314
21655648.26	5170383.02	0.272023
21655720.41	5170363.01	0.299819
21655792.56	5170343.01	0.273362
21655864.7	5170323	0.241565
21655936.85	5170302.99	0.229094
21656009	5170282.98	0.227713
21656081.14	5170262.97	0.230036
21656153.29	5170242.97	0.234088
21656225.44	5170222.96	0.237752
21656297.58	5170202.95	0.259145
21656369.73	5170182.94	0.325066
21656441.88	5170162.93	0.327178
21656514.02	5170142.93	0.262968
21656586.17	5170122.92	0.232239
21656658.32	5170102.91	0.231964
21656730.46	5170082.9	0.238525
21656802.61	5170062.89	0
21656874.76	5170042.88	0.231857
21656946.9	5170022.88	0.238998
21657019.05	5170002.87	0.248144
21657091.2	5169982.86	0.236326
21657163.34	5169962.85	0.250112
21657235.49	5169942.84	0.311129
21657307.64	5169922.84	0.263262
21657379.78	5169902.83	0.229312
21657451.93	5169882.82	0.28856
21657524.08	5169862.81	0.330042
21657596.22	5169842.8	0
21657668.37	5169822.8	0.281966
21657740.52	5169802.79	0.280517
21657812.66	5169782.78	0.308668
21657884.81	5169762.77	0.252082
21657956.96	5169742.76	0.232993
21658029.1	5169722.76	0.227576
21658101.25	5169702.75	0.270813
21658173.4	5169682.74	0.274364
21658245.54	5169662.73	0.27227
21658317.69	5169642.72	0.230018
21658389.84	5169622.72	0.327132
21658461.99	5169602.71	0.38103
21658534.13	5169582.7	0.392308
21658606.28	5169562.69	0.401152
21658678.43	5169542.68	0.39265
21658750.57	5169522.68	0.379967
21658822.72	5169502.67	0.314443
21658894.87	5169482.66	0.334975
21658967.01	5169462.65	0.32376
21659039.16	5169442.64	0.335927
21659111.31	5169422.64	0.21228
21653287.05	5171114.06	0.217788
21653359.2	5171094.05	0.218427
21653431.34	5171074.04	0.21801
21653503.49	5171054.03	0.226066
21653575.64	5171034.03	0.233512
21653647.78	5171014.02	0.301427
21653719.93	5170994.01	0.279801
21653792.08	5170974	0.312863
21653864.22	5170953.99	0.30231
21653936.37	5170933.99	0.268925
21654008.52	5170913.98	0.250767
21654080.66	5170893.97	0.268765
21654152.81	5170873.96	0.310721
21654224.96	5170853.95	0.271974
21654297.1	5170833.95	0.257551
21654369.25	5170813.94	0.274505
21654441.4	5170793.93	0.288475
21654513.54	5170773.92	0.246708
21654585.69	5170753.91	0.251083
21654657.84	5170733.91	0.24623
21654729.98	5170713.9	0.28927
21654802.13	5170693.89	0.273492
21654874.28	5170673.88	0.263629
21654946.42	5170653.87	0.243637
21655018.57	5170633.86	0.257152
21655090.72	5170613.86	0.247376
21655162.86	5170593.85	0.225752
21655235.01	5170573.84	0.223564
21655307.16	5170553.83	0.22426
21655379.3	5170533.82	0.229336
21655451.45	5170513.82	0.22918
21655523.6	5170493.81	0.221989
21655595.74	5170473.8	0.230573
21655667.89	5170453.79	0.240122
21655740.04	5170433.78	0.299009
21655812.18	5170413.78	0.337061
21655884.33	5170393.77	0.299749
21655956.48	5170373.76	0.239239
21656028.62	5170353.75	0.222695
21656100.77	5170333.74	0.227873
21656172.92	5170313.74	0.230305
21656245.06	5170293.73	0.231582
21656317.21	5170273.72	0.241167
21656389.36	5170253.71	0.268785
21656461.5	5170233.7	0.232427
21656533.65	5170213.7	0.249682
21656605.8	5170193.69	0.284417
21656677.94	5170173.68	0.232921
21656750.09	5170153.67	0.23327
21656822.24	5170133.66	0.235319
21656894.38	5170113.66	0.23511
21656966.53	5170093.65	0
21657038.68	5170073.64	0.234969
21657110.82	5170053.63	0.23407
21657182.97	5170033.62	0.233501
21657255.12	5170013.62	0.325079
21657327.26	5169993.61	0.285165
21657399.41	5169973.6	0.260118
21657471.56	5169953.59	0.284423
21657543.7	5169933.58	0
21657615.85	5169913.57	0.276095
21657688	5169893.57	0.261391
21657760.14	5169873.56	0.248383
21657832.29	5169853.55	0.244283
21657904.44	5169833.54	0.235758
21657976.58	5169813.53	0.235611
21658048.73	5169793.53	0.236529
21658120.88	5169773.52	0.313882
21658193.02	5169753.51	0.26909
21658265.17	5169733.5	0.252873
21658337.32	5169713.49	0.230189
21658409.46	5169693.49	0.271203
21658481.61	5169673.48	0.369054
21658553.76	5169653.47	0.388
21658625.91	5169633.46	0.406491
21658698.05	5169613.45	0.387493
21658770.2	5169593.45	0.322733
21658842.35	5169573.44	0.232026
21658914.49	5169553.43	0.330506
21658986.64	5169533.42	0.333436
21659058.79	5169513.41	0.324654
21653306.68	5171184.83	0.218029
21653378.82	5171164.82	0.21913
21653450.97	5171144.81	0.224769
21653523.12	5171124.8	0.248247
21653595.26	5171104.8	0.26368
21653667.41	5171084.79	0.35216
21653739.56	5171064.78	0.321949
21653811.7	5171044.77	0.315513
21653883.85	5171024.76	0.353077
21653956	5171004.76	0.288669
21654028.14	5170984.75	0.247352
21654100.29	5170964.74	0.264021
21654172.44	5170944.73	0.295528
21654244.58	5170924.72	0.279572
21654316.73	5170904.72	0.262487
21654388.88	5170884.71	0.318272
21654461.02	5170864.7	0.239608
21654533.17	5170844.69	0.267423
21654605.32	5170824.68	0.291473
21654677.46	5170804.68	0.238937
21654749.61	5170784.67	0.239423
21654821.76	5170764.66	0.235276
21654893.9	5170744.65	0.231444
21654966.05	5170724.64	0.230031
21655038.2	5170704.64	0.230844
21655110.34	5170684.63	0.254407
21655182.49	5170664.62	0.257628
21655254.64	5170644.61	0.233116
21655326.78	5170624.6	0.231611
21655398.93	5170604.6	0.235175
21655471.08	5170584.59	0.228766
21655543.22	5170564.58	0.223609
21655615.37	5170544.57	0.278375
21655687.52	5170524.56	0.238551
21655759.66	5170504.56	0.264672
21655831.81	5170484.55	0.244273
21655903.96	5170464.54	0.247046
21655976.1	5170444.53	0.243007
21656048.25	5170424.52	0.235151
21656120.4	5170404.51	0.232319
21656192.54	5170384.51	0.228657
21656264.69	5170364.5	0.228466
21656336.84	5170344.49	0.232915
21656408.98	5170324.48	0.322433
21656481.13	5170304.47	0.277573
21656553.28	5170284.47	0.251406
21656625.42	5170264.46	0.257162
21656697.57	5170244.45	0.246776
21656769.72	5170224.44	0.234063
21656841.86	5170204.43	0.232451
21656914.01	5170184.43	0.232581
21656986.16	5170164.42	0.232216
21657058.3	5170144.41	0.231986
21657130.45	5170124.4	0.255551
21657202.6	5170104.39	0.294125
21657274.74	5170084.39	0
21657346.89	5170064.38	0
21657419.04	5170044.37	0
21657491.18	5170024.36	0.256505
21657563.33	5170004.35	0.271042
21657635.48	5169984.35	0.230305
21657707.62	5169964.34	0.261001
21657779.77	5169944.33	0.255118
21657851.92	5169924.32	0.235338
21657924.06	5169904.31	0.322544
21657996.21	5169884.31	0.307631
21658068.36	5169864.3	0.327658
21658140.5	5169844.29	0.298465
21658212.65	5169824.28	0.334449
21658284.8	5169804.27	0.283659
21658356.94	5169784.27	0.23731
21658429.09	5169764.26	0.325079
21658501.24	5169744.25	0.339472
21658573.38	5169724.24	0.381508
21658645.53	5169704.23	0.401014
21658717.68	5169684.22	0.36956
21658789.82	5169664.22	0.332752
21658861.97	5169644.21	0.320546
21658934.12	5169624.2	0.327654
21659006.26	5169604.19	0.305308
21659078.41	5169584.18	0.229612
21653254.15	5171275.61	0.218733
21653326.3	5171255.6	0.219546
21653398.45	5171235.59	0.218989
21653470.6	5171215.58	0.224169
21653542.74	5171195.58	0.231106
21653614.89	5171175.57	0.233696
21653687.04	5171155.56	0.315694
21653759.18	5171135.55	0.342482
21653831.33	5171115.54	0.294711
21653903.48	5171095.54	0.300135
21653975.62	5171075.53	0.249488
21654047.77	5171055.52	0.240392
21654119.92	5171035.51	0.247119
21654192.06	5171015.5	0.320119
21654264.21	5170995.49	0.241215
21654336.36	5170975.49	0.244449
21654408.5	5170955.48	0.266805
21654480.65	5170935.47	0.251025
21654552.8	5170915.46	0.257723
21654624.94	5170895.45	0.290941
21654697.09	5170875.45	0.231353
21654769.24	5170855.44	0.231121
21654841.38	5170835.43	0.231651
21654913.53	5170815.42	0.2313
21654985.68	5170795.41	0.230772
21655057.82	5170775.41	0
21655129.97	5170755.4	0.234164
21655202.12	5170735.39	0.239302
21655274.26	5170715.38	0.233895
21655346.41	5170695.37	0.230978
21655418.56	5170675.37	0.230542
21655490.7	5170655.36	0.23944
21655562.85	5170635.35	0.230024
21655635	5170615.34	0.228483
21655707.14	5170595.33	0.232705
21655779.29	5170575.33	0.241189
21655851.44	5170555.32	0.303605
21655923.58	5170535.31	0.234058
21655995.73	5170515.3	0.265082
21656067.88	5170495.29	0.314878
21656140.02	5170475.29	0.236222
21656212.17	5170455.28	0.228863
21656284.32	5170435.27	0.231959
21656356.46	5170415.26	0.241378
21656428.61	5170395.25	0.323157
21656500.76	5170375.25	0.338843
21656572.9	5170355.24	0
21656645.05	5170335.23	0.246871
21656717.2	5170315.22	0.230676
21656789.34	5170295.21	0.24439
21656861.49	5170275.21	0
21656933.64	5170255.2	0
21657005.78	5170235.19	0.243071
21657077.93	5170215.18	0.315852
21657150.08	5170195.17	0.297921
21657222.22	5170175.16	0.269177
21657294.37	5170155.16	0
21657366.52	5170135.15	0
21657438.66	5170115.14	0
21657510.81	5170095.13	0.277078
21657582.96	5170075.12	0.227151
21657655.1	5170055.12	0
21657727.25	5170035.11	0.234505
21657799.4	5170015.1	0.301413
21657871.54	5169995.09	0.244722
21657943.69	5169975.08	0.286571
21658015.84	5169955.08	0.240844
21658087.98	5169935.07	0.299279
21658160.13	5169915.06	0.283997
21658232.28	5169895.05	0.328975
21658304.42	5169875.04	0.255497
21658376.57	5169855.04	0.254596
21658448.72	5169835.03	0.364835
21658520.86	5169815.02	0.323074
21658593.01	5169795.01	0.350562
21658665.16	5169775	0.339563
21658737.3	5169755	0.335048
21658809.45	5169734.99	0.319872
21658881.6	5169714.98	0.320894
21658953.74	5169694.97	0.324569
21659025.89	5169674.96	0.299524
21659098.04	5169654.96	0.208003
21653273.78	5171346.38	0
21653345.93	5171326.37	0.2181
21653418.07	5171306.36	0.219771
21653490.22	5171286.35	0.225927
21653562.37	5171266.35	0.230451
21653634.51	5171246.34	0.231888
21653706.66	5171226.33	0.242012
21653778.81	5171206.32	0.301588
21653850.96	5171186.31	0.257393
21653923.1	5171166.31	0.25218
21653995.25	5171146.3	0.232085
21654067.4	5171126.29	0.234536
21654139.54	5171106.28	0.240501
21654211.69	5171086.27	0.233471
21654283.84	5171066.27	0.232833
21654355.98	5171046.26	0.262089
21654428.13	5171026.25	0.292374
21654500.28	5171006.24	0.240174
21654572.42	5170986.23	0.264508
21654644.57	5170966.23	0.288063
21654716.72	5170946.22	0.234226
21654788.86	5170926.21	0.231629
21654861.01	5170906.2	0.23327
21654933.16	5170886.19	0.220994
21655005.3	5170866.18	0
21655077.45	5170846.18	0.230687
21655149.6	5170826.17	0.233077
21655221.74	5170806.16	0.235153
21655293.89	5170786.15	0.244732
21655366.04	5170766.14	0.233831
21655438.18	5170746.14	0.229963
21655510.33	5170726.13	0.230916
21655582.48	5170706.12	0.238924
21655654.62	5170686.11	0.316867
21655726.77	5170666.1	0.238826
21655798.92	5170646.1	0.230542
21655871.06	5170626.09	0.237912
21655943.21	5170606.08	0.253694
21656015.36	5170586.07	0.292999
21656087.5	5170566.06	0.355045
21656159.65	5170546.06	0.315516
21656231.8	5170526.05	0.25638
21656303.94	5170506.04	0.242255
21656376.09	5170486.03	0.295631
21656448.24	5170466.02	0.321144
21656520.38	5170446.02	0.335181
21656592.53	5170426.01	0
21656664.68	5170406	0
21656736.82	5170385.99	0
21656808.97	5170365.98	0
21656881.12	5170345.98	0
21656953.26	5170325.97	0.232037
21657025.41	5170305.96	0.258186
21657097.56	5170285.95	0.254794
21657169.7	5170265.94	0.278059
21657241.85	5170245.94	0.236556
21657314	5170225.93	0.231928
21657386.14	5170205.92	0.22792
21657458.29	5170185.91	0.230324
21657530.44	5170165.9	0.251435
21657602.58	5170145.9	0.23847
21657674.73	5170125.89	0
21657746.88	5170105.88	0
21657819.02	5170085.87	0.230491
21657891.17	5170065.86	0.230389
21657963.32	5170045.85	0.231321
21658035.46	5170025.85	0.23325
21658107.61	5170005.84	0.264959
21658179.76	5169985.83	0.231523
21658251.9	5169965.82	0.261726
21658324.05	5169945.81	0.240973
21658396.2	5169925.81	0.251207
21658468.34	5169905.8	0.339943
21658540.49	5169885.79	0.373921
21658612.64	5169865.78	0.293612
21658684.78	5169845.77	0.252275
21658756.93	5169825.77	0.24153
21658829.08	5169805.76	0.318653
21658901.22	5169785.75	0.279483
21658973.37	5169765.74	0.289052
21659045.52	5169745.73	0.251812
21653293.41	5171417.15	0.225032
21653365.55	5171397.14	0.219592
21653437.7	5171377.13	0.225185
21653509.85	5171357.12	0.237092
21653581.99	5171337.12	0.24039
21653654.14	5171317.11	0.231282
21653726.29	5171297.1	0.231277
21653798.43	5171277.09	0.235228
21653870.58	5171257.08	0.254296
21653942.73	5171237.08	0
21654014.87	5171217.07	0.23861
21654087.02	5171197.06	0.227941
21654159.17	5171177.05	0.231268
21654231.32	5171157.04	0.23029
21654303.46	5171137.04	0.231585
21654375.61	5171117.03	0.232858
21654447.76	5171097.02	0.232997
21654519.9	5171077.01	0.231522
21654592.05	5171057	0.231537
21654664.2	5171037	0.241319
21654736.34	5171016.99	0.288738
21654808.49	5170996.98	0.231066
21654880.64	5170976.97	0.234224
21654952.78	5170956.96	0.219437
21655024.93	5170936.96	0.230848
21655097.08	5170916.95	0.232228
21655169.22	5170896.94	0.232861
21655241.37	5170876.93	0.233866
21655313.52	5170856.92	0.233284
21655385.66	5170836.92	0.231953
21655457.81	5170816.91	0.222189
21655529.96	5170796.9	0.225861
21655602.1	5170776.89	0.229381
21655674.25	5170756.88	0.237497
21655746.4	5170736.88	0.231151
21655818.54	5170716.87	0.232621
21655890.69	5170696.86	0.23094
21655962.84	5170676.85	0.234968
21656034.98	5170656.84	0.245536
21656107.13	5170636.83	0.260574
21656179.28	5170616.83	0
21656251.42	5170596.82	0.245441
21656323.57	5170576.81	0.230584
21656395.72	5170556.8	0.229302
21656467.86	5170536.79	0.235795
21656540.01	5170516.79	0.27337
21656612.16	5170496.78	0.235656
21656684.3	5170476.77	0
21656756.45	5170456.76	0
21656828.6	5170436.75	0
21656900.74	5170416.75	0
21656972.89	5170396.74	0.222885
21657045.04	5170376.73	0.228541
21657117.18	5170356.72	0.245751
21657189.33	5170336.71	0.226904
21657261.48	5170316.71	0.225089
21657333.62	5170296.7	0.21824
21657405.77	5170276.69	0.21928
21657477.92	5170256.68	0.220343
21657550.06	5170236.67	0.229035
21657622.21	5170216.67	0.235016
21657694.36	5170196.66	0
21657766.5	5170176.65	0
21657838.65	5170156.64	0.228764
21657910.8	5170136.63	0.22915
21657982.94	5170116.63	0.229993
21658055.09	5170096.62	0.230308
21658127.24	5170076.61	0.237192
21658199.38	5170056.6	0.240979
21658271.53	5170036.59	0.247283
21658343.68	5170016.59	0.23756
21658415.82	5169996.58	0.232972
21658487.97	5169976.57	0.325678
21658560.12	5169956.56	0.307025
21658632.26	5169936.55	0.250664
21658704.41	5169916.55	0.262851
21658776.56	5169896.54	0.244828
21658848.7	5169876.53	0.232088
21658920.85	5169856.52	0.257704
21658993	5169836.51	0.287764
21659065.14	5169816.5	0.237372
21653313.03	5171487.92	0.22021
21653385.18	5171467.91	0.226798
21653457.33	5171447.9	0.22977
21653529.47	5171427.9	0.235927
21653601.62	5171407.89	0.236466
21653673.77	5171387.88	0.233773
21653745.91	5171367.87	0.233313
21653818.06	5171347.86	0.25695
21653890.21	5171327.86	0.266595
21653962.35	5171307.85	0.243554
21654034.5	5171287.84	0.236472
21654106.65	5171267.83	0.230481
21654178.79	5171247.82	0.23065
21654250.94	5171227.82	0.230019
21654323.09	5171207.81	0.226953
21654395.23	5171187.8	0.226153
21654467.38	5171167.79	0.226169
21654539.53	5171147.78	0.23114
21654611.67	5171127.77	0.226272
21654683.82	5171107.77	0.230401
21654755.97	5171087.76	0.231725
21654828.12	5171067.75	0.231121
21654900.26	5171047.74	0.244928
21654972.41	5171027.73	0.230991
21655044.56	5171007.73	0.230225
21655116.7	5170987.72	0.230475
21655188.85	5170967.71	0.230417
21655261	5170947.7	0.221736
21655333.14	5170927.69	0.229935
21655405.29	5170907.69	0.230948
21655477.44	5170887.68	0.220373
21655549.58	5170867.67	0.223088
21655621.73	5170847.66	0.227807
21655693.88	5170827.65	0.22411
21655766.02	5170807.65	0.229606
21655838.17	5170787.64	0.224539
21655910.32	5170767.63	0.228236
21655982.46	5170747.62	0.23089
21656054.61	5170727.61	0
21656126.76	5170707.61	0.251952
21656198.9	5170687.6	0.2612
21656271.05	5170667.59	0.24707
21656343.2	5170647.58	0.228255
21656415.34	5170627.57	0.228009
21656487.49	5170607.57	0.233132
21656559.64	5170587.56	0.23009
21656631.78	5170567.55	0.22794
21656703.93	5170547.54	0.230389
21656776.08	5170527.53	0.233711
21656848.22	5170507.53	0
21656920.37	5170487.52	0.308222
21656992.52	5170467.51	0.285269
21657064.66	5170447.5	0.243838
21657136.81	5170427.49	0.226849
21657208.96	5170407.48	0.232519
21657281.1	5170387.48	0.261949
21657353.25	5170367.47	0.215209
21657425.4	5170347.46	0.220137
21657497.54	5170327.45	0.222115
21657569.69	5170307.44	0.224848
21657641.84	5170287.44	0.231494
21657713.98	5170267.43	0.259313
21657786.13	5170247.42	0
21657858.28	5170227.41	0.226761
21657930.42	5170207.4	0.227625
21658002.57	5170187.4	0.228768
21658074.72	5170167.39	0.227129
21658146.86	5170147.38	0.229377
21658219.01	5170127.37	0.237626
21658291.16	5170107.36	0.234408
21658363.3	5170087.36	0.229602
21658435.45	5170067.35	0.227321
21658507.6	5170047.34	0.231088
21658579.74	5170027.33	0.244337
21658651.89	5170007.32	0.323433
21658724.04	5169987.32	0.307554
21658796.18	5169967.31	0.256047
21658868.33	5169947.3	0.228154
21658940.48	5169927.29	0.236865
21659012.62	5169907.28	0.289012
21659084.77	5169887.28	0.264899
21653260.51	5171578.7	0.225852
21653332.66	5171558.69	0.235954
21653404.81	5171538.68	0.233151
21653476.95	5171518.67	0.237849
21653549.1	5171498.67	0.3009
21653621.25	5171478.66	0.241267
21653693.39	5171458.65	0.240552
21653765.54	5171438.64	0.271509
21653837.69	5171418.63	0.287065
21653909.83	5171398.63	0.291102
21653981.98	5171378.62	0.285538
21654054.13	5171358.61	0.235623
21654126.27	5171338.6	0.231301
21654198.42	5171318.59	0.230566
21654270.57	5171298.59	0.227314
21654342.71	5171278.58	0.232662
21654414.86	5171258.57	0.224082
21654487.01	5171238.56	0.22346
21654559.15	5171218.55	0.22515
21654631.3	5171198.55	0.231434
21654703.45	5171178.54	0.231262
21654775.59	5171158.53	0.235638
21654847.74	5171138.52	0.230857
21654919.89	5171118.51	0.236603
21654992.04	5171098.51	0.236653
21655064.18	5171078.5	0.233811
21655136.33	5171058.49	0.230938
21655208.48	5171038.48	0.232208
21655280.62	5171018.47	0.231287
21655352.77	5170998.47	0.230111
21655424.92	5170978.46	0.224891
21655497.06	5170958.45	0.23408
21655569.21	5170938.44	0.235354
21655641.36	5170918.43	0.233626
21655713.5	5170898.42	0.231272
21655785.65	5170878.42	0.228748
21655857.8	5170858.41	0.222586
21655929.94	5170838.4	0.224854
21656002.09	5170818.39	0.231468
21656074.24	5170798.38	0.23419
21656146.38	5170778.38	0.260795
21656218.53	5170758.37	0.25239
21656290.68	5170738.36	0.23532
21656362.82	5170718.35	0.227642
21656434.97	5170698.34	0.227083
21656507.12	5170678.34	0.228213
21656579.26	5170658.33	0.227367
21656651.41	5170638.32	0.227138
21656723.56	5170618.31	0.233306
21656795.7	5170598.3	0.233154
21656867.85	5170578.3	0.241154
21656940	5170558.29	0.248077
21657012.14	5170538.28	0.256239
21657084.29	5170518.27	0.230933
21657156.44	5170498.26	0.227146
21657228.58	5170478.26	0.22709
21657300.73	5170458.25	0.233309
21657372.88	5170438.24	0.212995
21657445.02	5170418.23	0.219502
21657517.17	5170398.22	0.226662
21657589.32	5170378.22	0.227614
21657661.46	5170358.21	0.241948
21657733.61	5170338.2	0.271386
21657805.76	5170318.19	0.240688
21657877.9	5170298.18	0.228024
21657950.05	5170278.18	0.226773
21658022.2	5170258.17	0.228298
21658094.34	5170238.16	0.226828
21658166.49	5170218.15	0.228258
21658238.64	5170198.14	0.228956
21658310.78	5170178.13	0.224039
21658382.93	5170158.13	0.220529
21658455.08	5170138.12	0.220599
21658527.22	5170118.11	0.229284
21658599.37	5170098.1	0.270983
21658671.52	5170078.09	0.23882
21658743.66	5170058.09	0.24228
21658815.81	5170038.08	0.23223
21658887.96	5170018.07	0.230078
21658960.1	5169998.06	0.236567
21659032.25	5169978.05	0.253169
21659104.4	5169958.05	0.236849
21653280.14	5171649.47	0.24407
21653352.29	5171629.46	0.244537
21653424.43	5171609.45	0.242079
21653496.58	5171589.45	0.239594
21653568.73	5171569.44	0.344837
21653640.87	5171549.43	0.390309
21653713.02	5171529.42	0.362407
21653785.17	5171509.41	0.332343
21653857.31	5171489.4	0.326824
21653929.46	5171469.4	0.258112
21654001.61	5171449.39	0.340402
21654073.75	5171429.38	0.251082
21654145.9	5171409.37	0.236742
21654218.05	5171389.36	0.23954
21654290.19	5171369.36	0.226267
21654362.34	5171349.35	0.230032
21654434.49	5171329.34	0.223005
21654506.63	5171309.33	0.224235
21654578.78	5171289.32	0.224317
21654650.93	5171269.32	0.232562
21654723.07	5171249.31	0.234565
21654795.22	5171229.3	0.259004
21654867.37	5171209.29	0.25157
21654939.51	5171189.28	0.241177
21655011.66	5171169.28	0.236819
21655083.81	5171149.27	0.233217
21655155.95	5171129.26	0.231458
21655228.1	5171109.25	0.226387
21655300.25	5171089.24	0.219656
21655372.39	5171069.24	0.218905
21655444.54	5171049.23	0.220688
21655516.69	5171029.22	0.230106
21655588.84	5171009.21	0.23789
21655660.98	5170989.2	0.243202
21655733.13	5170969.2	0.229638
21655805.28	5170949.19	0.219035
21655877.42	5170929.18	0.223011
21655949.57	5170909.17	0.222304
21656021.72	5170889.16	0.228541
21656093.86	5170869.16	0.230922
21656166.01	5170849.15	0.235821
21656238.16	5170829.14	0.23357
21656310.3	5170809.13	0.231004
21656382.45	5170789.12	0.231076
21656454.6	5170769.11	0.233112
21656526.74	5170749.11	0.226223
21656598.89	5170729.1	0.22742
21656671.04	5170709.09	0.231363
21656743.18	5170689.08	0.230964
21656815.33	5170669.07	0.229899
21656887.48	5170649.07	0.231274
21656959.62	5170629.06	0.229873
21657031.77	5170609.05	0.235716
21657103.92	5170589.04	0.221523
21657176.06	5170569.03	0.220733
21657248.21	5170549.03	0.217762
21657320.36	5170529.02	0.220191
21657392.5	5170509.01	0.217443
21657464.65	5170489	0.22178
21657536.8	5170468.99	0.226802
21657608.94	5170448.99	0.232422
21657681.09	5170428.98	0.257858
21657753.24	5170408.97	0.246592
21657825.38	5170388.96	0.256483
21657897.53	5170368.95	0.234581
21657969.68	5170348.95	0.234263
21658041.82	5170328.94	0.226793
21658113.97	5170308.93	0.226501
21658186.12	5170288.92	0.227672
21658258.26	5170268.91	0.235127
21658330.41	5170248.91	0.218725
21658402.56	5170228.9	0.216336
21658474.7	5170208.89	0.217855
21658546.85	5170188.88	0.22596
21658619	5170168.87	0.234732
21658691.14	5170148.87	0.240508
21658763.29	5170128.86	0.231813
21658835.44	5170108.85	0.229566
21658907.58	5170088.84	0.242114
21658979.73	5170068.83	0.255895
21659051.88	5170048.83	0.250489
21653299.77	5171720.24	0.230979
21653371.91	5171700.23	0.313456
21653444.06	5171680.22	0.242793
21653516.21	5171660.22	0.242241
21653588.35	5171640.21	0.388873
21653660.5	5171620.2	0.526335
21653732.65	5171600.19	0.489929
21653804.79	5171580.18	0.367675
21653876.94	5171560.18	0.25786
21653949.09	5171540.17	0.242495
21654021.23	5171520.16	0.295245
21654093.38	5171500.15	0.286905
21654165.53	5171480.14	0.250987
21654237.67	5171460.14	0.23394
21654309.82	5171440.13	0.231363
21654381.97	5171420.12	0.230475
21654454.11	5171400.11	0.229384
21654526.26	5171380.1	0.22171
21654598.41	5171360.09	0.224032
21654670.55	5171340.09	0.228164
21654742.7	5171320.08	0.231679
21654814.85	5171300.07	0.238925
21654886.99	5171280.06	0.253287
21654959.14	5171260.05	0.265109
21655031.29	5171240.05	0.232814
21655103.43	5171220.04	0.23061
21655175.58	5171200.03	0.229609
21655247.73	5171180.02	0.217921
21655319.87	5171160.01	0.218763
21655392.02	5171140.01	0.24977
21655464.17	5171120	0.243328
21655536.31	5171099.99	0.258005
21655608.46	5171079.98	0.24764
21655680.61	5171059.97	0.26485
21655752.76	5171039.97	0.225364
21655824.9	5171019.96	0.224702
21655897.05	5170999.95	0.228218
21655969.2	5170979.94	0.223495
21656041.34	5170959.93	0.231176
21656113.49	5170939.93	0.233043
21656185.64	5170919.92	0.236613
21656257.78	5170899.91	0.275135
21656329.93	5170879.9	0.307346
21656402.08	5170859.89	0.307432
21656474.22	5170839.89	0.230663
21656546.37	5170819.88	0.22896
21656618.52	5170799.87	0.25873
21656690.66	5170779.86	0.231014
21656762.81	5170759.85	0.272411
21656834.96	5170739.85	0.242085
21656907.1	5170719.84	0.227443
21656979.25	5170699.83	0.231173
21657051.4	5170679.82	0.242323
21657123.54	5170659.81	0.227222
21657195.69	5170639.81	0.226062
21657267.84	5170619.8	0.220352
21657339.98	5170599.79	0.222231
21657412.13	5170579.78	0.219745
21657484.28	5170559.77	0.225475
21657556.42	5170539.76	0.227095
21657628.57	5170519.76	0.232602
21657700.72	5170499.75	0.325725
21657772.86	5170479.74	0.32682
21657845.01	5170459.73	0.251864
21657917.16	5170439.72	0.231831
21657989.3	5170419.72	0.254046
21658061.45	5170399.71	0.274939
21658133.6	5170379.7	0.227024
21658205.74	5170359.69	0.229266
21658277.89	5170339.68	0.232448
21658350.04	5170319.68	0.238895
21658422.18	5170299.67	0.226739
21658494.33	5170279.66	0.216448
21658566.48	5170259.65	0.216288
21658638.62	5170239.64	0.219549
21658710.77	5170219.64	0.229937
21658782.92	5170199.63	0.249852
21658855.06	5170179.62	0.261248
21658927.21	5170159.61	0.337906
21658999.36	5170139.6	0.318381
21659071.5	5170119.6	0.251761
21653247.25	5171811.02	0.255689
21653319.39	5171791.01	0.282166
21653391.54	5171771	0.3296
21653463.69	5171750.99	0.241648
21653535.83	5171730.99	0.260438
21653607.98	5171710.98	0.401738
21653680.13	5171690.97	0.412213
21653752.27	5171670.96	0.501266
21653824.42	5171650.95	0.395739
21653896.57	5171630.95	0.294228
21653968.71	5171610.94	0.258231
21654040.86	5171590.93	0.232963
21654113.01	5171570.92	0.230837
21654185.15	5171550.91	0.22272
21654257.3	5171530.91	0.222859
21654329.45	5171510.9	0.230239
21654401.59	5171490.89	0.230195
21654473.74	5171470.88	0.227754
21654545.89	5171450.87	0.218434
21654618.03	5171430.87	0.223096
21654690.18	5171410.86	0.222108
21654762.33	5171390.85	0.228506
21654834.47	5171370.84	0.231938
21654906.62	5171350.83	0.241548
21654978.77	5171330.83	0.259186
21655050.91	5171310.82	0.223683
21655123.06	5171290.81	0.224911
21655195.21	5171270.8	0.230671
21655267.35	5171250.79	0.218515
21655339.5	5171230.79	0.220089
21655411.65	5171210.78	0.250955
21655483.79	5171190.77	0.245911
21655555.94	5171170.76	0.250273
21655628.09	5171150.75	0.229842
21655700.23	5171130.74	0.296971
21655772.38	5171110.74	0.2425
21655844.53	5171090.73	0.232298
21655916.67	5171070.72	0.228033
21655988.82	5171050.71	0.228092
21656060.97	5171030.7	0.228552
21656133.11	5171010.7	0.235455
21656205.26	5170990.69	0.248088
21656277.41	5170970.68	0.34149
21656349.56	5170950.67	0.331425
21656421.7	5170930.66	0.328118
21656493.85	5170910.66	0.226846
21656566	5170890.65	0.224049
21656638.14	5170870.64	0.228008
21656710.29	5170850.63	0.228991
21656782.44	5170830.62	0.237843
21656854.58	5170810.62	0.242632
21656926.73	5170790.61	0.222859
21656998.88	5170770.6	0.225994
21657071.02	5170750.59	0.229547
21657143.17	5170730.58	0.242532
21657215.32	5170710.58	0.260177
21657287.46	5170690.57	0.230606
21657359.61	5170670.56	0.228153
21657431.76	5170650.55	0.229104
21657503.9	5170630.54	0.268642
21657576.05	5170610.54	0.298397
21657648.2	5170590.53	0.282678
21657720.34	5170570.52	0.230598
21657792.49	5170550.51	0.321794
21657864.64	5170530.5	0.249104
21657936.78	5170510.5	0.239126
21658008.93	5170490.49	0.239536
21658081.08	5170470.48	0.247491
21658153.22	5170450.47	0.259401
21658225.37	5170430.46	0.237024
21658297.52	5170410.46	0.233037
21658369.66	5170390.45	0.230389
21658441.81	5170370.44	0.226708
21658513.96	5170350.43	0.225543
21658586.1	5170330.42	0.244405
21658658.25	5170310.41	0.227359
21658730.4	5170290.41	0.229352
21658802.54	5170270.4	0.322436
21658874.69	5170250.39	0.24889
21658946.84	5170230.38	0.328982
21659018.98	5170210.37	0.273845
21659091.13	5170190.37	0.253925
21653266.87	5171881.79	0.332025
21653339.02	5171861.78	0.338801
21653411.17	5171841.77	0.341933
21653483.31	5171821.77	0.303613
21653555.46	5171801.76	0.330572
21653627.61	5171781.75	0.371223
21653699.75	5171761.74	0.391243
21653771.9	5171741.73	0.392802
21653844.05	5171721.73	0.360715
21653916.19	5171701.72	0.290206
21653988.34	5171681.71	0.232267
21654060.49	5171661.7	0.229307
21654132.63	5171641.69	0.223662
21654204.78	5171621.68	0.221503
21654276.93	5171601.68	0.224118
21654349.07	5171581.67	0.220368
21654421.22	5171561.66	0.228757
21654493.37	5171541.65	0.216849
21654565.51	5171521.64	0.217881
21654637.66	5171501.64	0.21757
21654709.81	5171481.63	0.21919
21654781.95	5171461.62	0.218875
21654854.1	5171441.61	0.218066
21654926.25	5171421.6	0
21654998.39	5171401.6	0.226477
21655070.54	5171381.59	0.227731
21655142.69	5171361.58	0.235116
21655214.83	5171341.57	0.272302
21655286.98	5171321.56	0.239342
21655359.13	5171301.56	0.246902
21655431.27	5171281.55	0.254018
21655503.42	5171261.54	0.235747
21655575.57	5171241.53	0.232708
21655647.71	5171221.52	0.231221
21655719.86	5171201.52	0.247013
21655792.01	5171181.51	0.237004
21655864.15	5171161.5	0.231206
21655936.3	5171141.49	0.228294
21656008.45	5171121.48	0.228145
21656080.59	5171101.48	0.227961
21656152.74	5171081.47	0.230684
21656224.89	5171061.46	0.231826
21656297.03	5171041.45	0.242285
21656369.18	5171021.44	0.275775
21656441.33	5171001.44	0.235987
21656513.48	5170981.43	0.223181
21656585.62	5170961.42	0.22322
21656657.77	5170941.41	0.222485
21656729.91	5170921.4	0.227784
21656802.06	5170901.39	0.26404
21656874.21	5170881.39	0.227004
21656946.36	5170861.38	0.214465
21657018.5	5170841.37	0.226011
21657090.65	5170821.36	0.228815
21657162.8	5170801.35	0.317026
21657234.94	5170781.35	0.250449
21657307.09	5170761.34	0.289164
21657379.24	5170741.33	0.235832
21657451.38	5170721.32	0.282328
21657523.53	5170701.31	0.246944
21657595.68	5170681.31	0.357475
21657667.82	5170661.3	0.305571
21657739.97	5170641.29	0.247314
21657812.12	5170621.28	0.242883
21657884.26	5170601.27	0.253396
21657956.41	5170581.27	0.230852
21658028.56	5170561.26	0.227903
21658100.7	5170541.25	0.224798
21658172.85	5170521.24	0.230057
21658245	5170501.23	0.228234
21658317.14	5170481.23	0.229444
21658389.29	5170461.22	0.227547
21658461.44	5170441.21	0.218133
21658533.58	5170421.2	0.223282
21658605.73	5170401.19	0.230134
21658677.88	5170381.19	0.236805
21658750.02	5170361.18	0.382928
21658822.17	5170341.17	0.322708
21658894.32	5170321.16	0.256916
21658966.46	5170301.15	0.237303
21659038.61	5170281.15	0.251333
21653286.5	5171952.56	0.337745
21653358.65	5171932.55	0.359595
21653430.79	5171912.54	0.367619
21653502.94	5171892.54	0.350521
21653575.09	5171872.53	0.357965
21653647.23	5171852.52	0.354764
21653719.38	5171832.51	0.339907
21653791.53	5171812.5	0.279639
21653863.67	5171792.5	0.22262
21653935.82	5171772.49	0.221827
21654007.97	5171752.48	0.222596
21654080.11	5171732.47	0.223247
21654152.26	5171712.46	0.23714
21654224.41	5171692.46	0.220926
21654296.55	5171672.45	0.223951
21654368.7	5171652.44	0.225166
21654440.85	5171632.43	0.222637
21654512.99	5171612.42	0.219628
21654585.14	5171592.42	0.218753
21654657.29	5171572.41	0.216242
21654729.43	5171552.4	0.215864
21654801.58	5171532.39	0.220111
21654873.73	5171512.38	0.221857
21654945.87	5171492.37	0.220634
21655018.02	5171472.37	0.231482
21655090.17	5171452.36	0.265143
21655162.31	5171432.35	0.339503
21655234.46	5171412.34	0.304081
21655306.61	5171392.33	0.255674
21655378.75	5171372.33	0.236057
21655450.9	5171352.32	0.253349
21655523.05	5171332.31	0.253144
21655595.19	5171312.3	0.23856
21655667.34	5171292.29	0.234861
21655739.49	5171272.29	0.234237
21655811.63	5171252.28	0.23468
21655883.78	5171232.27	0.229077
21655955.93	5171212.26	0.22861
21656028.07	5171192.25	0.229149
21656100.22	5171172.25	0.230087
21656172.37	5171152.24	0.231121
21656244.51	5171132.23	0.228546
21656316.66	5171112.22	0.228612
21656388.81	5171092.21	0.230582
21656460.95	5171072.21	0.227439
21656533.1	5171052.2	0.222938
21656605.25	5171032.19	0.223783
21656677.39	5171012.18	0.227959
21656749.54	5170992.17	0.234439
21656821.69	5170972.17	0.22869
21656893.84	5170952.16	0.227315
21656965.98	5170932.15	0.220184
21657038.13	5170912.14	0.226884
21657110.27	5170892.13	0.233611
21657182.42	5170872.13	0.283247
21657254.57	5170852.12	0.294073
21657326.72	5170832.11	0.246
21657398.86	5170812.1	0.261287
21657471.01	5170792.09	0.331072
21657543.16	5170772.09	0.350528
21657615.3	5170752.08	0.369157
21657687.45	5170732.07	0.320693
21657759.6	5170712.06	0.265004
21657831.74	5170692.05	0.233626
21657903.89	5170672.04	0.247432
21657976.04	5170652.04	0.233493
21658048.18	5170632.03	0.228065
21658120.33	5170612.02	0.231134
21658192.48	5170592.01	0.218856
21658264.62	5170572	0.224997
21658336.77	5170552	0.218931
21658408.92	5170531.99	0.216316
21658481.06	5170511.98	0.216876
21658553.21	5170491.97	0.224018
21658625.36	5170471.96	0.228818
21658697.5	5170451.96	0.234584
21658769.65	5170431.95	0.27988
21658841.8	5170411.94	0.295739
21658913.94	5170391.93	0.279749
21658986.09	5170371.92	0.262035
21659058.24	5170351.92	0
21653306.13	5172023.33	0.326884
21653378.27	5172003.32	0.374445
21653450.42	5171983.31	0.382841
21653522.57	5171963.31	0.36384
21653594.71	5171943.3	0.361255
21653666.86	5171923.29	0.345958
21653739.01	5171903.28	0.234594
21653811.15	5171883.27	0.244898
21653883.3	5171863.27	0.220548
21653955.45	5171843.26	0.22691
21654027.59	5171823.25	0.223582
21654099.74	5171803.24	0.219746
21654171.89	5171783.23	0.219729
21654244.03	5171763.23	0.218286
21654316.18	5171743.22	0.218804
21654388.33	5171723.21	0.236459
21654460.47	5171703.2	0.222798
21654532.62	5171683.19	0.223612
21654604.77	5171663.19	0.223176
21654676.91	5171643.18	0.218258
21654749.06	5171623.17	0
21654821.21	5171603.16	0.221747
21654893.35	5171583.15	0.223627
21654965.5	5171563.15	0.224851
21655037.65	5171543.14	0.232879
21655109.79	5171523.13	0.267048
21655181.94	5171503.12	0.355635
21655254.09	5171483.11	0.305981
21655326.23	5171463.11	0.258983
21655398.38	5171443.1	0.239189
21655470.53	5171423.09	0.312897
21655542.67	5171403.08	0.266442
21655614.82	5171383.07	0.250853
21655686.97	5171363.07	0.236234
21655759.11	5171343.06	0.232079
21655831.26	5171323.05	0.241843
21655903.41	5171303.04	0.227781
21655975.55	5171283.03	0.229247
21656047.7	5171263.02	0.230463
21656119.85	5171243.02	0.234218
21656191.99	5171223.01	0.234615
21656264.14	5171203	0.230284
21656336.29	5171182.99	0.230385
21656408.43	5171162.98	0.229952
21656480.58	5171142.98	0.230614
21656552.73	5171122.97	0.232411
21656624.87	5171102.96	0.230434
21656697.02	5171082.95	0.231994
21656769.17	5171062.94	0.258116
21656841.31	5171042.94	0.227173
21656913.46	5171022.93	0.22728
21656985.61	5171002.92	0.228491
21657057.75	5170982.91	0.240408
21657129.9	5170962.9	0.307758
21657202.05	5170942.9	0.327824
21657274.19	5170922.89	0.334429
21657346.34	5170902.88	0.339786
21657418.49	5170882.87	0.339111
21657490.64	5170862.86	0.343853
21657562.78	5170842.86	0.363324
21657634.93	5170822.85	0.381279
21657707.08	5170802.84	0.301369
21657779.22	5170782.83	0.265551
21657851.37	5170762.82	0.240139
21657923.52	5170742.82	0.25262
21657995.66	5170722.81	0.252281
21658067.81	5170702.8	0.23138
21658139.96	5170682.79	0.231527
21658212.1	5170662.78	0.21602
21658284.25	5170642.78	0.220007
21658356.4	5170622.77	0.218666
21658428.54	5170602.76	0.213739
21658500.69	5170582.75	0.215868
21658572.84	5170562.74	0.220462
21658644.98	5170542.74	0.227662
21658717.13	5170522.73	0.232405
21658789.28	5170502.72	0.269952
21658861.42	5170482.71	0.321097
21658933.57	5170462.7	0.317424
21659005.72	5170442.69	0.305138
21659077.86	5170422.69	0
21653253.61	5172114.11	0.343201
21653325.75	5172094.1	0.34831
21653397.9	5172074.09	0.380398
21653470.05	5172054.09	0.385635
21653542.19	5172034.08	0.367673
21653614.34	5172014.07	0.350492
21653686.49	5171994.06	0.263624
21653758.63	5171974.05	0.227744
21653830.78	5171954.05	0.225119
21653902.93	5171934.04	0.230487
21653975.07	5171914.03	0.225318
21654047.22	5171894.02	0.222533
21654119.37	5171874.01	0.2237
21654191.51	5171854	0.21955
21654263.66	5171834	0.218186
21654335.81	5171813.99	0.22416
21654407.95	5171793.98	0.231476
21654480.1	5171773.97	0.228979
21654552.25	5171753.96	0.230271
21654624.39	5171733.96	0.231783
21654696.54	5171713.95	0.226071
21654768.69	5171693.94	0.225688
21654840.83	5171673.93	0.22373
21654912.98	5171653.92	0.225325
21654985.13	5171633.92	0.234043
21655057.27	5171613.91	0.273054
21655129.42	5171593.9	0.293231
21655201.57	5171573.89	0.234919
21655273.71	5171553.88	0.273822
21655345.86	5171533.88	0.257191
21655418.01	5171513.87	0.250185
21655490.15	5171493.86	0.280613
21655562.3	5171473.85	0.313086
21655634.45	5171453.84	0.256327
21655706.59	5171433.84	0.238162
21655778.74	5171413.83	0.233242
21655850.89	5171393.82	0.241499
21655923.03	5171373.81	0.224457
21655995.18	5171353.8	0.231975
21656067.33	5171333.8	0.249364
21656139.47	5171313.79	0.268083
21656211.62	5171293.78	0.282203
21656283.77	5171273.77	0.264832
21656355.91	5171253.76	0.301266
21656428.06	5171233.76	0.290241
21656500.21	5171213.75	0.311596
21656572.35	5171193.74	0.322541
21656644.5	5171173.73	0.311086
21656716.65	5171153.72	0.299643
21656788.79	5171133.72	0.271548
21656860.94	5171113.71	0.2589
21656933.09	5171093.7	0.259306
21657005.23	5171073.69	0.275009
21657077.38	5171053.68	0.298773
21657149.53	5171033.67	0.325109
21657221.67	5171013.67	0.360774
21657293.82	5170993.66	0.377942
21657365.97	5170973.65	0.380377
21657438.11	5170953.64	0.361713
21657510.26	5170933.63	0.357017
21657582.41	5170913.63	0.369981
21657654.55	5170893.62	0.364143
21657726.7	5170873.61	0.273831
21657798.85	5170853.6	0.242742
21657870.99	5170833.59	0.240201
21657943.14	5170813.59	0.2471
21658015.29	5170793.58	0.233733
21658087.44	5170773.57	0.231763
21658159.58	5170753.56	0.214947
21658231.73	5170733.55	0.218458
21658303.88	5170713.55	0.220513
21658376.02	5170693.54	0.218108
21658448.17	5170673.53	0.214436
21658520.32	5170653.52	0.215455
21658592.46	5170633.51	0.217248
21658664.61	5170613.51	0.22793
21658736.76	5170593.5	0.234685
21658808.9	5170573.49	0.274879
21658881.05	5170553.48	0.324171
21658953.2	5170533.47	0.327267
21659025.34	5170513.47	0.328774
21659097.49	5170493.46	0.339613
21653273.23	5172184.88	0.362124
21653345.38	5172164.87	0.35859
21653417.53	5172144.86	0.382191
21653489.67	5172124.86	0.389141
21653561.82	5172104.85	0.359819
21653633.97	5172084.84	0.337975
21653706.11	5172064.83	0.303634
21653778.26	5172044.82	0.242756
21653850.41	5172024.82	0.232991
21653922.55	5172004.81	0.241493
21653994.7	5171984.8	0.229409
21654066.85	5171964.79	0.227344
21654138.99	5171944.78	0.226173
21654211.14	5171924.78	0.225894
21654283.29	5171904.77	0.226259
21654355.43	5171884.76	0.232441
21654427.58	5171864.75	0.261741
21654499.73	5171844.74	0.252933
21654571.87	5171824.74	0.252145
21654644.02	5171804.73	0.253821
21654716.17	5171784.72	0.259293
21654788.31	5171764.71	0.248634
21654860.46	5171744.7	0.232393
21654932.61	5171724.7	0.229478
21655004.75	5171704.69	0.232913
21655076.9	5171684.68	0.256743
21655149.05	5171664.67	0.260558
21655221.19	5171644.66	0.278548
21655293.34	5171624.65	0.263848
21655365.49	5171604.65	0.262625
21655437.63	5171584.64	0.294465
21655509.78	5171564.63	0.277053
21655581.93	5171544.62	0.262044
21655654.07	5171524.61	0.247132
21655726.22	5171504.61	0.235098
21655798.37	5171484.6	0.234545
21655870.51	5171464.59	0.233167
21655942.66	5171444.58	0.238941
21656014.81	5171424.57	0.294963
21656086.95	5171404.57	0.35084
21656159.1	5171384.56	0.351519
21656231.25	5171364.55	0.343183
21656303.39	5171344.54	0.341508
21656375.54	5171324.53	0.358505
21656447.69	5171304.53	0.374086
21656519.83	5171284.52	0.360022
21656591.98	5171264.51	0.358406
21656664.13	5171244.5	0.322407
21656736.27	5171224.49	0.306251
21656808.42	5171204.49	0.28605
21656880.57	5171184.48	0.273987
21656952.71	5171164.47	0.290216
21657024.86	5171144.46	0.298281
21657097.01	5171124.45	0.317945
21657169.15	5171104.45	0.341689
21657241.3	5171084.44	0.378273
21657313.45	5171064.43	0.38271
21657385.59	5171044.42	0.380125
21657457.74	5171024.41	0.367496
21657529.89	5171004.41	0.354058
21657602.03	5170984.4	0.352091
21657674.18	5170964.39	0.330437
21657746.33	5170944.38	0.248632
21657818.47	5170924.37	0.238566
21657890.62	5170904.36	0.23541
21657962.77	5170884.36	0.236773
21658034.91	5170864.35	0.231107
21658107.06	5170844.34	0.229025
21658179.21	5170824.33	0.23132
21658251.36	5170804.32	0.214836
21658323.5	5170784.32	0.215769
21658395.65	5170764.31	0.213962
21658467.8	5170744.3	0.213159
21658539.94	5170724.29	0.215308
21658612.09	5170704.28	0.219045
21658684.24	5170684.28	0.228432
21658756.38	5170664.27	0.236855
21658828.53	5170644.26	0.280963
21658900.68	5170624.25	0.322163
21658972.82	5170604.24	0.330405
21659044.97	5170584.24	0.329665
