21653307.22	5170346.33	0.223617
21653379.37	5170326.32	0.276728
21653451.52	5170306.31	0.400177
21653523.66	5170286.3	0
21653595.81	5170266.29	0.351167
21653667.96	5170246.29	0
21653740.1	5170226.28	0
21653812.25	5170206.27	0.37873
21653884.4	5170186.26	0
21653956.54	5170166.25	0.219381
21654028.69	5170146.25	0
21654100.84	5170126.24	0
21654172.98	5170106.23	0
21654245.13	5170086.22	0
21654317.28	5170066.21	0
21654389.42	5170046.21	0.332784
21654461.57	5170026.2	0.306279
21654533.72	5170006.19	0.234891
21654605.86	5169986.18	0.248576
21654678.01	5169966.17	0.247135
21654750.16	5169946.17	0.266677
21654822.31	5169926.16	0.356983
21654894.45	5169906.15	0.399662
21654966.6	5169886.14	0.407776
21655038.75	5169866.13	0.416209
21655110.89	5169846.13	0.401112
21655183.04	5169826.12	0.334635
21655255.19	5169806.11	0.239286
21655327.33	5169786.1	0.232311
21655399.48	5169766.09	0.232594
21653254.7	5170437.11	0.221878
21653326.85	5170417.1	0.232037
21653399	5170397.09	0.254014
21653471.14	5170377.08	0.39526
21653543.29	5170357.07	0
21653615.44	5170337.07	0
21653687.58	5170317.06	0
21653759.73	5170297.05	0.332746
21653831.88	5170277.04	0.335349
21653904.02	5170257.03	0.223689
21653976.17	5170237.03	0.224991
21654048.32	5170217.02	0.216581
21654120.46	5170197.01	0
21654192.61	5170177	0
21654264.76	5170156.99	0
21654336.9	5170136.98	0
21654409.05	5170116.98	0
21654481.2	5170096.97	0
21654553.34	5170076.96	0.233734
21654625.49	5170056.95	0.23977
21654697.64	5170036.94	0.250642
21654769.78	5170016.94	0.282896
21654841.93	5169996.93	0.361097
21654914.08	5169976.92	0.36633
21654986.23	5169956.91	0.367626
21655058.37	5169936.9	0.386861
21655130.52	5169916.9	0.377205
21655202.66	5169896.89	0.286644
21655274.81	5169876.88	0.23402
21655346.96	5169856.87	0.232931
21655419.11	5169836.86	0.233736
21655491.25	5169816.86	0.233278
21655563.4	5169796.85	0.242303
21655635.55	5169776.84	0.229585
21655707.69	5169756.83	0.230228
21655779.84	5169736.82	0.322493
21655851.99	5169716.82	0
21655924.13	5169696.81	0
21655996.28	5169676.8	0
21656068.43	5169656.79	0
21656140.57	5169636.78	0
21656212.72	5169616.78	0
21656284.87	5169596.77	0
21656357.01	5169576.76	0.254559
21656429.16	5169556.75	0.240404
21656501.31	5169536.74	0.229683
21656573.45	5169516.74	0.231288
21656645.6	5169496.73	0.232813
21656717.75	5169476.72	0.33994
21656789.89	5169456.71	0.334229
21656862.04	5169436.7	0.347276
21656934.19	5169416.69	0.388995
21657006.33	5169396.69	0.360646
21657078.48	5169376.68	0.374336
21657150.63	5169356.67	0.349305
21657222.77	5169336.66	0.301931
21657294.92	5169316.65	0.241389
21657367.07	5169296.65	0.24268
21657439.21	5169276.64	0.263006
21657511.36	5169256.63	0.354503
21657583.51	5169236.62	0.375696
21657655.65	5169216.61	0.366789
21657727.8	5169196.61	0.324415
21657799.95	5169176.6	0.342192
21657872.09	5169156.59	0.321103
21657944.24	5169136.58	0.24259
21658016.39	5169116.57	0.231535
21658088.53	5169096.57	0.235149
21658160.68	5169076.56	0.233751
21658232.83	5169056.55	0.237875
21658304.97	5169036.54	0.312774
21658377.12	5169016.53	0.240658
21658449.27	5168996.53	0.234621
21658521.41	5168976.52	0.23346
21658593.56	5168956.51	0.231918
21658665.71	5168936.5	0.242999
21658737.85	5168916.49	0.275158
21658810	5168896.49	0.377202
21658882.15	5168876.48	0.44028
21658954.29	5168856.47	0.460761
21659026.44	5168836.46	0.432732
21659098.59	5168816.45	0.375169
21653274.33	5170507.88	0.24358
21653346.48	5170487.87	0.2299
21653418.62	5170467.86	0.238902
21653490.77	5170447.85	0.260784
21653562.92	5170427.84	0
21653635.06	5170407.84	0
21653707.21	5170387.83	0.23067
21653779.36	5170367.82	0.319595
21653851.5	5170347.81	0.337103
21653923.65	5170327.8	0.360631
21653995.8	5170307.8	0.239513
21654067.94	5170287.79	0.223
21654140.09	5170267.78	0
21654212.24	5170247.77	0
21654284.38	5170227.76	0
21654356.53	5170207.76	0
21654428.68	5170187.75	0
21654500.82	5170167.74	0
21654572.97	5170147.73	0.234537
21654645.12	5170127.72	0.24741
21654717.26	5170107.72	0.240628
21654789.41	5170087.71	0.278472
21654861.56	5170067.7	0.345307
21654933.7	5170047.69	0.322189
21655005.85	5170027.68	0.274403
21655078	5170007.68	0.320152
21655150.14	5169987.67	0.328715
21655222.29	5169967.66	0.25917
21655294.44	5169947.65	0.242714
21655366.58	5169927.64	0.260349
21655438.73	5169907.63	0.243788
21655510.88	5169887.63	0.229057
21655583.03	5169867.62	0.225634
21655655.17	5169847.61	0.223553
21655727.32	5169827.6	0.247146
21655799.47	5169807.59	0.346061
21655871.61	5169787.59	0.379004
21655943.76	5169767.58	0
21656015.91	5169747.57	0
21656088.05	5169727.56	0
21656160.2	5169707.55	0
21656232.35	5169687.55	0
21656304.49	5169667.54	0
21656376.64	5169647.53	0.243656
21656448.79	5169627.52	0.245335
21656520.93	5169607.51	0.232397
21656593.08	5169587.51	0
21656665.23	5169567.5	0.229997
21656737.37	5169547.49	0.312725
21656809.52	5169527.48	0.327855
21656881.67	5169507.47	0.3813
21656953.81	5169487.47	0.424066
21657025.96	5169467.46	0.396229
21657098.11	5169447.45	0.353297
21657170.25	5169427.44	0.314035
21657242.4	5169407.43	0.293025
21657314.55	5169387.43	0.281223
21657386.69	5169367.42	0.276872
21657458.84	5169347.41	0.250377
21657530.99	5169327.4	0.30119
21657603.13	5169307.39	0.354793
21657675.28	5169287.39	0.346394
21657747.43	5169267.38	0.345226
21657819.57	5169247.37	0.354019
21657891.72	5169227.36	0.328911
21657963.87	5169207.35	0.293663
21658036.01	5169187.34	0.244108
21658108.16	5169167.34	0.229943
21658180.31	5169147.33	0.23762
21658252.45	5169127.32	0.288839
21658324.6	5169107.31	0.300825
21658396.75	5169087.3	0.317487
21658468.89	5169067.3	0.248939
21658541.04	5169047.29	0.237571
21658613.19	5169027.28	0.251866
21658685.33	5169007.27	0.29053
21658757.48	5168987.26	0.260993
21658829.63	5168967.26	0.376368
21658901.77	5168947.25	0.399606
21658973.92	5168927.24	0.43235
21659046.07	5168907.23	0.425119
21653293.96	5170578.65	0.246069
21653366.1	5170558.64	0.239281
21653438.25	5170538.63	0.244017
21653510.4	5170518.62	0.279984
21653582.54	5170498.61	0.297369
21653654.69	5170478.61	0
21653726.84	5170458.6	0.224483
21653798.98	5170438.59	0.254571
21653871.13	5170418.58	0.309888
21653943.28	5170398.57	0.345505
21654015.42	5170378.57	0.231836
21654087.57	5170358.56	0.234439
21654159.72	5170338.55	0.220938
21654231.86	5170318.54	0.224086
21654304.01	5170298.53	0.262695
21654376.16	5170278.53	0.259176
21654448.3	5170258.52	0.268706
21654520.45	5170238.51	0.257847
21654592.6	5170218.5	0.231186
21654664.74	5170198.49	0.23413
21654736.89	5170178.49	0.233175
21654809.04	5170158.48	0.235365
21654881.18	5170138.47	0.259708
21654953.33	5170118.46	0.244458
21655025.48	5170098.45	0.236473
21655097.62	5170078.45	0.24071
21655169.77	5170058.44	0.243952
21655241.92	5170038.43	0.238954
21655314.06	5170018.42	0.26656
21655386.21	5169998.41	0.272131
21655458.36	5169978.41	0.260979
21655530.5	5169958.4	0.23219
21655602.65	5169938.39	0.221306
21655674.8	5169918.38	0.225249
21655746.95	5169898.37	0.24761
21655819.09	5169878.37	0.295221
21655891.24	5169858.36	0
21655963.38	5169838.35	0
21656035.53	5169818.34	0
21656107.68	5169798.33	0
21656179.83	5169778.32	0
21656251.97	5169758.32	0
21656324.12	5169738.31	0
21656396.27	5169718.3	0.337247
21656468.41	5169698.29	0.341439
21656540.56	5169678.28	0
21656612.71	5169658.28	0
21656684.85	5169638.27	0
21656757	5169618.26	0.229524
21656829.15	5169598.25	0.264492
21656901.29	5169578.24	0.3194
21656973.44	5169558.24	0.420913
21657045.59	5169538.23	0.383117
21657117.73	5169518.22	0.309802
21657189.88	5169498.21	0.329984
21657262.03	5169478.2	0.318192
21657334.17	5169458.2	0.28299
21657406.32	5169438.19	0.283779
21657478.47	5169418.18	0.241429
21657550.61	5169398.17	0.25588
21657622.76	5169378.16	0.296319
21657694.91	5169358.16	0.303205
21657767.05	5169338.15	0.29706
21657839.2	5169318.14	0.379948
21657911.35	5169298.13	0.378854
21657983.49	5169278.12	0.335147
21658055.64	5169258.12	0.227934
21658127.79	5169238.11	0.221832
21658199.93	5169218.1	0.229328
21658272.08	5169198.09	0.239936
21658344.23	5169178.08	0.256294
21658416.37	5169158.08	0.309822
21658488.52	5169138.07	0.311939
21658560.67	5169118.06	0.2436
21658632.81	5169098.05	0.2455
21658704.96	5169078.04	0.233953
21658777.11	5169058.03	0.33436
21658849.25	5169038.03	0.344354
21658921.4	5169018.02	0.297048
21658993.55	5168998.01	0.377817
21659065.69	5168978	0.382846
21653313.58	5170649.42	0.241598
21653385.73	5170629.41	0.261389
21653457.88	5170609.4	0.289552
21653530.02	5170589.39	0.301418
21653602.17	5170569.39	0.292265
21653674.32	5170549.38	0.237095
21653746.46	5170529.37	0.239737
21653818.61	5170509.36	0.263387
21653890.76	5170489.35	0.30291
21653962.9	5170469.35	0.347548
21654035.05	5170449.34	0.358822
21654107.2	5170429.33	0.35233
21654179.34	5170409.32	0.250457
21654251.49	5170389.31	0.245577
21654323.64	5170369.3	0.257618
21654395.78	5170349.3	0.245734
21654467.93	5170329.29	0.24736
21654540.08	5170309.28	0.243936
21654612.22	5170289.27	0.233545
21654684.37	5170269.26	0.234616
21654756.52	5170249.26	0.234446
21654828.66	5170229.25	0.23999
21654900.81	5170209.24	0.247784
21654972.96	5170189.23	0.239112
21655045.1	5170169.22	0.238137
21655117.25	5170149.22	0.245994
21655189.4	5170129.21	0.234736
21655261.54	5170109.2	0.259374
21655333.69	5170089.19	0.267908
21655405.84	5170069.18	0.26082
21655477.98	5170049.18	0.251982
21655550.13	5170029.17	0.232272
21655622.28	5170009.16	0.24578
21655694.42	5169989.15	0.25597
21655766.57	5169969.14	0.319504
21655838.72	5169949.14	0.361083
21655910.86	5169929.13	0
21655983.01	5169909.12	0
21656055.16	5169889.11	0
21656127.3	5169869.1	0
21656199.45	5169849.1	0
21656271.6	5169829.09	0
21656343.75	5169809.08	0
21656415.89	5169789.07	0
21656488.04	5169769.06	0
21656560.19	5169749.06	0
21656632.33	5169729.05	0
21656704.48	5169709.04	0.229718
21656776.63	5169689.03	0.234723
21656848.77	5169669.02	0.228749
21656920.92	5169649.02	0.23185
21656993.07	5169629.01	0.338418
21657065.21	5169609	0.341593
21657137.36	5169588.99	0.283687
21657209.51	5169568.98	0.302055
21657281.65	5169548.97	0.319793
21657353.8	5169528.97	0.246849
21657425.95	5169508.96	0.236449
21657498.09	5169488.95	0.250257
21657570.24	5169468.94	0.264619
21657642.39	5169448.93	0.2965
21657714.53	5169428.93	0.243181
21657786.68	5169408.92	0.226966
21657858.83	5169388.91	0.306083
21657930.97	5169368.9	0.383718
21658003.12	5169348.89	0.25494
21658075.27	5169328.89	0.22025
21658147.41	5169308.88	0.215735
21658219.56	5169288.87	0.225048
21658291.71	5169268.86	0.229499
21658363.85	5169248.85	0.231648
21658436	5169228.85	0.264087
21658508.15	5169208.84	0.303382
21658580.29	5169188.83	0.257915
21658652.44	5169168.82	0.239822
21658724.59	5169148.81	0.242276
21658796.73	5169128.81	0.259851
21658868.88	5169108.8	0.245887
21658941.03	5169088.79	0.236667
21659013.17	5169068.78	0.238435
21659085.32	5169048.77	0.236125
21653261.06	5170740.2	0.298404
21653333.21	5170720.19	0.252949
21653405.36	5170700.18	0.271525
21653477.5	5170680.17	0.265486
21653549.65	5170660.16	0.255227
21653621.8	5170640.16	0.239708
21653693.94	5170620.15	0.231762
21653766.09	5170600.14	0.2375
21653838.24	5170580.13	0.292617
21653910.38	5170560.12	0.318119
21653982.53	5170540.12	0.325865
21654054.68	5170520.11	0.308672
21654126.82	5170500.1	0.257234
21654198.97	5170480.09	0.23182
21654271.12	5170460.08	0.237644
21654343.26	5170440.08	0.285726
21654415.41	5170420.07	0.308074
21654487.56	5170400.06	0.284953
21654559.7	5170380.05	0.2457
21654631.85	5170360.04	0.232438
21654704	5170340.04	0.23465
21654776.14	5170320.03	0.236498
21654848.29	5170300.02	0.292873
21654920.44	5170280.01	0.274972
21654992.58	5170260	0.253676
21655064.73	5170240	0.251245
21655136.88	5170219.99	0.265549
21655209.02	5170199.98	0.237751
21655281.17	5170179.97	0
21655353.32	5170159.96	0.347389
21655425.46	5170139.95	0.270209
21655497.61	5170119.95	0.243029
21655569.76	5170099.94	0.231121
21655641.9	5170079.93	0.232892
21655714.05	5170059.92	0.263321
21655786.2	5170039.91	0.31828
21655858.34	5170019.91	0.360052
21655930.49	5169999.9	0.368552
21656002.64	5169979.89	0.348837
21656074.78	5169959.88	0.271346
21656146.93	5169939.87	0.341225
21656219.08	5169919.87	0.356821
21656291.22	5169899.86	0
21656363.37	5169879.85	0
21656435.52	5169859.84	0
21656507.66	5169839.83	0
21656579.81	5169819.83	0
21656651.96	5169799.82	0.233049
21656724.1	5169779.81	0.213633
21656796.25	5169759.8	0.218038
21656868.4	5169739.79	0.215721
21656940.55	5169719.79	0.2231
21657012.69	5169699.78	0.258048
21657084.84	5169679.77	0
21657156.99	5169659.76	0.244765
21657229.13	5169639.75	0.266869
21657301.28	5169619.75	0.260467
21657373.43	5169599.74	0.277012
21657445.57	5169579.73	0.256788
21657517.72	5169559.72	0.27044
21657589.87	5169539.71	0.243858
21657662.01	5169519.71	0.335186
21657734.16	5169499.7	0.337862
21657806.31	5169479.69	0.245244
21657878.45	5169459.68	0.364428
21657950.6	5169439.67	0.398023
21658022.75	5169419.66	0.373531
21658094.89	5169399.66	0.346711
21658167.04	5169379.65	0.235532
21658239.19	5169359.64	0.233966
21658311.33	5169339.63	0.237491
21658383.48	5169319.62	0.251216
21658455.63	5169299.62	0.27603
21658527.77	5169279.61	0.26818
21658599.92	5169259.6	0.244798
21658672.07	5169239.59	0.239918
21658744.21	5169219.58	0.241865
21658816.36	5169199.58	0.27346
21658888.51	5169179.57	0.238997
21658960.65	5169159.56	0.2345
21659032.8	5169139.55	0.236726
21659104.95	5169119.54	0.235752
21653280.69	5170810.97	0.317937
21653352.84	5170790.96	0.336908
21653424.98	5170770.95	0.348021
21653497.13	5170750.94	0.30984
21653569.28	5170730.93	0.277901
21653641.42	5170710.93	0.268379
21653713.57	5170690.92	0.241487
21653785.72	5170670.91	0.245928
21653857.86	5170650.9	0.326052
21653930.01	5170630.89	0.339289
21654002.16	5170610.89	0.332865
21654074.3	5170590.88	0.288999
21654146.45	5170570.87	0.266993
21654218.6	5170550.86	0.236713
21654290.74	5170530.85	0.268624
21654362.89	5170510.85	0.304842
21654435.04	5170490.84	0.322744
21654507.18	5170470.83	0.314501
21654579.33	5170450.82	0.294115
21654651.48	5170430.81	0.240289
21654723.62	5170410.81	0.233679
21654795.77	5170390.8	0.245626
21654867.92	5170370.79	0.266127
21654940.06	5170350.78	0.306908
21655012.21	5170330.77	0.322305
21655084.36	5170310.77	0.339261
21655156.5	5170290.76	0.346727
21655228.65	5170270.75	0.239084
21655300.8	5170250.74	0.238767
21655372.94	5170230.73	0.271213
21655445.09	5170210.73	0.240527
21655517.24	5170190.72	0.232009
21655589.38	5170170.71	0.228289
21655661.53	5170150.7	0.23492
21655733.68	5170130.69	0.29144
21655805.82	5170110.69	0.341027
21655877.97	5170090.68	0.372552
21655950.12	5170070.67	0.376933
21656022.26	5170050.66	0.368128
21656094.41	5170030.65	0.358084
21656166.56	5170010.65	0.348035
21656238.7	5169990.64	0.379839
21656310.85	5169970.63	0
21656383	5169950.62	0.350994
21656455.14	5169930.61	0.324061
21656527.29	5169910.6	0.322829
21656599.44	5169890.6	0.235475
21656671.58	5169870.59	0.27327
21656743.73	5169850.58	0.226038
21656815.88	5169830.57	0.235562
21656888.02	5169810.56	0.223199
21656960.17	5169790.56	0.215249
21657032.32	5169770.55	0.228787
21657104.47	5169750.54	0.228493
21657176.61	5169730.53	0.233113
21657248.76	5169710.52	0.233591
21657320.91	5169690.52	0.241517
21657393.05	5169670.51	0.250157
21657465.2	5169650.5	0.25016
21657537.35	5169630.49	0.243542
21657609.49	5169610.48	0.230334
21657681.64	5169590.48	0.258094
21657753.79	5169570.47	0.309961
21657825.93	5169550.46	0.30179
21657898.08	5169530.45	0.360863
21657970.23	5169510.44	0.332904
21658042.37	5169490.44	0.248643
21658114.52	5169470.43	0.250033
21658186.67	5169450.42	0.232176
21658258.81	5169430.41	0.262833
21658330.96	5169410.4	0.250768
21658403.11	5169390.4	0.254076
21658475.25	5169370.39	0.264161
21658547.4	5169350.38	0.230343
21658619.55	5169330.37	0.239289
21658691.69	5169310.36	0.291196
21658763.84	5169290.36	0.314221
21658835.99	5169270.35	0.303868
21658908.13	5169250.34	0.241816
21658980.28	5169230.33	0.233769
21659052.43	5169210.32	0.242374
21653300.32	5170881.74	0.327725
21653372.46	5170861.73	0.360179
21653444.61	5170841.72	0.385018
21653516.76	5170821.71	0.367031
21653588.9	5170801.71	0.337925
21653661.05	5170781.7	0.356408
21653733.2	5170761.69	0.268591
21653805.34	5170741.68	0.2944
21653877.49	5170721.67	0.337763
21653949.64	5170701.67	0.34235
21654021.78	5170681.66	0.353528
21654093.93	5170661.65	0.281901
21654166.08	5170641.64	0.246385
21654238.22	5170621.63	0.24394
21654310.37	5170601.63	0.299047
21654382.52	5170581.62	0.321838
21654454.66	5170561.61	0.344365
21654526.81	5170541.6	0.311167
21654598.96	5170521.59	0.307514
21654671.1	5170501.58	0.289397
21654743.25	5170481.58	0.235525
21654815.4	5170461.57	0.234313
21654887.54	5170441.56	0.233436
21654959.69	5170421.55	0.330521
21655031.84	5170401.54	0.291709
21655103.98	5170381.54	0
21655176.13	5170361.53	0
21655248.28	5170341.52	0
21655320.42	5170321.51	0
21655392.57	5170301.5	0.229636
21655464.72	5170281.5	0
21655536.86	5170261.49	0
21655609.01	5170241.48	0.269799
21655681.16	5170221.47	0.285677
21655753.3	5170201.46	0.24777
21655825.45	5170181.46	0
21655897.6	5170161.45	0.245318
21655969.74	5170141.44	0.257928
21656041.89	5170121.43	0.266901
21656114.04	5170101.42	0.304557
21656186.18	5170081.42	0.356187
21656258.33	5170061.41	0.369416
21656330.48	5170041.4	0
21656402.62	5170021.39	0.303193
21656474.77	5170001.38	0.271755
21656546.92	5169981.38	0.337063
21656619.06	5169961.37	0.323883
21656691.21	5169941.36	0.367359
21656763.36	5169921.35	0.246547
21656835.5	5169901.34	0.246355
21656907.65	5169881.34	0.226574
21656979.8	5169861.33	0.218712
21657051.94	5169841.32	0.23173
21657124.09	5169821.31	0.259647
21657196.24	5169801.3	0.27922
21657268.38	5169781.3	0.233328
21657340.53	5169761.29	0.229907
21657412.68	5169741.28	0.234767
21657484.83	5169721.27	0.24465
21657556.97	5169701.26	0.234718
21657629.12	5169681.25	0.2307
21657701.27	5169661.25	0.310893
21657773.41	5169641.24	0.326388
21657845.56	5169621.23	0.279793
21657917.71	5169601.22	0.274953
21657989.85	5169581.21	0.332507
21658062	5169561.21	0.305621
21658134.15	5169541.2	0.271626
21658206.29	5169521.19	0.253391
21658278.44	5169501.18	0.299924
21658350.59	5169481.17	0.319447
21658422.73	5169461.17	0.308008
21658494.88	5169441.16	0.342087
21658567.03	5169421.15	0.296985
21658639.17	5169401.14	0.295845
21658711.32	5169381.13	0.343287
21658783.47	5169361.13	0.345272
21658855.61	5169341.12	0.338473
21658927.76	5169321.11	0.304994
21658999.91	5169301.1	0.25702
21659072.05	5169281.09	0.237149
21653247.8	5170972.52	0.313585
21653319.94	5170952.51	0.303565
21653392.09	5170932.5	0.330491
21653464.24	5170912.49	0.333624
21653536.38	5170892.48	0.393227
21653608.53	5170872.48	0.3986
21653680.68	5170852.47	0.391649
21653752.82	5170832.46	0.353458
21653824.97	5170812.45	0.338387
21653897.12	5170792.44	0.319228
21653969.26	5170772.44	0.304583
21654041.41	5170752.43	0.333275
21654113.56	5170732.42	0.258903
21654185.7	5170712.41	0.262418
21654257.85	5170692.4	0.336862
21654330	5170672.4	0.346084
21654402.14	5170652.39	0.317351
21654474.29	5170632.38	0.262954
21654546.44	5170612.37	0.30855
21654618.58	5170592.36	0.306372
21654690.73	5170572.36	0.3105
21654762.88	5170552.35	0.233649
21654835.02	5170532.34	0.238756
21654907.17	5170512.33	0.235762
21654979.32	5170492.32	0.232862
21655051.46	5170472.32	0
21655123.61	5170452.31	0.261877
21655195.76	5170432.3	0.254285
21655267.9	5170412.29	0.281448
21655340.05	5170392.28	0.233509
21655412.2	5170372.28	0.232252
21655484.34	5170352.27	0.235409
21655556.49	5170332.26	0.318638
21655628.64	5170312.25	0.338206
21655700.78	5170292.24	0.233615
21655772.93	5170272.23	0.237951
21655845.08	5170252.23	0.252384
21655917.22	5170232.22	0.232133
21655989.37	5170212.21	0.233728
21656061.52	5170192.2	0
21656133.66	5170172.19	0.28877
21656205.81	5170152.19	0.361163
21656277.96	5170132.18	0.340404
21656350.1	5170112.17	0
21656422.25	5170092.16	0
21656494.4	5170072.15	0
21656566.54	5170052.15	0
21656638.69	5170032.14	0.370634
21656710.84	5170012.13	0
21656782.98	5169992.12	0.238403
21656855.13	5169972.11	0.23479
21656927.28	5169952.11	0.231055
21656999.42	5169932.1	0.214977
21657071.57	5169912.09	0.240139
21657143.72	5169892.08	0.334107
21657215.86	5169872.07	0.337506
21657288.01	5169852.07	0.229475
21657360.16	5169832.06	0
21657432.3	5169812.05	0.232445
21657504.45	5169792.04	0.25031
21657576.6	5169772.03	0.252808
21657648.74	5169752.03	0.245421
21657720.89	5169732.02	0.236239
21657793.04	5169712.01	0.295953
21657865.18	5169692	0.255024
21657937.33	5169671.99	0.231245
21658009.48	5169651.99	0
21658081.63	5169631.98	0
21658153.77	5169611.97	0
21658225.92	5169591.96	0.241975
21658298.07	5169571.95	0.255753
21658370.21	5169551.94	0.316296
21658442.36	5169531.94	0.340385
21658514.51	5169511.93	0.356876
21658586.65	5169491.92	0.345523
21658658.8	5169471.91	0.351225
21658730.95	5169451.9	0.363241
21658803.09	5169431.9	0.353038
21658875.24	5169411.89	0.363981
21658947.39	5169391.88	0.349514
21659019.53	5169371.87	0.329188
21659091.68	5169351.86	0.290664
21653267.42	5171043.29	0.320282
21653339.57	5171023.28	0.298911
21653411.72	5171003.27	0.271132
21653483.86	5170983.26	0.23445
21653556.01	5170963.26	0.323159
21653628.16	5170943.25	0.353175
21653700.3	5170923.24	0.358608
21653772.45	5170903.23	0.366688
21653844.6	5170883.22	0.323053
21653916.74	5170863.21	0.276469
21653988.89	5170843.21	0.236277
21654061.04	5170823.2	0.287828
21654133.18	5170803.19	0.283387
21654205.33	5170783.18	0.306495
21654277.48	5170763.17	0.333449
21654349.62	5170743.17	0.307731
21654421.77	5170723.16	0.253039
21654493.92	5170703.15	0.232834
21654566.06	5170683.14	0.273297
21654638.21	5170663.13	0.30258
21654710.36	5170643.13	0.308919
21654782.5	5170623.12	0.233962
21654854.65	5170603.11	0.237508
21654926.8	5170583.1	0.234259
21654998.94	5170563.09	0.231325
21655071.09	5170543.09	0.238577
21655143.24	5170523.08	0.279823
21655215.38	5170503.07	0.292952
21655287.53	5170483.06	0.351107
21655359.68	5170463.05	0.281222
21655431.82	5170443.05	0.233442
21655503.97	5170423.04	0.301397
21655576.12	5170403.03	0.345058
21655648.26	5170383.02	0.338721
21655720.41	5170363.01	0.350531
21655792.56	5170343.01	0.332957
21655864.7	5170323	0.260568
21655936.85	5170302.99	0.234163
21656009	5170282.98	0.233337
21656081.14	5170262.97	0.238535
21656153.29	5170242.97	0.314768
21656225.44	5170222.96	0.359755
21656297.58	5170202.95	0.359946
21656369.73	5170182.94	0
21656441.88	5170162.93	0.33239
21656514.02	5170142.93	0
21656586.17	5170122.92	0
21656658.32	5170102.91	0
21656730.46	5170082.9	0.355402
21656802.61	5170062.89	0.316465
21656874.76	5170042.88	0.231294
21656946.9	5170022.88	0.244942
21657019.05	5170002.87	0.253238
21657091.2	5169982.86	0.25094
21657163.34	5169962.85	0.278467
21657235.49	5169942.84	0.297296
21657307.64	5169922.84	0.232658
21657379.78	5169902.83	0.227474
21657451.93	5169882.82	0.229558
21657524.08	5169862.81	0.266502
21657596.22	5169842.8	0.296172
21657668.37	5169822.8	0.262225
21657740.52	5169802.79	0.271381
21657812.66	5169782.78	0.288304
21657884.81	5169762.77	0.267554
21657956.96	5169742.76	0.285608
21658029.1	5169722.76	0.382054
21658101.25	5169702.75	0
21658173.4	5169682.74	0.23092
21658245.54	5169662.73	0.33727
21658317.69	5169642.72	0.240844
21658389.84	5169622.72	0.303982
21658461.99	5169602.71	0.35712
21658534.13	5169582.7	0.38498
21658606.28	5169562.69	0.381582
21658678.43	5169542.68	0.384064
21658750.57	5169522.68	0.368209
21658822.72	5169502.67	0.314077
21658894.87	5169482.66	0.381089
21658967.01	5169462.65	0.384201
21659039.16	5169442.64	0.362653
21659111.31	5169422.64	0.365986
21653287.05	5171114.06	0.296604
21653359.2	5171094.05	0.322157
21653431.34	5171074.04	0.333725
21653503.49	5171054.03	0.317259
21653575.64	5171034.03	0.353812
21653647.78	5171014.02	0.333012
21653719.93	5170994.01	0
21653792.08	5170974	0
21653864.22	5170953.99	0.336142
21653936.37	5170933.99	0.253875
21654008.52	5170913.98	0.282267
21654080.66	5170893.97	0.307483
21654152.81	5170873.96	0.278556
21654224.96	5170853.95	0.276084
21654297.1	5170833.95	0.324661
21654369.25	5170813.94	0.325221
21654441.4	5170793.93	0.328329
21654513.54	5170773.92	0.310853
21654585.69	5170753.91	0.346601
21654657.84	5170733.91	0.335228
21654729.98	5170713.9	0.287989
21654802.13	5170693.89	0.333207
21654874.28	5170673.88	0.249627
21654946.42	5170653.87	0.236524
21655018.57	5170633.86	0.235268
21655090.72	5170613.86	0.268251
21655162.86	5170593.85	0.289633
21655235.01	5170573.84	0.324313
21655307.16	5170553.83	0.390381
21655379.3	5170533.82	0.364331
21655451.45	5170513.82	0.266128
21655523.6	5170493.81	0.350824
21655595.74	5170473.8	0.327772
21655667.89	5170453.79	0.36881
21655740.04	5170433.78	0.361462
21655812.18	5170413.78	0.318531
21655884.33	5170393.77	0.246684
21655956.48	5170373.76	0.283244
21656028.62	5170353.75	0.237905
21656100.77	5170333.74	0.24016
21656172.92	5170313.74	0.296445
21656245.06	5170293.73	0.389492
21656317.21	5170273.72	0.339576
21656389.36	5170253.71	0.230786
21656461.5	5170233.7	0.229345
21656533.65	5170213.7	0
21656605.8	5170193.69	0.349494
21656677.94	5170173.68	0.27098
21656750.09	5170153.67	0.26744
21656822.24	5170133.66	0.246359
21656894.38	5170113.66	0.334504
21656966.53	5170093.65	0.23386
21657038.68	5170073.64	0.247648
21657110.82	5170053.63	0.238851
21657182.97	5170033.62	0.274115
21657255.12	5170013.62	0.328231
21657327.26	5169993.61	0.293628
21657399.41	5169973.6	0.231758
21657471.56	5169953.59	0.233835
21657543.7	5169933.58	0.245968
21657615.85	5169913.57	0.27456
21657688	5169893.57	0.300535
21657760.14	5169873.56	0.289242
21657832.29	5169853.55	0.257844
21657904.44	5169833.54	0.229519
21657976.58	5169813.53	0.257891
21658048.73	5169793.53	0.356187
21658120.88	5169773.52	0.315873
21658193.02	5169753.51	0.283714
21658265.17	5169733.5	0.235077
21658337.32	5169713.49	0.227942
21658409.46	5169693.49	0.23246
21658481.61	5169673.48	0.273158
21658553.76	5169653.47	0.370785
21658625.91	5169633.46	0.397094
21658698.05	5169613.45	0.375844
21658770.2	5169593.45	0.307815
21658842.35	5169573.44	0.231066
21658914.49	5169553.43	0.326293
21658986.64	5169533.42	0.387355
21659058.79	5169513.41	0.383702
21653306.68	5171184.83	0.344611
21653378.82	5171164.82	0.364135
21653450.97	5171144.81	0.380266
21653523.12	5171124.8	0.331594
21653595.26	5171104.8	0.323144
21653667.41	5171084.79	0
21653739.56	5171064.78	0
21653811.7	5171044.77	0
21653883.85	5171024.76	0
21653956	5171004.76	0.236735
21654028.14	5170984.75	0.281528
21654100.29	5170964.74	0.294634
21654172.44	5170944.73	0.261844
21654244.58	5170924.72	0.240941
21654316.73	5170904.72	0.236743
21654388.88	5170884.71	0.290777
21654461.02	5170864.7	0.26276
21654533.17	5170844.69	0.321445
21654605.32	5170824.68	0.231245
21654677.46	5170804.68	0.237089
21654749.61	5170784.67	0.248992
21654821.76	5170764.66	0.247089
21654893.9	5170744.65	0.252171
21654966.05	5170724.64	0.242421
21655038.2	5170704.64	0.233825
21655110.34	5170684.63	0.246147
21655182.49	5170664.62	0.249071
21655254.64	5170644.61	0.29958
21655326.78	5170624.6	0.372833
21655398.93	5170604.6	0.342047
21655471.08	5170584.59	0.349482
21655543.22	5170564.58	0.359068
21655615.37	5170544.57	0.327232
21655687.52	5170524.56	0.286637
21655759.66	5170504.56	0
21655831.81	5170484.55	0
21655903.96	5170464.54	0
21655976.1	5170444.53	0.249328
21656048.25	5170424.52	0.275521
21656120.4	5170404.51	0.255064
21656192.54	5170384.51	0.233768
21656264.69	5170364.5	0.36598
21656336.84	5170344.49	0.349412
21656408.98	5170324.48	0.230598
21656481.13	5170304.47	0.229953
21656553.28	5170284.47	0.281754
21656625.42	5170264.46	0.291095
21656697.57	5170244.45	0.31749
21656769.72	5170224.44	0.3287
21656841.86	5170204.43	0
21656914.01	5170184.43	0.35444
21656986.16	5170164.42	0.244109
21657058.3	5170144.41	0.241896
21657130.45	5170124.4	0.31825
21657202.6	5170104.39	0.354376
21657274.74	5170084.39	0.351413
21657346.89	5170064.38	0.333284
21657419.04	5170044.37	0.321367
21657491.18	5170024.36	0.289013
21657563.33	5170004.35	0.269229
21657635.48	5169984.35	0.231607
21657707.62	5169964.34	0.331008
21657779.77	5169944.33	0.316782
21657851.92	5169924.32	0.298995
21657924.06	5169904.31	0.251159
21657996.21	5169884.31	0.295371
21658068.36	5169864.3	0.312157
21658140.5	5169844.29	0.279663
21658212.65	5169824.28	0.27494
21658284.8	5169804.27	0.241704
21658356.94	5169784.27	0.230898
21658429.09	5169764.26	0.249509
21658501.24	5169744.25	0.283695
21658573.38	5169724.24	0.393532
21658645.53	5169704.23	0.401591
21658717.68	5169684.22	0.38021
21658789.82	5169664.22	0.351025
21658861.97	5169644.21	0.299181
21658934.12	5169624.2	0.380185
21659006.26	5169604.19	0.385024
21659078.41	5169584.18	0.360833
21653254.15	5171275.61	0.427383
21653326.3	5171255.6	0.397293
21653398.45	5171235.59	0.397599
21653470.6	5171215.58	0.398432
21653542.74	5171195.58	0.376393
21653614.89	5171175.57	0.322976
21653687.04	5171155.56	0.25764
21653759.18	5171135.55	0.351299
21653831.33	5171115.54	0.399647
21653903.48	5171095.54	0.368235
21653975.62	5171075.53	0.332195
21654047.77	5171055.52	0.234121
21654119.92	5171035.51	0.257561
21654192.06	5171015.5	0.237186
21654264.21	5170995.49	0.231406
21654336.36	5170975.49	0.232483
21654408.5	5170955.48	0.236985
21654480.65	5170935.47	0.230419
21654552.8	5170915.46	0
21654624.94	5170895.45	0.232338
21654697.09	5170875.45	0.230781
21654769.24	5170855.44	0.231478
21654841.38	5170835.43	0.231186
21654913.53	5170815.42	0.25133
21654985.68	5170795.41	0.240936
21655057.82	5170775.41	0.273547
21655129.97	5170755.4	0.256094
21655202.12	5170735.39	0.25979
21655274.26	5170715.38	0.329221
21655346.41	5170695.37	0.358662
21655418.56	5170675.37	0.353456
21655490.7	5170655.36	0.3636
21655562.85	5170635.35	0.330846
21655635	5170615.34	0.316831
21655707.14	5170595.33	0.319845
21655779.29	5170575.33	0
21655851.44	5170555.32	0
21655923.58	5170535.31	0.350688
21655995.73	5170515.3	0.354442
21656067.88	5170495.29	0.270456
21656140.02	5170475.29	0.259223
21656212.17	5170455.28	0.231745
21656284.32	5170435.27	0.30395
21656356.46	5170415.26	0.31464
21656428.61	5170395.25	0.247115
21656500.76	5170375.25	0.242283
21656572.9	5170355.24	0.32481
21656645.05	5170335.23	0.239282
21656717.2	5170315.22	0.234857
21656789.34	5170295.21	0.268033
21656861.49	5170275.21	0.340101
21656933.64	5170255.2	0.345799
21657005.78	5170235.19	0.338325
21657077.93	5170215.18	0.316405
21657150.08	5170195.17	0.264893
21657222.22	5170175.16	0
21657294.37	5170155.16	0.34394
21657366.52	5170135.15	0.309094
21657438.66	5170115.14	0.332054
21657510.81	5170095.13	0.285994
21657582.96	5170075.12	0.237811
21657655.1	5170055.12	0.22791
21657727.25	5170035.11	0.332574
21657799.4	5170015.1	0.317087
21657871.54	5169995.09	0.327656
21657943.69	5169975.08	0.298964
21658015.84	5169955.08	0.310978
21658087.98	5169935.07	0.265172
21658160.13	5169915.06	0.235488
21658232.28	5169895.05	0.286737
21658304.42	5169875.04	0.264277
21658376.57	5169855.04	0.254741
21658448.72	5169835.03	0.316536
21658520.86	5169815.02	0.330207
21658593.01	5169795.01	0.370599
21658665.16	5169775	0.399066
21658737.3	5169755	0.387505
21658809.45	5169734.99	0.383907
21658881.6	5169714.98	0.364158
21658953.74	5169694.97	0.366967
21659025.89	5169674.96	0.302374
21659098.04	5169654.96	0.255045
21653273.78	5171346.38	0.446578
21653345.93	5171326.37	0.428306
21653418.07	5171306.36	0.412265
21653490.22	5171286.35	0.400946
21653562.37	5171266.35	0.345638
21653634.51	5171246.34	0.239278
21653706.66	5171226.33	0.24034
21653778.81	5171206.32	0.37649
21653850.96	5171186.31	0.39265
21653923.1	5171166.31	0.326898
21653995.25	5171146.3	0.302526
21654067.4	5171126.29	0
21654139.54	5171106.28	0.242382
21654211.69	5171086.27	0.235226
21654283.84	5171066.27	0.231179
21654355.98	5171046.26	0.234107
21654428.13	5171026.25	0.247633
21654500.28	5171006.24	0.219181
21654572.42	5170986.23	0.230733
21654644.57	5170966.23	0.242731
21654716.72	5170946.22	0.242205
21654788.86	5170926.21	0.240647
21654861.01	5170906.2	0.260069
21654933.16	5170886.19	0.250095
21655005.3	5170866.18	0.230373
21655077.45	5170846.18	0.231623
21655149.6	5170826.17	0.233832
21655221.74	5170806.16	0.241671
21655293.89	5170786.15	0.30146
21655366.04	5170766.14	0.316885
21655438.18	5170746.14	0.348851
21655510.33	5170726.13	0.319357
21655582.48	5170706.12	0.326682
21655654.62	5170686.11	0.248414
21655726.77	5170666.1	0.316705
21655798.92	5170646.1	0.275435
21655871.06	5170626.09	0.303369
21655943.21	5170606.08	0
21656015.36	5170586.07	0
21656087.5	5170566.06	0.33789
21656159.65	5170546.06	0.250399
21656231.8	5170526.05	0.283108
21656303.94	5170506.04	0.351774
21656376.09	5170486.03	0.237136
21656448.24	5170466.02	0
21656520.38	5170446.02	0.23825
21656592.53	5170426.01	0
21656664.68	5170406	0.223921
21656736.82	5170385.99	0.231181
21656808.97	5170365.98	0
21656881.12	5170345.98	0
21656953.26	5170325.97	0
21657025.41	5170305.96	0.34112
21657097.56	5170285.95	0.315286
21657169.7	5170265.94	0.342468
21657241.85	5170245.94	0.344858
21657314	5170225.93	0.35003
21657386.14	5170205.92	0.33905
21657458.29	5170185.91	0.246979
21657530.44	5170165.9	0.235079
21657602.58	5170145.9	0.245643
21657674.73	5170125.89	0
21657746.88	5170105.88	0.390647
21657819.02	5170085.87	0.276243
21657891.17	5170065.86	0.271121
21657963.32	5170045.85	0.273646
21658035.46	5170025.85	0.266151
21658107.61	5170005.84	0
21658179.76	5169985.83	0.231219
21658251.9	5169965.82	0.293727
21658324.05	5169945.81	0.307341
21658396.2	5169925.81	0.245621
21658468.34	5169905.8	0.351479
21658540.49	5169885.79	0.310677
21658612.64	5169865.78	0.35054
21658684.78	5169845.77	0.385138
21658756.93	5169825.77	0.377938
21658829.08	5169805.76	0.395241
21658901.22	5169785.75	0.377983
21658973.37	5169765.74	0.354619
21659045.52	5169745.73	0.309478
21653293.41	5171417.15	0.475519
21653365.55	5171397.14	0.455451
21653437.7	5171377.13	0.435069
21653509.85	5171357.12	0.429645
21653581.99	5171337.12	0.364301
21653654.14	5171317.11	0.293172
21653726.29	5171297.1	0.231898
21653798.43	5171277.09	0.269149
21653870.58	5171257.08	0.370296
21653942.73	5171237.08	0.241637
21654014.87	5171217.07	0.289509
21654087.02	5171197.06	0.258416
21654159.17	5171177.05	0.301743
21654231.32	5171157.04	0.238418
21654303.46	5171137.04	0.240138
21654375.61	5171117.03	0.230254
21654447.76	5171097.02	0.233348
21654519.9	5171077.01	0.228085
21654592.05	5171057	0.231288
21654664.2	5171037	0.233133
21654736.34	5171016.99	0.241386
21654808.49	5170996.98	0.250623
21654880.64	5170976.97	0.25559
21654952.78	5170956.96	0.231508
21655024.93	5170936.96	0.231588
21655097.08	5170916.95	0.229384
21655169.22	5170896.94	0.229727
21655241.37	5170876.93	0.232638
21655313.52	5170856.92	0.240658
21655385.66	5170836.92	0.239068
21655457.81	5170816.91	0.299391
21655529.96	5170796.9	0.234833
21655602.1	5170776.89	0.261811
21655674.25	5170756.88	0.23724
21655746.4	5170736.88	0.343624
21655818.54	5170716.87	0.250315
21655890.69	5170696.86	0.233793
21655962.84	5170676.85	0.238234
21656034.98	5170656.84	0.351381
21656107.13	5170636.83	0.260479
21656179.28	5170616.83	0.2312
21656251.42	5170596.82	0.305137
21656323.57	5170576.81	0.325667
21656395.72	5170556.8	0.235133
21656467.86	5170536.79	0.237384
21656540.01	5170516.79	0
21656612.16	5170496.78	0.210656
21656684.3	5170476.77	0.211136
21656756.45	5170456.76	0
21656828.6	5170436.75	0
21656900.74	5170416.75	0.237788
21656972.89	5170396.74	0.250906
21657045.04	5170376.73	0.27241
21657117.18	5170356.72	0.268274
21657189.33	5170336.71	0.286484
21657261.48	5170316.71	0.335772
21657333.62	5170296.7	0.2826
21657405.77	5170276.69	0.320416
21657477.92	5170256.68	0.335205
21657550.06	5170236.67	0.231465
21657622.21	5170216.67	0.230862
21657694.36	5170196.66	0.257668
21657766.5	5170176.65	0.361515
21657838.65	5170156.64	0.264141
21657910.8	5170136.63	0.232153
21657982.94	5170116.63	0.230789
21658055.09	5170096.62	0.23763
21658127.24	5170076.61	0.377394
21658199.38	5170056.6	0.364254
21658271.53	5170036.59	0.343797
21658343.68	5170016.59	0.345975
21658415.82	5169996.58	0.266413
21658487.97	5169976.57	0.33077
21658560.12	5169956.56	0.248558
21658632.26	5169936.55	0.317914
21658704.41	5169916.55	0.360327
21658776.56	5169896.54	0.319633
21658848.7	5169876.53	0.378931
21658920.85	5169856.52	0.354632
21658993	5169836.51	0.302211
21659065.14	5169816.5	0.249745
21653313.03	5171487.92	0.505825
21653385.18	5171467.91	0.488412
21653457.33	5171447.9	0.449399
21653529.47	5171427.9	0.437498
21653601.62	5171407.89	0
21653673.77	5171387.88	0
21653745.91	5171367.87	0.235056
21653818.06	5171347.86	0.320165
21653890.21	5171327.86	0.234431
21653962.35	5171307.85	0.233366
21654034.5	5171287.84	0.247166
21654106.65	5171267.83	0.294565
21654178.79	5171247.82	0.239377
21654250.94	5171227.82	0.232334
21654323.09	5171207.81	0.236672
21654395.23	5171187.8	0.226222
21654467.38	5171167.79	0.228912
21654539.53	5171147.78	0.226216
21654611.67	5171127.77	0.219242
21654683.82	5171107.77	0.231568
21654755.97	5171087.76	0.231702
21654828.12	5171067.75	0.235774
21654900.26	5171047.74	0.331096
21654972.41	5171027.73	0.231712
21655044.56	5171007.73	0.232851
21655116.7	5170987.72	0.236716
21655188.85	5170967.71	0.232493
21655261	5170947.7	0.23421
21655333.14	5170927.69	0.233085
21655405.29	5170907.69	0.230389
21655477.44	5170887.68	0.230939
21655549.58	5170867.67	0.235088
21655621.73	5170847.66	0.230226
21655693.88	5170827.65	0
21655766.02	5170807.65	0.338173
21655838.17	5170787.64	0.240646
21655910.32	5170767.63	0.230026
21655982.46	5170747.62	0.23126
21656054.61	5170727.61	0.231736
21656126.76	5170707.61	0.260505
21656198.9	5170687.6	0.272951
21656271.05	5170667.59	0.308325
21656343.2	5170647.58	0.248103
21656415.34	5170627.57	0.229583
21656487.49	5170607.57	0.227843
21656559.64	5170587.56	0
21656631.78	5170567.55	0.212386
21656703.93	5170547.54	0.223601
21656776.08	5170527.53	0
21656848.22	5170507.53	0
21656920.37	5170487.52	0.246336
21656992.52	5170467.51	0.236425
21657064.66	5170447.5	0.231121
21657136.81	5170427.49	0.227646
21657208.96	5170407.48	0.24094
21657281.1	5170387.48	0.295965
21657353.25	5170367.47	0.232437
21657425.4	5170347.46	0.256446
21657497.54	5170327.45	0.270515
21657569.69	5170307.44	0.219704
21657641.84	5170287.44	0.328733
21657713.98	5170267.43	0.269459
21657786.13	5170247.42	0.238911
21657858.28	5170227.41	0.22878
21657930.42	5170207.4	0.223019
21658002.57	5170187.4	0.226303
21658074.72	5170167.39	0.22863
21658146.86	5170147.38	0.329249
21658219.01	5170127.37	0.339623
21658291.16	5170107.36	0.230289
21658363.3	5170087.36	0.255414
21658435.45	5170067.35	0.234511
21658507.6	5170047.34	0.234815
21658579.74	5170027.33	0.228292
21658651.89	5170007.32	0.267558
21658724.04	5169987.32	0.339119
21658796.18	5169967.31	0.255528
21658868.33	5169947.3	0.328882
21658940.48	5169927.29	0.337755
21659012.62	5169907.28	0.27593
21659084.77	5169887.28	0.23703
21653260.51	5171578.7	0.512247
21653332.66	5171558.69	0.503601
21653404.81	5171538.68	0.478288
21653476.95	5171518.67	0
21653549.1	5171498.67	0
21653621.25	5171478.66	0
21653693.39	5171458.65	0
21653765.54	5171438.64	0.300566
21653837.69	5171418.63	0.247073
21653909.83	5171398.63	0.225423
21653981.98	5171378.62	0
21654054.13	5171358.61	0
21654126.27	5171338.6	0
21654198.42	5171318.59	0.237365
21654270.57	5171298.59	0.244416
21654342.71	5171278.58	0.238517
21654414.86	5171258.57	0.243554
21654487.01	5171238.56	0.236762
21654559.15	5171218.55	0.230704
21654631.3	5171198.55	0
21654703.45	5171178.54	0.232165
21654775.59	5171158.53	0.233136
21654847.74	5171138.52	0.241662
21654919.89	5171118.51	0.298616
21654992.04	5171098.51	0.231693
21655064.18	5171078.5	0.234763
21655136.33	5171058.49	0.233593
21655208.48	5171038.48	0.231282
21655280.62	5171018.47	0.232674
21655352.77	5170998.47	0.239067
21655424.92	5170978.46	0.229774
21655497.06	5170958.45	0.230254
21655569.21	5170938.44	0.232663
21655641.36	5170918.43	0.226014
21655713.5	5170898.42	0.242654
21655785.65	5170878.42	0.237306
21655857.8	5170858.41	0.23247
21655929.94	5170838.4	0.228898
21656002.09	5170818.39	0.229163
21656074.24	5170798.38	0.22543
21656146.38	5170778.38	0.23502
21656218.53	5170758.37	0.23685
21656290.68	5170738.36	0.313612
21656362.82	5170718.35	0.257297
21656434.97	5170698.34	0.229342
21656507.12	5170678.34	0.225842
21656579.26	5170658.33	0.226744
21656651.41	5170638.32	0.214914
21656723.56	5170618.31	0.211577
21656795.7	5170598.3	0
21656867.85	5170578.3	0.229245
21656940	5170558.29	0.232861
21657012.14	5170538.28	0.234186
21657084.29	5170518.27	0.230299
21657156.44	5170498.26	0
21657228.58	5170478.26	0.229237
21657300.73	5170458.25	0.301425
21657372.88	5170438.24	0.275729
21657445.02	5170418.23	0.249041
21657517.17	5170398.22	0.275156
21657589.32	5170378.22	0.248729
21657661.46	5170358.21	0.281517
21657733.61	5170338.2	0.303955
21657805.76	5170318.19	0.23145
21657877.9	5170298.18	0.228451
21657950.05	5170278.18	0.222632
21658022.2	5170258.17	0.227258
21658094.34	5170238.16	0.294442
21658166.49	5170218.15	0.345116
21658238.64	5170198.14	0.341009
21658310.78	5170178.13	0.243008
21658382.93	5170158.13	0.27967
21658455.08	5170138.12	0.339949
21658527.22	5170118.11	0.307488
21658599.37	5170098.1	0.249758
21658671.52	5170078.09	0.287464
21658743.66	5170058.09	0.257047
21658815.81	5170038.08	0.228109
21658887.96	5170018.07	0.239712
21658960.1	5169998.06	0.273124
21659032.25	5169978.05	0.277434
21659104.4	5169958.05	0.295356
21653280.14	5171649.47	0.48604
21653352.29	5171629.46	0.478937
21653424.43	5171609.45	0.452462
21653496.58	5171589.45	0.425072
21653568.73	5171569.44	0.393119
21653640.87	5171549.43	0
21653713.02	5171529.42	0
21653785.17	5171509.41	0.231619
21653857.31	5171489.4	0.229355
21653929.46	5171469.4	0
21654001.61	5171449.39	0.295665
21654073.75	5171429.38	0.264369
21654145.9	5171409.37	0.250925
21654218.05	5171389.36	0.253749
21654290.19	5171369.36	0.28375
21654362.34	5171349.35	0.340347
21654434.49	5171329.34	0.252886
21654506.63	5171309.33	0.246218
21654578.78	5171289.32	0
21654650.93	5171269.32	0.354146
21654723.07	5171249.31	0.234538
21654795.22	5171229.3	0.234424
21654867.37	5171209.29	0.278636
21654939.51	5171189.28	0.281847
21655011.66	5171169.28	0.238242
21655083.81	5171149.27	0.237269
21655155.95	5171129.26	0.243126
21655228.1	5171109.25	0.259581
21655300.25	5171089.24	0.272449
21655372.39	5171069.24	0.263098
21655444.54	5171049.23	0.235903
21655516.69	5171029.22	0.243997
21655588.84	5171009.21	0.234809
21655660.98	5170989.2	0.234067
21655733.13	5170969.2	0.237482
21655805.28	5170949.19	0.236219
21655877.42	5170929.18	0.233825
21655949.57	5170909.17	0.221621
21656021.72	5170889.16	0.233979
21656093.86	5170869.16	0.23445
21656166.01	5170849.15	0.251749
21656238.16	5170829.14	0.306778
21656310.3	5170809.13	0.35528
21656382.45	5170789.12	0.272948
21656454.6	5170769.11	0.23015
21656526.74	5170749.11	0.228084
21656598.89	5170729.1	0.221025
21656671.04	5170709.09	0.213437
21656743.18	5170689.08	0
21656815.33	5170669.07	0.228033
21656887.48	5170649.07	0.226877
21656959.62	5170629.06	0.227488
21657031.77	5170609.05	0.230601
21657103.92	5170589.04	0
21657176.06	5170569.03	0
21657248.21	5170549.03	0.217829
21657320.36	5170529.02	0.233154
21657392.5	5170509.01	0
21657464.65	5170489	0
21657536.8	5170468.99	0
21657608.94	5170448.99	0.239661
21657681.09	5170428.98	0.330621
21657753.24	5170408.97	0
21657825.38	5170388.96	0
21657897.53	5170368.95	0
21657969.68	5170348.95	0
21658041.82	5170328.94	0.221379
21658113.97	5170308.93	0.249559
21658186.12	5170288.92	0.307118
21658258.26	5170268.91	0.340392
21658330.41	5170248.91	0.327682
21658402.56	5170228.9	0.325379
21658474.7	5170208.89	0.312567
21658546.85	5170188.88	0.371986
21658619	5170168.87	0.327476
21658691.14	5170148.87	0.293175
21658763.29	5170128.86	0.278799
21658835.44	5170108.85	0.251583
21658907.58	5170088.84	0.233846
21658979.73	5170068.83	0.309266
21659051.88	5170048.83	0.339748
21653299.77	5171720.24	0.444876
21653371.91	5171700.23	0.445669
21653444.06	5171680.22	0.419378
21653516.21	5171660.22	0.409932
21653588.35	5171640.21	0.321668
21653660.5	5171620.2	0.238878
21653732.65	5171600.19	0
21653804.79	5171580.18	0.22885
21653876.94	5171560.18	0.230512
21653949.09	5171540.17	0.235014
21654021.23	5171520.16	0.2656
21654093.38	5171500.15	0.238853
21654165.53	5171480.14	0.24636
21654237.67	5171460.14	0.26842
21654309.82	5171440.13	0.301381
21654381.97	5171420.12	0.311072
21654454.11	5171400.11	0.259811
21654526.26	5171380.1	0.256969
21654598.41	5171360.09	0.262295
21654670.55	5171340.09	0.278843
21654742.7	5171320.08	0.23827
21654814.85	5171300.07	0.239067
21654886.99	5171280.06	0.277716
21654959.14	5171260.05	0.282207
21655031.29	5171240.05	0.272464
21655103.43	5171220.04	0.235875
21655175.58	5171200.03	0.251402
21655247.73	5171180.02	0.291536
21655319.87	5171160.01	0.290422
21655392.02	5171140.01	0.3355
21655464.17	5171120	0.338247
21655536.31	5171099.99	0.281458
21655608.46	5171079.98	0.239953
21655680.61	5171059.97	0.233745
21655752.76	5171039.97	0.24106
21655824.9	5171019.96	0.234645
21655897.05	5170999.95	0.233138
21655969.2	5170979.94	0.230216
21656041.34	5170959.93	0.233173
21656113.49	5170939.93	0.239006
21656185.64	5170919.92	0.234601
21656257.78	5170899.91	0.299369
21656329.93	5170879.9	0.297611
21656402.08	5170859.89	0.23978
21656474.22	5170839.89	0.227459
21656546.37	5170819.88	0.236347
21656618.52	5170799.87	0.212763
21656690.66	5170779.86	0.21227
21656762.81	5170759.85	0
21656834.96	5170739.85	0.231552
21656907.1	5170719.84	0.229233
21656979.25	5170699.83	0.227063
21657051.4	5170679.82	0.229718
21657123.54	5170659.81	0.230838
21657195.69	5170639.81	0.231252
21657267.84	5170619.8	0.244483
21657339.98	5170599.79	0
21657412.13	5170579.78	0
21657484.28	5170559.77	0
21657556.42	5170539.76	0
21657628.57	5170519.76	0.350933
21657700.72	5170499.75	0.362821
21657772.86	5170479.74	0.234218
21657845.01	5170459.73	0.213269
21657917.16	5170439.72	0.232435
21657989.3	5170419.72	0
21658061.45	5170399.71	0.302274
21658133.6	5170379.7	0.314714
21658205.74	5170359.69	0.317635
21658277.89	5170339.68	0.31779
21658350.04	5170319.68	0.345632
21658422.18	5170299.67	0.35348
21658494.33	5170279.66	0.351802
21658566.48	5170259.65	0.34592
21658638.62	5170239.64	0.336561
21658710.77	5170219.64	0.339945
21658782.92	5170199.63	0.32818
21658855.06	5170179.62	0.349757
21658927.21	5170159.61	0.348598
21658999.36	5170139.6	0.369926
21659071.5	5170119.6	0.374743
21653247.25	5171811.02	0.423749
21653319.39	5171791.01	0.426841
21653391.54	5171771	0.417132
21653463.69	5171750.99	0.312345
21653535.83	5171730.99	0.306367
21653607.98	5171710.98	0.249283
21653680.13	5171690.97	0.231589
21653752.27	5171670.96	0.246226
21653824.42	5171650.95	0.23166
21653896.57	5171630.95	0.245667
21653968.71	5171610.94	0.251872
21654040.86	5171590.93	0.280716
21654113.01	5171570.92	0.232429
21654185.15	5171550.91	0.247992
21654257.3	5171530.91	0.265985
21654329.45	5171510.9	0.27526
21654401.59	5171490.89	0.25636
21654473.74	5171470.88	0.236866
21654545.89	5171450.87	0.234691
21654618.03	5171430.87	0.231419
21654690.18	5171410.86	0.229475
21654762.33	5171390.85	0.257099
21654834.47	5171370.84	0.237264
21654906.62	5171350.83	0.249301
21654978.77	5171330.83	0.243075
21655050.91	5171310.82	0.234293
21655123.06	5171290.81	0.230914
21655195.21	5171270.8	0.244168
21655267.35	5171250.79	0.3154
21655339.5	5171230.79	0.348424
21655411.65	5171210.78	0.335944
21655483.79	5171190.77	0.32524
21655555.94	5171170.76	0.245258
21655628.09	5171150.75	0.231923
21655700.23	5171130.74	0.262949
21655772.38	5171110.74	0.247597
21655844.53	5171090.73	0.232747
21655916.67	5171070.72	0.231362
21655988.82	5171050.71	0.231936
21656060.97	5171030.7	0.231953
21656133.11	5171010.7	0.238075
21656205.26	5170990.69	0.241371
21656277.41	5170970.68	0.291268
21656349.56	5170950.67	0.250004
21656421.7	5170930.66	0.229108
21656493.85	5170910.66	0.241588
21656566	5170890.65	0.304784
21656638.14	5170870.64	0.226121
21656710.29	5170850.63	0.229921
21656782.44	5170830.62	0.236457
21656854.58	5170810.62	0.241822
21656926.73	5170790.61	0.227424
21656998.88	5170770.6	0.230447
21657071.02	5170750.59	0.231389
21657143.17	5170730.58	0.230587
21657215.32	5170710.58	0.230137
21657287.46	5170690.57	0.2334
21657359.61	5170670.56	0
21657431.76	5170650.55	0.244159
21657503.9	5170630.54	0.233427
21657576.05	5170610.54	0.24833
21657648.2	5170590.53	0.254494
21657720.34	5170570.52	0.302084
21657792.49	5170550.51	0.230403
21657864.64	5170530.5	0.224036
21657936.78	5170510.5	0.290548
21658008.93	5170490.49	0.287534
21658081.08	5170470.48	0.331101
21658153.22	5170450.47	0.333023
21658225.37	5170430.46	0.310032
21658297.52	5170410.46	0.271432
21658369.66	5170390.45	0.344901
21658441.81	5170370.44	0.337045
21658513.96	5170350.43	0.325913
21658586.1	5170330.42	0.344141
21658658.25	5170310.41	0.379677
21658730.4	5170290.41	0.37276
21658802.54	5170270.4	0.370954
21658874.69	5170250.39	0.357726
21658946.84	5170230.38	0.368792
21659018.98	5170210.37	0.386737
21659091.13	5170190.37	0.391915
21653266.87	5171881.79	0.40195
21653339.02	5171861.78	0.395184
21653411.17	5171841.77	0.302478
21653483.31	5171821.77	0.296133
21653555.46	5171801.76	0.29022
21653627.61	5171781.75	0.265736
21653699.75	5171761.74	0.238463
21653771.9	5171741.73	0.247204
21653844.05	5171721.73	0.23291
21653916.19	5171701.72	0.249439
21653988.34	5171681.71	0.273921
21654060.49	5171661.7	0.271698
21654132.63	5171641.69	0.247868
21654204.78	5171621.68	0.262877
21654276.93	5171601.68	0.266607
21654349.07	5171581.67	0.262937
21654421.22	5171561.66	0.246961
21654493.37	5171541.65	0.233647
21654565.51	5171521.64	0.229558
21654637.66	5171501.64	0.228033
21654709.81	5171481.63	0.22716
21654781.95	5171461.62	0.232265
21654854.1	5171441.61	0.239224
21654926.25	5171421.6	0.251531
21654998.39	5171401.6	0.255191
21655070.54	5171381.59	0.256657
21655142.69	5171361.58	0.239233
21655214.83	5171341.57	0.305355
21655286.98	5171321.56	0.307534
21655359.13	5171301.56	0.327171
21655431.27	5171281.55	0.304448
21655503.42	5171261.54	0.307667
21655575.57	5171241.53	0.29071
21655647.71	5171221.52	0.272342
21655719.86	5171201.52	0.234024
21655792.01	5171181.51	0.231496
21655864.15	5171161.5	0.241189
21655936.3	5171141.49	0.236379
21656008.45	5171121.48	0.232079
21656080.59	5171101.48	0.230728
21656152.74	5171081.47	0.231148
21656224.89	5171061.46	0.235282
21656297.03	5171041.45	0.231207
21656369.18	5171021.44	0.228556
21656441.33	5171001.44	0.230819
21656513.48	5170981.43	0.233334
21656585.62	5170961.42	0.230151
21656657.77	5170941.41	0.232585
21656729.91	5170921.4	0.240276
21656802.06	5170901.39	0.231833
21656874.21	5170881.39	0.263407
21656946.36	5170861.38	0.228993
21657018.5	5170841.37	0.22795
21657090.65	5170821.36	0.228064
21657162.8	5170801.35	0.22751
21657234.94	5170781.35	0
21657307.09	5170761.34	0
21657379.24	5170741.33	0
21657451.38	5170721.32	0.23294
21657523.53	5170701.31	0.22991
21657595.68	5170681.31	0.234229
21657667.82	5170661.3	0.228469
21657739.97	5170641.29	0.229153
21657812.12	5170621.28	0.233555
21657884.26	5170601.27	0.238899
21657956.41	5170581.27	0.233603
21658028.56	5170561.26	0.233172
21658100.7	5170541.25	0.262615
21658172.85	5170521.24	0.256379
21658245	5170501.23	0.270578
21658317.14	5170481.23	0.342074
21658389.29	5170461.22	0.341442
21658461.44	5170441.21	0.254506
21658533.58	5170421.2	0.238417
21658605.73	5170401.19	0.286653
21658677.88	5170381.19	0.361995
21658750.02	5170361.18	0.387204
21658822.17	5170341.17	0.380627
21658894.32	5170321.16	0.337094
21658966.46	5170301.15	0.250324
21659038.61	5170281.15	0.370329
21653286.5	5171952.56	0.308373
21653358.65	5171932.55	0.277477
21653430.79	5171912.54	0.288191
21653502.94	5171892.54	0.288756
21653575.09	5171872.53	0.31516
21653647.23	5171852.52	0.27315
21653719.38	5171832.51	0.253156
21653791.53	5171812.5	0.251349
21653863.67	5171792.5	0.249469
21653935.82	5171772.49	0.234821
21654007.97	5171752.48	0.252
21654080.11	5171732.47	0.245536
21654152.26	5171712.46	0.26107
21654224.41	5171692.46	0.263471
21654296.55	5171672.45	0.260499
21654368.7	5171652.44	0.258576
21654440.85	5171632.43	0.244677
21654512.99	5171612.42	0.228875
21654585.14	5171592.42	0.228424
21654657.29	5171572.41	0.227721
21654729.43	5171552.4	0.227011
21654801.58	5171532.39	0.233413
21654873.73	5171512.38	0.233181
21654945.87	5171492.37	0.237744
21655018.02	5171472.37	0.247144
21655090.17	5171452.36	0.263962
21655162.31	5171432.35	0.277386
21655234.46	5171412.34	0.30796
21655306.61	5171392.33	0.299531
21655378.75	5171372.33	0.296754
21655450.9	5171352.32	0.280307
21655523.05	5171332.31	0.269487
21655595.19	5171312.3	0.308071
21655667.34	5171292.29	0.300946
21655739.49	5171272.29	0.230323
21655811.63	5171252.28	0.228974
21655883.78	5171232.27	0.229897
21655955.93	5171212.26	0.243572
21656028.07	5171192.25	0.229432
21656100.22	5171172.25	0.232965
21656172.37	5171152.24	0.229918
21656244.51	5171132.23	0.243156
21656316.66	5171112.22	0.275713
21656388.81	5171092.21	0.268532
21656460.95	5171072.21	0.230397
21656533.1	5171052.2	0.234968
21656605.25	5171032.19	0.234141
21656677.39	5171012.18	0.23687
21656749.54	5170992.17	0.231549
21656821.69	5170972.17	0.228229
21656893.84	5170952.16	0.22837
21656965.98	5170932.15	0.228093
21657038.13	5170912.14	0.225943
21657110.27	5170892.13	0.22796
21657182.42	5170872.13	0.230813
21657254.57	5170852.12	0
21657326.72	5170832.11	0
21657398.86	5170812.1	0
21657471.01	5170792.09	0.224147
21657543.16	5170772.09	0.227499
21657615.3	5170752.08	0
21657687.45	5170732.07	0.21907
21657759.6	5170712.06	0.218844
21657831.74	5170692.05	0.215114
21657903.89	5170672.04	0.223788
21657976.04	5170652.04	0.245489
21658048.18	5170632.03	0.293862
21658120.33	5170612.02	0.294993
21658192.48	5170592.01	0.246385
21658264.62	5170572	0.30068
21658336.77	5170552	0.380086
21658408.92	5170531.99	0.380297
21658481.06	5170511.98	0.336216
21658553.21	5170491.97	0.259729
21658625.36	5170471.96	0.378058
21658697.5	5170451.96	0.395391
21658769.65	5170431.95	0.400165
21658841.8	5170411.94	0.39596
21658913.94	5170391.93	0.387913
21658986.09	5170371.92	0.357138
21659058.24	5170351.92	0.388563
21653306.13	5172023.33	0.315382
21653378.27	5172003.32	0.301384
21653450.42	5171983.31	0.288454
21653522.57	5171963.31	0.290304
21653594.71	5171943.3	0.287363
21653666.86	5171923.29	0.274777
21653739.01	5171903.28	0.256174
21653811.15	5171883.27	0.245179
21653883.3	5171863.27	0.249997
21653955.45	5171843.26	0.228912
21654027.59	5171823.25	0.228415
21654099.74	5171803.24	0.23238
21654171.89	5171783.23	0.236797
21654244.03	5171763.23	0.23642
21654316.18	5171743.22	0.238682
21654388.33	5171723.21	0.251636
21654460.47	5171703.2	0.235147
21654532.62	5171683.19	0.230981
21654604.77	5171663.19	0.232693
21654676.91	5171643.18	0.232155
21654749.06	5171623.17	0.231653
21654821.21	5171603.16	0.238807
21654893.35	5171583.15	0.230143
21654965.5	5171563.15	0.231685
21655037.65	5171543.14	0.234679
21655109.79	5171523.13	0.25064
21655181.94	5171503.12	0.298387
21655254.09	5171483.11	0.297949
21655326.23	5171463.11	0.303256
21655398.38	5171443.1	0.29423
21655470.53	5171423.09	0.238479
21655542.67	5171403.08	0.291966
21655614.82	5171383.07	0.296454
21655686.97	5171363.07	0.291978
21655759.11	5171343.06	0.229277
21655831.26	5171323.05	0.228056
21655903.41	5171303.04	0.216423
21655975.55	5171283.03	0
21656047.7	5171263.02	0.235536
21656119.85	5171243.02	0.231572
21656191.99	5171223.01	0
21656264.14	5171203	0
21656336.29	5171182.99	0
21656408.43	5171162.98	0
21656480.58	5171142.98	0.267292
21656552.73	5171122.97	0.229163
21656624.87	5171102.96	0.236731
21656697.02	5171082.95	0.237335
21656769.17	5171062.94	0.230016
21656841.31	5171042.94	0.239137
21656913.46	5171022.93	0.311036
21656985.61	5171002.92	0.319914
21657057.75	5170982.91	0.227839
21657129.9	5170962.9	0.226047
21657202.05	5170942.9	0.232582
21657274.19	5170922.89	0.237688
21657346.34	5170902.88	0.242772
21657418.49	5170882.87	0
21657490.64	5170862.86	0
21657562.78	5170842.86	0.215898
21657634.93	5170822.85	0.213028
21657707.08	5170802.84	0.214413
21657779.22	5170782.83	0.219221
21657851.37	5170762.82	0.230783
21657923.52	5170742.82	0.235522
21657995.66	5170722.81	0.274214
21658067.81	5170702.8	0.334827
21658139.96	5170682.79	0.334306
21658212.1	5170662.78	0.328739
21658284.25	5170642.78	0.341112
21658356.4	5170622.77	0.388676
21658428.54	5170602.76	0.391799
21658500.69	5170582.75	0.379811
21658572.84	5170562.74	0.354016
21658644.98	5170542.74	0.395404
21658717.13	5170522.73	0.40751
21658789.28	5170502.72	0.418596
21658861.42	5170482.71	0.410386
21658933.57	5170462.7	0.401494
21659005.72	5170442.69	0.395365
21659077.86	5170422.69	0.397032
21653253.61	5172114.11	0.269328
21653325.75	5172094.1	0.333261
21653397.9	5172074.09	0.319042
21653470.05	5172054.09	0.295975
21653542.19	5172034.08	0.286431
21653614.34	5172014.07	0.279391
21653686.49	5171994.06	0.25819
21653758.63	5171974.05	0.25396
21653830.78	5171954.05	0.256967
21653902.93	5171934.04	0.247779
21653975.07	5171914.03	0.240945
21654047.22	5171894.02	0.235139
21654119.37	5171874.01	0.24685
21654191.51	5171854	0.245761
21654263.66	5171834	0.236372
21654335.81	5171813.99	0.244332
21654407.95	5171793.98	0.245117
21654480.1	5171773.97	0.249445
21654552.25	5171753.96	0.238811
21654624.39	5171733.96	0.258235
21654696.54	5171713.95	0.2762
21654768.69	5171693.94	0.231155
21654840.83	5171673.93	0.230718
21654912.98	5171653.92	0.229788
21654985.13	5171633.92	0.228281
21655057.27	5171613.91	0.232642
21655129.42	5171593.9	0.245599
21655201.57	5171573.89	0.291977
21655273.71	5171553.88	0.293524
21655345.86	5171533.88	0.308825
21655418.01	5171513.87	0.294005
21655490.15	5171493.86	0.2804
21655562.3	5171473.85	0.292866
21655634.45	5171453.84	0.298251
21655706.59	5171433.84	0.315257
21655778.74	5171413.83	0.330414
21655850.89	5171393.82	0.334009
21655923.03	5171373.81	0
21655995.18	5171353.8	0
21656067.33	5171333.8	0
21656139.47	5171313.79	0
21656211.62	5171293.78	0
21656283.77	5171273.77	0
21656355.91	5171253.76	0
21656428.06	5171233.76	0
21656500.21	5171213.75	0.263906
21656572.35	5171193.74	0.275705
21656644.5	5171173.73	0.267811
21656716.65	5171153.72	0.233446
21656788.79	5171133.72	0.238905
21656860.94	5171113.71	0.230779
21656933.09	5171093.7	0.241948
21657005.23	5171073.69	0.341165
21657077.38	5171053.68	0.320795
21657149.53	5171033.67	0.228816
21657221.67	5171013.67	0.227676
21657293.82	5170993.66	0.229121
21657365.97	5170973.65	0.235406
21657438.11	5170953.64	0
21657510.26	5170933.63	0
21657582.41	5170913.63	0.230251
21657654.55	5170893.62	0.280285
21657726.7	5170873.61	0.30882
21657798.85	5170853.6	0.304036
21657870.99	5170833.59	0.324133
21657943.14	5170813.59	0.320317
21658015.29	5170793.58	0.31925
21658087.44	5170773.57	0.343041
21658159.58	5170753.56	0.348176
21658231.73	5170733.55	0.348072
21658303.88	5170713.55	0.364468
21658376.02	5170693.54	0.389526
21658448.17	5170673.53	0.395177
21658520.32	5170653.52	0.396908
21658592.46	5170633.51	0.394839
21658664.61	5170613.51	0.407154
21658736.76	5170593.5	0.419151
21658808.9	5170573.49	0.427336
21658881.05	5170553.48	0.427946
21658953.2	5170533.47	0.417858
21659025.34	5170513.47	0.403858
21659097.49	5170493.46	0.399938
21653273.23	5172184.88	0.318023
21653345.38	5172164.87	0.321213
21653417.53	5172144.86	0.315527
21653489.67	5172124.86	0.296963
21653561.82	5172104.85	0.277979
21653633.97	5172084.84	0.264686
21653706.11	5172064.83	0.252268
21653778.26	5172044.82	0.237926
21653850.41	5172024.82	0.246667
21653922.55	5172004.81	0.245822
21653994.7	5171984.8	0.233447
21654066.85	5171964.79	0.253122
21654138.99	5171944.78	0.230824
21654211.14	5171924.78	0.230627
21654283.29	5171904.77	0.229856
21654355.43	5171884.76	0.232104
21654427.58	5171864.75	0.236375
21654499.73	5171844.74	0.244784
21654571.87	5171824.74	0.235273
21654644.02	5171804.73	0.244157
21654716.17	5171784.72	0.258176
21654788.31	5171764.71	0.232173
21654860.46	5171744.7	0.233413
21654932.61	5171724.7	0.238701
21655004.75	5171704.69	0.228136
21655076.9	5171684.68	0.23755
21655149.05	5171664.67	0.26557
21655221.19	5171644.66	0.274649
21655293.34	5171624.65	0.289589
21655365.49	5171604.65	0.304986
21655437.63	5171584.64	0.302635
21655509.78	5171564.63	0.283475
21655581.93	5171544.62	0.283548
21655654.07	5171524.61	0.27902
21655726.22	5171504.61	0.273559
21655798.37	5171484.6	0
21655870.51	5171464.59	0.329362
21655942.66	5171444.58	0.326401
21656014.81	5171424.57	0
21656086.95	5171404.57	0
21656159.1	5171384.56	0
21656231.25	5171364.55	0
21656303.39	5171344.54	0.362133
21656375.54	5171324.53	0
21656447.69	5171304.53	0
21656519.83	5171284.52	0.396652
21656591.98	5171264.51	0.292071
21656664.13	5171244.5	0.265802
21656736.27	5171224.49	0.278711
21656808.42	5171204.49	0.261852
21656880.57	5171184.48	0.231427
21656952.71	5171164.47	0.253681
21657024.86	5171144.46	0.223019
21657097.01	5171124.45	0.230693
21657169.15	5171104.45	0.228533
21657241.3	5171084.44	0.231012
21657313.45	5171064.43	0.228398
21657385.59	5171044.42	0.233493
21657457.74	5171024.41	0
21657529.89	5171004.41	0.230937
21657602.03	5170984.4	0.322595
21657674.18	5170964.39	0.3475
21657746.33	5170944.38	0.349339
21657818.47	5170924.37	0.350997
21657890.62	5170904.36	0.349958
21657962.77	5170884.36	0.34042
21658034.91	5170864.35	0.341421
21658107.06	5170844.34	0.349743
21658179.21	5170824.33	0.350756
21658251.36	5170804.32	0.34948
21658323.5	5170784.32	0.355599
21658395.65	5170764.31	0.383823
21658467.8	5170744.3	0.397139
21658539.94	5170724.29	0.401928
21658612.09	5170704.28	0.404303
21658684.24	5170684.28	0.416024
21658756.38	5170664.27	0.429939
21658828.53	5170644.26	0.438959
21658900.68	5170624.25	0.440771
21658972.82	5170604.24	0.434352
21659044.97	5170584.24	0.420568
