21653307.22	5170346.33	0.289215
21653379.37	5170326.32	0.268879
21653451.52	5170306.31	0.264837
21653523.66	5170286.3	0.299503
21653595.81	5170266.29	0.335234
21653667.96	5170246.29	0.360518
21653740.1	5170226.28	0.379088
21653812.25	5170206.27	0.387943
21653884.4	5170186.26	0.431378
21653956.54	5170166.25	0.424788
21654028.69	5170146.25	0.417221
21654100.84	5170126.24	0.407638
21654172.98	5170106.23	0.397567
21654245.13	5170086.22	0.390581
21654317.28	5170066.21	0.363184
21654389.42	5170046.21	0.306279
21654461.57	5170026.2	0.25205
21654533.72	5170006.19	0.299253
21654605.86	5169986.18	0.250879
21654678.01	5169966.17	0.245839
21654750.16	5169946.17	0.250388
21654822.31	5169926.16	0.272735
21654894.45	5169906.15	0.28626
21654966.6	5169886.14	0.330058
21655038.75	5169866.13	0.337263
21655110.89	5169846.13	0.321585
21655183.04	5169826.12	0.285074
21655255.19	5169806.11	0.325211
21655327.33	5169786.1	0.339773
21655399.48	5169766.09	0.348413
21653254.7	5170437.11	0.285218
21653326.85	5170417.1	0.276885
21653399	5170397.09	0.253004
21653471.14	5170377.08	0.276077
21653543.29	5170357.07	0.309868
21653615.44	5170337.07	0.349425
21653687.58	5170317.06	0.359766
21653759.73	5170297.05	0.343134
21653831.88	5170277.04	0.360615
21653904.02	5170257.03	0.41393
21653976.17	5170237.03	0.410778
21654048.32	5170217.02	0.406074
21654120.46	5170197.01	0.399329
21654192.61	5170177	0.395115
21654264.76	5170156.99	0.389698
21654336.9	5170136.98	0.371966
21654409.05	5170116.98	0.332562
21654481.2	5170096.97	0.292278
21654553.34	5170076.96	0.307788
21654625.49	5170056.95	0.330906
21654697.64	5170036.94	0.265295
21654769.78	5170016.94	0.358062
21654841.93	5169996.93	0.240464
21654914.08	5169976.92	0.28981
21654986.23	5169956.91	0.253332
21655058.37	5169936.9	0.264491
21655130.52	5169916.9	0.323041
21655202.66	5169896.89	0.349029
21655274.81	5169876.88	0.34801
21655346.96	5169856.87	0.345788
21655419.11	5169836.86	0.347528
21655491.25	5169816.86	0.338008
21655563.4	5169796.85	0.251923
21655635.55	5169776.84	0.343504
21655707.69	5169756.83	0.33555
21655779.84	5169736.82	0.314694
21655851.99	5169716.82	0.227267
21655924.13	5169696.81	0
21655996.28	5169676.8	0
21656068.43	5169656.79	0
21656140.57	5169636.78	0
21656212.72	5169616.78	0.228476
21656284.87	5169596.77	0.22461
21656357.01	5169576.76	0.226455
21656429.16	5169556.75	0.230312
21656501.31	5169536.74	0.234751
21656573.45	5169516.74	0.224499
21656645.6	5169496.73	0.221478
21656717.75	5169476.72	0.233944
21656789.89	5169456.71	0
21656862.04	5169436.7	0
21656934.19	5169416.69	0.246743
21657006.33	5169396.69	0.22817
21657078.48	5169376.68	0.228218
21657150.63	5169356.67	0.225631
21657222.77	5169336.66	0.216532
21657294.92	5169316.65	0.214035
21657367.07	5169296.65	0.212601
21657439.21	5169276.64	0.211952
21657511.36	5169256.63	0.21147
21657583.51	5169236.62	0.218071
21657655.65	5169216.61	0.226858
21657727.8	5169196.61	0.224387
21657799.95	5169176.6	0.223871
21657872.09	5169156.59	0.22632
21657944.24	5169136.58	0.227898
21658016.39	5169116.57	0.236942
21658088.53	5169096.57	0.225067
21658160.68	5169076.56	0.224828
21658232.83	5169056.55	0.225265
21658304.97	5169036.54	0.223413
21658377.12	5169016.53	0.221243
21658449.27	5168996.53	0.22207
21658521.41	5168976.52	0.21817
21658593.56	5168956.51	0.218492
21658665.71	5168936.5	0.224807
21658737.85	5168916.49	0.230521
21658810	5168896.49	0.241443
21658882.15	5168876.48	0.365356
21658954.29	5168856.47	0.386431
21659026.44	5168836.46	0.36027
21659098.59	5168816.45	0.229721
21653274.33	5170507.88	0.288835
21653346.48	5170487.87	0.26417
21653418.62	5170467.86	0.262408
21653490.77	5170447.85	0.270679
21653562.92	5170427.84	0.273217
21653635.06	5170407.84	0.259103
21653707.21	5170387.83	0.251312
21653779.36	5170367.82	0.244274
21653851.5	5170347.81	0.321924
21653923.65	5170327.8	0.373369
21653995.8	5170307.8	0.389438
21654067.94	5170287.79	0.386403
21654140.09	5170267.78	0.378353
21654212.24	5170247.77	0.380454
21654284.38	5170227.76	0.371425
21654356.53	5170207.76	0.357952
21654428.68	5170187.75	0.308854
21654500.82	5170167.74	0.278742
21654572.97	5170147.73	0.254123
21654645.12	5170127.72	0.248698
21654717.26	5170107.72	0.236486
21654789.41	5170087.71	0.347098
21654861.56	5170067.7	0.240926
21654933.7	5170047.69	0.235949
21655005.85	5170027.68	0.234747
21655078	5170007.68	0.238482
21655150.14	5169987.67	0.26341
21655222.29	5169967.66	0.302176
21655294.44	5169947.65	0.333267
21655366.58	5169927.64	0.30077
21655438.73	5169907.63	0.318814
21655510.88	5169887.63	0.316457
21655583.03	5169867.62	0.345883
21655655.17	5169847.61	0.338393
21655727.32	5169827.6	0.291889
21655799.47	5169807.59	0.231186
21655871.61	5169787.59	0.223575
21655943.76	5169767.58	0.232785
21656015.91	5169747.57	0
21656088.05	5169727.56	0
21656160.2	5169707.55	0
21656232.35	5169687.55	0
21656304.49	5169667.54	0.221723
21656376.64	5169647.53	0.230059
21656448.79	5169627.52	0.231953
21656520.93	5169607.51	0.223362
21656593.08	5169587.51	0
21656665.23	5169567.5	0
21656737.37	5169547.49	0
21656809.52	5169527.48	0
21656881.67	5169507.47	0.32602
21656953.81	5169487.47	0.343963
21657025.96	5169467.46	0.319565
21657098.11	5169447.45	0.231417
21657170.25	5169427.44	0.226359
21657242.4	5169407.43	0.222276
21657314.55	5169387.43	0.216486
21657386.69	5169367.42	0.22326
21657458.84	5169347.41	0.211757
21657530.99	5169327.4	0.211968
21657603.13	5169307.39	0.217228
21657675.28	5169287.39	0.223267
21657747.43	5169267.38	0.224587
21657819.57	5169247.37	0.227152
21657891.72	5169227.36	0.226937
21657963.87	5169207.35	0.230753
21658036.01	5169187.34	0.241265
21658108.16	5169167.34	0.234227
21658180.31	5169147.33	0.222306
21658252.45	5169127.32	0.220944
21658324.6	5169107.31	0.223239
21658396.75	5169087.3	0.221796
21658468.89	5169067.3	0.221268
21658541.04	5169047.29	0.215279
21658613.19	5169027.28	0.225531
21658685.33	5169007.27	0.230538
21658757.48	5168987.26	0.315354
21658829.63	5168967.26	0.232321
21658901.77	5168947.25	0.299686
21658973.92	5168927.24	0.35582
21659046.07	5168907.23	0.347174
21653293.96	5170578.65	0.306559
21653366.1	5170558.64	0.281897
21653438.25	5170538.63	0.271348
21653510.4	5170518.62	0.257195
21653582.54	5170498.61	0.237361
21653654.69	5170478.61	0.23168
21653726.84	5170458.6	0.226709
21653798.98	5170438.59	0.234758
21653871.13	5170418.58	0.247198
21653943.28	5170398.57	0.325778
21654015.42	5170378.57	0.32817
21654087.57	5170358.56	0.255465
21654159.72	5170338.55	0.294473
21654231.86	5170318.54	0.273631
21654304.01	5170298.53	0.23531
21654376.16	5170278.53	0.233868
21654448.3	5170258.52	0.233366
21654520.45	5170238.51	0.233247
21654592.6	5170218.5	0.235987
21654664.74	5170198.49	0.339598
21654736.89	5170178.49	0.232089
21654809.04	5170158.48	0.23326
21654881.18	5170138.47	0.230336
21654953.33	5170118.46	0.232602
21655025.48	5170098.45	0.231216
21655097.62	5170078.45	0.232165
21655169.77	5170058.44	0.231333
21655241.92	5170038.43	0.262742
21655314.06	5170018.42	0.316999
21655386.21	5169998.41	0.340164
21655458.36	5169978.41	0.322191
21655530.5	5169958.4	0.28629
21655602.65	5169938.39	0.348385
21655674.8	5169918.38	0.266787
21655746.95	5169898.37	0.222921
21655819.09	5169878.37	0.229376
21655891.24	5169858.36	0.223838
21655963.38	5169838.35	0.230307
21656035.53	5169818.34	0.232982
21656107.68	5169798.33	0.230966
21656179.83	5169778.32	0.235066
21656251.97	5169758.32	0
21656324.12	5169738.31	0
21656396.27	5169718.3	0.222576
21656468.41	5169698.29	0.225107
21656540.56	5169678.28	0
21656612.71	5169658.28	0.2151
21656684.85	5169638.27	0
21656757	5169618.26	0
21656829.15	5169598.25	0.266956
21656901.29	5169578.24	0.34304
21656973.44	5169558.24	0.343416
21657045.59	5169538.23	0.323013
21657117.73	5169518.22	0.240608
21657189.88	5169498.21	0.227721
21657262.03	5169478.2	0.221706
21657334.17	5169458.2	0.222448
21657406.32	5169438.19	0.224118
21657478.47	5169418.18	0.214216
21657550.61	5169398.17	0.211242
21657622.76	5169378.16	0.219955
21657694.91	5169358.16	0.22526
21657767.05	5169338.15	0.228355
21657839.2	5169318.14	0.232098
21657911.35	5169298.13	0.236041
21657983.49	5169278.12	0.239292
21658055.64	5169258.12	0.240658
21658127.79	5169238.11	0.229226
21658199.93	5169218.1	0.232216
21658272.08	5169198.09	0.223304
21658344.23	5169178.08	0.221972
21658416.37	5169158.08	0.224274
21658488.52	5169138.07	0.21779
21658560.67	5169118.06	0.214845
21658632.81	5169098.05	0.229777
21658704.96	5169078.04	0.284613
21658777.11	5169058.03	0.233009
21658849.25	5169038.03	0.227878
21658921.4	5169018.02	0.226108
21658993.55	5168998.01	0.229861
21659065.69	5168978	0.229665
21653313.58	5170649.42	0.324358
21653385.73	5170629.41	0.297556
21653457.88	5170609.4	0.264976
21653530.02	5170589.39	0.239508
21653602.17	5170569.39	0.231404
21653674.32	5170549.38	0.230492
21653746.46	5170529.37	0.230384
21653818.61	5170509.36	0.230988
21653890.76	5170489.35	0.234956
21653962.9	5170469.35	0.268114
21654035.05	5170449.34	0.254918
21654107.2	5170429.33	0.232736
21654179.34	5170409.32	0.233521
21654251.49	5170389.31	0.274857
21654323.64	5170369.3	0.234674
21654395.78	5170349.3	0.233678
21654467.93	5170329.29	0.231949
21654540.08	5170309.28	0.234811
21654612.22	5170289.27	0.237343
21654684.37	5170269.26	0.238384
21654756.52	5170249.26	0.232651
21654828.66	5170229.25	0.232749
21654900.81	5170209.24	0.232411
21654972.96	5170189.23	0.232508
21655045.1	5170169.22	0.232135
21655117.25	5170149.22	0.232265
21655189.4	5170129.21	0.230566
21655261.54	5170109.2	0.244865
21655333.69	5170089.19	0.27283
21655405.84	5170069.18	0.298732
21655477.98	5170049.18	0.30441
21655550.13	5170029.17	0.252659
21655622.28	5170009.16	0.290218
21655694.42	5169989.15	0.265311
21655766.57	5169969.14	0.231455
21655838.72	5169949.14	0.224607
21655910.86	5169929.13	0.22452
21655983.01	5169909.12	0.238354
21656055.16	5169889.11	0.267825
21656127.3	5169869.1	0.232542
21656199.45	5169849.1	0.230022
21656271.6	5169829.09	0.22797
21656343.75	5169809.08	0
21656415.89	5169789.07	0
21656488.04	5169769.06	0
21656560.19	5169749.06	0
21656632.33	5169729.05	0.227619
21656704.48	5169709.04	0.226865
21656776.63	5169689.03	0.234103
21656848.77	5169669.02	0.292321
21656920.92	5169649.02	0.338957
21656993.07	5169629.01	0.343167
21657065.21	5169609	0.242511
21657137.36	5169588.99	0.233284
21657209.51	5169568.98	0.226643
21657281.65	5169548.97	0.225482
21657353.8	5169528.97	0.224298
21657425.95	5169508.96	0.219088
21657498.09	5169488.95	0.218593
21657570.24	5169468.94	0.22319
21657642.39	5169448.93	0.229
21657714.53	5169428.93	0.223989
21657786.68	5169408.92	0.221849
21657858.83	5169388.91	0.23122
21657930.97	5169368.9	0.250532
21658003.12	5169348.89	0.255837
21658075.27	5169328.89	0.231241
21658147.41	5169308.88	0.217544
21658219.56	5169288.87	0.228674
21658291.71	5169268.86	0.218668
21658363.85	5169248.85	0.218399
21658436	5169228.85	0.217395
21658508.15	5169208.84	0.214612
21658580.29	5169188.83	0.214712
21658652.44	5169168.82	0.22473
21658724.59	5169148.81	0.230742
21658796.73	5169128.81	0.230016
21658868.88	5169108.8	0.224911
21658941.03	5169088.79	0.214969
21659013.17	5169068.78	0.220124
21659085.32	5169048.77	0.219497
21653261.06	5170740.2	0.264985
21653333.21	5170720.19	0.314257
21653405.36	5170700.18	0.270651
21653477.5	5170680.17	0.254369
21653549.65	5170660.16	0.238373
21653621.8	5170640.16	0.231923
21653693.94	5170620.15	0.22827
21653766.09	5170600.14	0.228058
21653838.24	5170580.13	0.230237
21653910.38	5170560.12	0.230671
21653982.53	5170540.12	0.234208
21654054.68	5170520.11	0.233138
21654126.82	5170500.1	0.231878
21654198.97	5170480.09	0.232964
21654271.12	5170460.08	0.232779
21654343.26	5170440.08	0.231716
21654415.41	5170420.07	0.231926
21654487.56	5170400.06	0.231136
21654559.7	5170380.05	0.231324
21654631.85	5170360.04	0.231626
21654704	5170340.04	0.23772
21654776.14	5170320.03	0.23749
21654848.29	5170300.02	0.234034
21654920.44	5170280.01	0.233249
21654992.58	5170260	0.233166
21655064.73	5170240	0.23227
21655136.88	5170219.99	0.232287
21655209.02	5170199.98	0.232583
21655281.17	5170179.97	0.239181
21655353.32	5170159.96	0.272575
21655425.46	5170139.95	0.26948
21655497.61	5170119.95	0.244969
21655569.76	5170099.94	0.23202
21655641.9	5170079.93	0.251168
21655714.05	5170059.92	0.276113
21655786.2	5170039.91	0.23178
21655858.34	5170019.91	0.226192
21655930.49	5169999.9	0
21656002.64	5169979.89	0.231547
21656074.78	5169959.88	0.236716
21656146.93	5169939.87	0.23012
21656219.08	5169919.87	0.227911
21656291.22	5169899.86	0.228239
21656363.37	5169879.85	0
21656435.52	5169859.84	0
21656507.66	5169839.83	0
21656579.81	5169819.83	0
21656651.96	5169799.82	0.228788
21656724.1	5169779.81	0.3015
21656796.25	5169759.8	0.283608
21656868.4	5169739.79	0.259414
21656940.55	5169719.79	0.289553
21657012.69	5169699.78	0.242289
21657084.84	5169679.77	0.229624
21657156.99	5169659.76	0.228618
21657229.13	5169639.75	0.22503
21657301.28	5169619.75	0.215476
21657373.43	5169599.74	0.219895
21657445.57	5169579.73	0.225221
21657517.72	5169559.72	0.229231
21657589.87	5169539.71	0.228932
21657662.01	5169519.71	0.232421
21657734.16	5169499.7	0.231958
21657806.31	5169479.69	0.231723
21657878.45	5169459.68	0.245716
21657950.6	5169439.67	0.26107
21658022.75	5169419.66	0.237696
21658094.89	5169399.66	0.234603
21658167.04	5169379.65	0.230138
21658239.19	5169359.64	0.229059
21658311.33	5169339.63	0.219362
21658383.48	5169319.62	0.216253
21658455.63	5169299.62	0.215986
21658527.77	5169279.61	0.212314
21658599.92	5169259.6	0.212778
21658672.07	5169239.59	0.222154
21658744.21	5169219.58	0.229145
21658816.36	5169199.58	0.229324
21658888.51	5169179.57	0.225032
21658960.65	5169159.56	0.218723
21659032.8	5169139.55	0.221645
21659104.95	5169119.54	0.221804
21653280.69	5170810.97	0.246043
21653352.84	5170790.96	0.251952
21653424.98	5170770.95	0.232598
21653497.13	5170750.94	0.237112
21653569.28	5170730.93	0.237572
21653641.42	5170710.93	0.23385
21653713.57	5170690.92	0.23057
21653785.72	5170670.91	0.230198
21653857.86	5170650.9	0.227325
21653930.01	5170630.89	0.227777
21654002.16	5170610.89	0.230235
21654074.3	5170590.88	0.231573
21654146.45	5170570.87	0.231546
21654218.6	5170550.86	0.232851
21654290.74	5170530.85	0.231646
21654362.89	5170510.85	0.230865
21654435.04	5170490.84	0.231007
21654507.18	5170470.83	0.230483
21654579.33	5170450.82	0.231085
21654651.48	5170430.81	0.233012
21654723.62	5170410.81	0.23879
21654795.77	5170390.8	0.24863
21654867.92	5170370.79	0.231961
21654940.06	5170350.78	0.233617
21655012.21	5170330.77	0.233562
21655084.36	5170310.77	0.232653
21655156.5	5170290.76	0.232874
21655228.65	5170270.75	0.232303
21655300.8	5170250.74	0.237103
21655372.94	5170230.73	0.269261
21655445.09	5170210.73	0.288073
21655517.24	5170190.72	0.262814
21655589.38	5170170.71	0.241919
21655661.53	5170150.7	0.278402
21655733.68	5170130.69	0.266831
21655805.82	5170110.69	0.231599
21655877.97	5170090.68	0.234808
21655950.12	5170070.67	0.228075
21656022.26	5170050.66	0.228444
21656094.41	5170030.65	0.232289
21656166.56	5170010.65	0.228911
21656238.7	5169990.64	0.230727
21656310.85	5169970.63	0.250511
21656383	5169950.62	0
21656455.14	5169930.61	0
21656527.29	5169910.6	0
21656599.44	5169890.6	0
21656671.58	5169870.59	0.228898
21656743.73	5169850.58	0.323294
21656815.88	5169830.57	0.289224
21656888.02	5169810.56	0.265411
21656960.17	5169790.56	0.339102
21657032.32	5169770.55	0.255455
21657104.47	5169750.54	0.227799
21657176.61	5169730.53	0.225746
21657248.76	5169710.52	0.215079
21657320.91	5169690.52	0.216319
21657393.05	5169670.51	0.226113
21657465.2	5169650.5	0.228255
21657537.35	5169630.49	0.228485
21657609.49	5169610.48	0.228656
21657681.64	5169590.48	0.22998
21657753.79	5169570.47	0.232393
21657825.93	5169550.46	0.237452
21657898.08	5169530.45	0.243722
21657970.23	5169510.44	0.238725
21658042.37	5169490.44	0.229391
21658114.52	5169470.43	0.230488
21658186.67	5169450.42	0.229397
21658258.81	5169430.41	0.230944
21658330.96	5169410.4	0.219347
21658403.11	5169390.4	0.214415
21658475.25	5169370.39	0.212239
21658547.4	5169350.38	0.211585
21658619.55	5169330.37	0.215634
21658691.69	5169310.36	0.222135
21658763.84	5169290.36	0.227571
21658835.99	5169270.35	0.228678
21658908.13	5169250.34	0.226465
21658980.28	5169230.33	0.220816
21659052.43	5169210.32	0.222749
21653300.32	5170881.74	0.236956
21653372.46	5170861.73	0.236147
21653444.61	5170841.72	0.231442
21653516.76	5170821.71	0.2305
21653588.9	5170801.71	0.237773
21653661.05	5170781.7	0.235884
21653733.2	5170761.69	0.250653
21653805.34	5170741.68	0.23038
21653877.49	5170721.67	0.228104
21653949.64	5170701.67	0.221785
21654021.78	5170681.66	0.222455
21654093.93	5170661.65	0.229285
21654166.08	5170641.64	0.230439
21654238.22	5170621.63	0.231163
21654310.37	5170601.63	0.277142
21654382.52	5170581.62	0.230477
21654454.66	5170561.61	0.230756
21654526.81	5170541.6	0.230299
21654598.96	5170521.59	0.231705
21654671.1	5170501.58	0.23848
21654743.25	5170481.58	0.235296
21654815.4	5170461.57	0.231723
21654887.54	5170441.56	0.231699
21654959.69	5170421.55	0.233295
21655031.84	5170401.54	0.241095
21655103.98	5170381.54	0.251836
21655176.13	5170361.53	0.237059
21655248.28	5170341.52	0.242621
21655320.42	5170321.51	0.275569
21655392.57	5170301.5	0.247045
21655464.72	5170281.5	0.344558
21655536.86	5170261.49	0.322728
21655609.01	5170241.48	0.253887
21655681.16	5170221.47	0.279415
21655753.3	5170201.46	0.240547
21655825.45	5170181.46	0.221838
21655897.6	5170161.45	0.223903
21655969.74	5170141.44	0.225406
21656041.89	5170121.43	0.224724
21656114.04	5170101.42	0.231767
21656186.18	5170081.42	0
21656258.33	5170061.41	0
21656330.48	5170041.4	0
21656402.62	5170021.39	0
21656474.77	5170001.38	0
21656546.92	5169981.38	0
21656619.06	5169961.37	0
21656691.21	5169941.36	0.231073
21656763.36	5169921.35	0.330956
21656835.5	5169901.34	0.228636
21656907.65	5169881.34	0.234646
21656979.8	5169861.33	0.25923
21657051.94	5169841.32	0
21657124.09	5169821.31	0.226938
21657196.24	5169801.3	0.226242
21657268.38	5169781.3	0.212912
21657340.53	5169761.29	0.22727
21657412.68	5169741.28	0.226646
21657484.83	5169721.27	0.226936
21657556.97	5169701.26	0.228009
21657629.12	5169681.25	0.229489
21657701.27	5169661.25	0.23397
21657773.41	5169641.24	0.244734
21657845.56	5169621.23	0.252964
21657917.71	5169601.22	0.246831
21657989.85	5169581.21	0.242846
21658062	5169561.21	0.23014
21658134.15	5169541.2	0.230363
21658206.29	5169521.19	0.229159
21658278.44	5169501.18	0.228859
21658350.59	5169481.17	0.229935
21658422.73	5169461.17	0.213634
21658494.88	5169441.16	0.21235
21658567.03	5169421.15	0.21228
21658639.17	5169401.14	0.221313
21658711.32	5169381.13	0.222829
21658783.47	5169361.13	0.223433
21658855.61	5169341.12	0.22418
21658927.76	5169321.11	0.223378
21658999.91	5169301.1	0.216765
21659072.05	5169281.09	0.219197
21653247.8	5170972.52	0.22952
21653319.94	5170952.51	0.231517
21653392.09	5170932.5	0.231172
21653464.24	5170912.49	0.230464
21653536.38	5170892.48	0.23119
21653608.53	5170872.48	0.24074
21653680.68	5170852.47	0.232308
21653752.82	5170832.46	0.234109
21653824.97	5170812.45	0.230399
21653897.12	5170792.44	0.228062
21653969.26	5170772.44	0.220257
21654041.41	5170752.43	0.229986
21654113.56	5170732.42	0.231922
21654185.7	5170712.41	0.238473
21654257.85	5170692.4	0.229812
21654330	5170672.4	0.231178
21654402.14	5170652.39	0.230785
21654474.29	5170632.38	0.230788
21654546.44	5170612.37	0.230169
21654618.58	5170592.36	0.230261
21654690.73	5170572.36	0.231132
21654762.88	5170552.35	0.232132
21654835.02	5170532.34	0.233155
21654907.17	5170512.33	0.23368
21654979.32	5170492.32	0.235176
21655051.46	5170472.32	0.253173
21655123.61	5170452.31	0.246923
21655195.76	5170432.3	0.24627
21655267.9	5170412.29	0.263483
21655340.05	5170392.28	0.340039
21655412.2	5170372.28	0.324186
21655484.34	5170352.27	0.352217
21655556.49	5170332.26	0.328095
21655628.64	5170312.25	0.24354
21655700.78	5170292.24	0.251537
21655772.93	5170272.23	0.228845
21655845.08	5170252.23	0.217053
21655917.22	5170232.22	0.217065
21655989.37	5170212.21	0.230647
21656061.52	5170192.2	0.290133
21656133.66	5170172.19	0.232275
21656205.81	5170152.19	0.242035
21656277.96	5170132.18	0
21656350.1	5170112.17	0
21656422.25	5170092.16	0
21656494.4	5170072.15	0
21656566.54	5170052.15	0
21656638.69	5170032.14	0
21656710.84	5170012.13	0.315686
21656782.98	5169992.12	0.269771
21656855.13	5169972.11	0.227387
21656927.28	5169952.11	0.226575
21656999.42	5169932.1	0.24107
21657071.57	5169912.09	0
21657143.72	5169892.08	0.338006
21657215.86	5169872.07	0.226505
21657288.01	5169852.07	0.223567
21657360.16	5169832.06	0.233469
21657432.3	5169812.05	0.223326
21657504.45	5169792.04	0.220408
21657576.6	5169772.03	0.22918
21657648.74	5169752.03	0.231342
21657720.89	5169732.02	0.248159
21657793.04	5169712.01	0.276341
21657865.18	5169692	0.288374
21657937.33	5169671.99	0.269179
21658009.48	5169651.99	0.261073
21658081.63	5169631.98	0.231017
21658153.77	5169611.97	0.229615
21658225.92	5169591.96	0.228033
21658298.07	5169571.95	0.226871
21658370.21	5169551.94	0.222326
21658442.36	5169531.94	0.221579
21658514.51	5169511.93	0.212126
21658586.65	5169491.92	0.220362
21658658.8	5169471.91	0.226603
21658730.95	5169451.9	0.227804
21658803.09	5169431.9	0.227279
21658875.24	5169411.89	0.220858
21658947.39	5169391.88	0.212446
21659019.53	5169371.87	0.213298
21659091.68	5169351.86	0.214757
21653267.42	5171043.29	0.226299
21653339.57	5171023.28	0.230286
21653411.72	5171003.27	0.229883
21653483.86	5170983.26	0.229811
21653556.01	5170963.26	0.230326
21653628.16	5170943.25	0.231398
21653700.3	5170923.24	0.230673
21653772.45	5170903.23	0.292313
21653844.6	5170883.22	0.230408
21653916.74	5170863.21	0.228342
21653988.89	5170843.21	0.22311
21654061.04	5170823.2	0.23031
21654133.18	5170803.19	0.242416
21654205.33	5170783.18	0.240368
21654277.48	5170763.17	0.230891
21654349.62	5170743.17	0.231608
21654421.77	5170723.16	0.231674
21654493.92	5170703.15	0.230331
21654566.06	5170683.14	0.225575
21654638.21	5170663.13	0.22224
21654710.36	5170643.13	0.229881
21654782.5	5170623.12	0.230974
21654854.65	5170603.11	0.232064
21654926.8	5170583.1	0.230829
21654998.94	5170563.09	0.230723
21655071.09	5170543.09	0.233699
21655143.24	5170523.08	0.240533
21655215.38	5170503.07	0.24274
21655287.53	5170483.06	0.244362
21655359.68	5170463.05	0.240672
21655431.82	5170443.05	0.232372
21655503.97	5170423.04	0.269376
21655576.12	5170403.03	0.31178
21655648.26	5170383.02	0.237152
21655720.41	5170363.01	0.230526
21655792.56	5170343.01	0.230005
21655864.7	5170323	0.229105
21655936.85	5170302.99	0.223383
21656009	5170282.98	0.223194
21656081.14	5170262.97	0.228748
21656153.29	5170242.97	0.228389
21656225.44	5170222.96	0.228701
21656297.58	5170202.95	0.231553
21656369.73	5170182.94	0.237541
21656441.88	5170162.93	0
21656514.02	5170142.93	0.315616
21656586.17	5170122.92	0.335578
21656658.32	5170102.91	0.311263
21656730.46	5170082.9	0.23576
21656802.61	5170062.89	0.229783
21656874.76	5170042.88	0.2231
21656946.9	5170022.88	0.223039
21657019.05	5170002.87	0.227995
21657091.2	5169982.86	0.22913
21657163.34	5169962.85	0.230687
21657235.49	5169942.84	0.223704
21657307.64	5169922.84	0.216804
21657379.78	5169902.83	0.219411
21657451.93	5169882.82	0.214247
21657524.08	5169862.81	0.216507
21657596.22	5169842.8	0.231584
21657668.37	5169822.8	0.246898
21657740.52	5169802.79	0.296037
21657812.66	5169782.78	0.312225
21657884.81	5169762.77	0.256693
21657956.96	5169742.76	0.286858
21658029.1	5169722.76	0.277226
21658101.25	5169702.75	0.231854
21658173.4	5169682.74	0.225225
21658245.54	5169662.73	0.225225
21658317.69	5169642.72	0.219867
21658389.84	5169622.72	0.219394
21658461.99	5169602.71	0.220919
21658534.13	5169582.7	0.229728
21658606.28	5169562.69	0.229006
21658678.43	5169542.68	0.229609
21658750.57	5169522.68	0.228907
21658822.72	5169502.67	0.228573
21658894.87	5169482.66	0.22805
21658967.01	5169462.65	0.228034
21659039.16	5169442.64	0.227697
21659111.31	5169422.64	0.222801
21653287.05	5171114.06	0.225469
21653359.2	5171094.05	0.226746
21653431.34	5171074.04	0.224347
21653503.49	5171054.03	0.224988
21653575.64	5171034.03	0.230029
21653647.78	5171014.02	0.23106
21653719.93	5170994.01	0.232448
21653792.08	5170974	0.236008
21653864.22	5170953.99	0.315172
21653936.37	5170933.99	0.230029
21654008.52	5170913.98	0.230185
21654080.66	5170893.97	0.248245
21654152.81	5170873.96	0.261236
21654224.96	5170853.95	0.239498
21654297.1	5170833.95	0.236821
21654369.25	5170813.94	0.24066
21654441.4	5170793.93	0.241968
21654513.54	5170773.92	0.239731
21654585.69	5170753.91	0.230347
21654657.84	5170733.91	0.22092
21654729.98	5170713.9	0.230088
21654802.13	5170693.89	0.231197
21654874.28	5170673.88	0.232451
21654946.42	5170653.87	0.230634
21655018.57	5170633.86	0.230511
21655090.72	5170613.86	0.23202
21655162.86	5170593.85	0.238781
21655235.01	5170573.84	0.246361
21655307.16	5170553.83	0.301743
21655379.3	5170533.82	0.256129
21655451.45	5170513.82	0.253382
21655523.6	5170493.81	0.311751
21655595.74	5170473.8	0.294341
21655667.89	5170453.79	0.230098
21655740.04	5170433.78	0.222933
21655812.18	5170413.78	0.226888
21655884.33	5170393.77	0.226481
21655956.48	5170373.76	0.227248
21656028.62	5170353.75	0.220935
21656100.77	5170333.74	0.223192
21656172.92	5170313.74	0.232843
21656245.06	5170293.73	0.229045
21656317.21	5170273.72	0.230464
21656389.36	5170253.71	0.246091
21656461.5	5170233.7	0.230164
21656533.65	5170213.7	0.255784
21656605.8	5170193.69	0.332503
21656677.94	5170173.68	0.31961
21656750.09	5170153.67	0.303372
21656822.24	5170133.66	0.266024
21656894.38	5170113.66	0.232379
21656966.53	5170093.65	0.226284
21657038.68	5170073.64	0.220092
21657110.82	5170053.63	0.223006
21657182.97	5170033.62	0.227064
21657255.12	5170013.62	0.221965
21657327.26	5169993.61	0.221541
21657399.41	5169973.6	0.218271
21657471.56	5169953.59	0.21438
21657543.7	5169933.58	0.214033
21657615.85	5169913.57	0.249071
21657688	5169893.57	0.244518
21657760.14	5169873.56	0.272824
21657832.29	5169853.55	0.249405
21657904.44	5169833.54	0.227633
21657976.58	5169813.53	0.236432
21658048.73	5169793.53	0.243352
21658120.88	5169773.52	0.231223
21658193.02	5169753.51	0.229537
21658265.17	5169733.5	0.219837
21658337.32	5169713.49	0.211729
21658409.46	5169693.49	0.212038
21658481.61	5169673.48	0.214983
21658553.76	5169653.47	0.233233
21658625.91	5169633.46	0.247094
21658698.05	5169613.45	0.229214
21658770.2	5169593.45	0.227556
21658842.35	5169573.44	0.227999
21658914.49	5169553.43	0.229072
21658986.64	5169533.42	0.232938
21659058.79	5169513.41	0.228662
21653306.68	5171184.83	0.22591
21653378.82	5171164.82	0.225324
21653450.97	5171144.81	0.222376
21653523.12	5171124.8	0.223034
21653595.26	5171104.8	0.228655
21653667.41	5171084.79	0.230752
21653739.56	5171064.78	0.231284
21653811.7	5171044.77	0.252899
21653883.85	5171024.76	0.302248
21653956	5171004.76	0.255006
21654028.14	5170984.75	0.250018
21654100.29	5170964.74	0.290986
21654172.44	5170944.73	0.268252
21654244.58	5170924.72	0.241321
21654316.73	5170904.72	0.270968
21654388.88	5170884.71	0.253052
21654461.02	5170864.7	0.247548
21654533.17	5170844.69	0.237457
21654605.32	5170824.68	0.229228
21654677.46	5170804.68	0.220666
21654749.61	5170784.67	0.226501
21654821.76	5170764.66	0.23039
21654893.9	5170744.65	0.234456
21654966.05	5170724.64	0.247888
21655038.2	5170704.64	0.231406
21655110.34	5170684.63	0.235175
21655182.49	5170664.62	0.233839
21655254.64	5170644.61	0.231256
21655326.78	5170624.6	0.265775
21655398.93	5170604.6	0.265386
21655471.08	5170584.59	0.252081
21655543.22	5170564.58	0.281443
21655615.37	5170544.57	0.238961
21655687.52	5170524.56	0.223679
21655759.66	5170504.56	0.227753
21655831.81	5170484.55	0.223495
21655903.96	5170464.54	0.223311
21655976.1	5170444.53	0.22166
21656048.25	5170424.52	0.216398
21656120.4	5170404.51	0.223513
21656192.54	5170384.51	0.222151
21656264.69	5170364.5	0.219432
21656336.84	5170344.49	0.232049
21656408.98	5170324.48	0.264953
21656481.13	5170304.47	0.27217
21656553.28	5170284.47	0.332775
21656625.42	5170264.46	0.339515
21656697.57	5170244.45	0.320394
21656769.72	5170224.44	0.261351
21656841.86	5170204.43	0.241047
21656914.01	5170184.43	0.230777
21656986.16	5170164.42	0.219471
21657058.3	5170144.41	0.219759
21657130.45	5170124.4	0.219486
21657202.6	5170104.39	0.222449
21657274.74	5170084.39	0.22824
21657346.89	5170064.38	0.225649
21657419.04	5170044.37	0.221788
21657491.18	5170024.36	0.217066
21657563.33	5170004.35	0.218695
21657635.48	5169984.35	0.221194
21657707.62	5169964.34	0.23092
21657779.77	5169944.33	0.268577
21657851.92	5169924.32	0.236496
21657924.06	5169904.31	0.233205
21657996.21	5169884.31	0.255093
21658068.36	5169864.3	0.271678
21658140.5	5169844.29	0.229075
21658212.65	5169824.28	0.222792
21658284.8	5169804.27	0.21936
21658356.94	5169784.27	0.210462
21658429.09	5169764.26	0.211554
21658501.24	5169744.25	0.217009
21658573.38	5169724.24	0.268837
21658645.53	5169704.23	0.290513
21658717.68	5169684.22	0.23065
21658789.82	5169664.22	0.228173
21658861.97	5169644.21	0.228294
21658934.12	5169624.2	0.237404
21659006.26	5169604.19	0.237014
21659078.41	5169584.18	0.228335
21653254.15	5171275.61	0.247517
21653326.3	5171255.6	0.227104
21653398.45	5171235.59	0.223277
21653470.6	5171215.58	0.220346
21653542.74	5171195.58	0.220496
21653614.89	5171175.57	0.228185
21653687.04	5171155.56	0.230234
21653759.18	5171135.55	0.230795
21653831.33	5171115.54	0.236147
21653903.48	5171095.54	0.320583
21653975.62	5171075.53	0.23633
21654047.77	5171055.52	0.23683
21654119.92	5171035.51	0.307248
21654192.06	5171015.5	0.272112
21654264.21	5170995.49	0.302631
21654336.36	5170975.49	0.318818
21654408.5	5170955.48	0.29187
21654480.65	5170935.47	0.27387
21654552.8	5170915.46	0.250384
21654624.94	5170895.45	0.230011
21654697.09	5170875.45	0.221673
21654769.24	5170855.44	0.228601
21654841.38	5170835.43	0.230209
21654913.53	5170815.42	0.248269
21654985.68	5170795.41	0.31395
21655057.82	5170775.41	0.286705
21655129.97	5170755.4	0.260624
21655202.12	5170735.39	0.269017
21655274.26	5170715.38	0.234211
21655346.41	5170695.37	0.248758
21655418.56	5170675.37	0.248849
21655490.7	5170655.36	0.308859
21655562.85	5170635.35	0.279819
21655635	5170615.34	0.231537
21655707.14	5170595.33	0.221382
21655779.29	5170575.33	0.225437
21655851.44	5170555.32	0.269602
21655923.58	5170535.31	0
21655995.73	5170515.3	0.216278
21656067.88	5170495.29	0.21491
21656140.02	5170475.29	0.219093
21656212.17	5170455.28	0.221009
21656284.32	5170435.27	0.228035
21656356.46	5170415.26	0.231594
21656428.61	5170395.25	0.25021
21656500.76	5170375.25	0.247465
21656572.9	5170355.24	0.246154
21656645.05	5170335.23	0.330937
21656717.2	5170315.22	0.23426
21656789.34	5170295.21	0.231853
21656861.49	5170275.21	0.231139
21656933.64	5170255.2	0.243018
21657005.78	5170235.19	0
21657077.93	5170215.18	0
21657150.08	5170195.17	0.226836
21657222.22	5170175.16	0.261521
21657294.37	5170155.16	0.221504
21657366.52	5170135.15	0.220898
21657438.66	5170115.14	0.224845
21657510.81	5170095.13	0.302252
21657582.96	5170075.12	0.23172
21657655.1	5170055.12	0.218083
21657727.25	5170035.11	0.227777
21657799.4	5170015.1	0.231784
21657871.54	5169995.09	0.230277
21657943.69	5169975.08	0.234584
21658015.84	5169955.08	0.257863
21658087.98	5169935.07	0.258399
21658160.13	5169915.06	0.229966
21658232.28	5169895.05	0.22064
21658304.42	5169875.04	0.222561
21658376.57	5169855.04	0.220605
21658448.72	5169835.03	0.213505
21658520.86	5169815.02	0.233405
21658593.01	5169795.01	0.267837
21658665.16	5169775	0.315406
21658737.3	5169755	0.265305
21658809.45	5169734.99	0.23938
21658881.6	5169714.98	0.229729
21658953.74	5169694.97	0.2342
21659025.89	5169674.96	0.227984
21659098.04	5169654.96	0.222421
21653273.78	5171346.38	0.340596
21653345.93	5171326.37	0.301151
21653418.07	5171306.36	0.236473
21653490.22	5171286.35	0.226145
21653562.37	5171266.35	0.221404
21653634.51	5171246.34	0.225127
21653706.66	5171226.33	0.230536
21653778.81	5171206.32	0.230476
21653850.96	5171186.31	0.236127
21653923.1	5171166.31	0.243711
21653995.25	5171146.3	0.232207
21654067.4	5171126.29	0.232874
21654139.54	5171106.28	0.252195
21654211.69	5171086.27	0.24056
21654283.84	5171066.27	0.310306
21654355.98	5171046.26	0.328304
21654428.13	5171026.25	0.315267
21654500.28	5171006.24	0.309488
21654572.42	5170986.23	0.238301
21654644.57	5170966.23	0.230674
21654716.72	5170946.22	0.229755
21654788.86	5170926.21	0.230369
21654861.01	5170906.2	0.239615
21654933.16	5170886.19	0.255737
21655005.3	5170866.18	0.293185
21655077.45	5170846.18	0.303192
21655149.6	5170826.17	0.280405
21655221.74	5170806.16	0.28413
21655293.89	5170786.15	0.249144
21655366.04	5170766.14	0.239076
21655438.18	5170746.14	0.247379
21655510.33	5170726.13	0.3418
21655582.48	5170706.12	0.253353
21655654.62	5170686.11	0.228236
21655726.77	5170666.1	0.224372
21655798.92	5170646.1	0.222439
21655871.06	5170626.09	0.227962
21655943.21	5170606.08	0.232717
21656015.36	5170586.07	0
21656087.5	5170566.06	0.215443
21656159.65	5170546.06	0.217405
21656231.8	5170526.05	0.227222
21656303.94	5170506.04	0.229916
21656376.09	5170486.03	0.227625
21656448.24	5170466.02	0.232625
21656520.38	5170446.02	0.246601
21656592.53	5170426.01	0.230985
21656664.68	5170406	0.334789
21656736.82	5170385.99	0
21656808.97	5170365.98	0.227154
21656881.12	5170345.98	0.229641
21656953.26	5170325.97	0.233474
21657025.41	5170305.96	0.227121
21657097.56	5170285.95	0.22399
21657169.7	5170265.94	0.228257
21657241.85	5170245.94	0.227092
21657314	5170225.93	0.222221
21657386.14	5170205.92	0.220521
21657458.29	5170185.91	0.22747
21657530.44	5170165.9	0.230877
21657602.58	5170145.9	0.237441
21657674.73	5170125.89	0.235338
21657746.88	5170105.88	0.241324
21657819.02	5170085.87	0.226592
21657891.17	5170065.86	0.223531
21657963.32	5170045.85	0.229386
21658035.46	5170025.85	0.233871
21658107.61	5170005.84	0.242998
21658179.76	5169985.83	0.227963
21658251.9	5169965.82	0.222105
21658324.05	5169945.81	0.226035
21658396.2	5169925.81	0.223439
21658468.34	5169905.8	0.21288
21658540.49	5169885.79	0.226611
21658612.64	5169865.78	0.243805
21658684.78	5169845.77	0.282643
21658756.93	5169825.77	0.267878
21658829.08	5169805.76	0.279441
21658901.22	5169785.75	0.233439
21658973.37	5169765.74	0.222201
21659045.52	5169745.73	0.219915
21653293.41	5171417.15	0.370514
21653365.55	5171397.14	0.347114
21653437.7	5171377.13	0.308526
21653509.85	5171357.12	0.315114
21653581.99	5171337.12	0.230903
21653654.14	5171317.11	0.229612
21653726.29	5171297.1	0.229943
21653798.43	5171277.09	0.230388
21653870.58	5171257.08	0.237065
21653942.73	5171237.08	0.233134
21654014.87	5171217.07	0.246515
21654087.02	5171197.06	0.231647
21654159.17	5171177.05	0.23778
21654231.32	5171157.04	0.23786
21654303.46	5171137.04	0.239953
21654375.61	5171117.03	0.288807
21654447.76	5171097.02	0.285128
21654519.9	5171077.01	0.274433
21654592.05	5171057	0.237305
21654664.2	5171037	0.231103
21654736.34	5171016.99	0.230761
21654808.49	5170996.98	0.230879
21654880.64	5170976.97	0.236625
21654952.78	5170956.96	0.244608
21655024.93	5170936.96	0.279021
21655097.08	5170916.95	0.280752
21655169.22	5170896.94	0.239448
21655241.37	5170876.93	0.268077
21655313.52	5170856.92	0.254127
21655385.66	5170836.92	0.231212
21655457.81	5170816.91	0.241241
21655529.96	5170796.9	0.270942
21655602.1	5170776.89	0.24928
21655674.25	5170756.88	0.230393
21655746.4	5170736.88	0.228758
21655818.54	5170716.87	0.222718
21655890.69	5170696.86	0.224391
21655962.84	5170676.85	0.332076
21656034.98	5170656.84	0.232046
21656107.13	5170636.83	0.21685
21656179.28	5170616.83	0.2139
21656251.42	5170596.82	0.220858
21656323.57	5170576.81	0.221769
21656395.72	5170556.8	0.220792
21656467.86	5170536.79	0.232816
21656540.01	5170516.79	0.230869
21656612.16	5170496.78	0.252482
21656684.3	5170476.77	0
21656756.45	5170456.76	0
21656828.6	5170436.75	0
21656900.74	5170416.75	0
21656972.89	5170396.74	0.22863
21657045.04	5170376.73	0.221406
21657117.18	5170356.72	0.221474
21657189.33	5170336.71	0.249353
21657261.48	5170316.71	0.227716
21657333.62	5170296.7	0.2244
21657405.77	5170276.69	0.226747
21657477.92	5170256.68	0.227305
21657550.06	5170236.67	0.229397
21657622.21	5170216.67	0.239447
21657694.36	5170196.66	0.238544
21657766.5	5170176.65	0.227522
21657838.65	5170156.64	0.227061
21657910.8	5170136.63	0.215472
21657982.94	5170116.63	0.220848
21658055.09	5170096.62	0.226873
21658127.24	5170076.61	0.228479
21658199.38	5170056.6	0.226558
21658271.53	5170036.59	0.218232
21658343.68	5170016.59	0.221569
21658415.82	5169996.58	0.22083
21658487.97	5169976.57	0.224721
21658560.12	5169956.56	0.226568
21658632.26	5169936.55	0.231285
21658704.41	5169916.55	0.255915
21658776.56	5169896.54	0.241341
21658848.7	5169876.53	0.242795
21658920.85	5169856.52	0.228371
21658993	5169836.51	0.225121
21659065.14	5169816.5	0.220545
21653313.03	5171487.92	0.390211
21653385.18	5171467.91	0.378455
21653457.33	5171447.9	0.339013
21653529.47	5171427.9	0.330115
21653601.62	5171407.89	0.234813
21653673.77	5171387.88	0.22981
21653745.91	5171367.87	0.230426
21653818.06	5171347.86	0.241634
21653890.21	5171327.86	0.301623
21653962.35	5171307.85	0.232206
21654034.5	5171287.84	0.232969
21654106.65	5171267.83	0.234605
21654178.79	5171247.82	0.234152
21654250.94	5171227.82	0.2341
21654323.09	5171207.81	0.240835
21654395.23	5171187.8	0.235557
21654467.38	5171167.79	0.232115
21654539.53	5171147.78	0.233353
21654611.67	5171127.77	0.231053
21654683.82	5171107.77	0.231589
21654755.97	5171087.76	0.23096
21654828.12	5171067.75	0.231324
21654900.26	5171047.74	0.231777
21654972.41	5171027.73	0.23122
21655044.56	5171007.73	0.237906
21655116.7	5170987.72	0.252493
21655188.85	5170967.71	0.232337
21655261	5170947.7	0.232435
21655333.14	5170927.69	0.231202
21655405.29	5170907.69	0.230437
21655477.44	5170887.68	0.236792
21655549.58	5170867.67	0.243728
21655621.73	5170847.66	0.284594
21655693.88	5170827.65	0.234203
21655766.02	5170807.65	0.230633
21655838.17	5170787.64	0.22411
21655910.32	5170767.63	0.224398
21655982.46	5170747.62	0.288996
21656054.61	5170727.61	0.301889
21656126.76	5170707.61	0.217539
21656198.9	5170687.6	0.220371
21656271.05	5170667.59	0.21992
21656343.2	5170647.58	0.219514
21656415.34	5170627.57	0.220682
21656487.49	5170607.57	0.220949
21656559.64	5170587.56	0.227891
21656631.78	5170567.55	0.234482
21656703.93	5170547.54	0
21656776.08	5170527.53	0
21656848.22	5170507.53	0
21656920.37	5170487.52	0
21656992.52	5170467.51	0.238847
21657064.66	5170447.5	0.220637
21657136.81	5170427.49	0.220104
21657208.96	5170407.48	0.226486
21657281.1	5170387.48	0.233822
21657353.25	5170367.47	0.223529
21657425.4	5170347.46	0.227325
21657497.54	5170327.45	0.228722
21657569.69	5170307.44	0.227386
21657641.84	5170287.44	0.227934
21657713.98	5170267.43	0.230126
21657786.13	5170247.42	0.230155
21657858.28	5170227.41	0.227417
21657930.42	5170207.4	0.218047
21658002.57	5170187.4	0.221318
21658074.72	5170167.39	0.226957
21658146.86	5170147.38	0.226806
21658219.01	5170127.37	0.226317
21658291.16	5170107.36	0.219319
21658363.3	5170087.36	0.219781
21658435.45	5170067.35	0.219685
21658507.6	5170047.34	0.22145
21658579.74	5170027.33	0.22389
21658651.89	5170007.32	0.227881
21658724.04	5169987.32	0.230727
21658796.18	5169967.31	0.227224
21658868.33	5169947.3	0.227826
21658940.48	5169927.29	0.215274
21659012.62	5169907.28	0.220283
21659084.77	5169887.28	0.215213
21653260.51	5171578.7	0.39412
21653332.66	5171558.69	0.387049
21653404.81	5171538.68	0.370943
21653476.95	5171518.67	0.32768
21653549.1	5171498.67	0.266545
21653621.25	5171478.66	0.235671
21653693.39	5171458.65	0.236044
21653765.54	5171438.64	0.23392
21653837.69	5171418.63	0.337048
21653909.83	5171398.63	0.248337
21653981.98	5171378.62	0.277156
21654054.13	5171358.61	0.232584
21654126.27	5171338.6	0.233426
21654198.42	5171318.59	0.231067
21654270.57	5171298.59	0.233375
21654342.71	5171278.58	0.233078
21654414.86	5171258.57	0.235906
21654487.01	5171238.56	0.232298
21654559.15	5171218.55	0.235281
21654631.3	5171198.55	0.234224
21654703.45	5171178.54	0.230697
21654775.59	5171158.53	0.231204
21654847.74	5171138.52	0.238852
21654919.89	5171118.51	0.241641
21654992.04	5171098.51	0.239221
21655064.18	5171078.5	0.250815
21655136.33	5171058.49	0.274658
21655208.48	5171038.48	0.263069
21655280.62	5171018.47	0.293406
21655352.77	5170998.47	0.261892
21655424.92	5170978.46	0.231722
21655497.06	5170958.45	0.247634
21655569.21	5170938.44	0.245399
21655641.36	5170918.43	0.309107
21655713.5	5170898.42	0.278468
21655785.65	5170878.42	0.324325
21655857.8	5170858.41	0.238298
21655929.94	5170838.4	0.237365
21656002.09	5170818.39	0.315279
21656074.24	5170798.38	0.233423
21656146.38	5170778.38	0.21479
21656218.53	5170758.37	0.219707
21656290.68	5170738.36	0.218693
21656362.82	5170718.35	0.21752
21656434.97	5170698.34	0.221981
21656507.12	5170678.34	0.221407
21656579.26	5170658.33	0.219909
21656651.41	5170638.32	0.228223
21656723.56	5170618.31	0.230062
21656795.7	5170598.3	0.232193
21656867.85	5170578.3	0
21656940	5170558.29	0
21657012.14	5170538.28	0
21657084.29	5170518.27	0.217441
21657156.44	5170498.26	0.218171
21657228.58	5170478.26	0.222183
21657300.73	5170458.25	0.27896
21657372.88	5170438.24	0.230738
21657445.02	5170418.23	0.294992
21657517.17	5170398.22	0.24381
21657589.32	5170378.22	0.230315
21657661.46	5170358.21	0.230973
21657733.61	5170338.2	0.229456
21657805.76	5170318.19	0.22872
21657877.9	5170298.18	0.22696
21657950.05	5170278.18	0.22447
21658022.2	5170258.17	0.226462
21658094.34	5170238.16	0.226775
21658166.49	5170218.15	0.226665
21658238.64	5170198.14	0.226272
21658310.78	5170178.13	0.226297
21658382.93	5170158.13	0.224853
21658455.08	5170138.12	0.235329
21658527.22	5170118.11	0.227534
21658599.37	5170098.1	0.227341
21658671.52	5170078.09	0.227647
21658743.66	5170058.09	0.227772
21658815.81	5170038.08	0.227341
21658887.96	5170018.07	0.222492
21658960.1	5169998.06	0.210733
21659032.25	5169978.05	0.212444
21659104.4	5169958.05	0.210621
21653280.14	5171649.47	0.377698
21653352.29	5171629.46	0.371644
21653424.43	5171609.45	0.34306
21653496.58	5171589.45	0.279869
21653568.73	5171569.44	0.231037
21653640.87	5171549.43	0.249101
21653713.02	5171529.42	0.355747
21653785.17	5171509.41	0.342096
21653857.31	5171489.4	0.318526
21653929.46	5171469.4	0.2311
21654001.61	5171449.39	0.272089
21654073.75	5171429.38	0.230511
21654145.9	5171409.37	0.230324
21654218.05	5171389.36	0.231446
21654290.19	5171369.36	0.237635
21654362.34	5171349.35	0.2518
21654434.49	5171329.34	0.255257
21654506.63	5171309.33	0.246955
21654578.78	5171289.32	0.248038
21654650.93	5171269.32	0.250971
21654723.07	5171249.31	0.234006
21654795.22	5171229.3	0.231486
21654867.37	5171209.29	0.24102
21654939.51	5171189.28	0.242805
21655011.66	5171169.28	0.235102
21655083.81	5171149.27	0.267464
21655155.95	5171129.26	0.288322
21655228.1	5171109.25	0.316075
21655300.25	5171089.24	0.334918
21655372.39	5171069.24	0.296489
21655444.54	5171049.23	0.239346
21655516.69	5171029.22	0.261963
21655588.84	5171009.21	0.258551
21655660.98	5170989.2	0.271356
21655733.13	5170969.2	0.26754
21655805.28	5170949.19	0.236544
21655877.42	5170929.18	0.234347
21655949.57	5170909.17	0.256031
21656021.72	5170889.16	0.240299
21656093.86	5170869.16	0.227406
21656166.01	5170849.15	0.21661
21656238.16	5170829.14	0.215304
21656310.3	5170809.13	0.23044
21656382.45	5170789.12	0.22279
21656454.6	5170769.11	0.227843
21656526.74	5170749.11	0.291103
21656598.89	5170729.1	0.321877
21656671.04	5170709.09	0.305225
21656743.18	5170689.08	0.230065
21656815.33	5170669.07	0.233036
21656887.48	5170649.07	0
21656959.62	5170629.06	0
21657031.77	5170609.05	0
21657103.92	5170589.04	0
21657176.06	5170569.03	0
21657248.21	5170549.03	0
21657320.36	5170529.02	0.230198
21657392.5	5170509.01	0.253885
21657464.65	5170489	0.236228
21657536.8	5170468.99	0.231157
21657608.94	5170448.99	0.231285
21657681.09	5170428.98	0.240918
21657753.24	5170408.97	0.267852
21657825.38	5170388.96	0.236792
21657897.53	5170368.95	0.228709
21657969.68	5170348.95	0.228669
21658041.82	5170328.94	0.228867
21658113.97	5170308.93	0.228305
21658186.12	5170288.92	0.230487
21658258.26	5170268.91	0.226921
21658330.41	5170248.91	0.226366
21658402.56	5170228.9	0.227693
21658474.7	5170208.89	0.231695
21658546.85	5170188.88	0.233438
21658619	5170168.87	0.227124
21658691.14	5170148.87	0.231113
21658763.29	5170128.86	0.229998
21658835.44	5170108.85	0.227023
21658907.58	5170088.84	0.226534
21658979.73	5170068.83	0.211555
21659051.88	5170048.83	0.214603
21653299.77	5171720.24	0.332074
21653371.91	5171700.23	0.337911
21653444.06	5171680.22	0.31797
21653516.21	5171660.22	0.24937
21653588.35	5171640.21	0.230403
21653660.5	5171620.2	0.231824
21653732.65	5171600.19	0.336828
21653804.79	5171580.18	0.326262
21653876.94	5171560.18	0.233206
21653949.09	5171540.17	0.230959
21654021.23	5171520.16	0.231504
21654093.38	5171500.15	0.233095
21654165.53	5171480.14	0.234465
21654237.67	5171460.14	0.235149
21654309.82	5171440.13	0.256148
21654381.97	5171420.12	0.260137
21654454.11	5171400.11	0.255439
21654526.26	5171380.1	0.252375
21654598.41	5171360.09	0.235417
21654670.55	5171340.09	0.237984
21654742.7	5171320.08	0.241797
21654814.85	5171300.07	0.263956
21654886.99	5171280.06	0.24656
21654959.14	5171260.05	0.246644
21655031.29	5171240.05	0.240175
21655103.43	5171220.04	0.23422
21655175.58	5171200.03	0.300348
21655247.73	5171180.02	0.328173
21655319.87	5171160.01	0.3296
21655392.02	5171140.01	0.270594
21655464.17	5171120	0.268988
21655536.31	5171099.99	0.309709
21655608.46	5171079.98	0.27047
21655680.61	5171059.97	0.311395
21655752.76	5171039.97	0.263528
21655824.9	5171019.96	0.22844
21655897.05	5170999.95	0.230325
21655969.2	5170979.94	0.257618
21656041.34	5170959.93	0.228498
21656113.49	5170939.93	0.221591
21656185.64	5170919.92	0.218958
21656257.78	5170899.91	0.22799
21656329.93	5170879.9	0
21656402.08	5170859.89	0
21656474.22	5170839.89	0
21656546.37	5170819.88	0.2322
21656618.52	5170799.87	0
21656690.66	5170779.86	0.325393
21656762.81	5170759.85	0.226711
21656834.96	5170739.85	0.228629
21656907.1	5170719.84	0.231948
21656979.25	5170699.83	0
21657051.4	5170679.82	0
21657123.54	5170659.81	0
21657195.69	5170639.81	0
21657267.84	5170619.8	0
21657339.98	5170599.79	0.226655
21657412.13	5170579.78	0.235854
21657484.28	5170559.77	0.238132
21657556.42	5170539.76	0.226561
21657628.57	5170519.76	0.229368
21657700.72	5170499.75	0.239635
21657772.86	5170479.74	0.334218
21657845.01	5170459.73	0.279714
21657917.16	5170439.72	0.246098
21657989.3	5170419.72	0.270495
21658061.45	5170399.71	0.233789
21658133.6	5170379.7	0.232031
21658205.74	5170359.69	0.233876
21658277.89	5170339.68	0.226944
21658350.04	5170319.68	0.227532
21658422.18	5170299.67	0.234666
21658494.33	5170279.66	0.231235
21658566.48	5170259.65	0.23067
21658638.62	5170239.64	0.233988
21658710.77	5170219.64	0.282189
21658782.92	5170199.63	0.243488
21658855.06	5170179.62	0.229541
21658927.21	5170159.61	0.227703
21658999.36	5170139.6	0.226837
21659071.5	5170119.6	0.226897
21653247.25	5171811.02	0.235691
21653319.39	5171791.01	0.27352
21653391.54	5171771	0.300258
21653463.69	5171750.99	0.239593
21653535.83	5171730.99	0.232222
21653607.98	5171710.98	0.230002
21653680.13	5171690.97	0.228118
21653752.27	5171670.96	0.231171
21653824.42	5171650.95	0.330282
21653896.57	5171630.95	0.243162
21653968.71	5171610.94	0.231119
21654040.86	5171590.93	0.235398
21654113.01	5171570.92	0.23286
21654185.15	5171550.91	0.283167
21654257.3	5171530.91	0.327256
21654329.45	5171510.9	0.302061
21654401.59	5171490.89	0.26576
21654473.74	5171470.88	0.245511
21654545.89	5171450.87	0.235839
21654618.03	5171430.87	0.232349
21654690.18	5171410.86	0.234224
21654762.33	5171390.85	0.250726
21654834.47	5171370.84	0.306035
21654906.62	5171350.83	0.306186
21654978.77	5171330.83	0.288785
21655050.91	5171310.82	0.234396
21655123.06	5171290.81	0.231401
21655195.21	5171270.8	0.243271
21655267.35	5171250.79	0.272699
21655339.5	5171230.79	0.283712
21655411.65	5171210.78	0.281891
21655483.79	5171190.77	0.28234
21655555.94	5171170.76	0.261333
21655628.09	5171150.75	0.232567
21655700.23	5171130.74	0.296036
21655772.38	5171110.74	0.26812
21655844.53	5171090.73	0.230272
21655916.67	5171070.72	0.227421
21655988.82	5171050.71	0.228777
21656060.97	5171030.7	0.218868
21656133.11	5171010.7	0.221631
21656205.26	5170990.69	0.218263
21656277.41	5170970.68	0.235225
21656349.56	5170950.67	0.282733
21656421.7	5170930.66	0.284005
21656493.85	5170910.66	0.300064
21656566	5170890.65	0.229699
21656638.14	5170870.64	0
21656710.29	5170850.63	0
21656782.44	5170830.62	0.227668
21656854.58	5170810.62	0.226776
21656926.73	5170790.61	0.227475
21656998.88	5170770.6	0.227934
21657071.02	5170750.59	0
21657143.17	5170730.58	0.235367
21657215.32	5170710.58	0.224447
21657287.46	5170690.57	0.232472
21657359.61	5170670.56	0.228252
21657431.76	5170650.55	0.228513
21657503.9	5170630.54	0.22446
21657576.05	5170610.54	0.220564
21657648.2	5170590.53	0.228412
21657720.34	5170570.52	0.228844
21657792.49	5170550.51	0.344785
21657864.64	5170530.5	0.304921
21657936.78	5170510.5	0.235539
21658008.93	5170490.49	0.255084
21658081.08	5170470.48	0.231769
21658153.22	5170450.47	0.23173
21658225.37	5170430.46	0.232019
21658297.52	5170410.46	0.229749
21658369.66	5170390.45	0.231824
21658441.81	5170370.44	0.232181
21658513.96	5170350.43	0.229381
21658586.1	5170330.42	0.236818
21658658.25	5170310.41	0.280545
21658730.4	5170290.41	0.279485
21658802.54	5170270.4	0.235704
21658874.69	5170250.39	0.228104
21658946.84	5170230.38	0.2289
21659018.98	5170210.37	0.230182
21659091.13	5170190.37	0.232752
21653266.87	5171881.79	0.229378
21653339.02	5171861.78	0.230584
21653411.17	5171841.77	0.235758
21653483.31	5171821.77	0.236318
21653555.46	5171801.76	0.23475
21653627.61	5171781.75	0.232155
21653699.75	5171761.74	0.22958
21653771.9	5171741.73	0.230273
21653844.05	5171721.73	0.267592
21653916.19	5171701.72	0.256797
21653988.34	5171681.71	0.23733
21654060.49	5171661.7	0.269139
21654132.63	5171641.69	0.274543
21654204.78	5171621.68	0.342878
21654276.93	5171601.68	0.352085
21654349.07	5171581.67	0.350577
21654421.22	5171561.66	0.307096
21654493.37	5171541.65	0.292827
21654565.51	5171521.64	0.275356
21654637.66	5171501.64	0.244593
21654709.81	5171481.63	0.287185
21654781.95	5171461.62	0.307905
21654854.1	5171441.61	0.314999
21654926.25	5171421.6	0.346807
21654998.39	5171401.6	0.343893
21655070.54	5171381.59	0.275842
21655142.69	5171361.58	0.238647
21655214.83	5171341.57	0.268447
21655286.98	5171321.56	0.285025
21655359.13	5171301.56	0.298807
21655431.27	5171281.55	0.30446
21655503.42	5171261.54	0.298391
21655575.57	5171241.53	0.305535
21655647.71	5171221.52	0.294951
21655719.86	5171201.52	0.324593
21655792.01	5171181.51	0.290943
21655864.15	5171161.5	0.233886
21655936.3	5171141.49	0.22848
21656008.45	5171121.48	0.226059
21656080.59	5171101.48	0.217093
21656152.74	5171081.47	0.215237
21656224.89	5171061.46	0.226444
21656297.03	5171041.45	0.264804
21656369.18	5171021.44	0.290101
21656441.33	5171001.44	0.261777
21656513.48	5170981.43	0.229184
21656585.62	5170961.42	0.231011
21656657.77	5170941.41	0.228659
21656729.91	5170921.4	0.229756
21656802.06	5170901.39	0
21656874.21	5170881.39	0.23536
21656946.36	5170861.38	0.229548
21657018.5	5170841.37	0.227551
21657090.65	5170821.36	0
21657162.8	5170801.35	0.22951
21657234.94	5170781.35	0.225902
21657307.09	5170761.34	0.255101
21657379.24	5170741.33	0.232358
21657451.38	5170721.32	0.22911
21657523.53	5170701.31	0.227668
21657595.68	5170681.31	0.233176
21657667.82	5170661.3	0.219274
21657739.97	5170641.29	0.216354
21657812.12	5170621.28	0.238967
21657884.26	5170601.27	0.231593
21657956.41	5170581.27	0.2295
21658028.56	5170561.26	0.230413
21658100.7	5170541.25	0.224632
21658172.85	5170521.24	0.223442
21658245	5170501.23	0.231825
21658317.14	5170481.23	0.238838
21658389.29	5170461.22	0.232433
21658461.44	5170441.21	0.229196
21658533.58	5170421.2	0.227291
21658605.73	5170401.19	0.230651
21658677.88	5170381.19	0.265399
21658750.02	5170361.18	0.257637
21658822.17	5170341.17	0.236346
21658894.32	5170321.16	0.228849
21658966.46	5170301.15	0.227599
21659038.61	5170281.15	0.230067
21653286.5	5171952.56	0.229565
21653358.65	5171932.55	0.225113
21653430.79	5171912.54	0.231378
21653502.94	5171892.54	0.260567
21653575.09	5171872.53	0.234499
21653647.23	5171852.52	0.232838
21653719.38	5171832.51	0.232027
21653791.53	5171812.5	0.232243
21653863.67	5171792.5	0.235113
21653935.82	5171772.49	0.263556
21654007.97	5171752.48	0.249111
21654080.11	5171732.47	0.297856
21654152.26	5171712.46	0.316899
21654224.41	5171692.46	0.345397
21654296.55	5171672.45	0.35055
21654368.7	5171652.44	0.330805
21654440.85	5171632.43	0.323681
21654512.99	5171612.42	0.325999
21654585.14	5171592.42	0.31962
21654657.29	5171572.41	0.294727
21654729.43	5171552.4	0.334207
21654801.58	5171532.39	0.332838
21654873.73	5171512.38	0.315439
21654945.87	5171492.37	0.338857
21655018.02	5171472.37	0.347883
21655090.17	5171452.36	0.314802
21655162.31	5171432.35	0.272667
21655234.46	5171412.34	0.292147
21655306.61	5171392.33	0.302742
21655378.75	5171372.33	0.30885
21655450.9	5171352.32	0.307257
21655523.05	5171332.31	0.311467
21655595.19	5171312.3	0.317505
21655667.34	5171292.29	0.316439
21655739.49	5171272.29	0.310105
21655811.63	5171252.28	0.28731
21655883.78	5171232.27	0.249871
21655955.93	5171212.26	0.233379
21656028.07	5171192.25	0.232513
21656100.22	5171172.25	0.224799
21656172.37	5171152.24	0.222644
21656244.51	5171132.23	0.227462
21656316.66	5171112.22	0.259147
21656388.81	5171092.21	0.289215
21656460.95	5171072.21	0.280151
21656533.1	5171052.2	0.237368
21656605.25	5171032.19	0.230635
21656677.39	5171012.18	0.230607
21656749.54	5170992.17	0.226704
21656821.69	5170972.17	0
21656893.84	5170952.16	0
21656965.98	5170932.15	0
21657038.13	5170912.14	0
21657110.27	5170892.13	0.231255
21657182.42	5170872.13	0.223698
21657254.57	5170852.12	0.227143
21657326.72	5170832.11	0.310613
21657398.86	5170812.1	0.310245
21657471.01	5170792.09	0.327613
21657543.16	5170772.09	0.283802
21657615.3	5170752.08	0.34376
21657687.45	5170732.07	0.344006
21657759.6	5170712.06	0.235972
21657831.74	5170692.05	0.249938
21657903.89	5170672.04	0.22778
21657976.04	5170652.04	0.224589
21658048.18	5170632.03	0.227204
21658120.33	5170612.02	0.223335
21658192.48	5170592.01	0.221174
21658264.62	5170572	0.231234
21658336.77	5170552	0.258668
21658408.92	5170531.99	0.247052
21658481.06	5170511.98	0.249522
21658553.21	5170491.97	0.232602
21658625.36	5170471.96	0.279843
21658697.5	5170451.96	0.330625
21658769.65	5170431.95	0.320047
21658841.8	5170411.94	0.276463
21658913.94	5170391.93	0.241001
21658986.09	5170371.92	0.231086
21659058.24	5170351.92	0.232812
21653306.13	5172023.33	0.294589
21653378.27	5172003.32	0.234329
21653450.42	5171983.31	0.23174
21653522.57	5171963.31	0.23611
21653594.71	5171943.3	0.235615
21653666.86	5171923.29	0.233278
21653739.01	5171903.28	0.23255
21653811.15	5171883.27	0.232449
21653883.3	5171863.27	0.236132
21653955.45	5171843.26	0.280235
21654027.59	5171823.25	0.28551
21654099.74	5171803.24	0.297736
21654171.89	5171783.23	0.317805
21654244.03	5171763.23	0.326796
21654316.18	5171743.22	0.317884
21654388.33	5171723.21	0.253703
21654460.47	5171703.2	0.323628
21654532.62	5171683.19	0.322866
21654604.77	5171663.19	0.325316
21654676.91	5171643.18	0.325249
21654749.06	5171623.17	0.345265
21654821.21	5171603.16	0.354446
21654893.35	5171583.15	0.345111
21654965.5	5171563.15	0.351929
21655037.65	5171543.14	0.331185
21655109.79	5171523.13	0.321391
21655181.94	5171503.12	0.305829
21655254.09	5171483.11	0.310606
21655326.23	5171463.11	0.31712
21655398.38	5171443.1	0.315837
21655470.53	5171423.09	0.314099
21655542.67	5171403.08	0.315182
21655614.82	5171383.07	0.304565
21655686.97	5171363.07	0.30474
21655759.11	5171343.06	0.305079
21655831.26	5171323.05	0.310184
21655903.41	5171303.04	0.280098
21655975.55	5171283.03	0.242354
21656047.7	5171263.02	0.232258
21656119.85	5171243.02	0.232762
21656191.99	5171223.01	0.252063
21656264.14	5171203	0.264979
21656336.29	5171182.99	0.287209
21656408.43	5171162.98	0.329327
21656480.58	5171142.98	0.321554
21656552.73	5171122.97	0.288154
21656624.87	5171102.96	0.225444
21656697.02	5171082.95	0.229759
21656769.17	5171062.94	0.226855
21656841.31	5171042.94	0.232014
21656913.46	5171022.93	0
21656985.61	5171002.92	0
21657057.75	5170982.91	0
21657129.9	5170962.9	0.228085
21657202.05	5170942.9	0.224479
21657274.19	5170922.89	0.228389
21657346.34	5170902.88	0.235161
21657418.49	5170882.87	0.307827
21657490.64	5170862.86	0.340184
21657562.78	5170842.86	0.319781
21657634.93	5170822.85	0.293061
21657707.08	5170802.84	0.297304
21657779.22	5170782.83	0.275713
21657851.37	5170762.82	0.230472
21657923.52	5170742.82	0.267519
21657995.66	5170722.81	0.218402
21658067.81	5170702.8	0.222935
21658139.96	5170682.79	0.223795
21658212.1	5170662.78	0.221779
21658284.25	5170642.78	0.220336
21658356.4	5170622.77	0.247079
21658428.54	5170602.76	0.278327
21658500.69	5170582.75	0.274008
21658572.84	5170562.74	0.24992
21658644.98	5170542.74	0.316791
21658717.13	5170522.73	0.334633
21658789.28	5170502.72	0.343897
21658861.42	5170482.71	0.330523
21658933.57	5170462.7	0.297533
21659005.72	5170442.69	0.256205
21659077.86	5170422.69	0.243683
21653253.61	5172114.11	0.367122
21653325.75	5172094.1	0.256282
21653397.9	5172074.09	0.254009
21653470.05	5172054.09	0.238266
21653542.19	5172034.08	0.238003
21653614.34	5172014.07	0.236164
21653686.49	5171994.06	0.233136
21653758.63	5171974.05	0.238849
21653830.78	5171954.05	0.235076
21653902.93	5171934.04	0.233922
21653975.07	5171914.03	0.236164
21654047.22	5171894.02	0.271857
21654119.37	5171874.01	0.233474
21654191.51	5171854	0.23845
21654263.66	5171834	0.301859
21654335.81	5171813.99	0.234415
21654407.95	5171793.98	0.23538
21654480.1	5171773.97	0.245376
21654552.25	5171753.96	0.266426
21654624.39	5171733.96	0.251626
21654696.54	5171713.95	0.264047
21654768.69	5171693.94	0.320392
21654840.83	5171673.93	0.308468
21654912.98	5171653.92	0.337016
21654985.13	5171633.92	0.342835
21655057.27	5171613.91	0.325162
21655129.42	5171593.9	0.321916
21655201.57	5171573.89	0.317596
21655273.71	5171553.88	0.318766
21655345.86	5171533.88	0.321146
21655418.01	5171513.87	0.316816
21655490.15	5171493.86	0.314608
21655562.3	5171473.85	0.309132
21655634.45	5171453.84	0.304601
21655706.59	5171433.84	0.307467
21655778.74	5171413.83	0.312387
21655850.89	5171393.82	0.31583
21655923.03	5171373.81	0.303479
21655995.18	5171353.8	0.270841
21656067.33	5171333.8	0.257855
21656139.47	5171313.79	0.255466
21656211.62	5171293.78	0.260127
21656283.77	5171273.77	0.269721
21656355.91	5171253.76	0.302789
21656428.06	5171233.76	0.324115
21656500.21	5171213.75	0.316438
21656572.35	5171193.74	0.307584
21656644.5	5171173.73	0.2992
21656716.65	5171153.72	0.235503
21656788.79	5171133.72	0.232585
21656860.94	5171113.71	0.231926
21656933.09	5171093.7	0
21657005.23	5171073.69	0
21657077.38	5171053.68	0
21657149.53	5171033.67	0.2238
21657221.67	5171013.67	0.22842
21657293.82	5170993.66	0.254832
21657365.97	5170973.65	0.228069
21657438.11	5170953.64	0.238895
21657510.26	5170933.63	0.272157
21657582.41	5170913.63	0.285681
21657654.55	5170893.62	0.231862
21657726.7	5170873.61	0.227937
21657798.85	5170853.6	0.224359
21657870.99	5170833.59	0.210469
21657943.14	5170813.59	0.225808
21658015.29	5170793.58	0.212144
21658087.44	5170773.57	0.213976
21658159.58	5170753.56	0.216586
21658231.73	5170733.55	0.214645
21658303.88	5170713.55	0.213226
21658376.02	5170693.54	0.236176
21658448.17	5170673.53	0.28772
21658520.32	5170653.52	0.318271
21658592.46	5170633.51	0.316298
21658664.61	5170613.51	0.333452
21658736.76	5170593.5	0.34511
21658808.9	5170573.49	0.353135
21658881.05	5170553.48	0.350634
21658953.2	5170533.47	0.335738
21659025.34	5170513.47	0.301915
21659097.49	5170493.46	0.256386
21653273.23	5172184.88	0.231438
21653345.38	5172164.87	0.247163
21653417.53	5172144.86	0.25068
21653489.67	5172124.86	0.24108
21653561.82	5172104.85	0.240257
21653633.97	5172084.84	0.232604
21653706.11	5172064.83	0.235208
21653778.26	5172044.82	0.283323
21653850.41	5172024.82	0.233839
21653922.55	5172004.81	0.235175
21653994.7	5171984.8	0.292896
21654066.85	5171964.79	0.316667
21654138.99	5171944.78	0.315175
21654211.14	5171924.78	0.303863
21654283.29	5171904.77	0.318331
21654355.43	5171884.76	0.309985
21654427.58	5171864.75	0.258744
21654499.73	5171844.74	0.239812
21654571.87	5171824.74	0.271165
21654644.02	5171804.73	0.23541
21654716.17	5171784.72	0.250152
21654788.31	5171764.71	0.333062
21654860.46	5171744.7	0.319389
21654932.61	5171724.7	0.353074
21655004.75	5171704.69	0.352064
21655076.9	5171684.68	0.326995
21655149.05	5171664.67	0.313033
21655221.19	5171644.66	0.326583
21655293.34	5171624.65	0.326344
21655365.49	5171604.65	0.322413
21655437.63	5171584.64	0.318785
21655509.78	5171564.63	0.312425
21655581.93	5171544.62	0.298435
21655654.07	5171524.61	0.291333
21655726.22	5171504.61	0.283144
21655798.37	5171484.6	0.297949
21655870.51	5171464.59	0.316433
21655942.66	5171444.58	0.312514
21656014.81	5171424.57	0.28301
21656086.95	5171404.57	0.273779
21656159.1	5171384.56	0.265744
21656231.25	5171364.55	0.267384
21656303.39	5171344.54	0.296151
21656375.54	5171324.53	0.327584
21656447.69	5171304.53	0.280899
21656519.83	5171284.52	0.318614
21656591.98	5171264.51	0.344399
21656664.13	5171244.5	0
21656736.27	5171224.49	0.346453
21656808.42	5171204.49	0
21656880.57	5171184.48	0.230499
21656952.71	5171164.47	0
21657024.86	5171144.46	0
21657097.01	5171124.45	0
21657169.15	5171104.45	0.21321
21657241.3	5171084.44	0.226749
21657313.45	5171064.43	0.249755
21657385.59	5171044.42	0.224725
21657457.74	5171024.41	0.227527
21657529.89	5171004.41	0.22879
21657602.03	5170984.4	0.230208
21657674.18	5170964.39	0.21263
21657746.33	5170944.38	0.210902
21657818.47	5170924.37	0.210307
21657890.62	5170904.36	0.210737
21657962.77	5170884.36	0.212161
21658034.91	5170864.35	0.213643
21658107.06	5170844.34	0.213575
21658179.21	5170824.33	0.215258
21658251.36	5170804.32	0.212745
21658323.5	5170784.32	0.212153
21658395.65	5170764.31	0.232136
21658467.8	5170744.3	0.311422
21658539.94	5170724.29	0.325655
21658612.09	5170704.28	0.328906
21658684.24	5170684.28	0.342553
21658756.38	5170664.27	0.357725
21658828.53	5170644.26	0.367343
21658900.68	5170624.25	0.367225
21658972.82	5170604.24	0.356274
21659044.97	5170584.24	0.340902
