21653307.22	5170346.33	0.54013
21653379.37	5170326.32	0.574752
21653451.52	5170306.31	0.594397
21653523.66	5170286.3	0.600985
21653595.81	5170266.29	0.625423
21653667.96	5170246.29	0.618783
21653740.1	5170226.28	0.595791
21653812.25	5170206.27	0.58661
21653884.4	5170186.26	0.526755
21653956.54	5170166.25	0.502526
21654028.69	5170146.25	0.481131
21654100.84	5170126.24	0.462641
21654172.98	5170106.23	0.452459
21654245.13	5170086.22	0.44511
21654317.28	5170066.21	0.462205
21654389.42	5170046.21	0.482096
21654461.57	5170026.2	0.513295
21654533.72	5170006.19	0.526821
21654605.86	5169986.18	0.532233
21654678.01	5169966.17	0.534206
21654750.16	5169946.17	0.524698
21654822.31	5169926.16	0.483936
21654894.45	5169906.15	0.461409
21654966.6	5169886.14	0.441761
21655038.75	5169866.13	0.433687
21655110.89	5169846.13	0.437683
21655183.04	5169826.12	0.440859
21655255.19	5169806.11	0.439251
21655327.33	5169786.1	0.415234
21655399.48	5169766.09	0.399194
21653254.7	5170437.11	0.557777
21653326.85	5170417.1	0.534356
21653399	5170397.09	0.531948
21653471.14	5170377.08	0.483256
21653543.29	5170357.07	0.46927
21653615.44	5170337.07	0.556677
21653687.58	5170317.06	0.592182
21653759.73	5170297.05	0.591833
21653831.88	5170277.04	0.560108
21653904.02	5170257.03	0.49706
21653976.17	5170237.03	0.449646
21654048.32	5170217.02	0.427007
21654120.46	5170197.01	0.401866
21654192.61	5170177	0.371566
21654264.76	5170156.99	0.336679
21654336.9	5170136.98	0.386768
21654409.05	5170116.98	0.398075
21654481.2	5170096.97	0.440963
21654553.34	5170076.96	0.477373
21654625.49	5170056.95	0.493063
21654697.64	5170036.94	0.514534
21654769.78	5170016.94	0.471092
21654841.93	5169996.93	0.446573
21654914.08	5169976.92	0.420267
21654986.23	5169956.91	0.404486
21655058.37	5169936.9	0.391451
21655130.52	5169916.9	0.399644
21655202.66	5169896.89	0.404371
21655274.81	5169876.88	0.399839
21655346.96	5169856.87	0.395736
21655419.11	5169836.86	0.354195
21655491.25	5169816.86	0.363189
21655563.4	5169796.85	0.347099
21655635.55	5169776.84	0.32934
21655707.69	5169756.83	0.33396
21655779.84	5169736.82	0.381974
21655851.99	5169716.82	0.381687
21655924.13	5169696.81	0.399943
21655996.28	5169676.8	0.392456
21656068.43	5169656.79	0.418643
21656140.57	5169636.78	0.409733
21656212.72	5169616.78	0.410312
21656284.87	5169596.77	0.388602
21656357.01	5169576.76	0.383784
21656429.16	5169556.75	0.355117
21656501.31	5169536.74	0.33858
21656573.45	5169516.74	0.373377
21656645.6	5169496.73	0.406093
21656717.75	5169476.72	0.428525
21656789.89	5169456.71	0.430143
21656862.04	5169436.7	0.423582
21656934.19	5169416.69	0.429851
21657006.33	5169396.69	0.432921
21657078.48	5169376.68	0.44767
21657150.63	5169356.67	0.445621
21657222.77	5169336.66	0.418562
21657294.92	5169316.65	0.390182
21657367.07	5169296.65	0.38765
21657439.21	5169276.64	0.399706
21657511.36	5169256.63	0.238741
21657583.51	5169236.62	0
21657655.65	5169216.61	0
21657727.8	5169196.61	0
21657799.95	5169176.6	0.54717
21657872.09	5169156.59	0.598537
21657944.24	5169136.58	0.617811
21658016.39	5169116.57	0.599388
21658088.53	5169096.57	0.575335
21658160.68	5169076.56	0.290373
21658232.83	5169056.55	0.440354
21658304.97	5169036.54	0.547174
21658377.12	5169016.53	0.529426
21658449.27	5168996.53	0.528086
21658521.41	5168976.52	0.520093
21658593.56	5168956.51	0.515686
21658665.71	5168936.5	0
21658737.85	5168916.49	0.514729
21658810	5168896.49	0.524936
21658882.15	5168876.48	0.531291
21658954.29	5168856.47	0.559088
21659026.44	5168836.46	0.576459
21659098.59	5168816.45	0.609631
21653274.33	5170507.88	0.553444
21653346.48	5170487.87	0.498572
21653418.62	5170467.86	0.365559
21653490.77	5170447.85	0.311358
21653562.92	5170427.84	0.24357
21653635.06	5170407.84	0.449895
21653707.21	5170387.83	0.528087
21653779.36	5170367.82	0.571816
21653851.5	5170347.81	0.535711
21653923.65	5170327.8	0.455709
21653995.8	5170307.8	0.427283
21654067.94	5170287.79	0.393538
21654140.09	5170267.78	0.339618
21654212.24	5170247.77	0.235496
21654284.38	5170227.76	0.237941
21654356.53	5170207.76	0.267934
21654428.68	5170187.75	0.238297
21654500.82	5170167.74	0.3762
21654572.97	5170147.73	0.419587
21654645.12	5170127.72	0.440254
21654717.26	5170107.72	0.449135
21654789.41	5170087.71	0.41596
21654861.56	5170067.7	0.397218
21654933.7	5170047.69	0.393095
21655005.85	5170027.68	0.377758
21655078	5170007.68	0.347415
21655150.14	5169987.67	0.341655
21655222.29	5169967.66	0.361304
21655294.44	5169947.65	0.342205
21655366.58	5169927.64	0.313972
21655438.73	5169907.63	0.261066
21655510.88	5169887.63	0.236469
21655583.03	5169867.62	0.303346
21655655.17	5169847.61	0.251627
21655727.32	5169827.6	0.328867
21655799.47	5169807.59	0.369592
21655871.61	5169787.59	0
21655943.76	5169767.58	0.319933
21656015.91	5169747.57	0.362557
21656088.05	5169727.56	0.38182
21656160.2	5169707.55	0.386687
21656232.35	5169687.55	0.365047
21656304.49	5169667.54	0.279585
21656376.64	5169647.53	0.348304
21656448.79	5169627.52	0.237618
21656520.93	5169607.51	0.233101
21656593.08	5169587.51	0.239978
21656665.23	5169567.5	0.360976
21656737.37	5169547.49	0.34737
21656809.52	5169527.48	0.358642
21656881.67	5169507.47	0.369009
21656953.81	5169487.47	0.386298
21657025.96	5169467.46	0.389696
21657098.11	5169447.45	0.441776
21657170.25	5169427.44	0.411536
21657242.4	5169407.43	0.368234
21657314.55	5169387.43	0.33527
21657386.69	5169367.42	0.260371
21657458.84	5169347.41	0.254512
21657530.99	5169327.4	0.217231
21657603.13	5169307.39	0.207679
21657675.28	5169287.39	0
21657747.43	5169267.38	0
21657819.57	5169247.37	0.51727
21657891.72	5169227.36	0.554706
21657963.87	5169207.35	0.565538
21658036.01	5169187.34	0.542748
21658108.16	5169167.34	0.497253
21658180.31	5169147.33	0.232078
21658252.45	5169127.32	0.392131
21658324.6	5169107.31	0.524277
21658396.75	5169087.3	0.499882
21658468.89	5169067.3	0.475768
21658541.04	5169047.29	0.471501
21658613.19	5169027.28	0.513361
21658685.33	5169007.27	0.485511
21658757.48	5168987.26	0.48153
21658829.63	5168967.26	0.509046
21658901.77	5168947.25	0.515763
21658973.92	5168927.24	0.545298
21659046.07	5168907.23	0.546907
21653293.96	5170578.65	0.546538
21653366.1	5170558.64	0.45581
21653438.25	5170538.63	0.344751
21653510.4	5170518.62	0.2625
21653582.54	5170498.61	0.248789
21653654.69	5170478.61	0.326415
21653726.84	5170458.6	0.296836
21653798.98	5170438.59	0.489936
21653871.13	5170418.58	0.43626
21653943.28	5170398.57	0.331135
21654015.42	5170378.57	0.252977
21654087.57	5170358.56	0.35717
21654159.72	5170338.55	0.2497
21654231.86	5170318.54	0.336588
21654304.01	5170298.53	0.293099
21654376.16	5170278.53	0.246307
21654448.3	5170258.52	0.247035
21654520.45	5170238.51	0.351498
21654592.6	5170218.5	0.37487
21654664.74	5170198.49	0.350322
21654736.89	5170178.49	0.387724
21654809.04	5170158.48	0.348867
21654881.18	5170138.47	0.290789
21654953.33	5170118.46	0.346299
21655025.48	5170098.45	0.342271
21655097.62	5170078.45	0.266171
21655169.77	5170058.44	0.258383
21655241.92	5170038.43	0.322372
21655314.06	5170018.42	0.276129
21655386.21	5169998.41	0.239166
21655458.36	5169978.41	0.231832
21655530.5	5169958.4	0.239438
21655602.65	5169938.39	0.235641
21655674.8	5169918.38	0.251154
21655746.95	5169898.37	0.266111
21655819.09	5169878.37	0.303357
21655891.24	5169858.36	0
21655963.38	5169838.35	0.253288
21656035.53	5169818.34	0.271745
21656107.68	5169798.33	0.331018
21656179.83	5169778.32	0.289068
21656251.97	5169758.32	0.232529
21656324.12	5169738.31	0.231248
21656396.27	5169718.3	0.294483
21656468.41	5169698.29	0.231545
21656540.56	5169678.28	0.227891
21656612.71	5169658.28	0.220985
21656684.85	5169638.27	0.231267
21656757	5169618.26	0.232086
21656829.15	5169598.25	0.261807
21656901.29	5169578.24	0.27395
21656973.44	5169558.24	0.367406
21657045.59	5169538.23	0.262814
21657117.73	5169518.22	0.416232
21657189.88	5169498.21	0.399446
21657262.03	5169478.2	0.265682
21657334.17	5169458.2	0.258582
21657406.32	5169438.19	0.236056
21657478.47	5169418.18	0.231277
21657550.61	5169398.17	0.211322
21657622.76	5169378.16	0.209738
21657694.91	5169358.16	0.406334
21657767.05	5169338.15	0
21657839.2	5169318.14	0.478529
21657911.35	5169298.13	0.491222
21657983.49	5169278.12	0.526849
21658055.64	5169258.12	0.417433
21658127.79	5169238.11	0.2542
21658199.93	5169218.1	0
21658272.08	5169198.09	0.235603
21658344.23	5169178.08	0.445232
21658416.37	5169158.08	0.44216
21658488.52	5169138.07	0.42694
21658560.67	5169118.06	0.396178
21658632.81	5169098.05	0.450794
21658704.96	5169078.04	0.445656
21658777.11	5169058.03	0
21658849.25	5169038.03	0.432105
21658921.4	5169018.02	0.413665
21658993.55	5168998.01	0.525378
21659065.69	5168978	0.52681
21653313.58	5170649.42	0.525683
21653385.73	5170629.41	0.443868
21653457.88	5170609.4	0.380393
21653530.02	5170589.39	0.262644
21653602.17	5170569.39	0.245101
21653674.32	5170549.38	0.253763
21653746.46	5170529.37	0.306389
21653818.61	5170509.36	0.414168
21653890.76	5170489.35	0.402633
21653962.9	5170469.35	0.358118
21654035.05	5170449.34	0.313546
21654107.2	5170429.33	0.322194
21654179.34	5170409.32	0.237104
21654251.49	5170389.31	0.301856
21654323.64	5170369.3	0.335319
21654395.78	5170349.3	0.322529
21654467.93	5170329.29	0.249206
21654540.08	5170309.28	0.336182
21654612.22	5170289.27	0.25748
21654684.37	5170269.26	0.234009
21654756.52	5170249.26	0.248739
21654828.66	5170229.25	0.245725
21654900.81	5170209.24	0.235362
21654972.96	5170189.23	0.300451
21655045.1	5170169.22	0.269142
21655117.25	5170149.22	0.254245
21655189.4	5170129.21	0.238665
21655261.54	5170109.2	0.243308
21655333.69	5170089.19	0.336387
21655405.84	5170069.18	0.26561
21655477.98	5170049.18	0.239772
21655550.13	5170029.17	0.252538
21655622.28	5170009.16	0.23186
21655694.42	5169989.15	0.29653
21655766.57	5169969.14	0.256144
21655838.72	5169949.14	0.277034
21655910.86	5169929.13	0.381474
21655983.01	5169909.12	0.247401
21656055.16	5169889.11	0.236544
21656127.3	5169869.1	0.352093
21656199.45	5169849.1	0.310122
21656271.6	5169829.09	0.285047
21656343.75	5169809.08	0.235798
21656415.89	5169789.07	0.258241
21656488.04	5169769.06	0.230408
21656560.19	5169749.06	0.227198
21656632.33	5169729.05	0.222782
21656704.48	5169709.04	0.23423
21656776.63	5169689.03	0.233324
21656848.77	5169669.02	0.230854
21656920.92	5169649.02	0.26121
21656993.07	5169629.01	0.33698
21657065.21	5169609	0.313691
21657137.36	5169588.99	0.418584
21657209.51	5169568.98	0.389606
21657281.65	5169548.97	0.262236
21657353.8	5169528.97	0.323755
21657425.95	5169508.96	0.231405
21657498.09	5169488.95	0.23021
21657570.24	5169468.94	0.236253
21657642.39	5169448.93	0.245017
21657714.53	5169428.93	0.291651
21657786.68	5169408.92	0
21657858.83	5169388.91	0.403411
21657930.97	5169368.9	0.403154
21658003.12	5169348.89	0.415272
21658075.27	5169328.89	0.25003
21658147.41	5169308.88	0.229148
21658219.56	5169288.87	0.244236
21658291.71	5169268.86	0.330088
21658363.85	5169248.85	0.255171
21658436	5169228.85	0.324681
21658508.15	5169208.84	0.236945
21658580.29	5169188.83	0.234139
21658652.44	5169168.82	0.369033
21658724.59	5169148.81	0.375769
21658796.73	5169128.81	0.353332
21658868.88	5169108.8	0.342891
21658941.03	5169088.79	0.276449
21659013.17	5169068.78	0.431886
21659085.32	5169048.77	0.457673
21653261.06	5170740.2	0.537831
21653333.21	5170720.19	0.523693
21653405.36	5170700.18	0.432634
21653477.5	5170680.17	0.411299
21653549.65	5170660.16	0.337227
21653621.8	5170640.16	0.314794
21653693.94	5170620.15	0.282246
21653766.09	5170600.14	0.357304
21653838.24	5170580.13	0.395707
21653910.38	5170560.12	0.400001
21653982.53	5170540.12	0.383442
21654054.68	5170520.11	0.368777
21654126.82	5170500.1	0.322968
21654198.97	5170480.09	0.24025
21654271.12	5170460.08	0.32099
21654343.26	5170440.08	0.352709
21654415.41	5170420.07	0.360052
21654487.56	5170400.06	0.281166
21654559.7	5170380.05	0.278713
21654631.85	5170360.04	0.23303
21654704	5170340.04	0.232417
21654776.14	5170320.03	0.245197
21654848.29	5170300.02	0.244568
21654920.44	5170280.01	0.363423
21654992.58	5170260	0.2868
21655064.73	5170240	0.268127
21655136.88	5170219.99	0.279603
21655209.02	5170199.98	0.261687
21655281.17	5170179.97	0.317653
21655353.32	5170159.96	0.375089
21655425.46	5170139.95	0.370775
21655497.61	5170119.95	0.325234
21655569.76	5170099.94	0.334249
21655641.9	5170079.93	0.256395
21655714.05	5170059.92	0
21655786.2	5170039.91	0
21655858.34	5170019.91	0
21655930.49	5169999.9	0.320468
21656002.64	5169979.89	0.32208
21656074.78	5169959.88	0.331014
21656146.93	5169939.87	0.38118
21656219.08	5169919.87	0.291283
21656291.22	5169899.86	0.254991
21656363.37	5169879.85	0.240457
21656435.52	5169859.84	0.233795
21656507.66	5169839.83	0.229104
21656579.81	5169819.83	0.229104
21656651.96	5169799.82	0.230872
21656724.1	5169779.81	0.236448
21656796.25	5169759.8	0.257992
21656868.4	5169739.79	0.257601
21656940.55	5169719.79	0.294313
21657012.69	5169699.78	0
21657084.84	5169679.77	0.39786
21657156.99	5169659.76	0.428358
21657229.13	5169639.75	0.450814
21657301.28	5169619.75	0.347671
21657373.43	5169599.74	0.364433
21657445.57	5169579.73	0.237066
21657517.72	5169559.72	0.247854
21657589.87	5169539.71	0.247911
21657662.01	5169519.71	0.268561
21657734.16	5169499.7	0.273873
21657806.31	5169479.69	0.245016
21657878.45	5169459.68	0.313672
21657950.6	5169439.67	0.231579
21658022.75	5169419.66	0.345804
21658094.89	5169399.66	0.27068
21658167.04	5169379.65	0.23501
21658239.19	5169359.64	0.330982
21658311.33	5169339.63	0.323201
21658383.48	5169319.62	0.238389
21658455.63	5169299.62	0.324515
21658527.77	5169279.61	0.335463
21658599.92	5169259.6	0.340285
21658672.07	5169239.59	0.38304
21658744.21	5169219.58	0.330186
21658816.36	5169199.58	0.232007
21658888.51	5169179.57	0.244416
21658960.65	5169159.56	0.255132
21659032.8	5169139.55	0.409509
21659104.95	5169119.54	0.444221
21653280.69	5170810.97	0.500854
21653352.84	5170790.96	0.504504
21653424.98	5170770.95	0.474997
21653497.13	5170750.94	0.445178
21653569.28	5170730.93	0.402824
21653641.42	5170710.93	0.378778
21653713.57	5170690.92	0.323928
21653785.72	5170670.91	0.374053
21653857.86	5170650.9	0.367476
21653930.01	5170630.89	0.325592
21654002.16	5170610.89	0.404759
21654074.3	5170590.88	0.415081
21654146.45	5170570.87	0.407083
21654218.6	5170550.86	0.322353
21654290.74	5170530.85	0.335728
21654362.89	5170510.85	0.339632
21654435.04	5170490.84	0.257958
21654507.18	5170470.83	0.243811
21654579.33	5170450.82	0.261926
21654651.48	5170430.81	0.23152
21654723.62	5170410.81	0.231614
21654795.77	5170390.8	0.24756
21654867.92	5170370.79	0.255102
21654940.06	5170350.78	0.281616
21655012.21	5170330.77	0.305616
21655084.36	5170310.77	0.257604
21655156.5	5170290.76	0.25457
21655228.65	5170270.75	0.322957
21655300.8	5170250.74	0.374934
21655372.94	5170230.73	0.379934
21655445.09	5170210.73	0.373657
21655517.24	5170190.72	0.345926
21655589.38	5170170.71	0.385393
21655661.53	5170150.7	0.339248
21655733.68	5170130.69	0.351219
21655805.82	5170110.69	0.290165
21655877.97	5170090.68	0.32959
21655950.12	5170070.67	0.350106
21656022.26	5170050.66	0.354768
21656094.41	5170030.65	0.357118
21656166.56	5170010.65	0.406902
21656238.7	5169990.64	0.319944
21656310.85	5169970.63	0.252173
21656383	5169950.62	0.259574
21656455.14	5169930.61	0.252807
21656527.29	5169910.6	0.230742
21656599.44	5169890.6	0.231095
21656671.58	5169870.59	0.241461
21656743.73	5169850.58	0.247298
21656815.88	5169830.57	0.265624
21656888.02	5169810.56	0.356669
21656960.17	5169790.56	0.294778
21657032.32	5169770.55	0.338673
21657104.47	5169750.54	0.265194
21657176.61	5169730.53	0.4236
21657248.76	5169710.52	0.427877
21657320.91	5169690.52	0.390613
21657393.05	5169670.51	0.376814
21657465.2	5169650.5	0.243256
21657537.35	5169630.49	0.286724
21657609.49	5169610.48	0.229514
21657681.64	5169590.48	0.264509
21657753.79	5169570.47	0.268205
21657825.93	5169550.46	0.270513
21657898.08	5169530.45	0.276183
21657970.23	5169510.44	0.257002
21658042.37	5169490.44	0.28007
21658114.52	5169470.43	0.239883
21658186.67	5169450.42	0.241634
21658258.81	5169430.41	0.340938
21658330.96	5169410.4	0.332967
21658403.11	5169390.4	0.245309
21658475.25	5169370.39	0.328695
21658547.4	5169350.38	0.244538
21658619.55	5169330.37	0.364183
21658691.69	5169310.36	0.37761
21658763.84	5169290.36	0.320352
21658835.99	5169270.35	0.248373
21658908.13	5169250.34	0.273605
21658980.28	5169230.33	0.345637
21659052.43	5169210.32	0.404096
21653300.32	5170881.74	0.489924
21653372.46	5170861.73	0.489826
21653444.61	5170841.72	0.48965
21653516.76	5170821.71	0.446149
21653588.9	5170801.71	0.396953
21653661.05	5170781.7	0.315565
21653733.2	5170761.69	0.238671
21653805.34	5170741.68	0.330735
21653877.49	5170721.67	0.262635
21653949.64	5170701.67	0.235995
21654021.78	5170681.66	0.375937
21654093.93	5170661.65	0.426158
21654166.08	5170641.64	0.363
21654238.22	5170621.63	0.236546
21654310.37	5170601.63	0
21654382.52	5170581.62	0.246763
21654454.66	5170561.61	0.233216
21654526.81	5170541.6	0.233145
21654598.96	5170521.59	0.245279
21654671.1	5170501.58	0.231657
21654743.25	5170481.58	0.324212
21654815.4	5170461.57	0.24654
21654887.54	5170441.56	0.234771
21654959.69	5170421.55	0.304584
21655031.84	5170401.54	0.372596
21655103.98	5170381.54	0.239287
21655176.13	5170361.53	0.231551
21655248.28	5170341.52	0.321661
21655320.42	5170321.51	0.374773
21655392.57	5170301.5	0.292721
21655464.72	5170281.5	0.382846
21655536.86	5170261.49	0.312066
21655609.01	5170241.48	0
21655681.16	5170221.47	0.237733
21655753.3	5170201.46	0.333657
21655825.45	5170181.46	0.342914
21655897.6	5170161.45	0.25783
21655969.74	5170141.44	0.334988
21656041.89	5170121.43	0.319783
21656114.04	5170101.42	0.260597
21656186.18	5170081.42	0.427224
21656258.33	5170061.41	0.381011
21656330.48	5170041.4	0.335543
21656402.62	5170021.39	0.251894
21656474.77	5170001.38	0.360865
21656546.92	5169981.38	0.351569
21656619.06	5169961.37	0.303603
21656691.21	5169941.36	0.327793
21656763.36	5169921.35	0.245115
21656835.5	5169901.34	0.23789
21656907.65	5169881.34	0.392093
21656979.8	5169861.33	0.387502
21657051.94	5169841.32	0.298138
21657124.09	5169821.31	0.247184
21657196.24	5169801.3	0.388964
21657268.38	5169781.3	0.357636
21657340.53	5169761.29	0.287898
21657412.68	5169741.28	0.356149
21657484.83	5169721.27	0.316146
21657556.97	5169701.26	0.251934
21657629.12	5169681.25	0.233721
21657701.27	5169661.25	0.239208
21657773.41	5169641.24	0.2306
21657845.56	5169621.23	0.287488
21657917.71	5169601.22	0.338412
21657989.85	5169581.21	0.329424
21658062	5169561.21	0.301125
21658134.15	5169541.2	0.252332
21658206.29	5169521.19	0.240668
21658278.44	5169501.18	0.310368
21658350.59	5169481.17	0.34845
21658422.73	5169461.17	0.303212
21658494.88	5169441.16	0.37671
21658567.03	5169421.15	0.322152
21658639.17	5169401.14	0.394063
21658711.32	5169381.13	0.37687
21658783.47	5169361.13	0.314115
21658855.61	5169341.12	0.322129
21658927.76	5169321.11	0.33173
21658999.91	5169301.1	0.352977
21659072.05	5169281.09	0.390886
21653247.8	5170972.52	0.568915
21653319.94	5170952.51	0.536327
21653392.09	5170932.5	0.53486
21653464.24	5170912.49	0.526101
21653536.38	5170892.48	0.516394
21653608.53	5170872.48	0.433369
21653680.68	5170852.47	0.384371
21653752.82	5170832.46	0.310269
21653824.97	5170812.45	0.350406
21653897.12	5170792.44	0.404692
21653969.26	5170772.44	0.239703
21654041.41	5170752.43	0.408713
21654113.56	5170732.42	0.462174
21654185.7	5170712.41	0.416777
21654257.85	5170692.4	0.341823
21654330	5170672.4	0.376422
21654402.14	5170652.39	0.337447
21654474.29	5170632.38	0.231285
21654546.44	5170612.37	0.237497
21654618.58	5170592.36	0.281301
21654690.73	5170572.36	0.262884
21654762.88	5170552.35	0.297819
21654835.02	5170532.34	0.233432
21654907.17	5170512.33	0.232887
21654979.32	5170492.32	0.274305
21655051.46	5170472.32	0.353456
21655123.61	5170452.31	0.232077
21655195.76	5170432.3	0.230548
21655267.9	5170412.29	0.242547
21655340.05	5170392.28	0.288389
21655412.2	5170372.28	0.236357
21655484.34	5170352.27	0.289362
21655556.49	5170332.26	0.343258
21655628.64	5170312.25	0.24028
21655700.78	5170292.24	0.230916
21655772.93	5170272.23	0.260775
21655845.08	5170252.23	0.319508
21655917.22	5170232.22	0.231892
21655989.37	5170212.21	0.239899
21656061.52	5170192.2	0.237437
21656133.66	5170172.19	0.231616
21656205.81	5170152.19	0.274917
21656277.96	5170132.18	0.385196
21656350.1	5170112.17	0.289019
21656422.25	5170092.16	0.232
21656494.4	5170072.15	0.342307
21656566.54	5170052.15	0.316363
21656638.69	5170032.14	0.228231
21656710.84	5170012.13	0.234609
21656782.98	5169992.12	0.231071
21656855.13	5169972.11	0.231911
21656927.28	5169952.11	0.258059
21656999.42	5169932.1	0.366407
21657071.57	5169912.09	0.299714
21657143.72	5169892.08	0.230551
21657215.86	5169872.07	0.275428
21657288.01	5169852.07	0.254582
21657360.16	5169832.06	0.231057
21657432.3	5169812.05	0.243943
21657504.45	5169792.04	0.291142
21657576.6	5169772.03	0.230164
21657648.74	5169752.03	0.236299
21657720.89	5169732.02	0.233162
21657793.04	5169712.01	0.255233
21657865.18	5169692	0.229531
21657937.33	5169671.99	0.279053
21658009.48	5169651.99	0.356515
21658081.63	5169631.98	0.299723
21658153.77	5169611.97	0.236305
21658225.92	5169591.96	0.242539
21658298.07	5169571.95	0.231749
21658370.21	5169551.94	0.34292
21658442.36	5169531.94	0.37762
21658514.51	5169511.93	0.319438
21658586.65	5169491.92	0.231815
21658658.8	5169471.91	0.325552
21658730.95	5169451.9	0.352836
21658803.09	5169431.9	0.340592
21658875.24	5169411.89	0.342905
21658947.39	5169391.88	0.348044
21659019.53	5169371.87	0.356252
21659091.68	5169351.86	0.366577
21653267.42	5171043.29	0.570644
21653339.57	5171023.28	0.552358
21653411.72	5171003.27	0.536137
21653483.86	5170983.26	0.359545
21653556.01	5170963.26	0.504827
21653628.16	5170943.25	0.460478
21653700.3	5170923.24	0.401797
21653772.45	5170903.23	0.397055
21653844.6	5170883.22	0.386442
21653916.74	5170863.21	0.30832
21653988.89	5170843.21	0.231149
21654061.04	5170823.2	0.410939
21654133.18	5170803.19	0.4281
21654205.33	5170783.18	0.386085
21654277.48	5170763.17	0.401117
21654349.62	5170743.17	0.382546
21654421.77	5170723.16	0.353612
21654493.92	5170703.15	0.243338
21654566.06	5170683.14	0.268015
21654638.21	5170663.13	0.322805
21654710.36	5170643.13	0.333768
21654782.5	5170623.12	0.297087
21654854.65	5170603.11	0.245698
21654926.8	5170583.1	0.252347
21654998.94	5170563.09	0.309013
21655071.09	5170543.09	0.398285
21655143.24	5170523.08	0.3178
21655215.38	5170503.07	0.231681
21655287.53	5170483.06	0.362433
21655359.68	5170463.05	0.323689
21655431.82	5170443.05	0.23553
21655503.97	5170423.04	0.368336
21655576.12	5170403.03	0.356849
21655648.26	5170383.02	0.234709
21655720.41	5170363.01	0.234754
21655792.56	5170343.01	0.336106
21655864.7	5170323	0.308659
21655936.85	5170302.99	0.231135
21656009	5170282.98	0.25236
21656081.14	5170262.97	0.243408
21656153.29	5170242.97	0.23994
21656225.44	5170222.96	0.32022
21656297.58	5170202.95	0.379041
21656369.73	5170182.94	0.33026
21656441.88	5170162.93	0.26055
21656514.02	5170142.93	0.367783
21656586.17	5170122.92	0.337252
21656658.32	5170102.91	0.256497
21656730.46	5170082.9	0.287446
21656802.61	5170062.89	0.240313
21656874.76	5170042.88	0.232212
21656946.9	5170022.88	0.256649
21657019.05	5170002.87	0.33699
21657091.2	5169982.86	0.338008
21657163.34	5169962.85	0.269655
21657235.49	5169942.84	0.347336
21657307.64	5169922.84	0.310045
21657379.78	5169902.83	0.229768
21657451.93	5169882.82	0.237497
21657524.08	5169862.81	0.342485
21657596.22	5169842.8	0.26036
21657668.37	5169822.8	0.324693
21657740.52	5169802.79	0.304214
21657812.66	5169782.78	0.306165
21657884.81	5169762.77	0.293196
21657956.96	5169742.76	0.340923
21658029.1	5169722.76	0.304806
21658101.25	5169702.75	0.29527
21658173.4	5169682.74	0.251491
21658245.54	5169662.73	0.232539
21658317.69	5169642.72	0.316735
21658389.84	5169622.72	0.406096
21658461.99	5169602.71	0.397429
21658534.13	5169582.7	0.394995
21658606.28	5169562.69	0.299327
21658678.43	5169542.68	0.377292
21658750.57	5169522.68	0.360982
21658822.72	5169502.67	0.392917
21658894.87	5169482.66	0.39133
21658967.01	5169462.65	0.398164
21659039.16	5169442.64	0.375425
21659111.31	5169422.64	0.398609
21653287.05	5171114.06	0.54903
21653359.2	5171094.05	0.543538
21653431.34	5171074.04	0.542302
21653503.49	5171054.03	0.436944
21653575.64	5171034.03	0.475355
21653647.78	5171014.02	0.447442
21653719.93	5170994.01	0.427694
21653792.08	5170974	0.411118
21653864.22	5170953.99	0.445424
21653936.37	5170933.99	0.340539
21654008.52	5170913.98	0.313303
21654080.66	5170893.97	0.284095
21654152.81	5170873.96	0.38454
21654224.96	5170853.95	0.256637
21654297.1	5170833.95	0.404886
21654369.25	5170813.94	0.398117
21654441.4	5170793.93	0.399663
21654513.54	5170773.92	0.350946
21654585.69	5170753.91	0.359027
21654657.84	5170733.91	0.386373
21654729.98	5170713.9	0.374154
21654802.13	5170693.89	0.364232
21654874.28	5170673.88	0.328982
21654946.42	5170653.87	0.373168
21655018.57	5170633.86	0.388111
21655090.72	5170613.86	0.443032
21655162.86	5170593.85	0.408837
21655235.01	5170573.84	0.367764
21655307.16	5170553.83	0.399876
21655379.3	5170533.82	0.366627
21655451.45	5170513.82	0.302312
21655523.6	5170493.81	0.421973
21655595.74	5170473.8	0.384821
21655667.89	5170453.79	0.337416
21655740.04	5170433.78	0.26594
21655812.18	5170413.78	0.334194
21655884.33	5170393.77	0.307475
21655956.48	5170373.76	0.234824
21656028.62	5170353.75	0.268684
21656100.77	5170333.74	0.250131
21656172.92	5170313.74	0.283352
21656245.06	5170293.73	0.381303
21656317.21	5170273.72	0.414871
21656389.36	5170253.71	0.378741
21656461.5	5170233.7	0.338987
21656533.65	5170213.7	0.391933
21656605.8	5170193.69	0.393398
21656677.94	5170173.68	0.315456
21656750.09	5170153.67	0.354715
21656822.24	5170133.66	0.325383
21656894.38	5170113.66	0.260193
21656966.53	5170093.65	0.286608
21657038.68	5170073.64	0.270338
21657110.82	5170053.63	0.342736
21657182.97	5170033.62	0.35783
21657255.12	5170013.62	0.34337
21657327.26	5169993.61	0.329693
21657399.41	5169973.6	0.238559
21657471.56	5169953.59	0.303755
21657543.7	5169933.58	0.310582
21657615.85	5169913.57	0.265884
21657688	5169893.57	0.314106
21657760.14	5169873.56	0.308463
21657832.29	5169853.55	0.25401
21657904.44	5169833.54	0.229561
21657976.58	5169813.53	0.270873
21658048.73	5169793.53	0.367206
21658120.88	5169773.52	0.314057
21658193.02	5169753.51	0.278671
21658265.17	5169733.5	0.2456
21658337.32	5169713.49	0.298332
21658409.46	5169693.49	0.371517
21658481.61	5169673.48	0.378017
21658553.76	5169653.47	0.359255
21658625.91	5169633.46	0.389222
21658698.05	5169613.45	0.382714
21658770.2	5169593.45	0.331348
21658842.35	5169573.44	0.249591
21658914.49	5169553.43	0.424116
21658986.64	5169533.42	0.415316
21659058.79	5169513.41	0.384357
21653306.68	5171184.83	0.526004
21653378.82	5171164.82	0.529764
21653450.97	5171144.81	0.544733
21653523.12	5171124.8	0.480752
21653595.26	5171104.8	0.490656
21653667.41	5171084.79	0.426884
21653739.56	5171064.78	0.388643
21653811.7	5171044.77	0
21653883.85	5171024.76	0.335465
21653956	5171004.76	0.286948
21654028.14	5170984.75	0.234719
21654100.29	5170964.74	0.231912
21654172.44	5170944.73	0.233555
21654244.58	5170924.72	0.232383
21654316.73	5170904.72	0.237352
21654388.88	5170884.71	0.362851
21654461.02	5170864.7	0.372181
21654533.17	5170844.69	0.298645
21654605.32	5170824.68	0.363275
21654677.46	5170804.68	0.387436
21654749.61	5170784.67	0.36358
21654821.76	5170764.66	0.377499
21654893.9	5170744.65	0.376637
21654966.05	5170724.64	0.297308
21655038.2	5170704.64	0.241724
21655110.34	5170684.63	0.360437
21655182.49	5170664.62	0.378467
21655254.64	5170644.61	0.241317
21655326.78	5170624.6	0.380631
21655398.93	5170604.6	0
21655471.08	5170584.59	0.350052
21655543.22	5170564.58	0.419564
21655615.37	5170544.57	0.439033
21655687.52	5170524.56	0.381566
21655759.66	5170504.56	0.273852
21655831.81	5170484.55	0.396392
21655903.96	5170464.54	0.392758
21655976.1	5170444.53	0.244617
21656048.25	5170424.52	0.285235
21656120.4	5170404.51	0.251882
21656192.54	5170384.51	0.254859
21656264.69	5170364.5	0.384247
21656336.84	5170344.49	0.456235
21656408.98	5170324.48	0.43657
21656481.13	5170304.47	0.385928
21656553.28	5170284.47	0.460733
21656625.42	5170264.46	0.421319
21656697.57	5170244.45	0.285765
21656769.72	5170224.44	0.394596
21656841.86	5170204.43	0.356047
21656914.01	5170184.43	0.268614
21656986.16	5170164.42	0.338455
21657058.3	5170144.41	0.323496
21657130.45	5170124.4	0.348399
21657202.6	5170104.39	0.325358
21657274.74	5170084.39	0.342062
21657346.89	5170064.38	0.328374
21657419.04	5170044.37	0.303231
21657491.18	5170024.36	0.367222
21657563.33	5170004.35	0.24888
21657635.48	5169984.35	0.231787
21657707.62	5169964.34	0.233524
21657779.77	5169944.33	0.329587
21657851.92	5169924.32	0.261873
21657924.06	5169904.31	0.232809
21657996.21	5169884.31	0.267885
21658068.36	5169864.3	0.330441
21658140.5	5169844.29	0.236836
21658212.65	5169824.28	0.343633
21658284.8	5169804.27	0.324337
21658356.94	5169784.27	0.275389
21658429.09	5169764.26	0.374644
21658501.24	5169744.25	0.385516
21658573.38	5169724.24	0.381387
21658645.53	5169704.23	0.398708
21658717.68	5169684.22	0.403703
21658789.82	5169664.22	0.408912
21658861.97	5169644.21	0.421423
21658934.12	5169624.2	0.399382
21659006.26	5169604.19	0.39528
21659078.41	5169584.18	0.387274
21653254.15	5171275.61	0.551696
21653326.3	5171255.6	0.527275
21653398.45	5171235.59	0.538198
21653470.6	5171215.58	0.54414
21653542.74	5171195.58	0.511138
21653614.89	5171175.57	0.443724
21653687.04	5171155.56	0.354754
21653759.18	5171135.55	0.37351
21653831.33	5171115.54	0.373586
21653903.48	5171095.54	0.436087
21653975.62	5171075.53	0.378988
21654047.77	5171055.52	0.29466
21654119.92	5171035.51	0.233719
21654192.06	5171015.5	0.319912
21654264.21	5170995.49	0.256998
21654336.36	5170975.49	0.380179
21654408.5	5170955.48	0.395959
21654480.65	5170935.47	0.350445
21654552.8	5170915.46	0.312826
21654624.94	5170895.45	0.374774
21654697.09	5170875.45	0.360066
21654769.24	5170855.44	0.362393
21654841.38	5170835.43	0.380351
21654913.53	5170815.42	0.328903
21654985.68	5170795.41	0.256653
21655057.82	5170775.41	0.232447
21655129.97	5170755.4	0.238995
21655202.12	5170735.39	0.237166
21655274.26	5170715.38	0.232419
21655346.41	5170695.37	0.332001
21655418.56	5170675.37	0.281219
21655490.7	5170655.36	0.232135
21655562.85	5170635.35	0.333078
21655635	5170615.34	0.344831
21655707.14	5170595.33	0.236015
21655779.29	5170575.33	0.233358
21655851.44	5170555.32	0.253169
21655923.58	5170535.31	0.332502
21655995.73	5170515.3	0.231322
21656067.88	5170495.29	0.237754
21656140.02	5170475.29	0.230777
21656212.17	5170455.28	0.231681
21656284.32	5170435.27	0.257634
21656356.46	5170415.26	0.416755
21656428.61	5170395.25	0.431543
21656500.76	5170375.25	0.344154
21656572.9	5170355.24	0.389775
21656645.05	5170335.23	0.306928
21656717.2	5170315.22	0.233857
21656789.34	5170295.21	0.308085
21656861.49	5170275.21	0.333974
21656933.64	5170255.2	0.230885
21657005.78	5170235.19	0.255704
21657077.93	5170215.18	0.26527
21657150.08	5170195.17	0.287009
21657222.22	5170175.16	0.229656
21657294.37	5170155.16	0.323506
21657366.52	5170135.15	0.339702
21657438.66	5170115.14	0.233822
21657510.81	5170095.13	0.265315
21657582.96	5170075.12	0.232502
21657655.1	5170055.12	0.227003
21657727.25	5170035.11	0.229746
21657799.4	5170015.1	0.242698
21657871.54	5169995.09	0.23158
21657943.69	5169975.08	0.23053
21658015.84	5169955.08	0.238016
21658087.98	5169935.07	0.242302
21658160.13	5169915.06	0.22814
21658232.28	5169895.05	0.251121
21658304.42	5169875.04	0.34414
21658376.57	5169855.04	0.232646
21658448.72	5169835.03	0.296837
21658520.86	5169815.02	0.432301
21658593.01	5169795.01	0.335267
21658665.16	5169775	0.400529
21658737.3	5169755	0.399682
21658809.45	5169734.99	0.473604
21658881.6	5169714.98	0.353334
21658953.74	5169694.97	0.426736
21659025.89	5169674.96	0.386469
21659098.04	5169654.96	0.346847
21653273.78	5171346.38	0.557717
21653345.93	5171326.37	0.543344
21653418.07	5171306.36	0.561521
21653490.22	5171286.35	0.566122
21653562.37	5171266.35	0.543292
21653634.51	5171246.34	0.485837
21653706.66	5171226.33	0.403105
21653778.81	5171206.32	0.341448
21653850.96	5171186.31	0.357794
21653923.1	5171166.31	0.351554
21653995.25	5171146.3	0.340986
21654067.4	5171126.29	0.244788
21654139.54	5171106.28	0.337989
21654211.69	5171086.27	0.346898
21654283.84	5171066.27	0.355626
21654355.98	5171046.26	0.405508
21654428.13	5171026.25	0.408361
21654500.28	5171006.24	0.350456
21654572.42	5170986.23	0.32478
21654644.57	5170966.23	0.296191
21654716.72	5170946.22	0.375151
21654788.86	5170926.21	0.380982
21654861.01	5170906.2	0.359358
21654933.16	5170886.19	0.359863
21655005.3	5170866.18	0
21655077.45	5170846.18	0.238355
21655149.6	5170826.17	0.295442
21655221.74	5170806.16	0.324864
21655293.89	5170786.15	0.257459
21655366.04	5170766.14	0.385592
21655438.18	5170746.14	0.359038
21655510.33	5170726.13	0.396336
21655582.48	5170706.12	0.381613
21655654.62	5170686.11	0.347028
21655726.77	5170666.1	0.240429
21655798.92	5170646.1	0.244704
21655871.06	5170626.09	0.400433
21655943.21	5170606.08	0.381692
21656015.36	5170586.07	0.246721
21656087.5	5170566.06	0.308584
21656159.65	5170546.06	0.246529
21656231.8	5170526.05	0.261153
21656303.94	5170506.04	0.380137
21656376.09	5170486.03	0.465361
21656448.24	5170466.02	0.426689
21656520.38	5170446.02	0.490154
21656592.53	5170426.01	0.476982
21656664.68	5170406	0.447258
21656736.82	5170385.99	0.291503
21656808.97	5170365.98	0.379958
21656881.12	5170345.98	0.342225
21656953.26	5170325.97	0.238668
21657025.41	5170305.96	0.27998
21657097.56	5170285.95	0.245201
21657169.7	5170265.94	0.241911
21657241.85	5170245.94	0.299429
21657314	5170225.93	0.338788
21657386.14	5170205.92	0.34615
21657458.29	5170185.91	0.267146
21657530.44	5170165.9	0.291724
21657602.58	5170145.9	0.255093
21657674.73	5170125.89	0.230213
21657746.88	5170105.88	0.231173
21657819.02	5170085.87	0.297124
21657891.17	5170065.86	0.280972
21657963.32	5170045.85	0.236896
21658035.46	5170025.85	0.337817
21658107.61	5170005.84	0.37998
21658179.76	5169985.83	0.250384
21658251.9	5169965.82	0.375766
21658324.05	5169945.81	0.40266
21658396.2	5169925.81	0.306757
21658468.34	5169905.8	0.387101
21658540.49	5169885.79	0.333492
21658612.64	5169865.78	0.230793
21658684.78	5169845.77	0.38982
21658756.93	5169825.77	0.443638
21658829.08	5169805.76	0.444395
21658901.22	5169785.75	0.371555
21658973.37	5169765.74	0.361093
21659045.52	5169745.73	0.394995
21653293.41	5171417.15	0.562922
21653365.55	5171397.14	0.56932
21653437.7	5171377.13	0.595377
21653509.85	5171357.12	0.622129
21653581.99	5171337.12	0.593779
21653654.14	5171317.11	0.478085
21653726.29	5171297.1	0.300836
21653798.43	5171277.09	0.251066
21653870.58	5171257.08	0.239022
21653942.73	5171237.08	0.288712
21654014.87	5171217.07	0.285202
21654087.02	5171197.06	0.235463
21654159.17	5171177.05	0.353375
21654231.32	5171157.04	0.260075
21654303.46	5171137.04	0.232783
21654375.61	5171117.03	0.413069
21654447.76	5171097.02	0.313768
21654519.9	5171077.01	0.232495
21654592.05	5171057	0.23375
21654664.2	5171037	0.233491
21654736.34	5171016.99	0.320965
21654808.49	5170996.98	0.321512
21654880.64	5170976.97	0.318141
21654952.78	5170956.96	0.309374
21655024.93	5170936.96	0.310665
21655097.08	5170916.95	0.33674
21655169.22	5170896.94	0.395525
21655241.37	5170876.93	0.375389
21655313.52	5170856.92	0.294917
21655385.66	5170836.92	0.357109
21655457.81	5170816.91	0.331211
21655529.96	5170796.9	0.284506
21655602.1	5170776.89	0.348252
21655674.25	5170756.88	0.326653
21655746.4	5170736.88	0.238269
21655818.54	5170716.87	0.353549
21655890.69	5170696.86	0.360398
21655962.84	5170676.85	0.299796
21656034.98	5170656.84	0.242519
21656107.13	5170636.83	0.324295
21656179.28	5170616.83	0.283644
21656251.42	5170596.82	0.246949
21656323.57	5170576.81	0.390369
21656395.72	5170556.8	0.384594
21656467.86	5170536.79	0.340019
21656540.01	5170516.79	0.415955
21656612.16	5170496.78	0.41187
21656684.3	5170476.77	0.378523
21656756.45	5170456.76	0
21656828.6	5170436.75	0.262509
21656900.74	5170416.75	0.316339
21656972.89	5170396.74	0.237313
21657045.04	5170376.73	0.263253
21657117.18	5170356.72	0.232873
21657189.33	5170336.71	0.227475
21657261.48	5170316.71	0.22897
21657333.62	5170296.7	0.230272
21657405.77	5170276.69	0.231009
21657477.92	5170256.68	0.228672
21657550.06	5170236.67	0.228241
21657622.21	5170216.67	0.231554
21657694.36	5170196.66	0.227205
21657766.5	5170176.65	0.23136
21657838.65	5170156.64	0.274115
21657910.8	5170136.63	0.222728
21657982.94	5170116.63	0.32312
21658055.09	5170096.62	0
21658127.24	5170076.61	0.395044
21658199.38	5170056.6	0.362006
21658271.53	5170036.59	0.368787
21658343.68	5170016.59	0.381945
21658415.82	5169996.58	0.356052
21658487.97	5169976.57	0.335408
21658560.12	5169956.56	0.280778
21658632.26	5169936.55	0.374055
21658704.41	5169916.55	0.407893
21658776.56	5169896.54	0.403624
21658848.7	5169876.53	0.260059
21658920.85	5169856.52	0.330774
21658993	5169836.51	0.410523
21659065.14	5169816.5	0.320732
21653313.03	5171487.92	0.568448
21653385.18	5171467.91	0.582486
21653457.33	5171447.9	0.60642
21653529.47	5171427.9	0.614826
21653601.62	5171407.89	0.596718
21653673.77	5171387.88	0.48002
21653745.91	5171367.87	0.270844
21653818.06	5171347.86	0.23055
21653890.21	5171327.86	0
21653962.35	5171307.85	0.259848
21654034.5	5171287.84	0.292715
21654106.65	5171267.83	0.23442
21654178.79	5171247.82	0.307414
21654250.94	5171227.82	0.234046
21654323.09	5171207.81	0.230693
21654395.23	5171187.8	0.268254
21654467.38	5171167.79	0.232964
21654539.53	5171147.78	0.235063
21654611.67	5171127.77	0.23366
21654683.82	5171107.77	0.231251
21654755.97	5171087.76	0.249395
21654828.12	5171067.75	0.243028
21654900.26	5171047.74	0.253935
21654972.41	5171027.73	0.230454
21655044.56	5171007.73	0.231889
21655116.7	5170987.72	0.233455
21655188.85	5170967.71	0.307707
21655261	5170947.7	0.245751
21655333.14	5170927.69	0.234685
21655405.29	5170907.69	0.238953
21655477.44	5170887.68	0.251485
21655549.58	5170867.67	0.229219
21655621.73	5170847.66	0.23313
21655693.88	5170827.65	0.230773
21655766.02	5170807.65	0.228787
21655838.17	5170787.64	0.233287
21655910.32	5170767.63	0.247198
21655982.46	5170747.62	0.271784
21656054.61	5170727.61	0.228727
21656126.76	5170707.61	0.321431
21656198.9	5170687.6	0.279715
21656271.05	5170667.59	0.23035
21656343.2	5170647.58	0.29622
21656415.34	5170627.57	0.241778
21656487.49	5170607.57	0.227066
21656559.64	5170587.56	0.239294
21656631.78	5170567.55	0.363389
21656703.93	5170547.54	0.269979
21656776.08	5170527.53	0.228986
21656848.22	5170507.53	0.230613
21656920.37	5170487.52	0.353913
21656992.52	5170467.51	0
21657064.66	5170447.5	0.236591
21657136.81	5170427.49	0.222082
21657208.96	5170407.48	0.22157
21657281.1	5170387.48	0.226974
21657353.25	5170367.47	0.227311
21657425.4	5170347.46	0.227464
21657497.54	5170327.45	0.218181
21657569.69	5170307.44	0.224533
21657641.84	5170287.44	0.228987
21657713.98	5170267.43	0.230121
21657786.13	5170247.42	0.230727
21657858.28	5170227.41	0.232162
21657930.42	5170207.4	0.220274
21658002.57	5170187.4	0.22834
21658074.72	5170167.39	0.230671
21658146.86	5170147.38	0.346222
21658219.01	5170127.37	0.325689
21658291.16	5170107.36	0.312528
21658363.3	5170087.36	0.356735
21658435.45	5170067.35	0.259163
21658507.6	5170047.34	0.250077
21658579.74	5170027.33	0.227231
21658651.89	5170007.32	0.31813
21658724.04	5169987.32	0.367492
21658796.18	5169967.31	0.321393
21658868.33	5169947.3	0
21658940.48	5169927.29	0
21659012.62	5169907.28	0.403489
21659084.77	5169887.28	0.367978
21653260.51	5171578.7	0.571379
21653332.66	5171558.69	0.56997
21653404.81	5171538.68	0.578637
21653476.95	5171518.67	0.597659
21653549.1	5171498.67	0.589559
21653621.25	5171478.66	0.538626
21653693.39	5171458.65	0.505731
21653765.54	5171438.64	0.392561
21653837.69	5171418.63	0.322403
21653909.83	5171398.63	0.236176
21653981.98	5171378.62	0.35667
21654054.13	5171358.61	0.367107
21654126.27	5171338.6	0.276908
21654198.42	5171318.59	0.382442
21654270.57	5171298.59	0.265557
21654342.71	5171278.58	0.236539
21654414.86	5171258.57	0.397564
21654487.01	5171238.56	0.279338
21654559.15	5171218.55	0.238576
21654631.3	5171198.55	0.252837
21654703.45	5171178.54	0.232385
21654775.59	5171158.53	0.274087
21654847.74	5171138.52	0.284176
21654919.89	5171118.51	0.264563
21654992.04	5171098.51	0.231048
21655064.18	5171078.5	0.233112
21655136.33	5171058.49	0.255679
21655208.48	5171038.48	0.40375
21655280.62	5171018.47	0.339705
21655352.77	5170998.47	0.23259
21655424.92	5170978.46	0.335045
21655497.06	5170958.45	0.370011
21655569.21	5170938.44	0.236116
21655641.36	5170918.43	0.280929
21655713.5	5170898.42	0.238708
21655785.65	5170878.42	0.232251
21655857.8	5170858.41	0.305939
21655929.94	5170838.4	0.383194
21656002.09	5170818.39	0.387544
21656074.24	5170798.38	0.301418
21656146.38	5170778.38	0.379577
21656218.53	5170758.37	0.327933
21656290.68	5170738.36	0.243109
21656362.82	5170718.35	0.344935
21656434.97	5170698.34	0.322795
21656507.12	5170678.34	0.285964
21656579.26	5170658.33	0.37781
21656651.41	5170638.32	0.376794
21656723.56	5170618.31	0.293412
21656795.7	5170598.3	0.256329
21656867.85	5170578.3	0.323231
21656940	5170558.29	0.344876
21657012.14	5170538.28	0.231765
21657084.29	5170518.27	0.237417
21657156.44	5170498.26	0.232938
21657228.58	5170478.26	0.218958
21657300.73	5170458.25	0.225392
21657372.88	5170438.24	0.227283
21657445.02	5170418.23	0.227134
21657517.17	5170398.22	0.219988
21657589.32	5170378.22	0.22713
21657661.46	5170358.21	0.230376
21657733.61	5170338.2	0.229586
21657805.76	5170318.19	0.231601
21657877.9	5170298.18	0.24193
21657950.05	5170278.18	0.228717
21658022.2	5170258.17	0.227296
21658094.34	5170238.16	0.229288
21658166.49	5170218.15	0.327558
21658238.64	5170198.14	0.23179
21658310.78	5170178.13	0.328602
21658382.93	5170158.13	0.361462
21658455.08	5170138.12	0.241335
21658527.22	5170118.11	0.386992
21658599.37	5170098.1	0.255199
21658671.52	5170078.09	0.229159
21658743.66	5170058.09	0.323555
21658815.81	5170038.08	0.229011
21658887.96	5170018.07	0
21658960.1	5169998.06	0.376731
21659032.25	5169978.05	0.354719
21659104.4	5169958.05	0.328902
21653280.14	5171649.47	0.570717
21653352.29	5171629.46	0.579478
21653424.43	5171609.45	0.579862
21653496.58	5171589.45	0.579647
21653568.73	5171569.44	0.561213
21653640.87	5171549.43	0.496474
21653713.02	5171529.42	0.499629
21653785.17	5171509.41	0.457643
21653857.31	5171489.4	0.327282
21653929.46	5171469.4	0.286237
21654001.61	5171449.39	0.445136
21654073.75	5171429.38	0.429183
21654145.9	5171409.37	0.37507
21654218.05	5171389.36	0.40961
21654290.19	5171369.36	0.405111
21654362.34	5171349.35	0.243905
21654434.49	5171329.34	0.402607
21654506.63	5171309.33	0.264438
21654578.78	5171289.32	0.245846
21654650.93	5171269.32	0.26354
21654723.07	5171249.31	0.277111
21654795.22	5171229.3	0.333735
21654867.37	5171209.29	0.293114
21654939.51	5171189.28	0.3023
21655011.66	5171169.28	0.238153
21655083.81	5171149.27	0.242513
21655155.95	5171129.26	0.35129
21655228.1	5171109.25	0.435651
21655300.25	5171089.24	0.448455
21655372.39	5171069.24	0.385444
21655444.54	5171049.23	0.408454
21655516.69	5171029.22	0.390316
21655588.84	5171009.21	0.369613
21655660.98	5170989.2	0.382437
21655733.13	5170969.2	0.381742
21655805.28	5170949.19	0.375375
21655877.42	5170929.18	0.393971
21655949.57	5170909.17	0.496021
21656021.72	5170889.16	0.492023
21656093.86	5170869.16	0.412146
21656166.01	5170849.15	0.429146
21656238.16	5170829.14	0.379961
21656310.3	5170809.13	0.375005
21656382.45	5170789.12	0.446263
21656454.6	5170769.11	0.414832
21656526.74	5170749.11	0.372733
21656598.89	5170729.1	0.39635
21656671.04	5170709.09	0.413941
21656743.18	5170689.08	0.369546
21656815.33	5170669.07	0.319019
21656887.48	5170649.07	0.384975
21656959.62	5170629.06	0.392112
21657031.77	5170609.05	0.236987
21657103.92	5170589.04	0.297616
21657176.06	5170569.03	0.26029
21657248.21	5170549.03	0.232798
21657320.36	5170529.02	0.236675
21657392.5	5170509.01	0.230384
21657464.65	5170489	0.225095
21657536.8	5170468.99	0.226665
21657608.94	5170448.99	0.227634
21657681.09	5170428.98	0.234061
21657753.24	5170408.97	0.241264
21657825.38	5170388.96	0.342728
21657897.53	5170368.95	0.325505
21657969.68	5170348.95	0.241784
21658041.82	5170328.94	0.227712
21658113.97	5170308.93	0.345624
21658186.12	5170288.92	0.364074
21658258.26	5170268.91	0.313094
21658330.41	5170248.91	0.336355
21658402.56	5170228.9	0
21658474.7	5170208.89	0.379019
21658546.85	5170188.88	0.39658
21658619	5170168.87	0.356901
21658691.14	5170148.87	0.23721
21658763.29	5170128.86	0.36276
21658835.44	5170108.85	0.310504
21658907.58	5170088.84	0.297236
21658979.73	5170068.83	0.309287
21659051.88	5170048.83	0.334551
21653299.77	5171720.24	0.579491
21653371.91	5171700.23	0.578365
21653444.06	5171680.22	0.56782
21653516.21	5171660.22	0.556342
21653588.35	5171640.21	0.525536
21653660.5	5171620.2	0.435005
21653732.65	5171600.19	0.50156
21653804.79	5171580.18	0.439214
21653876.94	5171560.18	0.27122
21653949.09	5171540.17	0.232631
21654021.23	5171520.16	0.312459
21654093.38	5171500.15	0.483146
21654165.53	5171480.14	0.482963
21654237.67	5171460.14	0.511101
21654309.82	5171440.13	0.341924
21654381.97	5171420.12	0.231364
21654454.11	5171400.11	0.309139
21654526.26	5171380.1	0.391487
21654598.41	5171360.09	0.328722
21654670.55	5171340.09	0.317357
21654742.7	5171320.08	0.444107
21654814.85	5171300.07	0.384816
21654886.99	5171280.06	0.232681
21654959.14	5171260.05	0.331526
21655031.29	5171240.05	0.312394
21655103.43	5171220.04	0.258032
21655175.58	5171200.03	0.375066
21655247.73	5171180.02	0.482565
21655319.87	5171160.01	0.44395
21655392.02	5171140.01	0.384845
21655464.17	5171120	0.422234
21655536.31	5171099.99	0.386547
21655608.46	5171079.98	0.382185
21655680.61	5171059.97	0.493443
21655752.76	5171039.97	0.42481
21655824.9	5171019.96	0.31071
21655897.05	5170999.95	0.233868
21655969.2	5170979.94	0.399748
21656041.34	5170959.93	0.528823
21656113.49	5170939.93	0.548702
21656185.64	5170919.92	0.547149
21656257.78	5170899.91	0.376779
21656329.93	5170879.9	0.318148
21656402.08	5170859.89	0.481076
21656474.22	5170839.89	0.485497
21656546.37	5170819.88	0.468724
21656618.52	5170799.87	0.517443
21656690.66	5170779.86	0.472354
21656762.81	5170759.85	0.366983
21656834.96	5170739.85	0.245709
21656907.1	5170719.84	0.384683
21656979.25	5170699.83	0.438434
21657051.4	5170679.82	0.414742
21657123.54	5170659.81	0.395198
21657195.69	5170639.81	0.33042
21657267.84	5170619.8	0.239786
21657339.98	5170599.79	0.380719
21657412.13	5170579.78	0.430849
21657484.28	5170559.77	0.261197
21657556.42	5170539.76	0.231711
21657628.57	5170519.76	0.263632
21657700.72	5170499.75	0.34818
21657772.86	5170479.74	0.323854
21657845.01	5170459.73	0.393329
21657917.16	5170439.72	0.404985
21657989.3	5170419.72	0.328224
21658061.45	5170399.71	0.250623
21658133.6	5170379.7	0.341355
21658205.74	5170359.69	0.379743
21658277.89	5170339.68	0.336598
21658350.04	5170319.68	0.395872
21658422.18	5170299.67	0.390179
21658494.33	5170279.66	0.369573
21658566.48	5170259.65	0.395411
21658638.62	5170239.64	0.31671
21658710.77	5170219.64	0.327888
21658782.92	5170199.63	0.373954
21658855.06	5170179.62	0.322834
21658927.21	5170159.61	0.324667
21658999.36	5170139.6	0.237079
21659071.5	5170119.6	0.308402
21653247.25	5171811.02	0.587314
21653319.39	5171791.01	0.575319
21653391.54	5171771	0.57183
21653463.69	5171750.99	0.562006
21653535.83	5171730.99	0.550049
21653607.98	5171710.98	0.511279
21653680.13	5171690.97	0.395921
21653752.27	5171670.96	0.506408
21653824.42	5171650.95	0.461171
21653896.57	5171630.95	0.334413
21653968.71	5171610.94	0
21654040.86	5171590.93	0.40322
21654113.01	5171570.92	0.420386
21654185.15	5171550.91	0.546806
21654257.3	5171530.91	0.549622
21654329.45	5171510.9	0.455609
21654401.59	5171490.89	0.405807
21654473.74	5171470.88	0.403617
21654545.89	5171450.87	0.424576
21654618.03	5171430.87	0.236228
21654690.18	5171410.86	0.402671
21654762.33	5171390.85	0.409277
21654834.47	5171370.84	0.43968
21654906.62	5171350.83	0.390499
21654978.77	5171330.83	0.384835
21655050.91	5171310.82	0.340964
21655123.06	5171290.81	0.245883
21655195.21	5171270.8	0.437626
21655267.35	5171250.79	0.52308
21655339.5	5171230.79	0.405907
21655411.65	5171210.78	0.23395
21655483.79	5171190.77	0.381865
21655555.94	5171170.76	0.405263
21655628.09	5171150.75	0.242961
21655700.23	5171130.74	0.534085
21655772.38	5171110.74	0.43806
21655844.53	5171090.73	0.232777
21655916.67	5171070.72	0.228689
21655988.82	5171050.71	0.247546
21656060.97	5171030.7	0.466375
21656133.11	5171010.7	0.559844
21656205.26	5170990.69	0.495711
21656277.41	5170970.68	0.323814
21656349.56	5170950.67	0.242159
21656421.7	5170930.66	0.375509
21656493.85	5170910.66	0.447481
21656566	5170890.65	0.482639
21656638.14	5170870.64	0.543605
21656710.29	5170850.63	0.453113
21656782.44	5170830.62	0.239759
21656854.58	5170810.62	0
21656926.73	5170790.61	0.270964
21656998.88	5170770.6	0.471563
21657071.02	5170750.59	0.532948
21657143.17	5170730.58	0.425744
21657215.32	5170710.58	0.230987
21657287.46	5170690.57	0.231101
21657359.61	5170670.56	0.329359
21657431.76	5170650.55	0.40959
21657503.9	5170630.54	0.369254
21657576.05	5170610.54	0.388144
21657648.2	5170590.53	0.429017
21657720.34	5170570.52	0.383997
21657792.49	5170550.51	0.236893
21657864.64	5170530.5	0.38224
21657936.78	5170510.5	0.402181
21658008.93	5170490.49	0.324042
21658081.08	5170470.48	0.333816
21658153.22	5170450.47	0.362348
21658225.37	5170430.46	0.285837
21658297.52	5170410.46	0.232333
21658369.66	5170390.45	0.405992
21658441.81	5170370.44	0.370979
21658513.96	5170350.43	0.268249
21658586.1	5170330.42	0.330917
21658658.25	5170310.41	0.234083
21658730.4	5170290.41	0.228814
21658802.54	5170270.4	0.265335
21658874.69	5170250.39	0.308984
21658946.84	5170230.38	0.307756
21659018.98	5170210.37	0.301971
21659091.13	5170190.37	0.360974
21653266.87	5171881.79	0.586538
21653339.02	5171861.78	0.583851
21653411.17	5171841.77	0.574402
21653483.31	5171821.77	0.569951
21653555.46	5171801.76	0.56132
21653627.61	5171781.75	0.544486
21653699.75	5171761.74	0.528961
21653771.9	5171741.73	0.518762
21653844.05	5171721.73	0.500663
21653916.19	5171701.72	0.464064
21653988.34	5171681.71	0.414838
21654060.49	5171661.7	0.474294
21654132.63	5171641.69	0.539908
21654204.78	5171621.68	0.60605
21654276.93	5171601.68	0.586987
21654349.07	5171581.67	0.550712
21654421.22	5171561.66	0.539047
21654493.37	5171541.65	0.566374
21654565.51	5171521.64	0.547903
21654637.66	5171501.64	0.564114
21654709.81	5171481.63	0.530634
21654781.95	5171461.62	0.601462
21654854.1	5171441.61	0.557162
21654926.25	5171421.6	0.506231
21654998.39	5171401.6	0.516278
21655070.54	5171381.59	0.460139
21655142.69	5171361.58	0.44434
21655214.83	5171341.57	0.508411
21655286.98	5171321.56	0.565608
21655359.13	5171301.56	0.541849
21655431.27	5171281.55	0.389733
21655503.42	5171261.54	0.49818
21655575.57	5171241.53	0.517311
21655647.71	5171221.52	0.546486
21655719.86	5171201.52	0.604724
21655792.01	5171181.51	0.533377
21655864.15	5171161.5	0.366102
21655936.3	5171141.49	0.232092
21656008.45	5171121.48	0.411898
21656080.59	5171101.48	0.54583
21656152.74	5171081.47	0.573788
21656224.89	5171061.46	0.527505
21656297.03	5171041.45	0.421394
21656369.18	5171021.44	0.354414
21656441.33	5171001.44	0.417836
21656513.48	5170981.43	0.395936
21656585.62	5170961.42	0.352268
21656657.77	5170941.41	0.535359
21656729.91	5170921.4	0.532885
21656802.06	5170901.39	0
21656874.21	5170881.39	0.230855
21656946.36	5170861.38	0.45682
21657018.5	5170841.37	0.494382
21657090.65	5170821.36	0.56144
21657162.8	5170801.35	0.53163
21657234.94	5170781.35	0.392934
21657307.09	5170761.34	0.295735
21657379.24	5170741.33	0.395658
21657451.38	5170721.32	0.333075
21657523.53	5170701.31	0.236966
21657595.68	5170681.31	0.393285
21657667.82	5170661.3	0.506649
21657739.97	5170641.29	0.458311
21657812.12	5170621.28	0.398731
21657884.26	5170601.27	0.449142
21657956.41	5170581.27	0.400708
21658028.56	5170561.26	0.228937
21658100.7	5170541.25	0.277582
21658172.85	5170521.24	0.380414
21658245	5170501.23	0.320076
21658317.14	5170481.23	0.291402
21658389.29	5170461.22	0.234342
21658461.44	5170441.21	0.341318
21658533.58	5170421.2	0.230674
21658605.73	5170401.19	0.289578
21658677.88	5170381.19	0.271762
21658750.02	5170361.18	0.362262
21658822.17	5170341.17	0.259701
21658894.32	5170321.16	0.25732
21658966.46	5170301.15	0.233895
21659038.61	5170281.15	0.320974
21653286.5	5171952.56	0.583126
21653358.65	5171932.55	0.580001
21653430.79	5171912.54	0.577326
21653502.94	5171892.54	0.570924
21653575.09	5171872.53	0.55919
21653647.23	5171852.52	0.541777
21653719.38	5171832.51	0.52535
21653791.53	5171812.5	0.515369
21653863.67	5171792.5	0.524716
21653935.82	5171772.49	0.532237
21654007.97	5171752.48	0.533483
21654080.11	5171732.47	0
21654152.26	5171712.46	0
21654224.41	5171692.46	0.640013
21654296.55	5171672.45	0.63252
21654368.7	5171652.44	0.631215
21654440.85	5171632.43	0.641897
21654512.99	5171612.42	0.658521
21654585.14	5171592.42	0.597911
21654657.29	5171572.41	0.633262
21654729.43	5171552.4	0.670745
21654801.58	5171532.39	0.662974
21654873.73	5171512.38	0.637433
21654945.87	5171492.37	0.623281
21655018.02	5171472.37	0.585695
21655090.17	5171452.36	0.542346
21655162.31	5171432.35	0.526633
21655234.46	5171412.34	0.548698
21655306.61	5171392.33	0.585469
21655378.75	5171372.33	0.573752
21655450.9	5171352.32	0.545351
21655523.05	5171332.31	0.54886
21655595.19	5171312.3	0.569042
21655667.34	5171292.29	0.604696
21655739.49	5171272.29	0.638832
21655811.63	5171252.28	0.62544
21655883.78	5171232.27	0.547391
21655955.93	5171212.26	0.45136
21656028.07	5171192.25	0.559296
21656100.22	5171172.25	0.598125
21656172.37	5171152.24	0.578026
21656244.51	5171132.23	0.532045
21656316.66	5171112.22	0.503463
21656388.81	5171092.21	0.45978
21656460.95	5171072.21	0.459291
21656533.1	5171052.2	0.454706
21656605.25	5171032.19	0.45977
21656677.39	5171012.18	0.548161
21656749.54	5170992.17	0.553021
21656821.69	5170972.17	0.550509
21656893.84	5170952.16	0.505297
21656965.98	5170932.15	0.527565
21657038.13	5170912.14	0.558347
21657110.27	5170892.13	0.59786
21657182.42	5170872.13	0.588606
21657254.57	5170852.12	0.542724
21657326.72	5170832.11	0.498369
21657398.86	5170812.1	0.481722
21657471.01	5170792.09	0.439414
21657543.16	5170772.09	0.343261
21657615.3	5170752.08	0.510659
21657687.45	5170732.07	0.565219
21657759.6	5170712.06	0.543556
21657831.74	5170692.05	0.499316
21657903.89	5170672.04	0.500466
21657976.04	5170652.04	0.437451
21658048.18	5170632.03	0.37775
21658120.33	5170612.02	0.315593
21658192.48	5170592.01	0.33617
21658264.62	5170572	0.336879
21658336.77	5170552	0.236484
21658408.92	5170531.99	0.297918
21658481.06	5170511.98	0.351582
21658553.21	5170491.97	0.287717
21658625.36	5170471.96	0.347896
21658697.5	5170451.96	0.341624
21658769.65	5170431.95	0.342373
21658841.8	5170411.94	0.233699
21658913.94	5170391.93	0.228865
21658986.09	5170371.92	0.240612
21659058.24	5170351.92	0.236024
21653306.13	5172023.33	0.576291
21653378.27	5172003.32	0.573983
21653450.42	5171983.31	0.570987
21653522.57	5171963.31	0.560404
21653594.71	5171943.3	0.544659
21653666.86	5171923.29	0.525312
21653739.01	5171903.28	0.502956
21653811.15	5171883.27	0.509613
21653883.3	5171863.27	0.536477
21653955.45	5171843.26	0.567373
21654027.59	5171823.25	0
21654099.74	5171803.24	0
21654171.89	5171783.23	0
21654244.03	5171763.23	0
21654316.18	5171743.22	0.660483
21654388.33	5171723.21	0.670613
21654460.47	5171703.2	0.675868
21654532.62	5171683.19	0.679262
21654604.77	5171663.19	0.635666
21654676.91	5171643.18	0.672715
21654749.06	5171623.17	0.695053
21654821.21	5171603.16	0.690349
21654893.35	5171583.15	0.674026
21654965.5	5171563.15	0.658344
21655037.65	5171543.14	0.635865
21655109.79	5171523.13	0.602545
21655181.94	5171503.12	0.569116
21655254.09	5171483.11	0.583486
21655326.23	5171463.11	0.598934
21655398.38	5171443.1	0.59953
21655470.53	5171423.09	0.583931
21655542.67	5171403.08	0.5895
21655614.82	5171383.07	0.598238
21655686.97	5171363.07	0.629299
21655759.11	5171343.06	0
21655831.26	5171323.05	0.654458
21655903.41	5171303.04	0.644467
21655975.55	5171283.03	0
21656047.7	5171263.02	0
21656119.85	5171243.02	0
21656191.99	5171223.01	0
21656264.14	5171203	0.55379
21656336.29	5171182.99	0.52737
21656408.43	5171162.98	0.527606
21656480.58	5171142.98	0.528046
21656552.73	5171122.97	0.521569
21656624.87	5171102.96	0.527059
21656697.02	5171082.95	0.561828
21656769.17	5171062.94	0.582233
21656841.31	5171042.94	0.599002
21656913.46	5171022.93	0.587544
21656985.61	5171002.92	0.588171
21657057.75	5170982.91	0.612593
21657129.9	5170962.9	0.633912
21657202.05	5170942.9	0.634224
21657274.19	5170922.89	0.609426
21657346.34	5170902.88	0.583893
21657418.49	5170882.87	0.568952
21657490.64	5170862.86	0.538389
21657562.78	5170842.86	0.516194
21657634.93	5170822.85	0.597554
21657707.08	5170802.84	0.624654
21657779.22	5170782.83	0.604595
21657851.37	5170762.82	0.569195
21657923.52	5170742.82	0.53425
21657995.66	5170722.81	0.460368
21658067.81	5170702.8	0.361899
21658139.96	5170682.79	0.230219
21658212.1	5170662.78	0.267769
21658284.25	5170642.78	0.29006
21658356.4	5170622.77	0.238281
21658428.54	5170602.76	0.299121
21658500.69	5170582.75	0.319668
21658572.84	5170562.74	0.343818
21658644.98	5170542.74	0.359552
21658717.13	5170522.73	0.344735
21658789.28	5170502.72	0.343721
21658861.42	5170482.71	0.320284
21658933.57	5170462.7	0.223005
21659005.72	5170442.69	0.221734
21659077.86	5170422.69	0.22103
21653253.61	5172114.11	0.572663
21653325.75	5172094.1	0.572408
21653397.9	5172074.09	0.569107
21653470.05	5172054.09	0.561398
21653542.19	5172034.08	0.546945
21653614.34	5172014.07	0.526693
21653686.49	5171994.06	0.494214
21653758.63	5171974.05	0.459528
21653830.78	5171954.05	0.476353
21653902.93	5171934.04	0.529957
21653975.07	5171914.03	0
21654047.22	5171894.02	0
21654119.37	5171874.01	0
21654191.51	5171854	0
21654263.66	5171834	0.660907
21654335.81	5171813.99	0.680501
21654407.95	5171793.98	0.685503
21654480.1	5171773.97	0.682043
21654552.25	5171753.96	0.676648
21654624.39	5171733.96	0.67306
21654696.54	5171713.95	0.689336
21654768.69	5171693.94	0.71088
21654840.83	5171673.93	0.708779
21654912.98	5171653.92	0.6911
21654985.13	5171633.92	0.67752
21655057.27	5171613.91	0.658636
21655129.42	5171593.9	0.63048
21655201.57	5171573.89	0.59848
21655273.71	5171553.88	0.605764
21655345.86	5171533.88	0.618776
21655418.01	5171513.87	0.612774
21655490.15	5171493.86	0.604246
21655562.3	5171473.85	0.605329
21655634.45	5171453.84	0.616719
21655706.59	5171433.84	0.637795
21655778.74	5171413.83	0.655454
21655850.89	5171393.82	0.666397
21655923.03	5171373.81	0
21655995.18	5171353.8	0
21656067.33	5171333.8	0
21656139.47	5171313.79	0.634659
21656211.62	5171293.78	0.615343
21656283.77	5171273.77	0.584581
21656355.91	5171253.76	0.556576
21656428.06	5171233.76	0.559479
21656500.21	5171213.75	0.559669
21656572.35	5171193.74	0.547553
21656644.5	5171173.73	0.540682
21656716.65	5171153.72	0.554837
21656788.79	5171133.72	0.578856
21656860.94	5171113.71	0.624471
21656933.09	5171093.7	0.634621
21657005.23	5171073.69	0.61755
21657077.38	5171053.68	0.627812
21657149.53	5171033.67	0.64804
21657221.67	5171013.67	0.64383
21657293.82	5170993.66	0.647642
21657365.97	5170973.65	0.649912
21657438.11	5170953.64	0.645656
21657510.26	5170933.63	0.633323
21657582.41	5170913.63	0.620573
21657654.55	5170893.62	0.654136
21657726.7	5170873.61	0.655568
21657798.85	5170853.6	0.633321
21657870.99	5170833.59	0.589336
21657943.14	5170813.59	0.540069
21658015.29	5170793.58	0.464724
21658087.44	5170773.57	0.354309
21658159.58	5170753.56	0.228407
21658231.73	5170733.55	0.246529
21658303.88	5170713.55	0.232821
21658376.02	5170693.54	0.238983
21658448.17	5170673.53	0.293935
21658520.32	5170653.52	0.29864
21658592.46	5170633.51	0.314087
21658664.61	5170613.51	0.312544
21658736.76	5170593.5	0.293913
21658808.9	5170573.49	0.292137
21658881.05	5170553.48	0.308492
21658953.2	5170533.47	0.309287
21659025.34	5170513.47	0.27406
21659097.49	5170493.46	0.292663
21653273.23	5172184.88	0.565925
21653345.38	5172164.87	0.567185
21653417.53	5172144.86	0.56362
21653489.67	5172124.86	0.552806
21653561.82	5172104.85	0.536449
21653633.97	5172084.84	0.510537
21653706.11	5172064.83	0.459115
21653778.26	5172044.82	0.433634
21653850.41	5172024.82	0.451887
21653922.55	5172004.81	0.52484
21653994.7	5171984.8	0.562069
21654066.85	5171964.79	0.586992
21654138.99	5171944.78	0.601071
21654211.14	5171924.78	0.637215
21654283.29	5171904.77	0.674504
21654355.43	5171884.76	0.687896
21654427.58	5171864.75	0.693179
21654499.73	5171844.74	0.689098
21654571.87	5171824.74	0.68385
21654644.02	5171804.73	0.684153
21654716.17	5171784.72	0.702554
21654788.31	5171764.71	0.717499
21654860.46	5171744.7	0.713213
21654932.61	5171724.7	0.700603
21655004.75	5171704.69	0.685153
21655076.9	5171684.68	0.670889
21655149.05	5171664.67	0.651366
21655221.19	5171644.66	0.623418
21655293.34	5171624.65	0.625699
21655365.49	5171604.65	0.626189
21655437.63	5171584.64	0.61839
21655509.78	5171564.63	0.614093
21655581.93	5171544.62	0.61424
21655654.07	5171524.61	0.621732
21655726.22	5171504.61	0.639968
21655798.37	5171484.6	0.655281
21655870.51	5171464.59	0.670316
21655942.66	5171444.58	0.674872
21656014.81	5171424.57	0.666564
21656086.95	5171404.57	0.658596
21656159.1	5171384.56	0.648771
21656231.25	5171364.55	0.629334
21656303.39	5171344.54	0.600753
21656375.54	5171324.53	0.575665
21656447.69	5171304.53	0.575287
21656519.83	5171284.52	0.573486
21656591.98	5171264.51	0.55795
21656664.13	5171244.5	0.550438
21656736.27	5171224.49	0.562693
21656808.42	5171204.49	0.587893
21656880.57	5171184.48	0.620137
21656952.71	5171164.47	0.625279
21657024.86	5171144.46	0.608308
21657097.01	5171124.45	0.573286
21657169.15	5171104.45	0.618886
21657241.3	5171084.44	0.648749
21657313.45	5171064.43	0.665497
21657385.59	5171044.42	0.673622
21657457.74	5171024.41	0.677246
21657529.89	5171004.41	0.671816
21657602.03	5170984.4	0.670337
21657674.18	5170964.39	0.678429
21657746.33	5170944.38	0.666827
21657818.47	5170924.37	0.643404
21657890.62	5170904.36	0.597322
21657962.77	5170884.36	0.54203
21658034.91	5170864.35	0.465523
21658107.06	5170844.34	0.351718
21658179.21	5170824.33	0.22541
21658251.36	5170804.32	0.235996
21658323.5	5170784.32	0.235235
21658395.65	5170764.31	0.231358
21658467.8	5170744.3	0.267482
21658539.94	5170724.29	0.271866
21658612.09	5170704.28	0.306734
21658684.24	5170684.28	0.301009
21658756.38	5170664.27	0.285965
21658828.53	5170644.26	0.299746
21658900.68	5170624.25	0.389854
21658972.82	5170604.24	0.507882
21659044.97	5170584.24	0.296849
