21653307.22	5170346.33	0.525471
21653379.37	5170326.32	0.52124
21653451.52	5170306.31	0.520004
21653523.66	5170286.3	0.538698
21653595.81	5170266.29	0.538725
21653667.96	5170246.29	0.516415
21653740.1	5170226.28	0.468578
21653812.25	5170206.27	0.456784
21653884.4	5170186.26	0.378687
21653956.54	5170166.25	0.35325
21654028.69	5170146.25	0.370766
21654100.84	5170126.24	0.410058
21654172.98	5170106.23	0.425358
21654245.13	5170086.22	0
21654317.28	5170066.21	0
21654389.42	5170046.21	0.437131
21654461.57	5170026.2	0
21654533.72	5170006.19	0
21654605.86	5169986.18	0
21654678.01	5169966.17	0.525082
21654750.16	5169946.17	0.534571
21654822.31	5169926.16	0
21654894.45	5169906.15	0.454536
21654966.6	5169886.14	0
21655038.75	5169866.13	0.401943
21655110.89	5169846.13	0.374243
21655183.04	5169826.12	0
21655255.19	5169806.11	0.281016
21655327.33	5169786.1	0.329662
21655399.48	5169766.09	0.264278
21653254.7	5170437.11	0.463601
21653326.85	5170417.1	0.456645
21653399	5170397.09	0.447134
21653471.14	5170377.08	0.427841
21653543.29	5170357.07	0.429592
21653615.44	5170337.07	0.450237
21653687.58	5170317.06	0.458627
21653759.73	5170297.05	0.443033
21653831.88	5170277.04	0.41824
21653904.02	5170257.03	0.345277
21653976.17	5170237.03	0.285088
21654048.32	5170217.02	0.338282
21654120.46	5170197.01	0.339917
21654192.61	5170177	0.239985
21654264.76	5170156.99	0.341388
21654336.9	5170136.98	0
21654409.05	5170116.98	0.386979
21654481.2	5170096.97	0.438755
21654553.34	5170076.96	0
21654625.49	5170056.95	0.459007
21654697.64	5170036.94	0.466207
21654769.78	5170016.94	0.466916
21654841.93	5169996.93	0.448003
21654914.08	5169976.92	0
21654986.23	5169956.91	0
21655058.37	5169936.9	0.386178
21655130.52	5169916.9	0.311511
21655202.66	5169896.89	0
21655274.81	5169876.88	0.243607
21655346.96	5169856.87	0.277911
21655419.11	5169836.86	0.234429
21655491.25	5169816.86	0.247288
21655563.4	5169796.85	0.243929
21655635.55	5169776.84	0.244865
21655707.69	5169756.83	0.249527
21655779.84	5169736.82	0.244138
21655851.99	5169716.82	0
21655924.13	5169696.81	0
21655996.28	5169676.8	0.235009
21656068.43	5169656.79	0.234653
21656140.57	5169636.78	0.224348
21656212.72	5169616.78	0.218001
21656284.87	5169596.77	0.220255
21656357.01	5169576.76	0.232824
21656429.16	5169556.75	0.285088
21656501.31	5169536.74	0.339216
21656573.45	5169516.74	0.333854
21656645.6	5169496.73	0.293209
21656717.75	5169476.72	0.328805
21656789.89	5169456.71	0.33594
21656862.04	5169436.7	0.319876
21656934.19	5169416.69	0.359825
21657006.33	5169396.69	0.255755
21657078.48	5169376.68	0.291658
21657150.63	5169356.67	0.337562
21657222.77	5169336.66	0.329852
21657294.92	5169316.65	0.235176
21657367.07	5169296.65	0.229366
21657439.21	5169276.64	0.238146
21657511.36	5169256.63	0.406279
21657583.51	5169236.62	0.469118
21657655.65	5169216.61	0.511197
21657727.8	5169196.61	0.517111
21657799.95	5169176.6	0.51505
21657872.09	5169156.59	0.530699
21657944.24	5169136.58	0.529446
21658016.39	5169116.57	0.512255
21658088.53	5169096.57	0.505126
21658160.68	5169076.56	0.504584
21658232.83	5169056.55	0.45354
21658304.97	5169036.54	0.401496
21658377.12	5169016.53	0.40745
21658449.27	5168996.53	0.382041
21658521.41	5168976.52	0.378195
21658593.56	5168956.51	0.379874
21658665.71	5168936.5	0.425473
21658737.85	5168916.49	0.397764
21658810	5168896.49	0.403746
21658882.15	5168876.48	0.408505
21658954.29	5168856.47	0.430963
21659026.44	5168836.46	0.456018
21659098.59	5168816.45	0.50605
21653274.33	5170507.88	0.443713
21653346.48	5170487.87	0.397214
21653418.62	5170467.86	0.350272
21653490.77	5170447.85	0.260709
21653562.92	5170427.84	0.257488
21653635.06	5170407.84	0.360004
21653707.21	5170387.83	0.396277
21653779.36	5170367.82	0.43028
21653851.5	5170347.81	0.410428
21653923.65	5170327.8	0.327316
21653995.8	5170307.8	0.251003
21654067.94	5170287.79	0.326689
21654140.09	5170267.78	0.258175
21654212.24	5170247.77	0.225592
21654284.38	5170227.76	0.238107
21654356.53	5170207.76	0
21654428.68	5170187.75	0.233397
21654500.82	5170167.74	0.328542
21654572.97	5170147.73	0
21654645.12	5170127.72	0
21654717.26	5170107.72	0
21654789.41	5170087.71	0
21654861.56	5170067.7	0.382423
21654933.7	5170047.69	0.352373
21655005.85	5170027.68	0.327498
21655078	5170007.68	0.30071
21655150.14	5169987.67	0
21655222.29	5169967.66	0
21655294.44	5169947.65	0.250063
21655366.58	5169927.64	0
21655438.73	5169907.63	0.233911
21655510.88	5169887.63	0.23159
21655583.03	5169867.62	0.235574
21655655.17	5169847.61	0.232944
21655727.32	5169827.6	0.236908
21655799.47	5169807.59	0
21655871.61	5169787.59	0
21655943.76	5169767.58	0
21656015.91	5169747.57	0.32713
21656088.05	5169727.56	0.230365
21656160.2	5169707.55	0.223503
21656232.35	5169687.55	0.221023
21656304.49	5169667.54	0.219252
21656376.64	5169647.53	0
21656448.79	5169627.52	0.227824
21656520.93	5169607.51	0.224465
21656593.08	5169587.51	0.246661
21656665.23	5169567.5	0.257911
21656737.37	5169547.49	0.326327
21656809.52	5169527.48	0.327766
21656881.67	5169507.47	0.274064
21656953.81	5169487.47	0.315639
21657025.96	5169467.46	0.296286
21657098.11	5169447.45	0.319644
21657170.25	5169427.44	0.284578
21657242.4	5169407.43	0.233135
21657314.55	5169387.43	0.224327
21657386.69	5169367.42	0.227658
21657458.84	5169347.41	0.230349
21657530.99	5169327.4	0.3235
21657603.13	5169307.39	0.405366
21657675.28	5169287.39	0.452992
21657747.43	5169267.38	0.450302
21657819.57	5169247.37	0.458086
21657891.72	5169227.36	0.477922
21657963.87	5169207.35	0.469582
21658036.01	5169187.34	0.445857
21658108.16	5169167.34	0.407272
21658180.31	5169147.33	0.457506
21658252.45	5169127.32	0.429764
21658324.6	5169107.31	0.369906
21658396.75	5169087.3	0.36847
21658468.89	5169067.3	0.322898
21658541.04	5169047.29	0.332785
21658613.19	5169027.28	0.373968
21658685.33	5169007.27	0.374537
21658757.48	5168987.26	0.374495
21658829.63	5168967.26	0.381402
21658901.77	5168947.25	0.388387
21658973.92	5168927.24	0.413659
21659046.07	5168907.23	0.421005
21653293.96	5170578.65	0.443116
21653366.1	5170558.64	0.355981
21653438.25	5170538.63	0.260723
21653510.4	5170518.62	0.236479
21653582.54	5170498.61	0.235535
21653654.69	5170478.61	0.246301
21653726.84	5170458.6	0.2516
21653798.98	5170438.59	0.304048
21653871.13	5170418.58	0.286042
21653943.28	5170398.57	0.242352
21654015.42	5170378.57	0.231146
21654087.57	5170358.56	0.235816
21654159.72	5170338.55	0.23681
21654231.86	5170318.54	0.240352
21654304.01	5170298.53	0.232893
21654376.16	5170278.53	0.232093
21654448.3	5170258.52	0.235369
21654520.45	5170238.51	0.270099
21654592.6	5170218.5	0.338431
21654664.74	5170198.49	0
21654736.89	5170178.49	0.320833
21654809.04	5170158.48	0.248518
21654881.18	5170138.47	0.235184
21654953.33	5170118.46	0.246544
21655025.48	5170098.45	0.294315
21655097.62	5170078.45	0.254583
21655169.77	5170058.44	0.239807
21655241.92	5170038.43	0.261996
21655314.06	5170018.42	0.238706
21655386.21	5169998.41	0.24526
21655458.36	5169978.41	0.230822
21655530.5	5169958.4	0.232591
21655602.65	5169938.39	0.231497
21655674.8	5169918.38	0.230707
21655746.95	5169898.37	0.220719
21655819.09	5169878.37	0.231899
21655891.24	5169858.36	0
21655963.38	5169838.35	0.243262
21656035.53	5169818.34	0.256279
21656107.68	5169798.33	0.247239
21656179.83	5169778.32	0.222899
21656251.97	5169758.32	0.218307
21656324.12	5169738.31	0.215202
21656396.27	5169718.3	0.218616
21656468.41	5169698.29	0.218857
21656540.56	5169678.28	0.217162
21656612.71	5169658.28	0.215401
21656684.85	5169638.27	0.236602
21656757	5169618.26	0.239496
21656829.15	5169598.25	0.275734
21656901.29	5169578.24	0.223913
21656973.44	5169558.24	0.232768
21657045.59	5169538.23	0.230617
21657117.73	5169518.22	0.295245
21657189.88	5169498.21	0.240756
21657262.03	5169478.2	0.232728
21657334.17	5169458.2	0.255896
21657406.32	5169438.19	0.243269
21657478.47	5169418.18	0.217184
21657550.61	5169398.17	0.226455
21657622.76	5169378.16	0.337448
21657694.91	5169358.16	0.382337
21657767.05	5169338.15	0.291972
21657839.2	5169318.14	0.410042
21657911.35	5169298.13	0.422589
21657983.49	5169278.12	0.411387
21658055.64	5169258.12	0.359411
21658127.79	5169238.11	0.240785
21658199.93	5169218.1	0.384973
21658272.08	5169198.09	0.394047
21658344.23	5169178.08	0.249474
21658416.37	5169158.08	0.246205
21658488.52	5169138.07	0.240244
21658560.67	5169118.06	0.236981
21658632.81	5169098.05	0.332404
21658704.96	5169078.04	0.339172
21658777.11	5169058.03	0.340922
21658849.25	5169038.03	0.320101
21658921.4	5169018.02	0.2646
21658993.55	5168998.01	0.386268
21659065.69	5168978	0.399076
21653313.58	5170649.42	0.459986
21653385.73	5170629.41	0.349025
21653457.88	5170609.4	0.237659
21653530.02	5170589.39	0.238084
21653602.17	5170569.39	0.232597
21653674.32	5170549.38	0.236652
21653746.46	5170529.37	0.237726
21653818.61	5170509.36	0.246759
21653890.76	5170489.35	0.242196
21653962.9	5170469.35	0.233771
21654035.05	5170449.34	0.2317
21654107.2	5170429.33	0.234809
21654179.34	5170409.32	0.23151
21654251.49	5170389.31	0.236941
21654323.64	5170369.3	0.237416
21654395.78	5170349.3	0.236909
21654467.93	5170329.29	0.251014
21654540.08	5170309.28	0.261711
21654612.22	5170289.27	0.279247
21654684.37	5170269.26	0.233549
21654756.52	5170249.26	0.243911
21654828.66	5170229.25	0.232199
21654900.81	5170209.24	0.230698
21654972.96	5170189.23	0.231995
21655045.1	5170169.22	0.230218
21655117.25	5170149.22	0.228084
21655189.4	5170129.21	0.221398
21655261.54	5170109.2	0.231223
21655333.69	5170089.19	0.248003
21655405.84	5170069.18	0.232497
21655477.98	5170049.18	0.231764
21655550.13	5170029.17	0.232441
21655622.28	5170009.16	0.230921
21655694.42	5169989.15	0.232654
21655766.57	5169969.14	0.230802
21655838.72	5169949.14	0.229457
21655910.86	5169929.13	0.23193
21655983.01	5169909.12	0.233861
21656055.16	5169889.11	0.228864
21656127.3	5169869.1	0.236346
21656199.45	5169849.1	0.240993
21656271.6	5169829.09	0.2937
21656343.75	5169809.08	0.227997
21656415.89	5169789.07	0.218843
21656488.04	5169769.06	0.220551
21656560.19	5169749.06	0.21749
21656632.33	5169729.05	0.219557
21656704.48	5169709.04	0.25081
21656776.63	5169689.03	0
21656848.77	5169669.02	0.229959
21656920.92	5169649.02	0.232629
21656993.07	5169629.01	0.254755
21657065.21	5169609	0.230442
21657137.36	5169588.99	0.324108
21657209.51	5169568.98	0.235048
21657281.65	5169548.97	0.229522
21657353.8	5169528.97	0.240757
21657425.95	5169508.96	0.238366
21657498.09	5169488.95	0.22768
21657570.24	5169468.94	0.236076
21657642.39	5169448.93	0.236538
21657714.53	5169428.93	0.242425
21657786.68	5169408.92	0.228418
21657858.83	5169388.91	0.292647
21657930.97	5169368.9	0.300707
21658003.12	5169348.89	0.368741
21658075.27	5169328.89	0.235791
21658147.41	5169308.88	0.228695
21658219.56	5169288.87	0.236572
21658291.71	5169268.86	0.245291
21658363.85	5169248.85	0.227858
21658436	5169228.85	0.232109
21658508.15	5169208.84	0.235223
21658580.29	5169188.83	0.228327
21658652.44	5169168.82	0.239573
21658724.59	5169148.81	0.247077
21658796.73	5169128.81	0.234595
21658868.88	5169108.8	0.234226
21658941.03	5169088.79	0.228541
21659013.17	5169068.78	0.260221
21659085.32	5169048.77	0.363304
21653261.06	5170740.2	0.431082
21653333.21	5170720.19	0.442738
21653405.36	5170700.18	0.375769
21653477.5	5170680.17	0.280471
21653549.65	5170660.16	0.243003
21653621.8	5170640.16	0.236349
21653693.94	5170620.15	0.238812
21653766.09	5170600.14	0.250589
21653838.24	5170580.13	0.25893
21653910.38	5170560.12	0.264883
21653982.53	5170540.12	0.23478
21654054.68	5170520.11	0.237165
21654126.82	5170500.1	0.232537
21654198.97	5170480.09	0.232397
21654271.12	5170460.08	0.230815
21654343.26	5170440.08	0.258419
21654415.41	5170420.07	0.244101
21654487.56	5170400.06	0.274178
21654559.7	5170380.05	0.26641
21654631.85	5170360.04	0.25104
21654704	5170340.04	0.243315
21654776.14	5170320.03	0.249926
21654848.29	5170300.02	0.230781
21654920.44	5170280.01	0.230463
21654992.58	5170260	0.233073
21655064.73	5170240	0.246133
21655136.88	5170219.99	0.251587
21655209.02	5170199.98	0.25859
21655281.17	5170179.97	0.237373
21655353.32	5170159.96	0.234982
21655425.46	5170139.95	0.232652
21655497.61	5170119.95	0.231894
21655569.76	5170099.94	0.232734
21655641.9	5170079.93	0.231693
21655714.05	5170059.92	0.232292
21655786.2	5170039.91	0.233743
21655858.34	5170019.91	0.23311
21655930.49	5169999.9	0.238681
21656002.64	5169979.89	0.291086
21656074.78	5169959.88	0.236079
21656146.93	5169939.87	0.251511
21656219.08	5169919.87	0.269026
21656291.22	5169899.86	0.310823
21656363.37	5169879.85	0.27299
21656435.52	5169859.84	0.248316
21656507.66	5169839.83	0.221069
21656579.81	5169819.83	0.218225
21656651.96	5169799.82	0.218749
21656724.1	5169779.81	0.259239
21656796.25	5169759.8	0.259974
21656868.4	5169739.79	0.231519
21656940.55	5169719.79	0.239567
21657012.69	5169699.78	0.256082
21657084.84	5169679.77	0.244988
21657156.99	5169659.76	0.325757
21657229.13	5169639.75	0.32779
21657301.28	5169619.75	0.240044
21657373.43	5169599.74	0.264022
21657445.57	5169579.73	0.249683
21657517.72	5169559.72	0.284618
21657589.87	5169539.71	0.234431
21657662.01	5169519.71	0.264067
21657734.16	5169499.7	0.254784
21657806.31	5169479.69	0.231793
21657878.45	5169459.68	0.247421
21657950.6	5169439.67	0.23141
21658022.75	5169419.66	0.303199
21658094.89	5169399.66	0.246725
21658167.04	5169379.65	0.230897
21658239.19	5169359.64	0.231059
21658311.33	5169339.63	0.232201
21658383.48	5169319.62	0.226239
21658455.63	5169299.62	0.231917
21658527.77	5169279.61	0.238594
21658599.92	5169259.6	0.235922
21658672.07	5169239.59	0.234572
21658744.21	5169219.58	0.245331
21658816.36	5169199.58	0.228887
21658888.51	5169179.57	0.228729
21658960.65	5169159.56	0.234026
21659032.8	5169139.55	0.277825
21659104.95	5169119.54	0.345648
21653280.69	5170810.97	0.4011
21653352.84	5170790.96	0.40972
21653424.98	5170770.95	0.36974
21653497.13	5170750.94	0.301835
21653569.28	5170730.93	0.237743
21653641.42	5170710.93	0.240375
21653713.57	5170690.92	0.24157
21653785.72	5170670.91	0.299611
21653857.86	5170650.9	0
21653930.01	5170630.89	0.276011
21654002.16	5170610.89	0.23331
21654074.3	5170590.88	0.2438
21654146.45	5170570.87	0.230634
21654218.6	5170550.86	0.230429
21654290.74	5170530.85	0.23006
21654362.89	5170510.85	0.27351
21654435.04	5170490.84	0.23689
21654507.18	5170470.83	0.255078
21654579.33	5170450.82	0.296994
21654651.48	5170430.81	0
21654723.62	5170410.81	0.254892
21654795.77	5170390.8	0.244583
21654867.92	5170370.79	0.233865
21654940.06	5170350.78	0.236408
21655012.21	5170330.77	0.247245
21655084.36	5170310.77	0.246028
21655156.5	5170290.76	0.254527
21655228.65	5170270.75	0.280319
21655300.8	5170250.74	0.24111
21655372.94	5170230.73	0.264615
21655445.09	5170210.73	0.235257
21655517.24	5170190.72	0.235931
21655589.38	5170170.71	0.237061
21655661.53	5170150.7	0.234942
21655733.68	5170130.69	0.234666
21655805.82	5170110.69	0.241213
21655877.97	5170090.68	0.239429
21655950.12	5170070.67	0.312922
21656022.26	5170050.66	0.284179
21656094.41	5170030.65	0.276784
21656166.56	5170010.65	0.342125
21656238.7	5169990.64	0.334904
21656310.85	5169970.63	0.385289
21656383	5169950.62	0.280825
21656455.14	5169930.61	0.249041
21656527.29	5169910.6	0.221555
21656599.44	5169890.6	0.217256
21656671.58	5169870.59	0.226081
21656743.73	5169850.58	0.320832
21656815.88	5169830.57	0.237981
21656888.02	5169810.56	0.291644
21656960.17	5169790.56	0.284178
21657032.32	5169770.55	0.296034
21657104.47	5169750.54	0.293192
21657176.61	5169730.53	0.329083
21657248.76	5169710.52	0.333805
21657320.91	5169690.52	0.284281
21657393.05	5169670.51	0.250896
21657465.2	5169650.5	0.258747
21657537.35	5169630.49	0.237695
21657609.49	5169610.48	0.229472
21657681.64	5169590.48	0
21657753.79	5169570.47	0.264368
21657825.93	5169550.46	0.237654
21657898.08	5169530.45	0.23849
21657970.23	5169510.44	0.238437
21658042.37	5169490.44	0.311141
21658114.52	5169470.43	0.288132
21658186.67	5169450.42	0.244289
21658258.81	5169430.41	0.233057
21658330.96	5169410.4	0.230928
21658403.11	5169390.4	0.230804
21658475.25	5169370.39	0.23204
21658547.4	5169350.38	0.232547
21658619.55	5169330.37	0.321963
21658691.69	5169310.36	0.234252
21658763.84	5169290.36	0.231692
21658835.99	5169270.35	0.227741
21658908.13	5169250.34	0.228212
21658980.28	5169230.33	0.237162
21659052.43	5169210.32	0.245332
21653300.32	5170881.74	0.396968
21653372.46	5170861.73	0.400412
21653444.61	5170841.72	0.369286
21653516.76	5170821.71	0.322264
21653588.9	5170801.71	0.241267
21653661.05	5170781.7	0.236155
21653733.2	5170761.69	0
21653805.34	5170741.68	0
21653877.49	5170721.67	0
21653949.64	5170701.67	0.231826
21654021.78	5170681.66	0.231808
21654093.93	5170661.65	0.240125
21654166.08	5170641.64	0.230381
21654238.22	5170621.63	0.232207
21654310.37	5170601.63	0.230202
21654382.52	5170581.62	0.231091
21654454.66	5170561.61	0.233071
21654526.81	5170541.6	0.256188
21654598.96	5170521.59	0.243966
21654671.1	5170501.58	0
21654743.25	5170481.58	0.258405
21654815.4	5170461.57	0.237199
21654887.54	5170441.56	0.235961
21654959.69	5170421.55	0.266212
21655031.84	5170401.54	0.285129
21655103.98	5170381.54	0.235635
21655176.13	5170361.53	0.234036
21655248.28	5170341.52	0.266058
21655320.42	5170321.51	0.234938
21655392.57	5170301.5	0.23966
21655464.72	5170281.5	0.237623
21655536.86	5170261.49	0.242281
21655609.01	5170241.48	0.255557
21655681.16	5170221.47	0.232928
21655753.3	5170201.46	0.242974
21655825.45	5170181.46	0.236254
21655897.6	5170161.45	0.231812
21655969.74	5170141.44	0.245884
21656041.89	5170121.43	0.234617
21656114.04	5170101.42	0.237642
21656186.18	5170081.42	0.332078
21656258.33	5170061.41	0.396143
21656330.48	5170041.4	0.383125
21656402.62	5170021.39	0.233961
21656474.77	5170001.38	0.236368
21656546.92	5169981.38	0.239734
21656619.06	5169961.37	0.229912
21656691.21	5169941.36	0.268467
21656763.36	5169921.35	0.240042
21656835.5	5169901.34	0.227847
21656907.65	5169881.34	0.23132
21656979.8	5169861.33	0.28435
21657051.94	5169841.32	0.340624
21657124.09	5169821.31	0.264878
21657196.24	5169801.3	0.342754
21657268.38	5169781.3	0.328596
21657340.53	5169761.29	0.304058
21657412.68	5169741.28	0.25413
21657484.83	5169721.27	0.318426
21657556.97	5169701.26	0.231923
21657629.12	5169681.25	0.227454
21657701.27	5169661.25	0.232327
21657773.41	5169641.24	0.243518
21657845.56	5169621.23	0.247988
21657917.71	5169601.22	0.283014
21657989.85	5169581.21	0.262611
21658062	5169561.21	0.288987
21658134.15	5169541.2	0.313441
21658206.29	5169521.19	0.338539
21658278.44	5169501.18	0.298607
21658350.59	5169481.17	0.280696
21658422.73	5169461.17	0.230404
21658494.88	5169441.16	0.231007
21658567.03	5169421.15	0.267137
21658639.17	5169401.14	0.231315
21658711.32	5169381.13	0.232601
21658783.47	5169361.13	0.228004
21658855.61	5169341.12	0.227463
21658927.76	5169321.11	0.228692
21658999.91	5169301.1	0.236123
21659072.05	5169281.09	0.235941
21653247.8	5170972.52	0.424985
21653319.94	5170952.51	0.402533
21653392.09	5170932.5	0.404034
21653464.24	5170912.49	0.3844
21653536.38	5170892.48	0.373073
21653608.53	5170872.48	0.241462
21653680.68	5170852.47	0.231428
21653752.82	5170832.46	0.230778
21653824.97	5170812.45	0.231651
21653897.12	5170792.44	0.232048
21653969.26	5170772.44	0.230731
21654041.41	5170752.43	0.234833
21654113.56	5170732.42	0.321706
21654185.7	5170712.41	0.320131
21654257.85	5170692.4	0.233465
21654330	5170672.4	0.237952
21654402.14	5170652.39	0.23152
21654474.29	5170632.38	0.23099
21654546.44	5170612.37	0.236518
21654618.58	5170592.36	0.245247
21654690.73	5170572.36	0
21654762.88	5170552.35	0.247771
21654835.02	5170532.34	0.231244
21654907.17	5170512.33	0.232157
21654979.32	5170492.32	0.235562
21655051.46	5170472.32	0
21655123.61	5170452.31	0.234173
21655195.76	5170432.3	0.231499
21655267.9	5170412.29	0.23258
21655340.05	5170392.28	0.230553
21655412.2	5170372.28	0.235058
21655484.34	5170352.27	0.256326
21655556.49	5170332.26	0.233154
21655628.64	5170312.25	0.23163
21655700.78	5170292.24	0.230362
21655772.93	5170272.23	0.230727
21655845.08	5170252.23	0.230979
21655917.22	5170232.22	0.230463
21655989.37	5170212.21	0.232555
21656061.52	5170192.2	0.230858
21656133.66	5170172.19	0.230362
21656205.81	5170152.19	0.245271
21656277.96	5170132.18	0.296244
21656350.1	5170112.17	0.293025
21656422.25	5170092.16	0.229596
21656494.4	5170072.15	0.230097
21656566.54	5170052.15	0.229907
21656638.69	5170032.14	0.2282
21656710.84	5170012.13	0.231014
21656782.98	5169992.12	0.228578
21656855.13	5169972.11	0.227521
21656927.28	5169952.11	0.227991
21656999.42	5169932.1	0.241628
21657071.57	5169912.09	0.245795
21657143.72	5169892.08	0.23022
21657215.86	5169872.07	0.254192
21657288.01	5169852.07	0.282649
21657360.16	5169832.06	0.241108
21657432.3	5169812.05	0.261124
21657504.45	5169792.04	0.230486
21657576.6	5169772.03	0.229542
21657648.74	5169752.03	0.226915
21657720.89	5169732.02	0.227317
21657793.04	5169712.01	0.229136
21657865.18	5169692	0.242855
21657937.33	5169671.99	0.329132
21658009.48	5169651.99	0.252035
21658081.63	5169631.98	0.253758
21658153.77	5169611.97	0.279646
21658225.92	5169591.96	0.230813
21658298.07	5169571.95	0.227778
21658370.21	5169551.94	0.231721
21658442.36	5169531.94	0.230261
21658514.51	5169511.93	0.2279
21658586.65	5169491.92	0.230128
21658658.8	5169471.91	0.226141
21658730.95	5169451.9	0.230697
21658803.09	5169431.9	0.223826
21658875.24	5169411.89	0.22855
21658947.39	5169391.88	0.234778
21659019.53	5169371.87	0.229664
21659091.68	5169351.86	0.22993
21653267.42	5171043.29	0.421459
21653339.57	5171023.28	0.404496
21653411.72	5171003.27	0.400702
21653483.86	5170983.26	0.338352
21653556.01	5170963.26	0.381638
21653628.16	5170943.25	0.277638
21653700.3	5170923.24	0.232233
21653772.45	5170903.23	0.233756
21653844.6	5170883.22	0.234857
21653916.74	5170863.21	0.236283
21653988.89	5170843.21	0.235173
21654061.04	5170823.2	0.241755
21654133.18	5170803.19	0.264732
21654205.33	5170783.18	0.243941
21654277.48	5170763.17	0.241469
21654349.62	5170743.17	0.240624
21654421.77	5170723.16	0.232801
21654493.92	5170703.15	0.240366
21654566.06	5170683.14	0.256708
21654638.21	5170663.13	0.247789
21654710.36	5170643.13	0.249185
21654782.5	5170623.12	0.246573
21654854.65	5170603.11	0.233353
21654926.8	5170583.1	0.233072
21654998.94	5170563.09	0.257505
21655071.09	5170543.09	0.263384
21655143.24	5170523.08	0.249636
21655215.38	5170503.07	0.232668
21655287.53	5170483.06	0.26821
21655359.68	5170463.05	0.250447
21655431.82	5170443.05	0.232847
21655503.97	5170423.04	0.237214
21655576.12	5170403.03	0.232323
21655648.26	5170383.02	0.233061
21655720.41	5170363.01	0.230855
21655792.56	5170343.01	0.231148
21655864.7	5170323	0.233359
21655936.85	5170302.99	0.230786
21656009	5170282.98	0.231517
21656081.14	5170262.97	0.230324
21656153.29	5170242.97	0.231683
21656225.44	5170222.96	0.255566
21656297.58	5170202.95	0.252351
21656369.73	5170182.94	0.267772
21656441.88	5170162.93	0.232292
21656514.02	5170142.93	0.255825
21656586.17	5170122.92	0.23695
21656658.32	5170102.91	0.23072
21656730.46	5170082.9	0.235433
21656802.61	5170062.89	0.230278
21656874.76	5170042.88	0.231176
21656946.9	5170022.88	0.231733
21657019.05	5170002.87	0.274353
21657091.2	5169982.86	0.315737
21657163.34	5169962.85	0.235218
21657235.49	5169942.84	0.293478
21657307.64	5169922.84	0.230695
21657379.78	5169902.83	0.24549
21657451.93	5169882.82	0.282323
21657524.08	5169862.81	0.231587
21657596.22	5169842.8	0.226759
21657668.37	5169822.8	0.226785
21657740.52	5169802.79	0.2276
21657812.66	5169782.78	0.232277
21657884.81	5169762.77	0.231288
21657956.96	5169742.76	0.357428
21658029.1	5169722.76	0.338974
21658101.25	5169702.75	0.242264
21658173.4	5169682.74	0.239414
21658245.54	5169662.73	0.231399
21658317.69	5169642.72	0.231035
21658389.84	5169622.72	0.236915
21658461.99	5169602.71	0.231499
21658534.13	5169582.7	0.226997
21658606.28	5169562.69	0.22754
21658678.43	5169542.68	0.222732
21658750.57	5169522.68	0.222911
21658822.72	5169502.67	0.222349
21658894.87	5169482.66	0
21658967.01	5169462.65	0.228268
21659039.16	5169442.64	0.233761
21659111.31	5169422.64	0.228533
21653287.05	5171114.06	0.398239
21653359.2	5171094.05	0.387294
21653431.34	5171074.04	0.390671
21653503.49	5171054.03	0.349593
21653575.64	5171034.03	0.371906
21653647.78	5171014.02	0.289518
21653719.93	5170994.01	0.240128
21653792.08	5170974	0.241357
21653864.22	5170953.99	0.26428
21653936.37	5170933.99	0.235879
21654008.52	5170913.98	0.234946
21654080.66	5170893.97	0.231326
21654152.81	5170873.96	0.232951
21654224.96	5170853.95	0.231421
21654297.1	5170833.95	0.237293
21654369.25	5170813.94	0.281809
21654441.4	5170793.93	0.336189
21654513.54	5170773.92	0.326157
21654585.69	5170753.91	0.231532
21654657.84	5170733.91	0.236999
21654729.98	5170713.9	0.246286
21654802.13	5170693.89	0.266028
21654874.28	5170673.88	0.24173
21654946.42	5170653.87	0.247744
21655018.57	5170633.86	0.301873
21655090.72	5170613.86	0.296131
21655162.86	5170593.85	0.252712
21655235.01	5170573.84	0.248525
21655307.16	5170553.83	0.308647
21655379.3	5170533.82	0.251039
21655451.45	5170513.82	0.240877
21655523.6	5170493.81	0.233846
21655595.74	5170473.8	0.242011
21655667.89	5170453.79	0.232199
21655740.04	5170433.78	0.231337
21655812.18	5170413.78	0.238879
21655884.33	5170393.77	0.231836
21655956.48	5170373.76	0.230554
21656028.62	5170353.75	0.232175
21656100.77	5170333.74	0.234608
21656172.92	5170313.74	0.250555
21656245.06	5170293.73	0.337358
21656317.21	5170273.72	0.405659
21656389.36	5170253.71	0.401984
21656461.5	5170233.7	0.30676
21656533.65	5170213.7	0.29384
21656605.8	5170193.69	0.265454
21656677.94	5170173.68	0.249189
21656750.09	5170153.67	0.271356
21656822.24	5170133.66	0.252871
21656894.38	5170113.66	0.234385
21656966.53	5170093.65	0.261133
21657038.68	5170073.64	0.278568
21657110.82	5170053.63	0.336466
21657182.97	5170033.62	0.313286
21657255.12	5170013.62	0.307015
21657327.26	5169993.61	0.257799
21657399.41	5169973.6	0.348824
21657471.56	5169953.59	0.243212
21657543.7	5169933.58	0.2319
21657615.85	5169913.57	0.227045
21657688	5169893.57	0.226856
21657760.14	5169873.56	0.235229
21657832.29	5169853.55	0.256671
21657904.44	5169833.54	0.233863
21657976.58	5169813.53	0.341353
21658048.73	5169793.53	0.386998
21658120.88	5169773.52	0.278961
21658193.02	5169753.51	0.286854
21658265.17	5169733.5	0.232814
21658337.32	5169713.49	0.236034
21658409.46	5169693.49	0.235047
21658481.61	5169673.48	0.232878
21658553.76	5169653.47	0.226776
21658625.91	5169633.46	0.226809
21658698.05	5169613.45	0.227526
21658770.2	5169593.45	0.224123
21658842.35	5169573.44	0
21658914.49	5169553.43	0
21658986.64	5169533.42	0
21659058.79	5169513.41	0
21653306.68	5171184.83	0.373318
21653378.82	5171164.82	0.37126
21653450.97	5171144.81	0.380316
21653523.12	5171124.8	0.360584
21653595.26	5171104.8	0.357195
21653667.41	5171084.79	0.24517
21653739.56	5171064.78	0.234215
21653811.7	5171044.77	0.237301
21653883.85	5171024.76	0.240792
21653956	5171004.76	0.232865
21654028.14	5170984.75	0.230898
21654100.29	5170964.74	0.230981
21654172.44	5170944.73	0.230003
21654244.58	5170924.72	0.230277
21654316.73	5170904.72	0.243772
21654388.88	5170884.71	0
21654461.02	5170864.7	0.307879
21654533.17	5170844.69	0.24621
21654605.32	5170824.68	0
21654677.46	5170804.68	0
21654749.61	5170784.67	0.235682
21654821.76	5170764.66	0.248025
21654893.9	5170744.65	0.320911
21654966.05	5170724.64	0.244058
21655038.2	5170704.64	0.231639
21655110.34	5170684.63	0.264499
21655182.49	5170664.62	0.278548
21655254.64	5170644.61	0.235672
21655326.78	5170624.6	0.243537
21655398.93	5170604.6	0.234641
21655471.08	5170584.59	0.236764
21655543.22	5170564.58	0.267503
21655615.37	5170544.57	0.317015
21655687.52	5170524.56	0.231438
21655759.66	5170504.56	0.230435
21655831.81	5170484.55	0.24362
21655903.96	5170464.54	0.247371
21655976.1	5170444.53	0.23155
21656048.25	5170424.52	0.240554
21656120.4	5170404.51	0.235257
21656192.54	5170384.51	0.235724
21656264.69	5170364.5	0.290527
21656336.84	5170344.49	0.399323
21656408.98	5170324.48	0.424976
21656481.13	5170304.47	0.379487
21656553.28	5170284.47	0.438295
21656625.42	5170264.46	0.339404
21656697.57	5170244.45	0.249441
21656769.72	5170224.44	0.297897
21656841.86	5170204.43	0.264673
21656914.01	5170184.43	0.23363
21656986.16	5170164.42	0.29766
21657058.3	5170144.41	0.279759
21657130.45	5170124.4	0.256807
21657202.6	5170104.39	0.262105
21657274.74	5170084.39	0.34014
21657346.89	5170064.38	0.346937
21657419.04	5170044.37	0.328368
21657491.18	5170024.36	0.316826
21657563.33	5170004.35	0.23444
21657635.48	5169984.35	0.218741
21657707.62	5169964.34	0.221898
21657779.77	5169944.33	0.230138
21657851.92	5169924.32	0.271705
21657924.06	5169904.31	0.240796
21657996.21	5169884.31	0.329917
21658068.36	5169864.3	0.349978
21658140.5	5169844.29	0.238294
21658212.65	5169824.28	0.325752
21658284.8	5169804.27	0.301227
21658356.94	5169784.27	0.234238
21658429.09	5169764.26	0.23129
21658501.24	5169744.25	0.229506
21658573.38	5169724.24	0.227443
21658645.53	5169704.23	0.226946
21658717.68	5169684.22	0.221834
21658789.82	5169664.22	0.219283
21658861.97	5169644.21	0.235081
21658934.12	5169624.2	0
21659006.26	5169604.19	0.24604
21659078.41	5169584.18	0.241146
21653254.15	5171275.61	0.367787
21653326.3	5171255.6	0.340097
21653398.45	5171235.59	0.376588
21653470.6	5171215.58	0.384073
21653542.74	5171195.58	0.380986
21653614.89	5171175.57	0.31874
21653687.04	5171155.56	0.243355
21653759.18	5171135.55	0.24284
21653831.33	5171115.54	0.25744
21653903.48	5171095.54	0.286296
21653975.62	5171075.53	0.234273
21654047.77	5171055.52	0.233195
21654119.92	5171035.51	0.230841
21654192.06	5171015.5	0.233989
21654264.21	5170995.49	0.232448
21654336.36	5170975.49	0.240251
21654408.5	5170955.48	0.317437
21654480.65	5170935.47	0.31727
21654552.8	5170915.46	0.322648
21654624.94	5170895.45	0.343862
21654697.09	5170875.45	0.280925
21654769.24	5170855.44	0.231546
21654841.38	5170835.43	0.242157
21654913.53	5170815.42	0.281017
21654985.68	5170795.41	0.231843
21655057.82	5170775.41	0.231682
21655129.97	5170755.4	0.232525
21655202.12	5170735.39	0.231276
21655274.26	5170715.38	0.231306
21655346.41	5170695.37	0.234246
21655418.56	5170675.37	0.231676
21655490.7	5170655.36	0.23039
21655562.85	5170635.35	0.237843
21655635	5170615.34	0.256599
21655707.14	5170595.33	0.230118
21655779.29	5170575.33	0.231309
21655851.44	5170555.32	0.264173
21655923.58	5170535.31	0.246467
21655995.73	5170515.3	0.229713
21656067.88	5170495.29	0.232919
21656140.02	5170475.29	0.230589
21656212.17	5170455.28	0.229661
21656284.32	5170435.27	0.235312
21656356.46	5170415.26	0.323687
21656428.61	5170395.25	0.387337
21656500.76	5170375.25	0.364008
21656572.9	5170355.24	0.388748
21656645.05	5170335.23	0.274037
21656717.2	5170315.22	0.226773
21656789.34	5170295.21	0.268468
21656861.49	5170275.21	0.239008
21656933.64	5170255.2	0.230191
21657005.78	5170235.19	0.230115
21657077.93	5170215.18	0
21657150.08	5170195.17	0.253911
21657222.22	5170175.16	0.233582
21657294.37	5170155.16	0.340686
21657366.52	5170135.15	0.306854
21657438.66	5170115.14	0.229961
21657510.81	5170095.13	0.307153
21657582.96	5170075.12	0.249087
21657655.1	5170055.12	0.214969
21657727.25	5170035.11	0.209033
21657799.4	5170015.1	0.218741
21657871.54	5169995.09	0.231674
21657943.69	5169975.08	0.230083
21658015.84	5169955.08	0.250282
21658087.98	5169935.07	0.236323
21658160.13	5169915.06	0.227431
21658232.28	5169895.05	0.270237
21658304.42	5169875.04	0.242487
21658376.57	5169855.04	0.229559
21658448.72	5169835.03	0.250353
21658520.86	5169815.02	0.271331
21658593.01	5169795.01	0.222473
21658665.16	5169775	0.224496
21658737.3	5169755	0.231991
21658809.45	5169734.99	0.258979
21658881.6	5169714.98	0.230289
21658953.74	5169694.97	0.261227
21659025.89	5169674.96	0.244457
21659098.04	5169654.96	0.227468
21653273.78	5171346.38	0
21653345.93	5171326.37	0
21653418.07	5171306.36	0.387357
21653490.22	5171286.35	0.396077
21653562.37	5171266.35	0.376684
21653634.51	5171246.34	0.336999
21653706.66	5171226.33	0.247675
21653778.81	5171206.32	0.239186
21653850.96	5171186.31	0.240498
21653923.1	5171166.31	0.250119
21653995.25	5171146.3	0.235334
21654067.4	5171126.29	0.239652
21654139.54	5171106.28	0.271698
21654211.69	5171086.27	0.248856
21654283.84	5171066.27	0.246212
21654355.98	5171046.26	0.350627
21654428.13	5171026.25	0.343239
21654500.28	5171006.24	0.353546
21654572.42	5170986.23	0.322443
21654644.57	5170966.23	0.346122
21654716.72	5170946.22	0.324104
21654788.86	5170926.21	0.236327
21654861.01	5170906.2	0.244743
21654933.16	5170886.19	0.271482
21655005.3	5170866.18	0.233301
21655077.45	5170846.18	0.233145
21655149.6	5170826.17	0.253017
21655221.74	5170806.16	0.237992
21655293.89	5170786.15	0.240177
21655366.04	5170766.14	0.240267
21655438.18	5170746.14	0.242038
21655510.33	5170726.13	0.246437
21655582.48	5170706.12	0.277483
21655654.62	5170686.11	0.251634
21655726.77	5170666.1	0.233492
21655798.92	5170646.1	0.231566
21655871.06	5170626.09	0.258101
21655943.21	5170606.08	0.268714
21656015.36	5170586.07	0.235408
21656087.5	5170566.06	0.27996
21656159.65	5170546.06	0.231519
21656231.8	5170526.05	0.230526
21656303.94	5170506.04	0.243302
21656376.09	5170486.03	0.343279
21656448.24	5170466.02	0.349451
21656520.38	5170446.02	0.484704
21656592.53	5170426.01	0.380229
21656664.68	5170406	0.384585
21656736.82	5170385.99	0.248236
21656808.97	5170365.98	0.33694
21656881.12	5170345.98	0.248704
21656953.26	5170325.97	0.229678
21657025.41	5170305.96	0.328573
21657097.56	5170285.95	0.383256
21657169.7	5170265.94	0.428648
21657241.85	5170245.94	0.379776
21657314	5170225.93	0.34273
21657386.14	5170205.92	0.307847
21657458.29	5170185.91	0.283196
21657530.44	5170165.9	0.290028
21657602.58	5170145.9	0.285494
21657674.73	5170125.89	0
21657746.88	5170105.88	0.209
21657819.02	5170085.87	0.231689
21657891.17	5170065.86	0.248494
21657963.32	5170045.85	0.232477
21658035.46	5170025.85	0.357322
21658107.61	5170005.84	0.383648
21658179.76	5169985.83	0.246041
21658251.9	5169965.82	0.30472
21658324.05	5169945.81	0.237064
21658396.2	5169925.81	0.229142
21658468.34	5169905.8	0.252132
21658540.49	5169885.79	0.219708
21658612.64	5169865.78	0.222177
21658684.78	5169845.77	0.252616
21658756.93	5169825.77	0.342169
21658829.08	5169805.76	0.349401
21658901.22	5169785.75	0.302721
21658973.37	5169765.74	0.314904
21659045.52	5169745.73	0.243166
21653293.41	5171417.15	0
21653365.55	5171397.14	0
21653437.7	5171377.13	0.423796
21653509.85	5171357.12	0.463702
21653581.99	5171337.12	0.495345
21653654.14	5171317.11	0.387182
21653726.29	5171297.1	0.240755
21653798.43	5171277.09	0.231096
21653870.58	5171257.08	0.231034
21653942.73	5171237.08	0.231867
21654014.87	5171217.07	0.23519
21654087.02	5171197.06	0.232595
21654159.17	5171177.05	0.301391
21654231.32	5171157.04	0.254218
21654303.46	5171137.04	0.232406
21654375.61	5171117.03	0.291178
21654447.76	5171097.02	0.340538
21654519.9	5171077.01	0.36246
21654592.05	5171057	0.254529
21654664.2	5171037	0.276287
21654736.34	5171016.99	0.291967
21654808.49	5170996.98	0
21654880.64	5170976.97	0.232451
21654952.78	5170956.96	0.236788
21655024.93	5170936.96	0.235247
21655097.08	5170916.95	0.233424
21655169.22	5170896.94	0.234374
21655241.37	5170876.93	0.253247
21655313.52	5170856.92	0.2557
21655385.66	5170836.92	0.258438
21655457.81	5170816.91	0.273261
21655529.96	5170796.9	0.301788
21655602.1	5170776.89	0.265236
21655674.25	5170756.88	0.260346
21655746.4	5170736.88	0.234427
21655818.54	5170716.87	0.262607
21655890.69	5170696.86	0.243
21655962.84	5170676.85	0.231592
21656034.98	5170656.84	0.233171
21656107.13	5170636.83	0.282125
21656179.28	5170616.83	0.231654
21656251.42	5170596.82	0.229968
21656323.57	5170576.81	0.239561
21656395.72	5170556.8	0.270548
21656467.86	5170536.79	0.239885
21656540.01	5170516.79	0.352919
21656612.16	5170496.78	0.329255
21656684.3	5170476.77	0.334204
21656756.45	5170456.76	0.233799
21656828.6	5170436.75	0.253714
21656900.74	5170416.75	0.235749
21656972.89	5170396.74	0.231553
21657045.04	5170376.73	0.267654
21657117.18	5170356.72	0.424171
21657189.33	5170336.71	0.395241
21657261.48	5170316.71	0.368264
21657333.62	5170296.7	0.257768
21657405.77	5170276.69	0.235513
21657477.92	5170256.68	0.227027
21657550.06	5170236.67	0.223805
21657622.21	5170216.67	0.23069
21657694.36	5170196.66	0.2089
21657766.5	5170176.65	0.210939
21657838.65	5170156.64	0.230806
21657910.8	5170136.63	0.328692
21657982.94	5170116.63	0.33533
21658055.09	5170096.62	0.365445
21658127.24	5170076.61	0.400623
21658199.38	5170056.6	0.332974
21658271.53	5170036.59	0.263907
21658343.68	5170016.59	0.231575
21658415.82	5169996.58	0.22381
21658487.97	5169976.57	0.221623
21658560.12	5169956.56	0.221486
21658632.26	5169936.55	0.227352
21658704.41	5169916.55	0.232928
21658776.56	5169896.54	0.301061
21658848.7	5169876.53	0.347654
21658920.85	5169856.52	0.332297
21658993	5169836.51	0.325224
21659065.14	5169816.5	0.309734
21653313.03	5171487.92	0
21653385.18	5171467.91	0.397904
21653457.33	5171447.9	0.427475
21653529.47	5171427.9	0
21653601.62	5171407.89	0.487156
21653673.77	5171387.88	0.387459
21653745.91	5171367.87	0.234562
21653818.06	5171347.86	0.229692
21653890.21	5171327.86	0.230344
21653962.35	5171307.85	0.23045
21654034.5	5171287.84	0.231116
21654106.65	5171267.83	0.230946
21654178.79	5171247.82	0.231864
21654250.94	5171227.82	0.231151
21654323.09	5171207.81	0.230756
21654395.23	5171187.8	0.232517
21654467.38	5171167.79	0.244983
21654539.53	5171147.78	0.241134
21654611.67	5171127.77	0.231208
21654683.82	5171107.77	0.242924
21654755.97	5171087.76	0.234813
21654828.12	5171067.75	0
21654900.26	5171047.74	0
21654972.41	5171027.73	0
21655044.56	5171007.73	0.239439
21655116.7	5170987.72	0.232983
21655188.85	5170967.71	0.231843
21655261	5170947.7	0.237996
21655333.14	5170927.69	0.234989
21655405.29	5170907.69	0.233978
21655477.44	5170887.68	0.232776
21655549.58	5170867.67	0.229996
21655621.73	5170847.66	0.232235
21655693.88	5170827.65	0.229846
21655766.02	5170807.65	0.229374
21655838.17	5170787.64	0.232265
21655910.32	5170767.63	0.230893
21655982.46	5170747.62	0.22882
21656054.61	5170727.61	0.227978
21656126.76	5170707.61	0.233941
21656198.9	5170687.6	0.229982
21656271.05	5170667.59	0.227823
21656343.2	5170647.58	0.229971
21656415.34	5170627.57	0.229474
21656487.49	5170607.57	0.226931
21656559.64	5170587.56	0
21656631.78	5170567.55	0
21656703.93	5170547.54	0.231657
21656776.08	5170527.53	0.228254
21656848.22	5170507.53	0.233525
21656920.37	5170487.52	0.23122
21656992.52	5170467.51	0.226557
21657064.66	5170447.5	0.234298
21657136.81	5170427.49	0.375369
21657208.96	5170407.48	0.28221
21657281.1	5170387.48	0.241935
21657353.25	5170367.47	0.236974
21657425.4	5170347.46	0.235522
21657497.54	5170327.45	0.22604
21657569.69	5170307.44	0.22207
21657641.84	5170287.44	0.212862
21657713.98	5170267.43	0.225269
21657786.13	5170247.42	0.228163
21657858.28	5170227.41	0.227697
21657930.42	5170207.4	0.229241
21658002.57	5170187.4	0.228898
21658074.72	5170167.39	0.259348
21658146.86	5170147.38	0.394669
21658219.01	5170127.37	0.297916
21658291.16	5170107.36	0.231553
21658363.3	5170087.36	0.229172
21658435.45	5170067.35	0.226805
21658507.6	5170047.34	0.21955
21658579.74	5170027.33	0.222983
21658651.89	5170007.32	0.228835
21658724.04	5169987.32	0.22972
21658796.18	5169967.31	0.249923
21658868.33	5169947.3	0.341161
21658940.48	5169927.29	0.326882
21659012.62	5169907.28	0.296711
21659084.77	5169887.28	0.269012
21653260.51	5171578.7	0.389946
21653332.66	5171558.69	0.389725
21653404.81	5171538.68	0.400121
21653476.95	5171518.67	0.429982
21653549.1	5171498.67	0.455603
21653621.25	5171478.66	0.458112
21653693.39	5171458.65	0.413763
21653765.54	5171438.64	0.303534
21653837.69	5171418.63	0.231069
21653909.83	5171398.63	0.23109
21653981.98	5171378.62	0.232334
21654054.13	5171358.61	0.232221
21654126.27	5171338.6	0.231658
21654198.42	5171318.59	0.253824
21654270.57	5171298.59	0.243927
21654342.71	5171278.58	0.232607
21654414.86	5171258.57	0.289617
21654487.01	5171238.56	0.282596
21654559.15	5171218.55	0.278494
21654631.3	5171198.55	0.241642
21654703.45	5171178.54	0.346819
21654775.59	5171158.53	0.302237
21654847.74	5171138.52	0.248637
21654919.89	5171118.51	0.298813
21654992.04	5171098.51	0.247577
21655064.18	5171078.5	0.234165
21655136.33	5171058.49	0.230249
21655208.48	5171038.48	0.234945
21655280.62	5171018.47	0.289832
21655352.77	5170998.47	0.232899
21655424.92	5170978.46	0.233853
21655497.06	5170958.45	0.239148
21655569.21	5170938.44	0.231775
21655641.36	5170918.43	0.235479
21655713.5	5170898.42	0.231422
21655785.65	5170878.42	0.230688
21655857.8	5170858.41	0.253122
21655929.94	5170838.4	0.267372
21656002.09	5170818.39	0.232109
21656074.24	5170798.38	0.231254
21656146.38	5170778.38	0.245872
21656218.53	5170758.37	0.233981
21656290.68	5170738.36	0.227556
21656362.82	5170718.35	0.229414
21656434.97	5170698.34	0.229837
21656507.12	5170678.34	0.228235
21656579.26	5170658.33	0.302193
21656651.41	5170638.32	0.325341
21656723.56	5170618.31	0.232471
21656795.7	5170598.3	0.228945
21656867.85	5170578.3	0.231544
21656940	5170558.29	0.226321
21657012.14	5170538.28	0.225956
21657084.29	5170518.27	0.231533
21657156.44	5170498.26	0.379721
21657228.58	5170478.26	0.347257
21657300.73	5170458.25	0.259379
21657372.88	5170438.24	0.270617
21657445.02	5170418.23	0.242395
21657517.17	5170398.22	0.228233
21657589.32	5170378.22	0.230776
21657661.46	5170358.21	0.248373
21657733.61	5170338.2	0.230123
21657805.76	5170318.19	0.27153
21657877.9	5170298.18	0.280165
21657950.05	5170278.18	0.22792
21658022.2	5170258.17	0.22811
21658094.34	5170238.16	0.240644
21658166.49	5170218.15	0.254834
21658238.64	5170198.14	0.229019
21658310.78	5170178.13	0.22931
21658382.93	5170158.13	0.228228
21658455.08	5170138.12	0.226762
21658527.22	5170118.11	0.22383
21658599.37	5170098.1	0.219752
21658671.52	5170078.09	0.228061
21658743.66	5170058.09	0.236098
21658815.81	5170038.08	0.227552
21658887.96	5170018.07	0.287662
21658960.1	5169998.06	0.247773
21659032.25	5169978.05	0.239106
21659104.4	5169958.05	0.234401
21653280.14	5171649.47	0.388505
21653352.29	5171629.46	0.405242
21653424.43	5171609.45	0.40488
21653496.58	5171589.45	0.408167
21653568.73	5171569.44	0.41713
21653640.87	5171549.43	0.399917
21653713.02	5171529.42	0.401903
21653785.17	5171509.41	0.31722
21653857.31	5171489.4	0.234553
21653929.46	5171469.4	0.231452
21654001.61	5171449.39	0.328682
21654073.75	5171429.38	0.328099
21654145.9	5171409.37	0.25521
21654218.05	5171389.36	0.326635
21654290.19	5171369.36	0.368293
21654362.34	5171349.35	0.324646
21654434.49	5171329.34	0.389455
21654506.63	5171309.33	0.375295
21654578.78	5171289.32	0.357452
21654650.93	5171269.32	0.307345
21654723.07	5171249.31	0.380424
21654795.22	5171229.3	0.329759
21654867.37	5171209.29	0.294366
21654939.51	5171189.28	0.366017
21655011.66	5171169.28	0.337372
21655083.81	5171149.27	0.25346
21655155.95	5171129.26	0.235843
21655228.1	5171109.25	0.278197
21655300.25	5171089.24	0.374547
21655372.39	5171069.24	0.229552
21655444.54	5171049.23	0.229656
21655516.69	5171029.22	0.231226
21655588.84	5171009.21	0.239167
21655660.98	5170989.2	0.252675
21655733.13	5170969.2	0.260429
21655805.28	5170949.19	0.254697
21655877.42	5170929.18	0.280175
21655949.57	5170909.17	0.36134
21656021.72	5170889.16	0.344396
21656093.86	5170869.16	0.243713
21656166.01	5170849.15	0.270703
21656238.16	5170829.14	0.251689
21656310.3	5170809.13	0.249191
21656382.45	5170789.12	0.260203
21656454.6	5170769.11	0.268954
21656526.74	5170749.11	0.287678
21656598.89	5170729.1	0.377606
21656671.04	5170709.09	0.362174
21656743.18	5170689.08	0.305897
21656815.33	5170669.07	0.241582
21656887.48	5170649.07	0.239891
21656959.62	5170629.06	0.22559
21657031.77	5170609.05	0.227159
21657103.92	5170589.04	0.241998
21657176.06	5170569.03	0.367159
21657248.21	5170549.03	0.305199
21657320.36	5170529.02	0.379354
21657392.5	5170509.01	0.391862
21657464.65	5170489	0.271811
21657536.8	5170468.99	0.238056
21657608.94	5170448.99	0.248681
21657681.09	5170428.98	0.276819
21657753.24	5170408.97	0.28511
21657825.38	5170388.96	0.280722
21657897.53	5170368.95	0.258425
21657969.68	5170348.95	0.253307
21658041.82	5170328.94	0.227633
21658113.97	5170308.93	0.284795
21658186.12	5170288.92	0.239484
21658258.26	5170268.91	0.231353
21658330.41	5170248.91	0.233117
21658402.56	5170228.9	0.227329
21658474.7	5170208.89	0.226524
21658546.85	5170188.88	0.226469
21658619	5170168.87	0.219562
21658691.14	5170148.87	0.217208
21658763.29	5170128.86	0.229642
21658835.44	5170108.85	0.230397
21658907.58	5170088.84	0.239916
21658979.73	5170068.83	0.24603
21659051.88	5170048.83	0.246923
21653299.77	5171720.24	0.418323
21653371.91	5171700.23	0.40662
21653444.06	5171680.22	0.394157
21653516.21	5171660.22	0.388045
21653588.35	5171640.21	0.370634
21653660.5	5171620.2	0.353453
21653732.65	5171600.19	0.380774
21653804.79	5171580.18	0.317094
21653876.94	5171560.18	0.235678
21653949.09	5171540.17	0.229846
21654021.23	5171520.16	0.240339
21654093.38	5171500.15	0.41492
21654165.53	5171480.14	0.413918
21654237.67	5171460.14	0.420372
21654309.82	5171440.13	0.409465
21654381.97	5171420.12	0.23595
21654454.11	5171400.11	0.46444
21654526.26	5171380.1	0.463928
21654598.41	5171360.09	0.44853
21654670.55	5171340.09	0.420252
21654742.7	5171320.08	0.39777
21654814.85	5171300.07	0.304327
21654886.99	5171280.06	0.23148
21654959.14	5171260.05	0.271143
21655031.29	5171240.05	0.346881
21655103.43	5171220.04	0.252436
21655175.58	5171200.03	0.256083
21655247.73	5171180.02	0.360042
21655319.87	5171160.01	0.321703
21655392.02	5171140.01	0.230066
21655464.17	5171120	0.313683
21655536.31	5171099.99	0.243329
21655608.46	5171079.98	0.264359
21655680.61	5171059.97	0.369607
21655752.76	5171039.97	0.31027
21655824.9	5171019.96	0.234661
21655897.05	5170999.95	0.230841
21655969.2	5170979.94	0.247877
21656041.34	5170959.93	0.384075
21656113.49	5170939.93	0.396813
21656185.64	5170919.92	0.423448
21656257.78	5170899.91	0.256332
21656329.93	5170879.9	0.239055
21656402.08	5170859.89	0.293909
21656474.22	5170839.89	0.333219
21656546.37	5170819.88	0.400162
21656618.52	5170799.87	0.477477
21656690.66	5170779.86	0.429998
21656762.81	5170759.85	0.261992
21656834.96	5170739.85	0.238272
21656907.1	5170719.84	0.362485
21656979.25	5170699.83	0.350887
21657051.4	5170679.82	0.320977
21657123.54	5170659.81	0.293045
21657195.69	5170639.81	0.278135
21657267.84	5170619.8	0.251217
21657339.98	5170599.79	0.372511
21657412.13	5170579.78	0.437705
21657484.28	5170559.77	0.404203
21657556.42	5170539.76	0.305881
21657628.57	5170519.76	0.25179
21657700.72	5170499.75	0.284868
21657772.86	5170479.74	0.230034
21657845.01	5170459.73	0.243528
21657917.16	5170439.72	0.338244
21657989.3	5170419.72	0.250125
21658061.45	5170399.71	0.230022
21658133.6	5170379.7	0.251939
21658205.74	5170359.69	0.247108
21658277.89	5170339.68	0.233531
21658350.04	5170319.68	0.262425
21658422.18	5170299.67	0.234714
21658494.33	5170279.66	0.230125
21658566.48	5170259.65	0.226338
21658638.62	5170239.64	0.219811
21658710.77	5170219.64	0.219955
21658782.92	5170199.63	0.224799
21658855.06	5170179.62	0.232321
21658927.21	5170159.61	0.243437
21658999.36	5170139.6	0
21659071.5	5170119.6	0.319787
21653247.25	5171811.02	0.423677
21653319.39	5171791.01	0.406009
21653391.54	5171771	0.402427
21653463.69	5171750.99	0.393621
21653535.83	5171730.99	0.384493
21653607.98	5171710.98	0.360066
21653680.13	5171690.97	0.309074
21653752.27	5171670.96	0.354757
21653824.42	5171650.95	0.33053
21653896.57	5171630.95	0.246162
21653968.71	5171610.94	0.231792
21654040.86	5171590.93	0.327911
21654113.01	5171570.92	0.39396
21654185.15	5171550.91	0.460169
21654257.3	5171530.91	0.449014
21654329.45	5171510.9	0.423909
21654401.59	5171490.89	0.402753
21654473.74	5171470.88	0.456859
21654545.89	5171450.87	0.41671
21654618.03	5171430.87	0.401085
21654690.18	5171410.86	0.510691
21654762.33	5171390.85	0.498433
21654834.47	5171370.84	0.423422
21654906.62	5171350.83	0.266511
21654978.77	5171330.83	0.417959
21655050.91	5171310.82	0.392007
21655123.06	5171290.81	0.349154
21655195.21	5171270.8	0.32276
21655267.35	5171250.79	0.376961
21655339.5	5171230.79	0.278796
21655411.65	5171210.78	0.231729
21655483.79	5171190.77	0.233443
21655555.94	5171170.76	0.261604
21655628.09	5171150.75	0.2467
21655700.23	5171130.74	0.408612
21655772.38	5171110.74	0.32471
21655844.53	5171090.73	0.230706
21655916.67	5171070.72	0.228282
21655988.82	5171050.71	0.230588
21656060.97	5171030.7	0.334184
21656133.11	5171010.7	0.406895
21656205.26	5170990.69	0.335183
21656277.41	5170970.68	0.232527
21656349.56	5170950.67	0.226602
21656421.7	5170930.66	0.2305
21656493.85	5170910.66	0.261175
21656566	5170890.65	0.392543
21656638.14	5170870.64	0.49157
21656710.29	5170850.63	0.40932
21656782.44	5170830.62	0.23139
21656854.58	5170810.62	0.227727
21656926.73	5170790.61	0.248146
21656998.88	5170770.6	0.371683
21657071.02	5170750.59	0.402979
21657143.17	5170730.58	0.320116
21657215.32	5170710.58	0.235687
21657287.46	5170690.57	0.230306
21657359.61	5170670.56	0.243473
21657431.76	5170650.55	0.352592
21657503.9	5170630.54	0.365152
21657576.05	5170610.54	0.329855
21657648.2	5170590.53	0.263089
21657720.34	5170570.52	0.299863
21657792.49	5170550.51	0.231281
21657864.64	5170530.5	0.264505
21657936.78	5170510.5	0.363333
21658008.93	5170490.49	0.335897
21658081.08	5170470.48	0.275961
21658153.22	5170450.47	0.243535
21658225.37	5170430.46	0.230066
21658297.52	5170410.46	0.227677
21658369.66	5170390.45	0.262873
21658441.81	5170370.44	0.318415
21658513.96	5170350.43	0.276995
21658586.1	5170330.42	0.23962
21658658.25	5170310.41	0.226905
21658730.4	5170290.41	0.221164
21658802.54	5170270.4	0.2381
21658874.69	5170250.39	0.247707
21658946.84	5170230.38	0.24384
21659018.98	5170210.37	0.279665
21659091.13	5170190.37	0.357063
21653266.87	5171881.79	0.432426
21653339.02	5171861.78	0.417876
21653411.17	5171841.77	0.409109
21653483.31	5171821.77	0.405104
21653555.46	5171801.76	0.397563
21653627.61	5171781.75	0.382417
21653699.75	5171761.74	0.367983
21653771.9	5171741.73	0.341854
21653844.05	5171721.73	0.344109
21653916.19	5171701.72	0.363899
21653988.34	5171681.71	0.316876
21654060.49	5171661.7	0.380906
21654132.63	5171641.69	0.440748
21654204.78	5171621.68	0.495041
21654276.93	5171601.68	0.497061
21654349.07	5171581.67	0.462229
21654421.22	5171561.66	0.475467
21654493.37	5171541.65	0.496463
21654565.51	5171521.64	0.519188
21654637.66	5171501.64	0.540316
21654709.81	5171481.63	0.601777
21654781.95	5171461.62	0.577978
21654854.1	5171441.61	0.535083
21654926.25	5171421.6	0.51617
21654998.39	5171401.6	0.501888
21655070.54	5171381.59	0.414392
21655142.69	5171361.58	0.401875
21655214.83	5171341.57	0.421954
21655286.98	5171321.56	0.440422
21655359.13	5171301.56	0.422382
21655431.27	5171281.55	0.307332
21655503.42	5171261.54	0.346386
21655575.57	5171241.53	0.375587
21655647.71	5171221.52	0.412386
21655719.86	5171201.52	0.464972
21655792.01	5171181.51	0.394832
21655864.15	5171161.5	0.262979
21655936.3	5171141.49	0.230864
21656008.45	5171121.48	0.270871
21656080.59	5171101.48	0.39188
21656152.74	5171081.47	0.43287
21656224.89	5171061.46	0.389435
21656297.03	5171041.45	0.232857
21656369.18	5171021.44	0.226969
21656441.33	5171001.44	0.229011
21656513.48	5170981.43	0.237455
21656585.62	5170961.42	0.344664
21656657.77	5170941.41	0.429512
21656729.91	5170921.4	0.40669
21656802.06	5170901.39	0.334551
21656874.21	5170881.39	0.2362
21656946.36	5170861.38	0.325979
21657018.5	5170841.37	0.392888
21657090.65	5170821.36	0.438174
21657162.8	5170801.35	0.423234
21657234.94	5170781.35	0.341409
21657307.09	5170761.34	0.265946
21657379.24	5170741.33	0.402154
21657451.38	5170721.32	0.425857
21657523.53	5170701.31	0.325117
21657595.68	5170681.31	0.368389
21657667.82	5170661.3	0.374008
21657739.97	5170641.29	0.34138
21657812.12	5170621.28	0.281244
21657884.26	5170601.27	0.312759
21657956.41	5170581.27	0.357564
21658028.56	5170561.26	0.285128
21658100.7	5170541.25	0.231674
21658172.85	5170521.24	0.290225
21658245	5170501.23	0.282915
21658317.14	5170481.23	0.255936
21658389.29	5170461.22	0.329004
21658461.44	5170441.21	0.304683
21658533.58	5170421.2	0.263244
21658605.73	5170401.19	0.253036
21658677.88	5170381.19	0.22107
21658750.02	5170361.18	0.245269
21658822.17	5170341.17	0.255983
21658894.32	5170321.16	0
21658966.46	5170301.15	0.228817
21659038.61	5170281.15	0.253899
21653286.5	5171952.56	0.424081
21653358.65	5171932.55	0.416873
21653430.79	5171912.54	0.414895
21653502.94	5171892.54	0.409098
21653575.09	5171872.53	0.395337
21653647.23	5171852.52	0.378111
21653719.38	5171832.51	0.345143
21653791.53	5171812.5	0.322422
21653863.67	5171792.5	0.344589
21653935.82	5171772.49	0.38293
21654007.97	5171752.48	0.398336
21654080.11	5171732.47	0.430936
21654152.26	5171712.46	0.491017
21654224.41	5171692.46	0.523887
21654296.55	5171672.45	0.530655
21654368.7	5171652.44	0.537371
21654440.85	5171632.43	0.548899
21654512.99	5171612.42	0.569106
21654585.14	5171592.42	0.597826
21654657.29	5171572.41	0.618287
21654729.43	5171552.4	0.634818
21654801.58	5171532.39	0.623326
21654873.73	5171512.38	0.592805
21654945.87	5171492.37	0.578816
21655018.02	5171472.37	0.557291
21655090.17	5171452.36	0.487192
21655162.31	5171432.35	0.457024
21655234.46	5171412.34	0.467734
21655306.61	5171392.33	0.469192
21655378.75	5171372.33	0.460446
21655450.9	5171352.32	0.428851
21655523.05	5171332.31	0.413869
21655595.19	5171312.3	0.432942
21655667.34	5171292.29	0.481511
21655739.49	5171272.29	0.519946
21655811.63	5171252.28	0.497132
21655883.78	5171232.27	0.420124
21655955.93	5171212.26	0.343579
21656028.07	5171192.25	0.415891
21656100.22	5171172.25	0.463065
21656172.37	5171152.24	0.456815
21656244.51	5171132.23	0.383585
21656316.66	5171112.22	0.326596
21656388.81	5171092.21	0.268488
21656460.95	5171072.21	0.2502
21656533.1	5171052.2	0.303061
21656605.25	5171032.19	0.408805
21656677.39	5171012.18	0.443053
21656749.54	5170992.17	0.437354
21656821.69	5170972.17	0.417383
21656893.84	5170952.16	0.364211
21656965.98	5170932.15	0.392843
21657038.13	5170912.14	0.426787
21657110.27	5170892.13	0.492481
21657182.42	5170872.13	0.51166
21657254.57	5170852.12	0.482851
21657326.72	5170832.11	0.431833
21657398.86	5170812.1	0.512452
21657471.01	5170792.09	0.473961
21657543.16	5170772.09	0.42468
21657615.3	5170752.08	0.443386
21657687.45	5170732.07	0.451382
21657759.6	5170712.06	0.38468
21657831.74	5170692.05	0.355276
21657903.89	5170672.04	0.344499
21657976.04	5170652.04	0.383072
21658048.18	5170632.03	0.235706
21658120.33	5170612.02	0.230258
21658192.48	5170592.01	0.264742
21658264.62	5170572	0.347809
21658336.77	5170552	0.34639
21658408.92	5170531.99	0.32939
21658481.06	5170511.98	0.297927
21658553.21	5170491.97	0.253051
21658625.36	5170471.96	0.25691
21658697.5	5170451.96	0.237119
21658769.65	5170431.95	0.337429
21658841.8	5170411.94	0.3577
21658913.94	5170391.93	0.295995
21658986.09	5170371.92	0.242776
21659058.24	5170351.92	0.229698
21653306.13	5172023.33	0.42536
21653378.27	5172003.32	0.420831
21653450.42	5171983.31	0.40655
21653522.57	5171963.31	0.397519
21653594.71	5171943.3	0.381069
21653666.86	5171923.29	0.344009
21653739.01	5171903.28	0.276864
21653811.15	5171883.27	0.253226
21653883.3	5171863.27	0.363223
21653955.45	5171843.26	0.419617
21654027.59	5171823.25	0.453122
21654099.74	5171803.24	0.478685
21654171.89	5171783.23	0.518254
21654244.03	5171763.23	0.54572
21654316.18	5171743.22	0.56056
21654388.33	5171723.21	0.575551
21654460.47	5171703.2	0.588958
21654532.62	5171683.19	0.610295
21654604.77	5171663.19	0.640416
21654676.91	5171643.18	0.645578
21654749.06	5171623.17	0.648613
21654821.21	5171603.16	0.642599
21654893.35	5171583.15	0.619863
21654965.5	5171563.15	0.606338
21655037.65	5171543.14	0.58275
21655109.79	5171523.13	0.550745
21655181.94	5171503.12	0.526779
21655254.09	5171483.11	0.512192
21655326.23	5171463.11	0.509927
21655398.38	5171443.1	0.502659
21655470.53	5171423.09	0.479245
21655542.67	5171403.08	0.472421
21655614.82	5171383.07	0.477185
21655686.97	5171363.07	0.517964
21655759.11	5171343.06	0.541649
21655831.26	5171323.05	0.544498
21655903.41	5171303.04	0.538541
21655975.55	5171283.03	0.50806
21656047.7	5171263.02	0.516527
21656119.85	5171243.02	0.514469
21656191.99	5171223.01	0.478861
21656264.14	5171203	0.414099
21656336.29	5171182.99	0.387802
21656408.43	5171162.98	0.368795
21656480.58	5171142.98	0.366925
21656552.73	5171122.97	0.376039
21656624.87	5171102.96	0.416372
21656697.02	5171082.95	0.463092
21656769.17	5171062.94	0.500475
21656841.31	5171042.94	0.500145
21656913.46	5171022.93	0.467143
21656985.61	5171002.92	0.464249
21657057.75	5170982.91	0.505301
21657129.9	5170962.9	0.539247
21657202.05	5170942.9	0.55746
21657274.19	5170922.89	0.567224
21657346.34	5170902.88	0.554709
21657418.49	5170882.87	0.562645
21657490.64	5170862.86	0.545931
21657562.78	5170842.86	0.521596
21657634.93	5170822.85	0.527652
21657707.08	5170802.84	0.526813
21657779.22	5170782.83	0.488398
21657851.37	5170762.82	0.451729
21657923.52	5170742.82	0.396568
21657995.66	5170722.81	0.349921
21658067.81	5170702.8	0.228666
21658139.96	5170682.79	0.23058
21658212.1	5170662.78	0.256939
21658284.25	5170642.78	0.277967
21658356.4	5170622.77	0.261981
21658428.54	5170602.76	0.258788
21658500.69	5170582.75	0.244081
21658572.84	5170562.74	0.241987
21658644.98	5170542.74	0.231064
21658717.13	5170522.73	0.329937
21658789.28	5170502.72	0.373401
21658861.42	5170482.71	0.373064
21658933.57	5170462.7	0.356292
21659005.72	5170442.69	0.321994
21659077.86	5170422.69	0.228481
21653253.61	5172114.11	0.441299
21653325.75	5172094.1	0.434703
21653397.9	5172074.09	0.415575
21653470.05	5172054.09	0.398146
21653542.19	5172034.08	0.383679
21653614.34	5172014.07	0.348382
21653686.49	5171994.06	0.261016
21653758.63	5171974.05	0.223115
21653830.78	5171954.05	0.233553
21653902.93	5171934.04	0.334779
21653975.07	5171914.03	0.395279
21654047.22	5171894.02	0.424126
21654119.37	5171874.01	0.440701
21654191.51	5171854	0.526419
21654263.66	5171834	0.559161
21654335.81	5171813.99	0.586609
21654407.95	5171793.98	0.60371
21654480.1	5171773.97	0.622395
21654552.25	5171753.96	0.640784
21654624.39	5171733.96	0.649873
21654696.54	5171713.95	0.656295
21654768.69	5171693.94	0.658887
21654840.83	5171673.93	0.649072
21654912.98	5171653.92	0.629235
21654985.13	5171633.92	0.617046
21655057.27	5171613.91	0.596739
21655129.42	5171593.9	0.559985
21655201.57	5171573.89	0.543402
21655273.71	5171553.88	0.534632
21655345.86	5171533.88	0.526559
21655418.01	5171513.87	0.517138
21655490.15	5171493.86	0.503075
21655562.3	5171473.85	0.500768
21655634.45	5171453.84	0.505616
21655706.59	5171433.84	0.523988
21655778.74	5171413.83	0.542002
21655850.89	5171393.82	0.558112
21655923.03	5171373.81	0.562945
21655995.18	5171353.8	0.551088
21656067.33	5171333.8	0.538747
21656139.47	5171313.79	0.525446
21656211.62	5171293.78	0.510479
21656283.77	5171273.77	0.47602
21656355.91	5171253.76	0.423625
21656428.06	5171233.76	0.414763
21656500.21	5171213.75	0.411343
21656572.35	5171193.74	0.42046
21656644.5	5171173.73	0.435861
21656716.65	5171153.72	0.478088
21656788.79	5171133.72	0.525151
21656860.94	5171113.71	0.542068
21656933.09	5171093.7	0.544496
21657005.23	5171073.69	0.539032
21657077.38	5171053.68	0.543761
21657149.53	5171033.67	0.564744
21657221.67	5171013.67	0.588948
21657293.82	5170993.66	0.646969
21657365.97	5170973.65	0.624994
21657438.11	5170953.64	0.617841
21657510.26	5170933.63	0.603341
21657582.41	5170913.63	0.582649
21657654.55	5170893.62	0.57249
21657726.7	5170873.61	0.561389
21657798.85	5170853.6	0.529196
21657870.99	5170833.59	0.462766
21657943.14	5170813.59	0.3986
21658015.29	5170793.58	0.359449
21658087.44	5170773.57	0.220267
21658159.58	5170753.56	0.230128
21658231.73	5170733.55	0.250663
21658303.88	5170713.55	0.276518
21658376.02	5170693.54	0.234315
21658448.17	5170673.53	0.23719
21658520.32	5170653.52	0.235915
21658592.46	5170633.51	0.223128
21658664.61	5170613.51	0.216777
21658736.76	5170593.5	0.254527
21658808.9	5170573.49	0.356313
21658881.05	5170553.48	0.377247
21658953.2	5170533.47	0.371098
21659025.34	5170513.47	0
21659097.49	5170493.46	0
21653273.23	5172184.88	0.435249
21653345.38	5172164.87	0.436428
21653417.53	5172144.86	0.414218
21653489.67	5172124.86	0.390561
21653561.82	5172104.85	0.369827
21653633.97	5172084.84	0.327162
21653706.11	5172064.83	0.230051
21653778.26	5172044.82	0.223364
21653850.41	5172024.82	0.226288
21653922.55	5172004.81	0.291812
21653994.7	5171984.8	0.398274
21654066.85	5171964.79	0.43916
21654138.99	5171944.78	0.467419
21654211.14	5171924.78	0.528867
21654283.29	5171904.77	0.57857
21654355.43	5171884.76	0.606681
21654427.58	5171864.75	0.622387
21654499.73	5171844.74	0.634938
21654571.87	5171824.74	0.646053
21654644.02	5171804.73	0.647964
21654716.17	5171784.72	0.657035
21654788.31	5171764.71	0.660812
21654860.46	5171744.7	0.64923
21654932.61	5171724.7	0.63412
21655004.75	5171704.69	0.619845
21655076.9	5171684.68	0.596662
21655149.05	5171664.67	0.57354
21655221.19	5171644.66	0.552217
21655293.34	5171624.65	0.537352
21655365.49	5171604.65	0.531787
21655437.63	5171584.64	0.514665
21655509.78	5171564.63	0.508551
21655581.93	5171544.62	0.508308
21655654.07	5171524.61	0.506357
21655726.22	5171504.61	0.523532
21655798.37	5171484.6	0.539807
21655870.51	5171464.59	0.561344
21655942.66	5171444.58	0.574722
21656014.81	5171424.57	0.560633
21656086.95	5171404.57	0.548544
21656159.1	5171384.56	0.53811
21656231.25	5171364.55	0.525237
21656303.39	5171344.54	0.495532
21656375.54	5171324.53	0.445577
21656447.69	5171304.53	0.443403
21656519.83	5171284.52	0.434318
21656591.98	5171264.51	0.440426
21656664.13	5171244.5	0.455344
21656736.27	5171224.49	0.496228
21656808.42	5171204.49	0.537648
21656880.57	5171184.48	0.557666
21656952.71	5171164.47	0.568767
21657024.86	5171144.46	0.572941
21657097.01	5171124.45	0.578408
21657169.15	5171104.45	0.584082
21657241.3	5171084.44	0
21657313.45	5171064.43	0
21657385.59	5171044.42	0.642218
21657457.74	5171024.41	0.628945
21657529.89	5171004.41	0.632031
21657602.03	5170984.4	0.628806
21657674.18	5170964.39	0.601161
21657746.33	5170944.38	0.576381
21657818.47	5170924.37	0.540353
21657890.62	5170904.36	0.476223
21657962.77	5170884.36	0.400197
21658034.91	5170864.35	0.363642
21658107.06	5170844.34	0.218256
21658179.21	5170824.33	0.214568
21658251.36	5170804.32	0.229256
21658323.5	5170784.32	0.230463
21658395.65	5170764.31	0.217756
21658467.8	5170744.3	0.222576
21658539.94	5170724.29	0.213908
21658612.09	5170704.28	0.2086
21658684.24	5170684.28	0.208604
21658756.38	5170664.27	0
21658828.53	5170644.26	0
21658900.68	5170624.25	0.405939
21658972.82	5170604.24	0.380194
21659044.97	5170584.24	0.360249
