21653307.22	5170346.33	0.40628
21653379.37	5170326.32	0.336406
21653451.52	5170306.31	0.377332
21653523.66	5170286.3	0.376482
21653595.81	5170266.29	0.334083
21653667.96	5170246.29	0.355373
21653740.1	5170226.28	0.474532
21653812.25	5170206.27	0.467616
21653884.4	5170186.26	0.45643
21653956.54	5170166.25	0.444008
21654028.69	5170146.25	0.425361
21654100.84	5170126.24	0.39748
21654172.98	5170106.23	0.384818
21654245.13	5170086.22	0.348199
21654317.28	5170066.21	0.252402
21654389.42	5170046.21	0
21654461.57	5170026.2	0
21654533.72	5170006.19	0
21654605.86	5169986.18	0.45323
21654678.01	5169966.17	0.457254
21654750.16	5169946.17	0.533972
21654822.31	5169926.16	0.639741
21654894.45	5169906.15	0.655634
21654966.6	5169886.14	0.663507
21655038.75	5169866.13	0.671283
21655110.89	5169846.13	0.674875
21655183.04	5169826.12	0.652285
21655255.19	5169806.11	0.619538
21655327.33	5169786.1	0.587146
21655399.48	5169766.09	0.573665
21653254.7	5170437.11	0.387292
21653326.85	5170417.1	0.392816
21653399	5170397.09	0.389725
21653471.14	5170377.08	0.376325
21653543.29	5170357.07	0.372491
21653615.44	5170337.07	0.392421
21653687.58	5170317.06	0.414131
21653759.73	5170297.05	0.454508
21653831.88	5170277.04	0.437811
21653904.02	5170257.03	0.409059
21653976.17	5170237.03	0.389389
21654048.32	5170217.02	0.37707
21654120.46	5170197.01	0.305072
21654192.61	5170177	0.23427
21654264.76	5170156.99	0.235418
21654336.9	5170136.98	0.234511
21654409.05	5170116.98	0.237708
21654481.2	5170096.97	0.342228
21654553.34	5170076.96	0.379035
21654625.49	5170056.95	0.392005
21654697.64	5170036.94	0.409001
21654769.78	5170016.94	0.562737
21654841.93	5169996.93	0.608888
21654914.08	5169976.92	0.631478
21654986.23	5169956.91	0.640868
21655058.37	5169936.9	0.651498
21655130.52	5169916.9	0.664603
21655202.66	5169896.89	0.639192
21655274.81	5169876.88	0.591291
21655346.96	5169856.87	0.543708
21655419.11	5169836.86	0.547621
21655491.25	5169816.86	0.584797
21655563.4	5169796.85	0.581586
21655635.55	5169776.84	0.565123
21655707.69	5169756.83	0.549979
21655779.84	5169736.82	0.434264
21655851.99	5169716.82	0
21655924.13	5169696.81	0
21655996.28	5169676.8	0
21656068.43	5169656.79	0.325972
21656140.57	5169636.78	0.261869
21656212.72	5169616.78	0.282856
21656284.87	5169596.77	0.26418
21656357.01	5169576.76	0.370613
21656429.16	5169556.75	0.459728
21656501.31	5169536.74	0.477465
21656573.45	5169516.74	0.495123
21656645.6	5169496.73	0.465788
21656717.75	5169476.72	0
21656789.89	5169456.71	0.364168
21656862.04	5169436.7	0.351578
21656934.19	5169416.69	0.376364
21657006.33	5169396.69	0.376652
21657078.48	5169376.68	0.381424
21657150.63	5169356.67	0.364481
21657222.77	5169336.66	0.332772
21657294.92	5169316.65	0.285106
21657367.07	5169296.65	0.375375
21657439.21	5169276.64	0.44347
21657511.36	5169256.63	0.495475
21657583.51	5169236.62	0.534973
21657655.65	5169216.61	0.55583
21657727.8	5169196.61	0.561624
21657799.95	5169176.6	0.560207
21657872.09	5169156.59	0.562256
21657944.24	5169136.58	0
21658016.39	5169116.57	0
21658088.53	5169096.57	0
21658160.68	5169076.56	0.468055
21658232.83	5169056.55	0.510903
21658304.97	5169036.54	0.561489
21658377.12	5169016.53	0.571385
21658449.27	5168996.53	0.569448
21658521.41	5168976.52	0.507453
21658593.56	5168956.51	0.471751
21658665.71	5168936.5	0.421203
21658737.85	5168916.49	0.417746
21658810	5168896.49	0.445879
21658882.15	5168876.48	0.432377
21658954.29	5168856.47	0.49659
21659026.44	5168836.46	0.482243
21659098.59	5168816.45	0.453725
21653274.33	5170507.88	0.339814
21653346.48	5170487.87	0.327133
21653418.62	5170467.86	0.324274
21653490.77	5170447.85	0.299371
21653562.92	5170427.84	0.25152
21653635.06	5170407.84	0.306935
21653707.21	5170387.83	0.314196
21653779.36	5170367.82	0.315829
21653851.5	5170347.81	0.324385
21653923.65	5170327.8	0.335355
21653995.8	5170307.8	0.318084
21654067.94	5170287.79	0.304551
21654140.09	5170267.78	0.233778
21654212.24	5170247.77	0.232526
21654284.38	5170227.76	0.233001
21654356.53	5170207.76	0.232838
21654428.68	5170187.75	0.232213
21654500.82	5170167.74	0.236283
21654572.97	5170147.73	0.293117
21654645.12	5170127.72	0.284174
21654717.26	5170107.72	0.285717
21654789.41	5170087.71	0.500854
21654861.56	5170067.7	0.538199
21654933.7	5170047.69	0.577516
21655005.85	5170027.68	0.592266
21655078	5170007.68	0.602423
21655150.14	5169987.67	0.612126
21655222.29	5169967.66	0.60958
21655294.44	5169947.65	0.553883
21655366.58	5169927.64	0.505217
21655438.73	5169907.63	0.473856
21655510.88	5169887.63	0.534854
21655583.03	5169867.62	0.522448
21655655.17	5169847.61	0.495859
21655727.32	5169827.6	0.509223
21655799.47	5169807.59	0
21655871.61	5169787.59	0
21655943.76	5169767.58	0.4083
21656015.91	5169747.57	0.414619
21656088.05	5169727.56	0.388509
21656160.2	5169707.55	0.241136
21656232.35	5169687.55	0.237422
21656304.49	5169667.54	0.249924
21656376.64	5169647.53	0
21656448.79	5169627.52	0
21656520.93	5169607.51	0
21656593.08	5169587.51	0.392672
21656665.23	5169567.5	0
21656737.37	5169547.49	0.339761
21656809.52	5169527.48	0.324628
21656881.67	5169507.47	0.344477
21656953.81	5169487.47	0
21657025.96	5169467.46	0.277678
21657098.11	5169447.45	0.340261
21657170.25	5169427.44	0.377871
21657242.4	5169407.43	0.285341
21657314.55	5169387.43	0.352838
21657386.69	5169367.42	0.397276
21657458.84	5169347.41	0.432531
21657530.99	5169327.4	0.459197
21657603.13	5169307.39	0.443846
21657675.28	5169287.39	0.510451
21657747.43	5169267.38	0.538886
21657819.57	5169247.37	0.549513
21657891.72	5169227.36	0.557145
21657963.87	5169207.35	0.53383
21658036.01	5169187.34	0
21658108.16	5169167.34	0
21658180.31	5169147.33	0.503687
21658252.45	5169127.32	0
21658324.6	5169107.31	0.562266
21658396.75	5169087.3	0.528711
21658468.89	5169067.3	0.486271
21658541.04	5169047.29	0.405293
21658613.19	5169027.28	0.436521
21658685.33	5169007.27	0.412089
21658757.48	5168987.26	0.384398
21658829.63	5168967.26	0.487594
21658901.77	5168947.25	0.478788
21658973.92	5168927.24	0.48889
21659046.07	5168907.23	0.468626
21653293.96	5170578.65	0.333529
21653366.1	5170558.64	0.28177
21653438.25	5170538.63	0.272803
21653510.4	5170518.62	0.265833
21653582.54	5170498.61	0.238134
21653654.69	5170478.61	0.251129
21653726.84	5170458.6	0.248281
21653798.98	5170438.59	0.247986
21653871.13	5170418.58	0.247911
21653943.28	5170398.57	0.252535
21654015.42	5170378.57	0.242313
21654087.57	5170358.56	0.246607
21654159.72	5170338.55	0.233157
21654231.86	5170318.54	0.233832
21654304.01	5170298.53	0.230758
21654376.16	5170278.53	0.232918
21654448.3	5170258.52	0.234175
21654520.45	5170238.51	0.236515
21654592.6	5170218.5	0.238531
21654664.74	5170198.49	0.241809
21654736.89	5170178.49	0.236703
21654809.04	5170158.48	0.390432
21654881.18	5170138.47	0.374333
21654953.33	5170118.46	0.446059
21655025.48	5170098.45	0.483551
21655097.62	5170078.45	0.483218
21655169.77	5170058.44	0.419709
21655241.92	5170038.43	0.535087
21655314.06	5170018.42	0.467169
21655386.21	5169998.41	0.38807
21655458.36	5169978.41	0.237513
21655530.5	5169958.4	0.432113
21655602.65	5169938.39	0.396262
21655674.8	5169918.38	0.362273
21655746.95	5169898.37	0
21655819.09	5169878.37	0.394744
21655891.24	5169858.36	0.37614
21655963.38	5169838.35	0.397276
21656035.53	5169818.34	0.388374
21656107.68	5169798.33	0.238624
21656179.83	5169778.32	0.229384
21656251.97	5169758.32	0.22416
21656324.12	5169738.31	0.217925
21656396.27	5169718.3	0.252129
21656468.41	5169698.29	0.243883
21656540.56	5169678.28	0.362766
21656612.71	5169658.28	0.243371
21656684.85	5169638.27	0.233133
21656757	5169618.26	0.23028
21656829.15	5169598.25	0.253408
21656901.29	5169578.24	0
21656973.44	5169558.24	0
21657045.59	5169538.23	0.229626
21657117.73	5169518.22	0.267922
21657189.88	5169498.21	0.301176
21657262.03	5169478.2	0.246809
21657334.17	5169458.2	0.323307
21657406.32	5169438.19	0.332888
21657478.47	5169418.18	0.295469
21657550.61	5169398.17	0.40011
21657622.76	5169378.16	0.440213
21657694.91	5169358.16	0.383584
21657767.05	5169338.15	0.43097
21657839.2	5169318.14	0.519277
21657911.35	5169298.13	0.505266
21657983.49	5169278.12	0.443279
21658055.64	5169258.12	0.482347
21658127.79	5169238.11	0.393939
21658199.93	5169218.1	0.412152
21658272.08	5169198.09	0.46623
21658344.23	5169178.08	0.50393
21658416.37	5169158.08	0.410962
21658488.52	5169138.07	0.3691
21658560.67	5169118.06	0.392617
21658632.81	5169098.05	0.397246
21658704.96	5169078.04	0.374302
21658777.11	5169058.03	0.348904
21658849.25	5169038.03	0.431425
21658921.4	5169018.02	0.4078
21658993.55	5168998.01	0.437283
21659065.69	5168978	0.451601
21653313.58	5170649.42	0.341041
21653385.73	5170629.41	0.256261
21653457.88	5170609.4	0.27268
21653530.02	5170589.39	0.273578
21653602.17	5170569.39	0.249378
21653674.32	5170549.38	0.271536
21653746.46	5170529.37	0.307361
21653818.61	5170509.36	0.325851
21653890.76	5170489.35	0.315499
21653962.9	5170469.35	0.323832
21654035.05	5170449.34	0.319515
21654107.2	5170429.33	0.261411
21654179.34	5170409.32	0.233188
21654251.49	5170389.31	0.267178
21654323.64	5170369.3	0.242359
21654395.78	5170349.3	0.281399
21654467.93	5170329.29	0.243195
21654540.08	5170309.28	0.237267
21654612.22	5170289.27	0.24696
21654684.37	5170269.26	0.23574
21654756.52	5170249.26	0.260672
21654828.66	5170229.25	0.311621
21654900.81	5170209.24	0.243554
21654972.96	5170189.23	0.33011
21655045.1	5170169.22	0.400561
21655117.25	5170149.22	0.424368
21655189.4	5170129.21	0.39335
21655261.54	5170109.2	0.409086
21655333.69	5170089.19	0.462384
21655405.84	5170069.18	0.427785
21655477.98	5170049.18	0
21655550.13	5170029.17	0
21655622.28	5170009.16	0.346619
21655694.42	5169989.15	0.413872
21655766.57	5169969.14	0.396221
21655838.72	5169949.14	0.319639
21655910.86	5169929.13	0.421008
21655983.01	5169909.12	0.388204
21656055.16	5169889.11	0.263188
21656127.3	5169869.1	0.234109
21656199.45	5169849.1	0.230492
21656271.6	5169829.09	0.255276
21656343.75	5169809.08	0.232875
21656415.89	5169789.07	0.241037
21656488.04	5169769.06	0.233869
21656560.19	5169749.06	0.239741
21656632.33	5169729.05	0.346177
21656704.48	5169709.04	0.276497
21656776.63	5169689.03	0.230893
21656848.77	5169669.02	0.244265
21656920.92	5169649.02	0.369587
21656993.07	5169629.01	0.271555
21657065.21	5169609	0.230247
21657137.36	5169588.99	0.263753
21657209.51	5169568.98	0.292156
21657281.65	5169548.97	0.235366
21657353.8	5169528.97	0.294774
21657425.95	5169508.96	0.243498
21657498.09	5169488.95	0.264323
21657570.24	5169468.94	0.31703
21657642.39	5169448.93	0.246139
21657714.53	5169428.93	0.243884
21657786.68	5169408.92	0.257843
21657858.83	5169388.91	0.381506
21657930.97	5169368.9	0.379705
21658003.12	5169348.89	0.31913
21658075.27	5169328.89	0.367857
21658147.41	5169308.88	0.236518
21658219.56	5169288.87	0.298326
21658291.71	5169268.86	0.409824
21658363.85	5169248.85	0.282763
21658436	5169228.85	0.323629
21658508.15	5169208.84	0.236797
21658580.29	5169188.83	0.333737
21658652.44	5169168.82	0.38109
21658724.59	5169148.81	0.258837
21658796.73	5169128.81	0.229914
21658868.88	5169108.8	0.369153
21658941.03	5169088.79	0.338967
21659013.17	5169068.78	0.385254
21659085.32	5169048.77	0.419148
21653261.06	5170740.2	0.352255
21653333.21	5170720.19	0.351737
21653405.36	5170700.18	0
21653477.5	5170680.17	0.302426
21653549.65	5170660.16	0.312517
21653621.8	5170640.16	0.363278
21653693.94	5170620.15	0.356981
21653766.09	5170600.14	0.372456
21653838.24	5170580.13	0.38412
21653910.38	5170560.12	0.384933
21653982.53	5170540.12	0.384071
21654054.68	5170520.11	0.383439
21654126.82	5170500.1	0.238145
21654198.97	5170480.09	0.237392
21654271.12	5170460.08	0.383196
21654343.26	5170440.08	0.380337
21654415.41	5170420.07	0.268439
21654487.56	5170400.06	0.293026
21654559.7	5170380.05	0.266086
21654631.85	5170360.04	0.260481
21654704	5170340.04	0.239643
21654776.14	5170320.03	0.306853
21654848.29	5170300.02	0.377437
21654920.44	5170280.01	0.310257
21654992.58	5170260	0.388755
21655064.73	5170240	0.394853
21655136.88	5170219.99	0.264999
21655209.02	5170199.98	0.388769
21655281.17	5170179.97	0.415208
21655353.32	5170159.96	0.491349
21655425.46	5170139.95	0.486867
21655497.61	5170119.95	0
21655569.76	5170099.94	0.404367
21655641.9	5170079.93	0.389657
21655714.05	5170059.92	0.414602
21655786.2	5170039.91	0.431885
21655858.34	5170019.91	0.408956
21655930.49	5169999.9	0.483946
21656002.64	5169979.89	0.38366
21656074.78	5169959.88	0.232487
21656146.93	5169939.87	0.260304
21656219.08	5169919.87	0.232955
21656291.22	5169899.86	0.259947
21656363.37	5169879.85	0.242624
21656435.52	5169859.84	0.25232
21656507.66	5169839.83	0.253157
21656579.81	5169819.83	0.273505
21656651.96	5169799.82	0.410614
21656724.1	5169779.81	0.453865
21656796.25	5169759.8	0.375576
21656868.4	5169739.79	0.381244
21656940.55	5169719.79	0.380708
21657012.69	5169699.78	0.307176
21657084.84	5169679.77	0.261642
21657156.99	5169659.76	0.312116
21657229.13	5169639.75	0.362213
21657301.28	5169619.75	0.318298
21657373.43	5169599.74	0.380983
21657445.57	5169579.73	0.283967
21657517.72	5169559.72	0.328764
21657589.87	5169539.71	0.371017
21657662.01	5169519.71	0.353528
21657734.16	5169499.7	0.24751
21657806.31	5169479.69	0.377015
21657878.45	5169459.68	0.379162
21657950.6	5169439.67	0.335258
21658022.75	5169419.66	0.383036
21658094.89	5169399.66	0.385247
21658167.04	5169379.65	0.329373
21658239.19	5169359.64	0.375634
21658311.33	5169339.63	0.425747
21658383.48	5169319.62	0.240869
21658455.63	5169299.62	0.265826
21658527.77	5169279.61	0.237622
21658599.92	5169259.6	0.439152
21658672.07	5169239.59	0.424294
21658744.21	5169219.58	0.318245
21658816.36	5169199.58	0
21658888.51	5169179.57	0.387798
21658960.65	5169159.56	0.382685
21659032.8	5169139.55	0.406286
21659104.95	5169119.54	0.421887
21653280.69	5170810.97	0.351124
21653352.84	5170790.96	0
21653424.98	5170770.95	0.34633
21653497.13	5170750.94	0.36175
21653569.28	5170730.93	0.434354
21653641.42	5170710.93	0.418308
21653713.57	5170690.92	0.407123
21653785.72	5170670.91	0.406974
21653857.86	5170650.9	0.386829
21653930.01	5170630.89	0.306457
21654002.16	5170610.89	0.426316
21654074.3	5170590.88	0.41011
21654146.45	5170570.87	0.383114
21654218.6	5170550.86	0.330954
21654290.74	5170530.85	0.385146
21654362.89	5170510.85	0.383299
21654435.04	5170490.84	0.298758
21654507.18	5170470.83	0.38845
21654579.33	5170450.82	0.338161
21654651.48	5170430.81	0.362894
21654723.62	5170410.81	0.280857
21654795.77	5170390.8	0.337394
21654867.92	5170370.79	0.327651
21654940.06	5170350.78	0.388428
21655012.21	5170330.77	0.406144
21655084.36	5170310.77	0.396292
21655156.5	5170290.76	0.368035
21655228.65	5170270.75	0.395376
21655300.8	5170250.74	0.413281
21655372.94	5170230.73	0.368916
21655445.09	5170210.73	0.473514
21655517.24	5170190.72	0.421766
21655589.38	5170170.71	0.410829
21655661.53	5170150.7	0.380688
21655733.68	5170130.69	0.396876
21655805.82	5170110.69	0
21655877.97	5170090.68	0.434174
21655950.12	5170070.67	0.30252
21656022.26	5170050.66	0.384735
21656094.41	5170030.65	0.372199
21656166.56	5170010.65	0.264712
21656238.7	5169990.64	0.239346
21656310.85	5169970.63	0.286695
21656383	5169950.62	0.247905
21656455.14	5169930.61	0.269919
21656527.29	5169910.6	0.318954
21656599.44	5169890.6	0.294967
21656671.58	5169870.59	0.36137
21656743.73	5169850.58	0.401872
21656815.88	5169830.57	0.385044
21656888.02	5169810.56	0.255419
21656960.17	5169790.56	0.383366
21657032.32	5169770.55	0.330484
21657104.47	5169750.54	0.258931
21657176.61	5169730.53	0.292524
21657248.76	5169710.52	0.36748
21657320.91	5169690.52	0.344816
21657393.05	5169670.51	0.454773
21657465.2	5169650.5	0.411249
21657537.35	5169630.49	0.484395
21657609.49	5169610.48	0.439447
21657681.64	5169590.48	0.41543
21657753.79	5169570.47	0.34868
21657825.93	5169550.46	0.232096
21657898.08	5169530.45	0.246734
21657970.23	5169510.44	0.37175
21658042.37	5169490.44	0
21658114.52	5169470.43	0.407326
21658186.67	5169450.42	0.394204
21658258.81	5169430.41	0.399916
21658330.96	5169410.4	0.432684
21658403.11	5169390.4	0
21658475.25	5169370.39	0.233595
21658547.4	5169350.38	0.232505
21658619.55	5169330.37	0.345474
21658691.69	5169310.36	0.457403
21658763.84	5169290.36	0
21658835.99	5169270.35	0
21658908.13	5169250.34	0
21658980.28	5169230.33	0.396046
21659052.43	5169210.32	0.422818
21653300.32	5170881.74	0.419219
21653372.46	5170861.73	0.411594
21653444.61	5170841.72	0.455389
21653516.76	5170821.71	0.47472
21653588.9	5170801.71	0.490207
21653661.05	5170781.7	0.434471
21653733.2	5170761.69	0.409857
21653805.34	5170741.68	0.380726
21653877.49	5170721.67	0.236883
21653949.64	5170701.67	0.240444
21654021.78	5170681.66	0.377686
21654093.93	5170661.65	0.39755
21654166.08	5170641.64	0.342677
21654238.22	5170621.63	0.234488
21654310.37	5170601.63	0.240793
21654382.52	5170581.62	0.28437
21654454.66	5170561.61	0.235153
21654526.81	5170541.6	0.24459
21654598.96	5170521.59	0.385506
21654671.1	5170501.58	0.269507
21654743.25	5170481.58	0.238605
21654815.4	5170461.57	0.235016
21654887.54	5170441.56	0.23641
21654959.69	5170421.55	0.247993
21655031.84	5170401.54	0.408095
21655103.98	5170381.54	0.347579
21655176.13	5170361.53	0.326348
21655248.28	5170341.52	0.27141
21655320.42	5170321.51	0.381713
21655392.57	5170301.5	0.356602
21655464.72	5170281.5	0.428181
21655536.86	5170261.49	0.400601
21655609.01	5170241.48	0.350249
21655681.16	5170221.47	0.252808
21655753.3	5170201.46	0.350513
21655825.45	5170181.46	0.401298
21655897.6	5170161.45	0
21655969.74	5170141.44	0
21656041.89	5170121.43	0.376605
21656114.04	5170101.42	0.23868
21656186.18	5170081.42	0.32184
21656258.33	5170061.41	0.351525
21656330.48	5170041.4	0.254498
21656402.62	5170021.39	0.234903
21656474.77	5170001.38	0.248878
21656546.92	5169981.38	0.262683
21656619.06	5169961.37	0.234672
21656691.21	5169941.36	0.262996
21656763.36	5169921.35	0.262888
21656835.5	5169901.34	0.253904
21656907.65	5169881.34	0.334769
21656979.8	5169861.33	0.375872
21657051.94	5169841.32	0.321676
21657124.09	5169821.31	0.239743
21657196.24	5169801.3	0.321048
21657268.38	5169781.3	0.323026
21657340.53	5169761.29	0.378858
21657412.68	5169741.28	0.498389
21657484.83	5169721.27	0.426807
21657556.97	5169701.26	0.443538
21657629.12	5169681.25	0.42061
21657701.27	5169661.25	0.415248
21657773.41	5169641.24	0.392198
21657845.56	5169621.23	0.276561
21657917.71	5169601.22	0.324948
21657989.85	5169581.21	0.380768
21658062	5169561.21	0.270482
21658134.15	5169541.2	0.284232
21658206.29	5169521.19	0.267309
21658278.44	5169501.18	0.349341
21658350.59	5169481.17	0.412432
21658422.73	5169461.17	0.446445
21658494.88	5169441.16	0.252694
21658567.03	5169421.15	0.292476
21658639.17	5169401.14	0.37709
21658711.32	5169381.13	0.466078
21658783.47	5169361.13	0.41253
21658855.61	5169341.12	0
21658927.76	5169321.11	0
21658999.91	5169301.1	0
21659072.05	5169281.09	0.420831
21653247.8	5170972.52	0
21653319.94	5170952.51	0
21653392.09	5170932.5	0.536835
21653464.24	5170912.49	0.506607
21653536.38	5170892.48	0.530319
21653608.53	5170872.48	0.535229
21653680.68	5170852.47	0.484266
21653752.82	5170832.46	0.42576
21653824.97	5170812.45	0.401354
21653897.12	5170792.44	0.336708
21653969.26	5170772.44	0.275101
21654041.41	5170752.43	0.396771
21654113.56	5170732.42	0.418579
21654185.7	5170712.41	0.381692
21654257.85	5170692.4	0.25221
21654330	5170672.4	0.275217
21654402.14	5170652.39	0.262967
21654474.29	5170632.38	0.280392
21654546.44	5170612.37	0.384927
21654618.58	5170592.36	0
21654690.73	5170572.36	0
21654762.88	5170552.35	0
21654835.02	5170532.34	0.23169
21654907.17	5170512.33	0.232545
21654979.32	5170492.32	0.234949
21655051.46	5170472.32	0.367374
21655123.61	5170452.31	0.236265
21655195.76	5170432.3	0.234356
21655267.9	5170412.29	0.277977
21655340.05	5170392.28	0.328185
21655412.2	5170372.28	0.247414
21655484.34	5170352.27	0.451974
21655556.49	5170332.26	0.37585
21655628.64	5170312.25	0.247513
21655700.78	5170292.24	0.233053
21655772.93	5170272.23	0.259558
21655845.08	5170252.23	0.37435
21655917.22	5170232.22	0
21655989.37	5170212.21	0
21656061.52	5170192.2	0.363337
21656133.66	5170172.19	0.252301
21656205.81	5170152.19	0.367193
21656277.96	5170132.18	0.296213
21656350.1	5170112.17	0.238938
21656422.25	5170092.16	0.229614
21656494.4	5170072.15	0.231813
21656566.54	5170052.15	0.231652
21656638.69	5170032.14	0.228759
21656710.84	5170012.13	0.230537
21656782.98	5169992.12	0.231929
21656855.13	5169972.11	0
21656927.28	5169952.11	0
21656999.42	5169932.1	0.319129
21657071.57	5169912.09	0.248922
21657143.72	5169892.08	0.22851
21657215.86	5169872.07	0.235907
21657288.01	5169852.07	0.371801
21657360.16	5169832.06	0.277116
21657432.3	5169812.05	0.418312
21657504.45	5169792.04	0.416462
21657576.6	5169772.03	0.260838
21657648.74	5169752.03	0.373787
21657720.89	5169732.02	0.392241
21657793.04	5169712.01	0.389812
21657865.18	5169692	0.240921
21657937.33	5169671.99	0.360342
21658009.48	5169651.99	0.328854
21658081.63	5169631.98	0.240095
21658153.77	5169611.97	0.31591
21658225.92	5169591.96	0.337117
21658298.07	5169571.95	0.290826
21658370.21	5169551.94	0.424983
21658442.36	5169531.94	0.403206
21658514.51	5169511.93	0.353692
21658586.65	5169491.92	0.23213
21658658.8	5169471.91	0.295775
21658730.95	5169451.9	0.415246
21658803.09	5169431.9	0.498489
21658875.24	5169411.89	0
21658947.39	5169391.88	0
21659019.53	5169371.87	0
21659091.68	5169351.86	0
21653267.42	5171043.29	0
21653339.57	5171023.28	0.593671
21653411.72	5171003.27	0.560957
21653483.86	5170983.26	0.540281
21653556.01	5170963.26	0.545512
21653628.16	5170943.25	0.538522
21653700.3	5170923.24	0.480085
21653772.45	5170903.23	0.423104
21653844.6	5170883.22	0.442972
21653916.74	5170863.21	0.358069
21653988.89	5170843.21	0.246797
21654061.04	5170823.2	0.391163
21654133.18	5170803.19	0.409897
21654205.33	5170783.18	0.390465
21654277.48	5170763.17	0.395437
21654349.62	5170743.17	0.285671
21654421.77	5170723.16	0.293224
21654493.92	5170703.15	0.24604
21654566.06	5170683.14	0.386912
21654638.21	5170663.13	0.386338
21654710.36	5170643.13	0.324478
21654782.5	5170623.12	0.380703
21654854.65	5170603.11	0.315333
21654926.8	5170583.1	0.232028
21654998.94	5170563.09	0.239936
21655071.09	5170543.09	0.297366
21655143.24	5170523.08	0.244941
21655215.38	5170503.07	0.247245
21655287.53	5170483.06	0.37747
21655359.68	5170463.05	0.36917
21655431.82	5170443.05	0.356662
21655503.97	5170423.04	0.379459
21655576.12	5170403.03	0.296653
21655648.26	5170383.02	0.238604
21655720.41	5170363.01	0.232307
21655792.56	5170343.01	0.269899
21655864.7	5170323	0.250081
21655936.85	5170302.99	0.23265
21656009	5170282.98	0
21656081.14	5170262.97	0.264714
21656153.29	5170242.97	0.336421
21656225.44	5170222.96	0.255739
21656297.58	5170202.95	0.257749
21656369.73	5170182.94	0.231565
21656441.88	5170162.93	0.228513
21656514.02	5170142.93	0.230725
21656586.17	5170122.92	0.232747
21656658.32	5170102.91	0.228397
21656730.46	5170082.9	0.230553
21656802.61	5170062.89	0
21656874.76	5170042.88	0.228006
21656946.9	5170022.88	0.254891
21657019.05	5170002.87	0.354094
21657091.2	5169982.86	0.316434
21657163.34	5169962.85	0.245162
21657235.49	5169942.84	0.339351
21657307.64	5169922.84	0.381084
21657379.78	5169902.83	0.334239
21657451.93	5169882.82	0.413158
21657524.08	5169862.81	0.401199
21657596.22	5169842.8	0.236237
21657668.37	5169822.8	0.248837
21657740.52	5169802.79	0.37844
21657812.66	5169782.78	0.457426
21657884.81	5169762.77	0.398128
21657956.96	5169742.76	0.426822
21658029.1	5169722.76	0.402183
21658101.25	5169702.75	0.373015
21658173.4	5169682.74	0.395927
21658245.54	5169662.73	0.474576
21658317.69	5169642.72	0.454078
21658389.84	5169622.72	0.50603
21658461.99	5169602.71	0.478446
21658534.13	5169582.7	0.42624
21658606.28	5169562.69	0.363736
21658678.43	5169542.68	0.448271
21658750.57	5169522.68	0.464689
21658822.72	5169502.67	0.463541
21658894.87	5169482.66	0.492249
21658967.01	5169462.65	0.460771
21659039.16	5169442.64	0.427837
21659111.31	5169422.64	0.414601
21653287.05	5171114.06	0
21653359.2	5171094.05	0
21653431.34	5171074.04	0
21653503.49	5171054.03	0
21653575.64	5171034.03	0.577387
21653647.78	5171014.02	0.527062
21653719.93	5170994.01	0.432461
21653792.08	5170974	0.388703
21653864.22	5170953.99	0.428092
21653936.37	5170933.99	0.385096
21654008.52	5170913.98	0.378075
21654080.66	5170893.97	0.335243
21654152.81	5170873.96	0.376834
21654224.96	5170853.95	0.236209
21654297.1	5170833.95	0.391346
21654369.25	5170813.94	0.346303
21654441.4	5170793.93	0.428739
21654513.54	5170773.92	0.304937
21654585.69	5170753.91	0.467535
21654657.84	5170733.91	0.436457
21654729.98	5170713.9	0.377453
21654802.13	5170693.89	0.38228
21654874.28	5170673.88	0.378816
21654946.42	5170653.87	0.350169
21655018.57	5170633.86	0.336886
21655090.72	5170613.86	0.362645
21655162.86	5170593.85	0.320222
21655235.01	5170573.84	0.318127
21655307.16	5170553.83	0.348644
21655379.3	5170533.82	0.327688
21655451.45	5170513.82	0.375804
21655523.6	5170493.81	0.393493
21655595.74	5170473.8	0.387559
21655667.89	5170453.79	0.377238
21655740.04	5170433.78	0.269462
21655812.18	5170413.78	0.277813
21655884.33	5170393.77	0.366652
21655956.48	5170373.76	0
21656028.62	5170353.75	0
21656100.77	5170333.74	0.378827
21656172.92	5170313.74	0.248402
21656245.06	5170293.73	0.293561
21656317.21	5170273.72	0.284325
21656389.36	5170253.71	0.231598
21656461.5	5170233.7	0.227919
21656533.65	5170213.7	0.234604
21656605.8	5170193.69	0.238991
21656677.94	5170173.68	0.242313
21656750.09	5170153.67	0.251601
21656822.24	5170133.66	0.248105
21656894.38	5170113.66	0.260013
21656966.53	5170093.65	0.312388
21657038.68	5170073.64	0.347889
21657110.82	5170053.63	0.32174
21657182.97	5170033.62	0.30619
21657255.12	5170013.62	0.388484
21657327.26	5169993.61	0.410975
21657399.41	5169973.6	0.385764
21657471.56	5169953.59	0.380834
21657543.7	5169933.58	0.402424
21657615.85	5169913.57	0.285106
21657688	5169893.57	0.339528
21657760.14	5169873.56	0.392276
21657832.29	5169853.55	0.381639
21657904.44	5169833.54	0.24211
21657976.58	5169813.53	0.463671
21658048.73	5169793.53	0.498714
21658120.88	5169773.52	0.421103
21658193.02	5169753.51	0.460797
21658265.17	5169733.5	0.513646
21658337.32	5169713.49	0
21658409.46	5169693.49	0.419941
21658481.61	5169673.48	0.510187
21658553.76	5169653.47	0.490062
21658625.91	5169633.46	0.461178
21658698.05	5169613.45	0.437693
21658770.2	5169593.45	0.409113
21658842.35	5169573.44	0.269782
21658914.49	5169553.43	0.455256
21658986.64	5169533.42	0.438366
21659058.79	5169513.41	0.413555
21653306.68	5171184.83	0
21653378.82	5171164.82	0
21653450.97	5171144.81	0
21653523.12	5171124.8	0.611644
21653595.26	5171104.8	0.601257
21653667.41	5171084.79	0.479436
21653739.56	5171064.78	0.380599
21653811.7	5171044.77	0.385452
21653883.85	5171024.76	0.39644
21653956	5171004.76	0.390882
21654028.14	5170984.75	0.34868
21654100.29	5170964.74	0.237191
21654172.44	5170944.73	0.318146
21654244.58	5170924.72	0.24165
21654316.73	5170904.72	0.343975
21654388.88	5170884.71	0.255081
21654461.02	5170864.7	0.300798
21654533.17	5170844.69	0.243134
21654605.32	5170824.68	0.301347
21654677.46	5170804.68	0.386006
21654749.61	5170784.67	0.285638
21654821.76	5170764.66	0.25778
21654893.9	5170744.65	0.289703
21654966.05	5170724.64	0.281354
21655038.2	5170704.64	0.269129
21655110.34	5170684.63	0.296465
21655182.49	5170664.62	0.265303
21655254.64	5170644.61	0.245941
21655326.78	5170624.6	0.245225
21655398.93	5170604.6	0.246577
21655471.08	5170584.59	0.250155
21655543.22	5170564.58	0.287317
21655615.37	5170544.57	0.266532
21655687.52	5170524.56	0.247684
21655759.66	5170504.56	0.236488
21655831.81	5170484.55	0.267723
21655903.96	5170464.54	0.38859
21655976.1	5170444.53	0.317503
21656048.25	5170424.52	0.463932
21656120.4	5170404.51	0.397871
21656192.54	5170384.51	0.240101
21656264.69	5170364.5	0.270074
21656336.84	5170344.49	0
21656408.98	5170324.48	0.23659
21656481.13	5170304.47	0.240976
21656553.28	5170284.47	0.242956
21656625.42	5170264.46	0.242776
21656697.57	5170244.45	0.341475
21656769.72	5170224.44	0.391521
21656841.86	5170204.43	0.273998
21656914.01	5170184.43	0.257522
21656986.16	5170164.42	0.300584
21657058.3	5170144.41	0.319053
21657130.45	5170124.4	0.282775
21657202.6	5170104.39	0.237854
21657274.74	5170084.39	0.39731
21657346.89	5170064.38	0.361613
21657419.04	5170044.37	0.242194
21657491.18	5170024.36	0.366617
21657563.33	5170004.35	0.434858
21657635.48	5169984.35	0.398476
21657707.62	5169964.34	0.370832
21657779.77	5169944.33	0.381306
21657851.92	5169924.32	0.39448
21657924.06	5169904.31	0.341197
21657996.21	5169884.31	0.440337
21658068.36	5169864.3	0.403879
21658140.5	5169844.29	0.307072
21658212.65	5169824.28	0.425283
21658284.8	5169804.27	0.397775
21658356.94	5169784.27	0.331212
21658429.09	5169764.26	0.421531
21658501.24	5169744.25	0.512074
21658573.38	5169724.24	0.506723
21658645.53	5169704.23	0.53938
21658717.68	5169684.22	0.517441
21658789.82	5169664.22	0.456269
21658861.97	5169644.21	0.387489
21658934.12	5169624.2	0.446514
21659006.26	5169604.19	0.408894
21659078.41	5169584.18	0.400273
21653254.15	5171275.61	0
21653326.3	5171255.6	0
21653398.45	5171235.59	0
21653470.6	5171215.58	0
21653542.74	5171195.58	0
21653614.89	5171175.57	0.586439
21653687.04	5171155.56	0.525577
21653759.18	5171135.55	0.419132
21653831.33	5171115.54	0
21653903.48	5171095.54	0
21653975.62	5171075.53	0.428776
21654047.77	5171055.52	0.376867
21654119.92	5171035.51	0.356997
21654192.06	5171015.5	0.399846
21654264.21	5170995.49	0.280334
21654336.36	5170975.49	0.386558
21654408.5	5170955.48	0.386617
21654480.65	5170935.47	0.335806
21654552.8	5170915.46	0.284601
21654624.94	5170895.45	0.267494
21654697.09	5170875.45	0.236178
21654769.24	5170855.44	0.23197
21654841.38	5170835.43	0.285947
21654913.53	5170815.42	0.366804
21654985.68	5170795.41	0.269198
21655057.82	5170775.41	0.232686
21655129.97	5170755.4	0.232453
21655202.12	5170735.39	0.231104
21655274.26	5170715.38	0.231246
21655346.41	5170695.37	0.231846
21655418.56	5170675.37	0.231295
21655490.7	5170655.36	0.230664
21655562.85	5170635.35	0.241406
21655635	5170615.34	0.411006
21655707.14	5170595.33	0.236413
21655779.29	5170575.33	0.236705
21655851.44	5170555.32	0.363309
21655923.58	5170535.31	0.368381
21655995.73	5170515.3	0.250615
21656067.88	5170495.29	0.382924
21656140.02	5170475.29	0.303333
21656212.17	5170455.28	0.232581
21656284.32	5170435.27	0.23122
21656356.46	5170415.26	0
21656428.61	5170395.25	0.380955
21656500.76	5170375.25	0.265863
21656572.9	5170355.24	0.242051
21656645.05	5170335.23	0.2306
21656717.2	5170315.22	0.233783
21656789.34	5170295.21	0.337296
21656861.49	5170275.21	0.243276
21656933.64	5170255.2	0.230044
21657005.78	5170235.19	0.241372
21657077.93	5170215.18	0.240813
21657150.08	5170195.17	0.23125
21657222.22	5170175.16	0.228232
21657294.37	5170155.16	0.364031
21657366.52	5170135.15	0.237666
21657438.66	5170115.14	0.229561
21657510.81	5170095.13	0.272099
21657582.96	5170075.12	0.349077
21657655.1	5170055.12	0.23092
21657727.25	5170035.11	0.277217
21657799.4	5170015.1	0.332612
21657871.54	5169995.09	0.27894
21657943.69	5169975.08	0.238341
21658015.84	5169955.08	0.277662
21658087.98	5169935.07	0.282609
21658160.13	5169915.06	0.231229
21658232.28	5169895.05	0.355783
21658304.42	5169875.04	0.354981
21658376.57	5169855.04	0.235929
21658448.72	5169835.03	0.358187
21658520.86	5169815.02	0.400299
21658593.01	5169795.01	0.504792
21658665.16	5169775	0.505579
21658737.3	5169755	0.471652
21658809.45	5169734.99	0.418855
21658881.6	5169714.98	0.296909
21658953.74	5169694.97	0.399255
21659025.89	5169674.96	0.392832
21659098.04	5169654.96	0.384435
21653273.78	5171346.38	0
21653345.93	5171326.37	0
21653418.07	5171306.36	0
21653490.22	5171286.35	0
21653562.37	5171266.35	0
21653634.51	5171246.34	0.599077
21653706.66	5171226.33	0.415157
21653778.81	5171206.32	0.452754
21653850.96	5171186.31	0
21653923.1	5171166.31	0
21653995.25	5171146.3	0.465641
21654067.4	5171126.29	0.520799
21654139.54	5171106.28	0.44132
21654211.69	5171086.27	0.428591
21654283.84	5171066.27	0.41344
21654355.98	5171046.26	0.427786
21654428.13	5171026.25	0.310952
21654500.28	5171006.24	0.285477
21654572.42	5170986.23	0.244481
21654644.57	5170966.23	0.35473
21654716.72	5170946.22	0.261526
21654788.86	5170926.21	0.235398
21654861.01	5170906.2	0.387536
21654933.16	5170886.19	0
21655005.3	5170866.18	0
21655077.45	5170846.18	0
21655149.6	5170826.17	0
21655221.74	5170806.16	0.264213
21655293.89	5170786.15	0.230824
21655366.04	5170766.14	0.23355
21655438.18	5170746.14	0.232726
21655510.33	5170726.13	0.2337
21655582.48	5170706.12	0.251154
21655654.62	5170686.11	0.271221
21655726.77	5170666.1	0.392491
21655798.92	5170646.1	0.414513
21655871.06	5170626.09	0.463016
21655943.21	5170606.08	0.440987
21656015.36	5170586.07	0.353192
21656087.5	5170566.06	0.419817
21656159.65	5170546.06	0.373985
21656231.8	5170526.05	0.233769
21656303.94	5170506.04	0.388739
21656376.09	5170486.03	0.416839
21656448.24	5170466.02	0.400226
21656520.38	5170446.02	0.348652
21656592.53	5170426.01	0.251222
21656664.68	5170406	0.239116
21656736.82	5170385.99	0.242436
21656808.97	5170365.98	0.388261
21656881.12	5170345.98	0.373722
21656953.26	5170325.97	0.232164
21657025.41	5170305.96	0.241421
21657097.56	5170285.95	0.238722
21657169.7	5170265.94	0.232405
21657241.85	5170245.94	0.232583
21657314	5170225.93	0.255794
21657386.14	5170205.92	0.327291
21657458.29	5170185.91	0.243365
21657530.44	5170165.9	0.278146
21657602.58	5170145.9	0.340295
21657674.73	5170125.89	0.325855
21657746.88	5170105.88	0.32536
21657819.02	5170085.87	0.343248
21657891.17	5170065.86	0.440381
21657963.32	5170045.85	0.437782
21658035.46	5170025.85	0.519175
21658107.61	5170005.84	0.481729
21658179.76	5169985.83	0.336945
21658251.9	5169965.82	0.485123
21658324.05	5169945.81	0.51176
21658396.2	5169925.81	0.398823
21658468.34	5169905.8	0.497424
21658540.49	5169885.79	0.371609
21658612.64	5169865.78	0.233286
21658684.78	5169845.77	0.394051
21658756.93	5169825.77	0.521875
21658829.08	5169805.76	0.491012
21658901.22	5169785.75	0.377
21658973.37	5169765.74	0.409653
21659045.52	5169745.73	0.381656
21653293.41	5171417.15	0
21653365.55	5171397.14	0
21653437.7	5171377.13	0
21653509.85	5171357.12	0
21653581.99	5171337.12	0.523771
21653654.14	5171317.11	0.520633
21653726.29	5171297.1	0
21653798.43	5171277.09	0
21653870.58	5171257.08	0
21653942.73	5171237.08	0
21654014.87	5171217.07	0.405295
21654087.02	5171197.06	0.455014
21654159.17	5171177.05	0.523258
21654231.32	5171157.04	0.410662
21654303.46	5171137.04	0.383804
21654375.61	5171117.03	0.488602
21654447.76	5171097.02	0.356199
21654519.9	5171077.01	0.254004
21654592.05	5171057	0.235069
21654664.2	5171037	0.354569
21654736.34	5171016.99	0.310822
21654808.49	5170996.98	0.371051
21654880.64	5170976.97	0.400121
21654952.78	5170956.96	0
21655024.93	5170936.96	0
21655097.08	5170916.95	0
21655169.22	5170896.94	0
21655241.37	5170876.93	0
21655313.52	5170856.92	0.232217
21655385.66	5170836.92	0.233868
21655457.81	5170816.91	0.230399
21655529.96	5170796.9	0.232208
21655602.1	5170776.89	0.244174
21655674.25	5170756.88	0.231854
21655746.4	5170736.88	0.231417
21655818.54	5170716.87	0.268391
21655890.69	5170696.86	0.4002
21655962.84	5170676.85	0
21656034.98	5170656.84	0.378411
21656107.13	5170636.83	0.403936
21656179.28	5170616.83	0.400054
21656251.42	5170596.82	0.312584
21656323.57	5170576.81	0
21656395.72	5170556.8	0.380953
21656467.86	5170536.79	0.351368
21656540.01	5170516.79	0.34784
21656612.16	5170496.78	0.235391
21656684.3	5170476.77	0.234003
21656756.45	5170456.76	0.238967
21656828.6	5170436.75	0.365763
21656900.74	5170416.75	0.292989
21656972.89	5170396.74	0.227866
21657045.04	5170376.73	0.227597
21657117.18	5170356.72	0.23054
21657189.33	5170336.71	0.229308
21657261.48	5170316.71	0.229655
21657333.62	5170296.7	0.237135
21657405.77	5170276.69	0.248145
21657477.92	5170256.68	0.229927
21657550.06	5170236.67	0.234739
21657622.21	5170216.67	0.253558
21657694.36	5170196.66	0.302335
21657766.5	5170176.65	0.24226
21657838.65	5170156.64	0.232603
21657910.8	5170136.63	0.283669
21657982.94	5170116.63	0.430438
21658055.09	5170096.62	0.416975
21658127.24	5170076.61	0.530722
21658199.38	5170056.6	0.496453
21658271.53	5170036.59	0.552655
21658343.68	5170016.59	0.544894
21658415.82	5169996.58	0.527621
21658487.97	5169976.57	0.541172
21658560.12	5169956.56	0.413192
21658632.26	5169936.55	0.439641
21658704.41	5169916.55	0.557207
21658776.56	5169896.54	0
21658848.7	5169876.53	0
21658920.85	5169856.52	0.44378
21658993	5169836.51	0.395527
21659065.14	5169816.5	0.374919
21653313.03	5171487.92	0
21653385.18	5171467.91	0
21653457.33	5171447.9	0.693128
21653529.47	5171427.9	0
21653601.62	5171407.89	0
21653673.77	5171387.88	0.546471
21653745.91	5171367.87	0.50799
21653818.06	5171347.86	0.411292
21653890.21	5171327.86	0.279165
21653962.35	5171307.85	0.232857
21654034.5	5171287.84	0.255584
21654106.65	5171267.83	0.303995
21654178.79	5171247.82	0.398931
21654250.94	5171227.82	0.309921
21654323.09	5171207.81	0.254234
21654395.23	5171187.8	0.381621
21654467.38	5171167.79	0.299473
21654539.53	5171147.78	0.232329
21654611.67	5171127.77	0.231869
21654683.82	5171107.77	0.234635
21654755.97	5171087.76	0.239093
21654828.12	5171067.75	0.268728
21654900.26	5171047.74	0.368092
21654972.41	5171027.73	0
21655044.56	5171007.73	0.233838
21655116.7	5170987.72	0
21655188.85	5170967.71	0
21655261	5170947.7	0
21655333.14	5170927.69	0.232167
21655405.29	5170907.69	0
21655477.44	5170887.68	0.23092
21655549.58	5170867.67	0.231885
21655621.73	5170847.66	0.303889
21655693.88	5170827.65	0
21655766.02	5170807.65	0.235397
21655838.17	5170787.64	0.2312
21655910.32	5170767.63	0.383179
21655982.46	5170747.62	0
21656054.61	5170727.61	0
21656126.76	5170707.61	0.348272
21656198.9	5170687.6	0.369061
21656271.05	5170667.59	0.244693
21656343.2	5170647.58	0
21656415.34	5170627.57	0.320192
21656487.49	5170607.57	0.236018
21656559.64	5170587.56	0.262085
21656631.78	5170567.55	0.228584
21656703.93	5170547.54	0.251871
21656776.08	5170527.53	0.231005
21656848.22	5170507.53	0.280966
21656920.37	5170487.52	0.286952
21656992.52	5170467.51	0.227344
21657064.66	5170447.5	0.225274
21657136.81	5170427.49	0.227072
21657208.96	5170407.48	0.227266
21657281.1	5170387.48	0.227674
21657353.25	5170367.47	0.227991
21657425.4	5170347.46	0.230209
21657497.54	5170327.45	0.226452
21657569.69	5170307.44	0.228705
21657641.84	5170287.44	0.234311
21657713.98	5170267.43	0.237408
21657786.13	5170247.42	0.235014
21657858.28	5170227.41	0.228095
21657930.42	5170207.4	0.239581
21658002.57	5170187.4	0.335563
21658074.72	5170167.39	0.356843
21658146.86	5170147.38	0.399053
21658219.01	5170127.37	0.439877
21658291.16	5170107.36	0.53349
21658363.3	5170087.36	0.421686
21658435.45	5170067.35	0.384535
21658507.6	5170047.34	0.4421
21658579.74	5170027.33	0.370274
21658651.89	5170007.32	0.461396
21658724.04	5169987.32	0.51768
21658796.18	5169967.31	0.402036
21658868.33	5169947.3	0.344541
21658940.48	5169927.29	0.392211
21659012.62	5169907.28	0.410794
21659084.77	5169887.28	0.382359
21653260.51	5171578.7	0.687715
21653332.66	5171558.69	0.686766
21653404.81	5171538.68	0.686537
21653476.95	5171518.67	0.684613
21653549.1	5171498.67	0.660642
21653621.25	5171478.66	0.577908
21653693.39	5171458.65	0.590465
21653765.54	5171438.64	0.541488
21653837.69	5171418.63	0.261821
21653909.83	5171398.63	0.231406
21653981.98	5171378.62	0.394547
21654054.13	5171358.61	0.428546
21654126.27	5171338.6	0.379541
21654198.42	5171318.59	0.412498
21654270.57	5171298.59	0.388119
21654342.71	5171278.58	0.231534
21654414.86	5171258.57	0
21654487.01	5171238.56	0
21654559.15	5171218.55	0.231177
21654631.3	5171198.55	0.233477
21654703.45	5171178.54	0.245622
21654775.59	5171158.53	0.245212
21654847.74	5171138.52	0.37417
21654919.89	5171118.51	0.388084
21654992.04	5171098.51	0
21655064.18	5171078.5	0
21655136.33	5171058.49	0
21655208.48	5171038.48	0
21655280.62	5171018.47	0
21655352.77	5170998.47	0.232338
21655424.92	5170978.46	0.233054
21655497.06	5170958.45	0.237605
21655569.21	5170938.44	0.250033
21655641.36	5170918.43	0.240844
21655713.5	5170898.42	0.313451
21655785.65	5170878.42	0
21655857.8	5170858.41	0
21655929.94	5170838.4	0
21656002.09	5170818.39	0
21656074.24	5170798.38	0.267221
21656146.38	5170778.38	0.379267
21656218.53	5170758.37	0.378381
21656290.68	5170738.36	0
21656362.82	5170718.35	0
21656434.97	5170698.34	0
21656507.12	5170678.34	0
21656579.26	5170658.33	0.309096
21656651.41	5170638.32	0.256275
21656723.56	5170618.31	0.340382
21656795.7	5170598.3	0.328146
21656867.85	5170578.3	0.374597
21656940	5170558.29	0.320325
21657012.14	5170538.28	0.231169
21657084.29	5170518.27	0.22692
21657156.44	5170498.26	0.227569
21657228.58	5170478.26	0.227946
21657300.73	5170458.25	0.227629
21657372.88	5170438.24	0.229792
21657445.02	5170418.23	0.247476
21657517.17	5170398.22	0.229508
21657589.32	5170378.22	0.231183
21657661.46	5170358.21	0.320061
21657733.61	5170338.2	0.231328
21657805.76	5170318.19	0.395089
21657877.9	5170298.18	0.279403
21657950.05	5170278.18	0.244135
21658022.2	5170258.17	0.233619
21658094.34	5170238.16	0.385751
21658166.49	5170218.15	0.411057
21658238.64	5170198.14	0.374813
21658310.78	5170178.13	0.419262
21658382.93	5170158.13	0.393332
21658455.08	5170138.12	0
21658527.22	5170118.11	0
21658599.37	5170098.1	0
21658671.52	5170078.09	0.373552
21658743.66	5170058.09	0.387186
21658815.81	5170038.08	0
21658887.96	5170018.07	0.369658
21658960.1	5169998.06	0.393547
21659032.25	5169978.05	0.412013
21659104.4	5169958.05	0.380974
21653280.14	5171649.47	0.682027
21653352.29	5171629.46	0.680192
21653424.43	5171609.45	0.675399
21653496.58	5171589.45	0.66994
21653568.73	5171569.44	0.645146
21653640.87	5171549.43	0.543381
21653713.02	5171529.42	0.573038
21653785.17	5171509.41	0.557137
21653857.31	5171489.4	0
21653929.46	5171469.4	0
21654001.61	5171449.39	0.415998
21654073.75	5171429.38	0.461331
21654145.9	5171409.37	0.492361
21654218.05	5171389.36	0.506074
21654290.19	5171369.36	0
21654362.34	5171349.35	0.432749
21654434.49	5171329.34	0.366631
21654506.63	5171309.33	0.237011
21654578.78	5171289.32	0
21654650.93	5171269.32	0
21654723.07	5171249.31	0.252714
21654795.22	5171229.3	0.377671
21654867.37	5171209.29	0.242077
21654939.51	5171189.28	0.393338
21655011.66	5171169.28	0
21655083.81	5171149.27	0
21655155.95	5171129.26	0
21655228.1	5171109.25	0.265187
21655300.25	5171089.24	0.269052
21655372.39	5171069.24	0.270274
21655444.54	5171049.23	0.256869
21655516.69	5171029.22	0.293896
21655588.84	5171009.21	0.291525
21655660.98	5170989.2	0.427522
21655733.13	5170969.2	0.422038
21655805.28	5170949.19	0
21655877.42	5170929.18	0
21655949.57	5170909.17	0
21656021.72	5170889.16	0.426015
21656093.86	5170869.16	0.387534
21656166.01	5170849.15	0.384597
21656238.16	5170829.14	0
21656310.3	5170809.13	0
21656382.45	5170789.12	0
21656454.6	5170769.11	0
21656526.74	5170749.11	0
21656598.89	5170729.1	0.383532
21656671.04	5170709.09	0.373479
21656743.18	5170689.08	0.357447
21656815.33	5170669.07	0.248339
21656887.48	5170649.07	0.379514
21656959.62	5170629.06	0.379934
21657031.77	5170609.05	0.280329
21657103.92	5170589.04	0.240347
21657176.06	5170569.03	0.231346
21657248.21	5170549.03	0.230821
21657320.36	5170529.02	0.231417
21657392.5	5170509.01	0.235303
21657464.65	5170489	0.259006
21657536.8	5170468.99	0.234268
21657608.94	5170448.99	0.336245
21657681.09	5170428.98	0.385331
21657753.24	5170408.97	0.420732
21657825.38	5170388.96	0.50629
21657897.53	5170368.95	0.414863
21657969.68	5170348.95	0.239812
21658041.82	5170328.94	0.308303
21658113.97	5170308.93	0.516241
21658186.12	5170288.92	0.423698
21658258.26	5170268.91	0.394311
21658330.41	5170248.91	0.445755
21658402.56	5170228.9	0.439215
21658474.7	5170208.89	0
21658546.85	5170188.88	0.488936
21658619	5170168.87	0.392497
21658691.14	5170148.87	0.369177
21658763.29	5170128.86	0.40929
21658835.44	5170108.85	0.360762
21658907.58	5170088.84	0.326309
21658979.73	5170068.83	0.365096
21659051.88	5170048.83	0.398931
21653299.77	5171720.24	0.675327
21653371.91	5171700.23	0.672038
21653444.06	5171680.22	0.661711
21653516.21	5171660.22	0.651728
21653588.35	5171640.21	0.593451
21653660.5	5171620.2	0.439246
21653732.65	5171600.19	0.517197
21653804.79	5171580.18	0
21653876.94	5171560.18	0
21653949.09	5171540.17	0
21654021.23	5171520.16	0.406235
21654093.38	5171500.15	0.444612
21654165.53	5171480.14	0.550157
21654237.67	5171460.14	0
21654309.82	5171440.13	0.554577
21654381.97	5171420.12	0.518864
21654454.11	5171400.11	0
21654526.26	5171380.1	0.389838
21654598.41	5171360.09	0
21654670.55	5171340.09	0
21654742.7	5171320.08	0.404587
21654814.85	5171300.07	0.233757
21654886.99	5171280.06	0.23149
21654959.14	5171260.05	0
21655031.29	5171240.05	0
21655103.43	5171220.04	0.455147
21655175.58	5171200.03	0.3815
21655247.73	5171180.02	0.359607
21655319.87	5171160.01	0.249632
21655392.02	5171140.01	0.252038
21655464.17	5171120	0.293637
21655536.31	5171099.99	0.458352
21655608.46	5171079.98	0.518377
21655680.61	5171059.97	0.417197
21655752.76	5171039.97	0
21655824.9	5171019.96	0
21655897.05	5170999.95	0
21655969.2	5170979.94	0
21656041.34	5170959.93	0
21656113.49	5170939.93	0.502524
21656185.64	5170919.92	0
21656257.78	5170899.91	0
21656329.93	5170879.9	0
21656402.08	5170859.89	0
21656474.22	5170839.89	0
21656546.37	5170819.88	0.392645
21656618.52	5170799.87	0
21656690.66	5170779.86	0.377947
21656762.81	5170759.85	0.250759
21656834.96	5170739.85	0.235996
21656907.1	5170719.84	0.380702
21656979.25	5170699.83	0.423137
21657051.4	5170679.82	0.401427
21657123.54	5170659.81	0.2658
21657195.69	5170639.81	0.23052
21657267.84	5170619.8	0.23035
21657339.98	5170599.79	0.239971
21657412.13	5170579.78	0.297275
21657484.28	5170559.77	0.3055
21657556.42	5170539.76	0.351717
21657628.57	5170519.76	0.319791
21657700.72	5170499.75	0.376277
21657772.86	5170479.74	0.432702
21657845.01	5170459.73	0.529722
21657917.16	5170439.72	0.435521
21657989.3	5170419.72	0.384628
21658061.45	5170399.71	0.391958
21658133.6	5170379.7	0.525221
21658205.74	5170359.69	0.535963
21658277.89	5170339.68	0.421726
21658350.04	5170319.68	0.531804
21658422.18	5170299.67	0.53119
21658494.33	5170279.66	0
21658566.48	5170259.65	0.50145
21658638.62	5170239.64	0.385508
21658710.77	5170219.64	0.38021
21658782.92	5170199.63	0.43434
21658855.06	5170179.62	0.419187
21658927.21	5170159.61	0.43513
21658999.36	5170139.6	0.384924
21659071.5	5170119.6	0.361163
21653247.25	5171811.02	0.692713
21653319.39	5171791.01	0.683036
21653391.54	5171771	0.669267
21653463.69	5171750.99	0.655741
21653535.83	5171730.99	0.626783
21653607.98	5171710.98	0.546033
21653680.13	5171690.97	0.328389
21653752.27	5171670.96	0.50938
21653824.42	5171650.95	0.573184
21653896.57	5171630.95	0.269096
21653968.71	5171610.94	0
21654040.86	5171590.93	0
21654113.01	5171570.92	0
21654185.15	5171550.91	0
21654257.3	5171530.91	0
21654329.45	5171510.9	0.577791
21654401.59	5171490.89	0.560006
21654473.74	5171470.88	0.542899
21654545.89	5171450.87	0
21654618.03	5171430.87	0
21654690.18	5171410.86	0
21654762.33	5171390.85	0
21654834.47	5171370.84	0.441359
21654906.62	5171350.83	0.263152
21654978.77	5171330.83	0.352515
21655050.91	5171310.82	0.447184
21655123.06	5171290.81	0.320734
21655195.21	5171270.8	0.392452
21655267.35	5171250.79	0.322986
21655339.5	5171230.79	0.232325
21655411.65	5171210.78	0.230936
21655483.79	5171190.77	0.281251
21655555.94	5171170.76	0.477608
21655628.09	5171150.75	0.540646
21655700.23	5171130.74	0.616349
21655772.38	5171110.74	0
21655844.53	5171090.73	0
21655916.67	5171070.72	0
21655988.82	5171050.71	0
21656060.97	5171030.7	0
21656133.11	5171010.7	0
21656205.26	5170990.69	0
21656277.41	5170970.68	0
21656349.56	5170950.67	0
21656421.7	5170930.66	0
21656493.85	5170910.66	0.428479
21656566	5170890.65	0.406048
21656638.14	5170870.64	0.469145
21656710.29	5170850.63	0.399142
21656782.44	5170830.62	0.289586
21656854.58	5170810.62	0.227806
21656926.73	5170790.61	0.378316
21656998.88	5170770.6	0.446408
21657071.02	5170750.59	0.528664
21657143.17	5170730.58	0.327175
21657215.32	5170710.58	0.230314
21657287.46	5170690.57	0.228348
21657359.61	5170670.56	0.230852
21657431.76	5170650.55	0.25304
21657503.9	5170630.54	0.339324
21657576.05	5170610.54	0.346413
21657648.2	5170590.53	0.327803
21657720.34	5170570.52	0.374234
21657792.49	5170550.51	0.233351
21657864.64	5170530.5	0.495449
21657936.78	5170510.5	0.456536
21658008.93	5170490.49	0.471109
21658081.08	5170470.48	0.614034
21658153.22	5170450.47	0.579086
21658225.37	5170430.46	0.435711
21658297.52	5170410.46	0.292791
21658369.66	5170390.45	0.455067
21658441.81	5170370.44	0.571209
21658513.96	5170350.43	0.589143
21658586.1	5170330.42	0.468392
21658658.25	5170310.41	0.313181
21658730.4	5170290.41	0.231986
21658802.54	5170270.4	0.380939
21658874.69	5170250.39	0.464758
21658946.84	5170230.38	0.382819
21659018.98	5170210.37	0.416592
21659091.13	5170190.37	0.396789
21653266.87	5171881.79	0.71767
21653339.02	5171861.78	0.697063
21653411.17	5171841.77	0.679688
21653483.31	5171821.77	0.659835
21653555.46	5171801.76	0.640121
21653627.61	5171781.75	0.619436
21653699.75	5171761.74	0.55153
21653771.9	5171741.73	0.610437
21653844.05	5171721.73	0.612003
21653916.19	5171701.72	0.447792
21653988.34	5171681.71	0
21654060.49	5171661.7	0
21654132.63	5171641.69	0
21654204.78	5171621.68	0.574527
21654276.93	5171601.68	0.588923
21654349.07	5171581.67	0.583652
21654421.22	5171561.66	0.570425
21654493.37	5171541.65	0.557021
21654565.51	5171521.64	0.549386
21654637.66	5171501.64	0.544321
21654709.81	5171481.63	0
21654781.95	5171461.62	0.543491
21654854.1	5171441.61	0.532849
21654926.25	5171421.6	0.424519
21654998.39	5171401.6	0.456263
21655070.54	5171381.59	0.465219
21655142.69	5171361.58	0.443535
21655214.83	5171341.57	0.396605
21655286.98	5171321.56	0.416834
21655359.13	5171301.56	0.347496
21655431.27	5171281.55	0.263221
21655503.42	5171261.54	0.407504
21655575.57	5171241.53	0.544998
21655647.71	5171221.52	0.629753
21655719.86	5171201.52	0.649851
21655792.01	5171181.51	0
21655864.15	5171161.5	0
21655936.3	5171141.49	0
21656008.45	5171121.48	0
21656080.59	5171101.48	0
21656152.74	5171081.47	0
21656224.89	5171061.46	0
21656297.03	5171041.45	0.457184
21656369.18	5171021.44	0.375974
21656441.33	5171001.44	0.434087
21656513.48	5170981.43	0.390313
21656585.62	5170961.42	0.240628
21656657.77	5170941.41	0.452035
21656729.91	5170921.4	0.463314
21656802.06	5170901.39	0.42007
21656874.21	5170881.39	0.328638
21656946.36	5170861.38	0.446012
21657018.5	5170841.37	0.31281
21657090.65	5170821.36	0.490693
21657162.8	5170801.35	0.43596
21657234.94	5170781.35	0.350981
21657307.09	5170761.34	0.246019
21657379.24	5170741.33	0.273912
21657451.38	5170721.32	0.354053
21657523.53	5170701.31	0.342516
21657595.68	5170681.31	0.374349
21657667.82	5170661.3	0.40522
21657739.97	5170641.29	0
21657812.12	5170621.28	0
21657884.26	5170601.27	0.545041
21657956.41	5170581.27	0.563371
21658028.56	5170561.26	0.49553
21658100.7	5170541.25	0.626846
21658172.85	5170521.24	0.631684
21658245	5170501.23	0.465227
21658317.14	5170481.23	0.457326
21658389.29	5170461.22	0.5978
21658461.44	5170441.21	0.632576
21658533.58	5170421.2	0
21658605.73	5170401.19	0.59839
21658677.88	5170381.19	0.523441
21658750.02	5170361.18	0.385822
21658822.17	5170341.17	0.475739
21658894.32	5170321.16	0.432483
21658966.46	5170301.15	0.287531
21659038.61	5170281.15	0.396218
21653286.5	5171952.56	0.722706
21653358.65	5171932.55	0.700296
21653430.79	5171912.54	0.696037
21653502.94	5171892.54	0.669977
21653575.09	5171872.53	0.64323
21653647.23	5171852.52	0.634481
21653719.38	5171832.51	0.646599
21653791.53	5171812.5	0
21653863.67	5171792.5	0
21653935.82	5171772.49	0
21654007.97	5171752.48	0
21654080.11	5171732.47	0
21654152.26	5171712.46	0.579184
21654224.41	5171692.46	0.598732
21654296.55	5171672.45	0.599122
21654368.7	5171652.44	0.588974
21654440.85	5171632.43	0.57739
21654512.99	5171612.42	0.564626
21654585.14	5171592.42	0.55378
21654657.29	5171572.41	0.54437
21654729.43	5171552.4	0.540464
21654801.58	5171532.39	0.544422
21654873.73	5171512.38	0.543375
21654945.87	5171492.37	0.521209
21655018.02	5171472.37	0.4902
21655090.17	5171452.36	0.517488
21655162.31	5171432.35	0.440744
21655234.46	5171412.34	0.476042
21655306.61	5171392.33	0.516775
21655378.75	5171372.33	0.474377
21655450.9	5171352.32	0.446213
21655523.05	5171332.31	0.537832
21655595.19	5171312.3	0.589673
21655667.34	5171292.29	0.645472
21655739.49	5171272.29	0.65421
21655811.63	5171252.28	0
21655883.78	5171232.27	0
21655955.93	5171212.26	0
21656028.07	5171192.25	0
21656100.22	5171172.25	0
21656172.37	5171152.24	0
21656244.51	5171132.23	0
21656316.66	5171112.22	0.535518
21656388.81	5171092.21	0.473505
21656460.95	5171072.21	0.502248
21656533.1	5171052.2	0.466525
21656605.25	5171032.19	0.427136
21656677.39	5171012.18	0.496084
21656749.54	5170992.17	0.509403
21656821.69	5170972.17	0.49966
21656893.84	5170952.16	0.463057
21656965.98	5170932.15	0.502365
21657038.13	5170912.14	0.480731
21657110.27	5170892.13	0.524637
21657182.42	5170872.13	0.529726
21657254.57	5170852.12	0.472401
21657326.72	5170832.11	0.461781
21657398.86	5170812.1	0.359086
21657471.01	5170792.09	0.372307
21657543.16	5170772.09	0.395213
21657615.3	5170752.08	0.394815
21657687.45	5170732.07	0.408665
21657759.6	5170712.06	0.417614
21657831.74	5170692.05	0.364653
21657903.89	5170672.04	0.494976
21657976.04	5170652.04	0.613992
21658048.18	5170632.03	0.609001
21658120.33	5170612.02	0.647125
21658192.48	5170592.01	0.662411
21658264.62	5170572	0.648958
21658336.77	5170552	0.631052
21658408.92	5170531.99	0
21658481.06	5170511.98	0.671737
21658553.21	5170491.97	0.665567
21658625.36	5170471.96	0.661921
21658697.5	5170451.96	0.61757
21658769.65	5170431.95	0.553729
21658841.8	5170411.94	0.555338
21658913.94	5170391.93	0.471829
21658986.09	5170371.92	0.442629
21659058.24	5170351.92	0.463935
21653306.13	5172023.33	0.725361
21653378.27	5172003.32	0.723993
21653450.42	5171983.31	0.710842
21653522.57	5171963.31	0.683193
21653594.71	5171943.3	0.652495
21653666.86	5171923.29	0.647084
21653739.01	5171903.28	0
21653811.15	5171883.27	0
21653883.3	5171863.27	0
21653955.45	5171843.26	0
21654027.59	5171823.25	0
21654099.74	5171803.24	0
21654171.89	5171783.23	0
21654244.03	5171763.23	0
21654316.18	5171743.22	0
21654388.33	5171723.21	0
21654460.47	5171703.2	0
21654532.62	5171683.19	0.574315
21654604.77	5171663.19	0.561499
21654676.91	5171643.18	0.550067
21654749.06	5171623.17	0.539941
21654821.21	5171603.16	0.541776
21654893.35	5171583.15	0.558996
21654965.5	5171563.15	0.55533
21655037.65	5171543.14	0.544341
21655109.79	5171523.13	0.533018
21655181.94	5171503.12	0.490264
21655254.09	5171483.11	0.525368
21655326.23	5171463.11	0.55823
21655398.38	5171443.1	0.564842
21655470.53	5171423.09	0.558192
21655542.67	5171403.08	0.586636
21655614.82	5171383.07	0.604097
21655686.97	5171363.07	0.649349
21655759.11	5171343.06	0
21655831.26	5171323.05	0
21655903.41	5171303.04	0
21655975.55	5171283.03	0
21656047.7	5171263.02	0
21656119.85	5171243.02	0
21656191.99	5171223.01	0
21656264.14	5171203	0
21656336.29	5171182.99	0.547055
21656408.43	5171162.98	0.534398
21656480.58	5171142.98	0.527074
21656552.73	5171122.97	0.510145
21656624.87	5171102.96	0.484316
21656697.02	5171082.95	0.517529
21656769.17	5171062.94	0.525894
21656841.31	5171042.94	0.529037
21656913.46	5171022.93	0.527094
21656985.61	5171002.92	0.523796
21657057.75	5170982.91	0.51931
21657129.9	5170962.9	0.534135
21657202.05	5170942.9	0.536484
21657274.19	5170922.89	0.481973
21657346.34	5170902.88	0.476392
21657418.49	5170882.87	0.476228
21657490.64	5170862.86	0.404088
21657562.78	5170842.86	0.403927
21657634.93	5170822.85	0.391317
21657707.08	5170802.84	0.374775
21657779.22	5170782.83	0.393637
21657851.37	5170762.82	0.393961
21657923.52	5170742.82	0.493872
21657995.66	5170722.81	0.559492
21658067.81	5170702.8	0.575454
21658139.96	5170682.79	0.550488
21658212.1	5170662.78	0.602833
21658284.25	5170642.78	0.683178
21658356.4	5170622.77	0
21658428.54	5170602.76	0
21658500.69	5170582.75	0.685203
21658572.84	5170562.74	0.683185
21658644.98	5170542.74	0.676977
21658717.13	5170522.73	0.662376
21658789.28	5170502.72	0.636505
21658861.42	5170482.71	0.614384
21658933.57	5170462.7	0.53725
21659005.72	5170442.69	0.532371
21659077.86	5170422.69	0.528871
21653253.61	5172114.11	0.722749
21653325.75	5172094.1	0.723568
21653397.9	5172074.09	0.722893
21653470.05	5172054.09	0.710882
21653542.19	5172034.08	0.682596
21653614.34	5172014.07	0.656286
21653686.49	5171994.06	0
21653758.63	5171974.05	0
21653830.78	5171954.05	0
21653902.93	5171934.04	0
21653975.07	5171914.03	0
21654047.22	5171894.02	0
21654119.37	5171874.01	0
21654191.51	5171854	0
21654263.66	5171834	0
21654335.81	5171813.99	0
21654407.95	5171793.98	0.605544
21654480.1	5171773.97	0.596279
21654552.25	5171753.96	0.585798
21654624.39	5171733.96	0.574309
21654696.54	5171713.95	0.559727
21654768.69	5171693.94	0.547222
21654840.83	5171673.93	0.551905
21654912.98	5171653.92	0.560232
21654985.13	5171633.92	0.538778
21655057.27	5171613.91	0.453188
21655129.42	5171593.9	0.498456
21655201.57	5171573.89	0.532737
21655273.71	5171553.88	0.526778
21655345.86	5171533.88	0.548537
21655418.01	5171513.87	0.559417
21655490.15	5171493.86	0.57373
21655562.3	5171473.85	0.59165
21655634.45	5171453.84	0.608657
21655706.59	5171433.84	0.635739
21655778.74	5171413.83	0.639794
21655850.89	5171393.82	0
21655923.03	5171373.81	0
21655995.18	5171353.8	0
21656067.33	5171333.8	0
21656139.47	5171313.79	0.564975
21656211.62	5171293.78	0.491933
21656283.77	5171273.77	0.469305
21656355.91	5171253.76	0.440361
21656428.06	5171233.76	0.444065
21656500.21	5171213.75	0.405901
21656572.35	5171193.74	0.432752
21656644.5	5171173.73	0.439384
21656716.65	5171153.72	0.4497
21656788.79	5171133.72	0.516324
21656860.94	5171113.71	0.53329
21656933.09	5171093.7	0.533952
21657005.23	5171073.69	0.518981
21657077.38	5171053.68	0.428187
21657149.53	5171033.67	0.427702
21657221.67	5171013.67	0.465681
21657293.82	5170993.66	0.49786
21657365.97	5170973.65	0.488541
21657438.11	5170953.64	0.476368
21657510.26	5170933.63	0.43393
21657582.41	5170913.63	0.411317
21657654.55	5170893.62	0.403858
21657726.7	5170873.61	0.366427
21657798.85	5170853.6	0.382793
21657870.99	5170833.59	0.404977
21657943.14	5170813.59	0.506322
21658015.29	5170793.58	0.574753
21658087.44	5170773.57	0.673557
21658159.58	5170753.56	0.581095
21658231.73	5170733.55	0.621401
21658303.88	5170713.55	0.697868
21658376.02	5170693.54	0.695215
21658448.17	5170673.53	0
21658520.32	5170653.52	0.694633
21658592.46	5170633.51	0
21658664.61	5170613.51	0.685946
21658736.76	5170593.5	0.678106
21658808.9	5170573.49	0.659554
21658881.05	5170553.48	0.648085
21658953.2	5170533.47	0.624233
21659025.34	5170513.47	0.555181
21659097.49	5170493.46	0.547067
21653273.23	5172184.88	0.722219
21653345.38	5172164.87	0.722411
21653417.53	5172144.86	0.722229
21653489.67	5172124.86	0.719796
21653561.82	5172104.85	0.686886
21653633.97	5172084.84	0.652805
21653706.11	5172064.83	0
21653778.26	5172044.82	0
21653850.41	5172024.82	0
21653922.55	5172004.81	0
21653994.7	5171984.8	0
21654066.85	5171964.79	0
21654138.99	5171944.78	0
21654211.14	5171924.78	0
21654283.29	5171904.77	0
21654355.43	5171884.76	0.617871
21654427.58	5171864.75	0.614846
21654499.73	5171844.74	0.609448
21654571.87	5171824.74	0.602023
21654644.02	5171804.73	0.591452
21654716.17	5171784.72	0.570661
21654788.31	5171764.71	0.555116
21654860.46	5171744.7	0.559979
21654932.61	5171724.7	0.566485
21655004.75	5171704.69	0.542177
21655076.9	5171684.68	0.470003
21655149.05	5171664.67	0.523553
21655221.19	5171644.66	0.561781
21655293.34	5171624.65	0.550725
21655365.49	5171604.65	0.538086
21655437.63	5171584.64	0.52798
21655509.78	5171564.63	0.553388
21655581.93	5171544.62	0.56579
21655654.07	5171524.61	0.573742
21655726.22	5171504.61	0.607354
21655798.37	5171484.6	0.607057
21655870.51	5171464.59	0.604606
21655942.66	5171444.58	0.60709
21656014.81	5171424.57	0.598031
21656086.95	5171404.57	0.5748
21656159.1	5171384.56	0.504909
21656231.25	5171364.55	0.485294
21656303.39	5171344.54	0.472066
21656375.54	5171324.53	0.447095
21656447.69	5171304.53	0.437759
21656519.83	5171284.52	0.428604
21656591.98	5171264.51	0.423999
21656664.13	5171244.5	0.440357
21656736.27	5171224.49	0.52569
21656808.42	5171204.49	0.519605
21656880.57	5171184.48	0.525692
21656952.71	5171164.47	0.525589
21657024.86	5171144.46	0.50138
21657097.01	5171124.45	0.466703
21657169.15	5171104.45	0.400642
21657241.3	5171084.44	0.529139
21657313.45	5171064.43	0.542988
21657385.59	5171044.42	0.524314
21657457.74	5171024.41	0.490684
21657529.89	5171004.41	0.46778
21657602.03	5170984.4	0.446618
21657674.18	5170964.39	0.405486
21657746.33	5170944.38	0.386092
21657818.47	5170924.37	0.388241
21657890.62	5170904.36	0.409401
21657962.77	5170884.36	0.525025
21658034.91	5170864.35	0.598591
21658107.06	5170844.34	0.68113
21658179.21	5170824.33	0.689302
21658251.36	5170804.32	0.628385
21658323.5	5170784.32	0.703683
21658395.65	5170764.31	0.701938
21658467.8	5170744.3	0
21658539.94	5170724.29	0
21658612.09	5170704.28	0.695869
21658684.24	5170684.28	0.692351
21658756.38	5170664.27	0.686069
21658828.53	5170644.26	0.674061
21658900.68	5170624.25	0.659882
21658972.82	5170604.24	0.64104
21659044.97	5170584.24	0.591381
