21653307.22	5170346.33	0.400573
21653379.37	5170326.32	0.246848
21653451.52	5170306.31	0.300158
21653523.66	5170286.3	0.2831
21653595.81	5170266.29	0.307488
21653667.96	5170246.29	0
21653740.1	5170226.28	0
21653812.25	5170206.27	0
21653884.4	5170186.26	0
21653956.54	5170166.25	0
21654028.69	5170146.25	0.272368
21654100.84	5170126.24	0.23961
21654172.98	5170106.23	0.236139
21654245.13	5170086.22	0.23431
21654317.28	5170066.21	0.239942
21654389.42	5170046.21	0.283377
21654461.57	5170026.2	0.362202
21654533.72	5170006.19	0.382241
21654605.86	5169986.18	0.368057
21654678.01	5169966.17	0.389581
21654750.16	5169946.17	0.431939
21654822.31	5169926.16	0.526277
21654894.45	5169906.15	0.550568
21654966.6	5169886.14	0.566285
21655038.75	5169866.13	0.582328
21655110.89	5169846.13	0.579209
21655183.04	5169826.12	0.553047
21655255.19	5169806.11	0.522802
21655327.33	5169786.1	0.476185
21655399.48	5169766.09	0.447482
21653254.7	5170437.11	0.352794
21653326.85	5170417.1	0.390249
21653399	5170397.09	0.380816
21653471.14	5170377.08	0.305997
21653543.29	5170357.07	0.27046
21653615.44	5170337.07	0.309419
21653687.58	5170317.06	0.34993
21653759.73	5170297.05	0
21653831.88	5170277.04	0
21653904.02	5170257.03	0
21653976.17	5170237.03	0
21654048.32	5170217.02	0.273857
21654120.46	5170197.01	0.235565
21654192.61	5170177	0.231488
21654264.76	5170156.99	0.235793
21654336.9	5170136.98	0.245158
21654409.05	5170116.98	0.246997
21654481.2	5170096.97	0.279815
21654553.34	5170076.96	0.302757
21654625.49	5170056.95	0.340104
21654697.64	5170036.94	0.341281
21654769.78	5170016.94	0.407471
21654841.93	5169996.93	0.464239
21654914.08	5169976.92	0.521723
21654986.23	5169956.91	0.536931
21655058.37	5169936.9	0.558182
21655130.52	5169916.9	0.57189
21655202.66	5169896.89	0.549457
21655274.81	5169876.88	0.487832
21655346.96	5169856.87	0.428505
21655419.11	5169836.86	0.412806
21655491.25	5169816.86	0.470121
21655563.4	5169796.85	0.47329
21655635.55	5169776.84	0.45054
21655707.69	5169756.83	0.438287
21655779.84	5169736.82	0.363403
21655851.99	5169716.82	0
21655924.13	5169696.81	0
21655996.28	5169676.8	0
21656068.43	5169656.79	0.307579
21656140.57	5169636.78	0.348328
21656212.72	5169616.78	0.217913
21656284.87	5169596.77	0.227416
21656357.01	5169576.76	0.257487
21656429.16	5169556.75	0.39874
21656501.31	5169536.74	0.400512
21656573.45	5169516.74	0.404054
21656645.6	5169496.73	0.399875
21656717.75	5169476.72	0.368379
21656789.89	5169456.71	0.325426
21656862.04	5169436.7	0.294225
21656934.19	5169416.69	0.311091
21657006.33	5169396.69	0.300533
21657078.48	5169376.68	0.32599
21657150.63	5169356.67	0.342043
21657222.77	5169336.66	0.233094
21657294.92	5169316.65	0.215373
21657367.07	5169296.65	0.227855
21657439.21	5169276.64	0.272995
21657511.36	5169256.63	0.362253
21657583.51	5169236.62	0.401806
21657655.65	5169216.61	0.429987
21657727.8	5169196.61	0.436772
21657799.95	5169176.6	0.439508
21657872.09	5169156.59	0.439816
21657944.24	5169136.58	0.436129
21658016.39	5169116.57	0.430277
21658088.53	5169096.57	0.411459
21658160.68	5169076.56	0
21658232.83	5169056.55	0
21658304.97	5169036.54	0.435132
21658377.12	5169016.53	0.454861
21658449.27	5168996.53	0.487578
21658521.41	5168976.52	0
21658593.56	5168956.51	0
21658665.71	5168936.5	0
21658737.85	5168916.49	0.398973
21658810	5168896.49	0.39251
21658882.15	5168876.48	0.330891
21658954.29	5168856.47	0
21659026.44	5168836.46	0
21659098.59	5168816.45	0
21653274.33	5170507.88	0.290303
21653346.48	5170487.87	0.291492
21653418.62	5170467.86	0.324929
21653490.77	5170447.85	0.308787
21653562.92	5170427.84	0.231389
21653635.06	5170407.84	0.240284
21653707.21	5170387.83	0.242461
21653779.36	5170367.82	0.274197
21653851.5	5170347.81	0.295404
21653923.65	5170327.8	0
21653995.8	5170307.8	0
21654067.94	5170287.79	0.258699
21654140.09	5170267.78	0.231946
21654212.24	5170247.77	0.226194
21654284.38	5170227.76	0.232575
21654356.53	5170207.76	0.235321
21654428.68	5170187.75	0.233039
21654500.82	5170167.74	0.247778
21654572.97	5170147.73	0.243457
21654645.12	5170127.72	0.237524
21654717.26	5170107.72	0.237169
21654789.41	5170087.71	0.324629
21654861.56	5170067.7	0.378805
21654933.7	5170047.69	0.441654
21655005.85	5170027.68	0.469258
21655078	5170007.68	0.506009
21655150.14	5169987.67	0.526166
21655222.29	5169967.66	0.513528
21655294.44	5169947.65	0.424663
21655366.58	5169927.64	0.379811
21655438.73	5169907.63	0.359303
21655510.88	5169887.63	0.394019
21655583.03	5169867.62	0.389765
21655655.17	5169847.61	0.38475
21655727.32	5169827.6	0.391725
21655799.47	5169807.59	0
21655871.61	5169787.59	0.382182
21655943.76	5169767.58	0.356249
21656015.91	5169747.57	0.355239
21656088.05	5169727.56	0.271265
21656160.2	5169707.55	0.229714
21656232.35	5169687.55	0.218239
21656304.49	5169667.54	0.217671
21656376.64	5169647.53	0
21656448.79	5169627.52	0.390008
21656520.93	5169607.51	0.448331
21656593.08	5169587.51	0.389956
21656665.23	5169567.5	0.41193
21656737.37	5169547.49	0.34586
21656809.52	5169527.48	0.307875
21656881.67	5169507.47	0.255443
21656953.81	5169487.47	0.263868
21657025.96	5169467.46	0.237637
21657098.11	5169447.45	0.263546
21657170.25	5169427.44	0.274011
21657242.4	5169407.43	0.231449
21657314.55	5169387.43	0.226235
21657386.69	5169367.42	0.21989
21657458.84	5169347.41	0.237538
21657530.99	5169327.4	0.337294
21657603.13	5169307.39	0.341911
21657675.28	5169287.39	0.379488
21657747.43	5169267.38	0.402791
21657819.57	5169247.37	0.421207
21657891.72	5169227.36	0.421241
21657963.87	5169207.35	0.392465
21658036.01	5169187.34	0.399375
21658108.16	5169167.34	0.378393
21658180.31	5169147.33	0.381666
21658252.45	5169127.32	0.393554
21658324.6	5169107.31	0.445717
21658396.75	5169087.3	0
21658468.89	5169067.3	0
21658541.04	5169047.29	0
21658613.19	5169027.28	0
21658685.33	5169007.27	0.383284
21658757.48	5168987.26	0.357986
21658829.63	5168967.26	0.385097
21658901.77	5168947.25	0.38189
21658973.92	5168927.24	0
21659046.07	5168907.23	0
21653293.96	5170578.65	0.240814
21653366.1	5170558.64	0.236688
21653438.25	5170538.63	0.268882
21653510.4	5170518.62	0.3032
21653582.54	5170498.61	0.23207
21653654.69	5170478.61	0.233369
21653726.84	5170458.6	0.231599
21653798.98	5170438.59	0.239526
21653871.13	5170418.58	0.235987
21653943.28	5170398.57	0.233902
21654015.42	5170378.57	0.233939
21654087.57	5170358.56	0.236806
21654159.72	5170338.55	0.231009
21654231.86	5170318.54	0.219678
21654304.01	5170298.53	0.230386
21654376.16	5170278.53	0.23198
21654448.3	5170258.52	0.233966
21654520.45	5170238.51	0.239689
21654592.6	5170218.5	0.232529
21654664.74	5170198.49	0.232636
21654736.89	5170178.49	0.233313
21654809.04	5170158.48	0.234508
21654881.18	5170138.47	0.237175
21654953.33	5170118.46	0.337468
21655025.48	5170098.45	0.356486
21655097.62	5170078.45	0.38987
21655169.77	5170058.44	0.367933
21655241.92	5170038.43	0.39255
21655314.06	5170018.42	0.297931
21655386.21	5169998.41	0.24004
21655458.36	5169978.41	0.233032
21655530.5	5169958.4	0.29744
21655602.65	5169938.39	0.246886
21655674.8	5169918.38	0.235362
21655746.95	5169898.37	0.255587
21655819.09	5169878.37	0.270929
21655891.24	5169858.36	0.335721
21655963.38	5169838.35	0.274526
21656035.53	5169818.34	0.229613
21656107.68	5169798.33	0.230039
21656179.83	5169778.32	0.224448
21656251.97	5169758.32	0.227436
21656324.12	5169738.31	0.219325
21656396.27	5169718.3	0
21656468.41	5169698.29	0.345864
21656540.56	5169678.28	0.312315
21656612.71	5169658.28	0.236724
21656684.85	5169638.27	0.330683
21656757	5169618.26	0.248617
21656829.15	5169598.25	0.247402
21656901.29	5169578.24	0.231728
21656973.44	5169558.24	0.230053
21657045.59	5169538.23	0.228032
21657117.73	5169518.22	0.231331
21657189.88	5169498.21	0.245565
21657262.03	5169478.2	0.228922
21657334.17	5169458.2	0.230131
21657406.32	5169438.19	0.230734
21657478.47	5169418.18	0.220337
21657550.61	5169398.17	0.236003
21657622.76	5169378.16	0.297293
21657694.91	5169358.16	0.236064
21657767.05	5169338.15	0.31859
21657839.2	5169318.14	0.385177
21657911.35	5169298.13	0.370232
21657983.49	5169278.12	0.32339
21658055.64	5169258.12	0.355812
21658127.79	5169238.11	0.277963
21658199.93	5169218.1	0
21658272.08	5169198.09	0.349934
21658344.23	5169178.08	0.36909
21658416.37	5169158.08	0.361902
21658488.52	5169138.07	0
21658560.67	5169118.06	0
21658632.81	5169098.05	0
21658704.96	5169078.04	0.301352
21658777.11	5169058.03	0.233777
21658849.25	5169038.03	0.307983
21658921.4	5169018.02	0.241242
21658993.55	5168998.01	0
21659065.69	5168978	0
21653313.58	5170649.42	0.263957
21653385.73	5170629.41	0.241956
21653457.88	5170609.4	0.252714
21653530.02	5170589.39	0.248159
21653602.17	5170569.39	0.233426
21653674.32	5170549.38	0.232764
21653746.46	5170529.37	0.233948
21653818.61	5170509.36	0.238745
21653890.76	5170489.35	0.237203
21653962.9	5170469.35	0.233735
21654035.05	5170449.34	0.231805
21654107.2	5170429.33	0.231271
21654179.34	5170409.32	0.231912
21654251.49	5170389.31	0.231888
21654323.64	5170369.3	0.232635
21654395.78	5170349.3	0.233841
21654467.93	5170329.29	0.236533
21654540.08	5170309.28	0.236576
21654612.22	5170289.27	0.233118
21654684.37	5170269.26	0.232137
21654756.52	5170249.26	0.232761
21654828.66	5170229.25	0.234184
21654900.81	5170209.24	0.232372
21654972.96	5170189.23	0.272006
21655045.1	5170169.22	0.293177
21655117.25	5170149.22	0.320148
21655189.4	5170129.21	0.242762
21655261.54	5170109.2	0.251281
21655333.69	5170089.19	0.283282
21655405.84	5170069.18	0.241054
21655477.98	5170049.18	0.237202
21655550.13	5170029.17	0.281227
21655622.28	5170009.16	0.231671
21655694.42	5169989.15	0.242429
21655766.57	5169969.14	0
21655838.72	5169949.14	0.232711
21655910.86	5169929.13	0.312624
21655983.01	5169909.12	0.232226
21656055.16	5169889.11	0
21656127.3	5169869.1	0.2298
21656199.45	5169849.1	0.23172
21656271.6	5169829.09	0.229602
21656343.75	5169809.08	0.229809
21656415.89	5169789.07	0.263796
21656488.04	5169769.06	0.237272
21656560.19	5169749.06	0.233509
21656632.33	5169729.05	0.33673
21656704.48	5169709.04	0.339468
21656776.63	5169689.03	0.248513
21656848.77	5169669.02	0.230252
21656920.92	5169649.02	0.229765
21656993.07	5169629.01	0.229147
21657065.21	5169609	0.227879
21657137.36	5169588.99	0.230732
21657209.51	5169568.98	0.233833
21657281.65	5169548.97	0.22813
21657353.8	5169528.97	0.230088
21657425.95	5169508.96	0.228376
21657498.09	5169488.95	0.228742
21657570.24	5169468.94	0.243831
21657642.39	5169448.93	0.23491
21657714.53	5169428.93	0.229755
21657786.68	5169408.92	0.229443
21657858.83	5169388.91	0.253409
21657930.97	5169368.9	0.242527
21658003.12	5169348.89	0.230854
21658075.27	5169328.89	0.237633
21658147.41	5169308.88	0.231329
21658219.56	5169288.87	0.230831
21658291.71	5169268.86	0.245917
21658363.85	5169248.85	0.244415
21658436	5169228.85	0.291667
21658508.15	5169208.84	0.234968
21658580.29	5169188.83	0.233367
21658652.44	5169168.82	0.318346
21658724.59	5169148.81	0.231276
21658796.73	5169128.81	0.228623
21658868.88	5169108.8	0.23186
21658941.03	5169088.79	0.235121
21659013.17	5169068.78	0.26995
21659085.32	5169048.77	0
21653261.06	5170740.2	0.275819
21653333.21	5170720.19	0.265787
21653405.36	5170700.18	0.255492
21653477.5	5170680.17	0.258314
21653549.65	5170660.16	0.243492
21653621.8	5170640.16	0.236179
21653693.94	5170620.15	0.236575
21653766.09	5170600.14	0.234076
21653838.24	5170580.13	0.309704
21653910.38	5170560.12	0.254987
21653982.53	5170540.12	0.275879
21654054.68	5170520.11	0.234138
21654126.82	5170500.1	0.230556
21654198.97	5170480.09	0.231819
21654271.12	5170460.08	0.232232
21654343.26	5170440.08	0.234916
21654415.41	5170420.07	0.241456
21654487.56	5170400.06	0.248036
21654559.7	5170380.05	0.241844
21654631.85	5170360.04	0.233309
21654704	5170340.04	0.232632
21654776.14	5170320.03	0.235905
21654848.29	5170300.02	0
21654920.44	5170280.01	0.234886
21654992.58	5170260	0.258959
21655064.73	5170240	0.290333
21655136.88	5170219.99	0.252488
21655209.02	5170199.98	0.255967
21655281.17	5170179.97	0.300401
21655353.32	5170159.96	0.359284
21655425.46	5170139.95	0.349005
21655497.61	5170119.95	0.257037
21655569.76	5170099.94	0.266068
21655641.9	5170079.93	0.233889
21655714.05	5170059.92	0.236355
21655786.2	5170039.91	0.257686
21655858.34	5170019.91	0.236267
21655930.49	5169999.9	0.343525
21656002.64	5169979.89	0.23672
21656074.78	5169959.88	0.229073
21656146.93	5169939.87	0.239221
21656219.08	5169919.87	0.237096
21656291.22	5169899.86	0.241411
21656363.37	5169879.85	0.23123
21656435.52	5169859.84	0.235852
21656507.66	5169839.83	0.265232
21656579.81	5169819.83	0.247153
21656651.96	5169799.82	0.346014
21656724.1	5169779.81	0.366172
21656796.25	5169759.8	0.28011
21656868.4	5169739.79	0.239763
21656940.55	5169719.79	0.249523
21657012.69	5169699.78	0.230062
21657084.84	5169679.77	0.228133
21657156.99	5169659.76	0.229703
21657229.13	5169639.75	0.236835
21657301.28	5169619.75	0.265909
21657373.43	5169599.74	0.298996
21657445.57	5169579.73	0.252779
21657517.72	5169559.72	0.304151
21657589.87	5169539.71	0.314903
21657662.01	5169519.71	0.241197
21657734.16	5169499.7	0.229764
21657806.31	5169479.69	0.231875
21657878.45	5169459.68	0.252475
21657950.6	5169439.67	0.231611
21658022.75	5169419.66	0.231376
21658094.89	5169399.66	0.297855
21658167.04	5169379.65	0.245607
21658239.19	5169359.64	0.232543
21658311.33	5169339.63	0.259293
21658383.48	5169319.62	0.257326
21658455.63	5169299.62	0.336728
21658527.77	5169279.61	0.350861
21658599.92	5169259.6	0.366506
21658672.07	5169239.59	0.350426
21658744.21	5169219.58	0.249594
21658816.36	5169199.58	0.231288
21658888.51	5169179.57	0.344602
21658960.65	5169159.56	0.273332
21659032.8	5169139.55	0.303564
21659104.95	5169119.54	0
21653280.69	5170810.97	0.285503
21653352.84	5170790.96	0.33628
21653424.98	5170770.95	0.261913
21653497.13	5170750.94	0.263528
21653569.28	5170730.93	0.246831
21653641.42	5170710.93	0.236554
21653713.57	5170690.92	0.233855
21653785.72	5170670.91	0.231596
21653857.86	5170650.9	0.235213
21653930.01	5170630.89	0.245056
21654002.16	5170610.89	0.267075
21654074.3	5170590.88	0.239684
21654146.45	5170570.87	0.239254
21654218.6	5170550.86	0.232419
21654290.74	5170530.85	0.232244
21654362.89	5170510.85	0.232768
21654435.04	5170490.84	0.232175
21654507.18	5170470.83	0.253972
21654579.33	5170450.82	0.252381
21654651.48	5170430.81	0.249946
21654723.62	5170410.81	0.234677
21654795.77	5170390.8	0.234705
21654867.92	5170370.79	0.234743
21654940.06	5170350.78	0.24959
21655012.21	5170330.77	0.251297
21655084.36	5170310.77	0.288473
21655156.5	5170290.76	0
21655228.65	5170270.75	0.26899
21655300.8	5170250.74	0.367487
21655372.94	5170230.73	0.283142
21655445.09	5170210.73	0.343388
21655517.24	5170190.72	0.258718
21655589.38	5170170.71	0.245147
21655661.53	5170150.7	0.23277
21655733.68	5170130.69	0.252279
21655805.82	5170110.69	0.314767
21655877.97	5170090.68	0.326359
21655950.12	5170070.67	0.314229
21656022.26	5170050.66	0
21656094.41	5170030.65	0.230499
21656166.56	5170010.65	0.23727
21656238.7	5169990.64	0.23244
21656310.85	5169970.63	0.24081
21656383	5169950.62	0.271769
21656455.14	5169930.61	0.234139
21656527.29	5169910.6	0.265192
21656599.44	5169890.6	0.236001
21656671.58	5169870.59	0.321643
21656743.73	5169850.58	0.354945
21656815.88	5169830.57	0.269027
21656888.02	5169810.56	0.335773
21656960.17	5169790.56	0.267908
21657032.32	5169770.55	0.233832
21657104.47	5169750.54	0.230117
21657176.61	5169730.53	0.237353
21657248.76	5169710.52	0.247584
21657320.91	5169690.52	0.240598
21657393.05	5169670.51	0.350123
21657465.2	5169650.5	0.34144
21657537.35	5169630.49	0.3565
21657609.49	5169610.48	0.379345
21657681.64	5169590.48	0.395834
21657753.79	5169570.47	0.258564
21657825.93	5169550.46	0.247296
21657898.08	5169530.45	0.233792
21657970.23	5169510.44	0.231408
21658042.37	5169490.44	0.233292
21658114.52	5169470.43	0.328647
21658186.67	5169450.42	0.260265
21658258.81	5169430.41	0.240437
21658330.96	5169410.4	0.262657
21658403.11	5169390.4	0.324513
21658475.25	5169370.39	0.341142
21658547.4	5169350.38	0.3067
21658619.55	5169330.37	0.375337
21658691.69	5169310.36	0.368509
21658763.84	5169290.36	0.302783
21658835.99	5169270.35	0.312969
21658908.13	5169250.34	0.343965
21658980.28	5169230.33	0.327067
21659052.43	5169210.32	0.344702
21653300.32	5170881.74	0.387396
21653372.46	5170861.73	0.338203
21653444.61	5170841.72	0.327942
21653516.76	5170821.71	0.343038
21653588.9	5170801.71	0.329415
21653661.05	5170781.7	0.232715
21653733.2	5170761.69	0.23712
21653805.34	5170741.68	0.230632
21653877.49	5170721.67	0.235296
21653949.64	5170701.67	0.230783
21654021.78	5170681.66	0.232314
21654093.93	5170661.65	0.266714
21654166.08	5170641.64	0.240072
21654238.22	5170621.63	0.232611
21654310.37	5170601.63	0.231213
21654382.52	5170581.62	0.231475
21654454.66	5170561.61	0.232678
21654526.81	5170541.6	0.232477
21654598.96	5170521.59	0.252864
21654671.1	5170501.58	0.242303
21654743.25	5170481.58	0.235012
21654815.4	5170461.57	0.23104
21654887.54	5170441.56	0.231396
21654959.69	5170421.55	0.233144
21655031.84	5170401.54	0.276137
21655103.98	5170381.54	0.23668
21655176.13	5170361.53	0.23352
21655248.28	5170341.52	0.243133
21655320.42	5170321.51	0.247767
21655392.57	5170301.5	0.249135
21655464.72	5170281.5	0.313608
21655536.86	5170261.49	0.322952
21655609.01	5170241.48	0.233808
21655681.16	5170221.47	0.23119
21655753.3	5170201.46	0.241162
21655825.45	5170181.46	0.255953
21655897.6	5170161.45	0
21655969.74	5170141.44	0.237177
21656041.89	5170121.43	0.241596
21656114.04	5170101.42	0.231023
21656186.18	5170081.42	0.24251
21656258.33	5170061.41	0.230521
21656330.48	5170041.4	0.231144
21656402.62	5170021.39	0.234008
21656474.77	5170001.38	0.232
21656546.92	5169981.38	0.265303
21656619.06	5169961.37	0.231372
21656691.21	5169941.36	0.243314
21656763.36	5169921.35	0.241683
21656835.5	5169901.34	0.231386
21656907.65	5169881.34	0.320359
21656979.8	5169861.33	0.268105
21657051.94	5169841.32	0.231674
21657124.09	5169821.31	0.230848
21657196.24	5169801.3	0.358207
21657268.38	5169781.3	0.239224
21657340.53	5169761.29	0.23491
21657412.68	5169741.28	0.363934
21657484.83	5169721.27	0.2486
21657556.97	5169701.26	0.257801
21657629.12	5169681.25	0.337147
21657701.27	5169661.25	0.367041
21657773.41	5169641.24	0.321425
21657845.56	5169621.23	0.323815
21657917.71	5169601.22	0.335852
21657989.85	5169581.21	0.262127
21658062	5169561.21	0
21658134.15	5169541.2	0.33387
21658206.29	5169521.19	0.31638
21658278.44	5169501.18	0.233982
21658350.59	5169481.17	0.23838
21658422.73	5169461.17	0.333752
21658494.88	5169441.16	0.354384
21658567.03	5169421.15	0.309919
21658639.17	5169401.14	0.369912
21658711.32	5169381.13	0.374497
21658783.47	5169361.13	0.261418
21658855.61	5169341.12	0.353309
21658927.76	5169321.11	0.373091
21658999.91	5169301.1	0.346369
21659072.05	5169281.09	0.384765
21653247.8	5170972.52	0.509078
21653319.94	5170952.51	0.437067
21653392.09	5170932.5	0.386758
21653464.24	5170912.49	0.337289
21653536.38	5170892.48	0.381703
21653608.53	5170872.48	0.390153
21653680.68	5170852.47	0.344767
21653752.82	5170832.46	0.308323
21653824.97	5170812.45	0.230787
21653897.12	5170792.44	0.230707
21653969.26	5170772.44	0.231059
21654041.41	5170752.43	0.230904
21654113.56	5170732.42	0.232541
21654185.7	5170712.41	0.233542
21654257.85	5170692.4	0.232825
21654330	5170672.4	0.234385
21654402.14	5170652.39	0.231733
21654474.29	5170632.38	0.231715
21654546.44	5170612.37	0.234408
21654618.58	5170592.36	0.248811
21654690.73	5170572.36	0.292465
21654762.88	5170552.35	0.249176
21654835.02	5170532.34	0.23205
21654907.17	5170512.33	0.232022
21654979.32	5170492.32	0.231352
21655051.46	5170472.32	0.232871
21655123.61	5170452.31	0.231157
21655195.76	5170432.3	0.230889
21655267.9	5170412.29	0.231892
21655340.05	5170392.28	0.232462
21655412.2	5170372.28	0.23146
21655484.34	5170352.27	0.234131
21655556.49	5170332.26	0.240787
21655628.64	5170312.25	0.23105
21655700.78	5170292.24	0.231208
21655772.93	5170272.23	0.231001
21655845.08	5170252.23	0.231489
21655917.22	5170232.22	0.230482
21655989.37	5170212.21	0.229852
21656061.52	5170192.2	0.23087
21656133.66	5170172.19	0.229721
21656205.81	5170152.19	0.230974
21656277.96	5170132.18	0.229073
21656350.1	5170112.17	0.228926
21656422.25	5170092.16	0.230153
21656494.4	5170072.15	0.229302
21656566.54	5170052.15	0.230304
21656638.69	5170032.14	0.229046
21656710.84	5170012.13	0.230192
21656782.98	5169992.12	0.239192
21656855.13	5169972.11	0.228543
21656927.28	5169952.11	0.256112
21656999.42	5169932.1	0.311796
21657071.57	5169912.09	0.228646
21657143.72	5169892.08	0.22785
21657215.86	5169872.07	0
21657288.01	5169852.07	0
21657360.16	5169832.06	0.228722
21657432.3	5169812.05	0.250507
21657504.45	5169792.04	0.234803
21657576.6	5169772.03	0.229508
21657648.74	5169752.03	0.239206
21657720.89	5169732.02	0.250268
21657793.04	5169712.01	0.266673
21657865.18	5169692	0.22931
21657937.33	5169671.99	0.305641
21658009.48	5169651.99	0.315485
21658081.63	5169631.98	0.237208
21658153.77	5169611.97	0.27917
21658225.92	5169591.96	0.268468
21658298.07	5169571.95	0.228349
21658370.21	5169551.94	0.281149
21658442.36	5169531.94	0.265208
21658514.51	5169511.93	0.264624
21658586.65	5169491.92	0.231101
21658658.8	5169471.91	0.267162
21658730.95	5169451.9	0.392335
21658803.09	5169431.9	0.390225
21658875.24	5169411.89	0.379459
21658947.39	5169391.88	0.367228
21659019.53	5169371.87	0.343943
21659091.68	5169351.86	0.338246
21653267.42	5171043.29	0.523697
21653339.57	5171023.28	0.468591
21653411.72	5171003.27	0.416138
21653483.86	5170983.26	0.38094
21653556.01	5170963.26	0.394197
21653628.16	5170943.25	0.387048
21653700.3	5170923.24	0.302718
21653772.45	5170903.23	0.31291
21653844.6	5170883.22	0.286919
21653916.74	5170863.21	0.232225
21653988.89	5170843.21	0.230833
21654061.04	5170823.2	0.2308
21654133.18	5170803.19	0.230796
21654205.33	5170783.18	0.237877
21654277.48	5170763.17	0.23287
21654349.62	5170743.17	0.232232
21654421.77	5170723.16	0.231871
21654493.92	5170703.15	0.231957
21654566.06	5170683.14	0.239227
21654638.21	5170663.13	0.250311
21654710.36	5170643.13	0.331883
21654782.5	5170623.12	0.290533
21654854.65	5170603.11	0.239526
21654926.8	5170583.1	0.232859
21654998.94	5170563.09	0.251902
21655071.09	5170543.09	0.262166
21655143.24	5170523.08	0.233779
21655215.38	5170503.07	0.231502
21655287.53	5170483.06	0.231809
21655359.68	5170463.05	0.233221
21655431.82	5170443.05	0.23175
21655503.97	5170423.04	0.245618
21655576.12	5170403.03	0.237127
21655648.26	5170383.02	0.231317
21655720.41	5170363.01	0.230081
21655792.56	5170343.01	0.230574
21655864.7	5170323	0.230742
21655936.85	5170302.99	0.229952
21656009	5170282.98	0.230754
21656081.14	5170262.97	0.233143
21656153.29	5170242.97	0.231005
21656225.44	5170222.96	0.234946
21656297.58	5170202.95	0.228459
21656369.73	5170182.94	0.228271
21656441.88	5170162.93	0.227871
21656514.02	5170142.93	0.228978
21656586.17	5170122.92	0.23405
21656658.32	5170102.91	0.227956
21656730.46	5170082.9	0.236106
21656802.61	5170062.89	0.251471
21656874.76	5170042.88	0.229563
21656946.9	5170022.88	0.244496
21657019.05	5170002.87	0.350149
21657091.2	5169982.86	0
21657163.34	5169962.85	0
21657235.49	5169942.84	0
21657307.64	5169922.84	0
21657379.78	5169902.83	0
21657451.93	5169882.82	0.235659
21657524.08	5169862.81	0.231391
21657596.22	5169842.8	0.229571
21657668.37	5169822.8	0.235596
21657740.52	5169802.79	0.260794
21657812.66	5169782.78	0.336124
21657884.81	5169762.77	0.305735
21657956.96	5169742.76	0.336821
21658029.1	5169722.76	0.327683
21658101.25	5169702.75	0.263175
21658173.4	5169682.74	0.332652
21658245.54	5169662.73	0.373605
21658317.69	5169642.72	0.330337
21658389.84	5169622.72	0.357955
21658461.99	5169602.71	0.344912
21658534.13	5169582.7	0.313846
21658606.28	5169562.69	0.25505
21658678.43	5169542.68	0.389037
21658750.57	5169522.68	0.393192
21658822.72	5169502.67	0.382876
21658894.87	5169482.66	0.374231
21658967.01	5169462.65	0.347752
21659039.16	5169442.64	0.29023
21659111.31	5169422.64	0.266075
21653287.05	5171114.06	0.542064
21653359.2	5171094.05	0.52735
21653431.34	5171074.04	0.507838
21653503.49	5171054.03	0.46102
21653575.64	5171034.03	0.450196
21653647.78	5171014.02	0.378178
21653719.93	5170994.01	0.233421
21653792.08	5170974	0.236265
21653864.22	5170953.99	0.287443
21653936.37	5170933.99	0.231073
21654008.52	5170913.98	0.230948
21654080.66	5170893.97	0.23098
21654152.81	5170873.96	0.230824
21654224.96	5170853.95	0.230924
21654297.1	5170833.95	0.231247
21654369.25	5170813.94	0.231508
21654441.4	5170793.93	0.234699
21654513.54	5170773.92	0.234768
21654585.69	5170753.91	0.264952
21654657.84	5170733.91	0.306804
21654729.98	5170713.9	0.254492
21654802.13	5170693.89	0.28381
21654874.28	5170673.88	0.265417
21654946.42	5170653.87	0.322001
21655018.57	5170633.86	0
21655090.72	5170613.86	0
21655162.86	5170593.85	0.252043
21655235.01	5170573.84	0.241831
21655307.16	5170553.83	0.234555
21655379.3	5170533.82	0.264609
21655451.45	5170513.82	0.253886
21655523.6	5170493.81	0.294641
21655595.74	5170473.8	0.241205
21655667.89	5170453.79	0.236152
21655740.04	5170433.78	0.230679
21655812.18	5170413.78	0.230025
21655884.33	5170393.77	0.231104
21655956.48	5170373.76	0.231419
21656028.62	5170353.75	0.239797
21656100.77	5170333.74	0.246336
21656172.92	5170313.74	0.233172
21656245.06	5170293.73	0.254725
21656317.21	5170273.72	0.238976
21656389.36	5170253.71	0.230606
21656461.5	5170233.7	0.227362
21656533.65	5170213.7	0
21656605.8	5170193.69	0.234516
21656677.94	5170173.68	0.227303
21656750.09	5170153.67	0.228868
21656822.24	5170133.66	0.237811
21656894.38	5170113.66	0.254427
21656966.53	5170093.65	0.325402
21657038.68	5170073.64	0.359646
21657110.82	5170053.63	0.250523
21657182.97	5170033.62	0
21657255.12	5170013.62	0.330442
21657327.26	5169993.61	0.274178
21657399.41	5169973.6	0.240591
21657471.56	5169953.59	0.277401
21657543.7	5169933.58	0.333742
21657615.85	5169913.57	0.240182
21657688	5169893.57	0.259628
21657760.14	5169873.56	0.343055
21657832.29	5169853.55	0.269908
21657904.44	5169833.54	0.238202
21657976.58	5169813.53	0.380814
21658048.73	5169793.53	0.383342
21658120.88	5169773.52	0.251343
21658193.02	5169753.51	0.360767
21658265.17	5169733.5	0.405828
21658337.32	5169713.49	0.350204
21658409.46	5169693.49	0.35339
21658481.61	5169673.48	0.36116
21658553.76	5169653.47	0.351471
21658625.91	5169633.46	0.37964
21658698.05	5169613.45	0.433472
21658770.2	5169593.45	0.359851
21658842.35	5169573.44	0.269701
21658914.49	5169553.43	0.343657
21658986.64	5169533.42	0.28087
21659058.79	5169513.41	0.231272
21653306.68	5171184.83	0.570631
21653378.82	5171164.82	0.586198
21653450.97	5171144.81	0.565397
21653523.12	5171124.8	0.53506
21653595.26	5171104.8	0.506685
21653667.41	5171084.79	0
21653739.56	5171064.78	0.241868
21653811.7	5171044.77	0.264663
21653883.85	5171024.76	0.255801
21653956	5171004.76	0.233996
21654028.14	5170984.75	0.231234
21654100.29	5170964.74	0.23195
21654172.44	5170944.73	0.231628
21654244.58	5170924.72	0.231509
21654316.73	5170904.72	0.230952
21654388.88	5170884.71	0.230715
21654461.02	5170864.7	0.231658
21654533.17	5170844.69	0.231246
21654605.32	5170824.68	0.23476
21654677.46	5170804.68	0.249267
21654749.61	5170784.67	0.231441
21654821.76	5170764.66	0.231727
21654893.9	5170744.65	0.235178
21654966.05	5170724.64	0.260442
21655038.2	5170704.64	0.246132
21655110.34	5170684.63	0.235893
21655182.49	5170664.62	0.233152
21655254.64	5170644.61	0.231838
21655326.78	5170624.6	0.231723
21655398.93	5170604.6	0.234053
21655471.08	5170584.59	0.234776
21655543.22	5170564.58	0.260721
21655615.37	5170544.57	0.236937
21655687.52	5170524.56	0.233532
21655759.66	5170504.56	0.229936
21655831.81	5170484.55	0.230035
21655903.96	5170464.54	0.232812
21655976.1	5170444.53	0.236876
21656048.25	5170424.52	0.334355
21656120.4	5170404.51	0.259777
21656192.54	5170384.51	0.231846
21656264.69	5170364.5	0
21656336.84	5170344.49	0.252247
21656408.98	5170324.48	0
21656481.13	5170304.47	0.2306
21656553.28	5170284.47	0.230395
21656625.42	5170264.46	0.231296
21656697.57	5170244.45	0.228518
21656769.72	5170224.44	0.229533
21656841.86	5170204.43	0.228549
21656914.01	5170184.43	0.234493
21656986.16	5170164.42	0.284651
21657058.3	5170144.41	0.299533
21657130.45	5170124.4	0.250839
21657202.6	5170104.39	0.234418
21657274.74	5170084.39	0.28005
21657346.89	5170064.38	0.311254
21657419.04	5170044.37	0.260886
21657491.18	5170024.36	0.336415
21657563.33	5170004.35	0.373286
21657635.48	5169984.35	0.332044
21657707.62	5169964.34	0.368714
21657779.77	5169944.33	0.318574
21657851.92	5169924.32	0.321732
21657924.06	5169904.31	0.247535
21657996.21	5169884.31	0.349148
21658068.36	5169864.3	0.298783
21658140.5	5169844.29	0.2407
21658212.65	5169824.28	0.336313
21658284.8	5169804.27	0.317765
21658356.94	5169784.27	0.235998
21658429.09	5169764.26	0.324514
21658501.24	5169744.25	0.360015
21658573.38	5169724.24	0.366885
21658645.53	5169704.23	0.420276
21658717.68	5169684.22	0.433739
21658789.82	5169664.22	0.365116
21658861.97	5169644.21	0.244483
21658934.12	5169624.2	0.328989
21659006.26	5169604.19	0.231792
21659078.41	5169584.18	0.227904
21653254.15	5171275.61	0.632269
21653326.3	5171255.6	0.608426
21653398.45	5171235.59	0.613976
21653470.6	5171215.58	0.616894
21653542.74	5171195.58	0.599855
21653614.89	5171175.57	0
21653687.04	5171155.56	0.384464
21653759.18	5171135.55	0.322699
21653831.33	5171115.54	0.309947
21653903.48	5171095.54	0.276726
21653975.62	5171075.53	0.258737
21654047.77	5171055.52	0.240113
21654119.92	5171035.51	0.231921
21654192.06	5171015.5	0.232972
21654264.21	5170995.49	0.230401
21654336.36	5170975.49	0.231319
21654408.5	5170955.48	0.230998
21654480.65	5170935.47	0.230752
21654552.8	5170915.46	0.230848
21654624.94	5170895.45	0.232062
21654697.09	5170875.45	0.231284
21654769.24	5170855.44	0.231367
21654841.38	5170835.43	0.230967
21654913.53	5170815.42	0.24122
21654985.68	5170795.41	0.261625
21655057.82	5170775.41	0.231076
21655129.97	5170755.4	0.232469
21655202.12	5170735.39	0.232534
21655274.26	5170715.38	0.233585
21655346.41	5170695.37	0.231195
21655418.56	5170675.37	0.232112
21655490.7	5170655.36	0.231257
21655562.85	5170635.35	0.240128
21655635	5170615.34	0.273964
21655707.14	5170595.33	0.230831
21655779.29	5170575.33	0.230657
21655851.44	5170555.32	0.231815
21655923.58	5170535.31	0.231193
21655995.73	5170515.3	0.229321
21656067.88	5170495.29	0.23364
21656140.02	5170475.29	0.231253
21656212.17	5170455.28	0
21656284.32	5170435.27	0
21656356.46	5170415.26	0
21656428.61	5170395.25	0
21656500.76	5170375.25	0.247343
21656572.9	5170355.24	0.245968
21656645.05	5170335.23	0.23168
21656717.2	5170315.22	0.227098
21656789.34	5170295.21	0.228636
21656861.49	5170275.21	0.229264
21656933.64	5170255.2	0.229353
21657005.78	5170235.19	0
21657077.93	5170215.18	0
21657150.08	5170195.17	0.230337
21657222.22	5170175.16	0.228141
21657294.37	5170155.16	0.238363
21657366.52	5170135.15	0.238624
21657438.66	5170115.14	0.229327
21657510.81	5170095.13	0.285411
21657582.96	5170075.12	0.320033
21657655.1	5170055.12	0.253218
21657727.25	5170035.11	0.253843
21657799.4	5170015.1	0.387546
21657871.54	5169995.09	0.25296
21657943.69	5169975.08	0.230251
21658015.84	5169955.08	0.241184
21658087.98	5169935.07	0.23185
21658160.13	5169915.06	0.227874
21658232.28	5169895.05	0.256872
21658304.42	5169875.04	0.231023
21658376.57	5169855.04	0.23039
21658448.72	5169835.03	0.23652
21658520.86	5169815.02	0.249292
21658593.01	5169795.01	0.266613
21658665.16	5169775	0.371658
21658737.3	5169755	0.358102
21658809.45	5169734.99	0.248133
21658881.6	5169714.98	0.229965
21658953.74	5169694.97	0.237915
21659025.89	5169674.96	0.226101
21659098.04	5169654.96	0.211282
21653273.78	5171346.38	0.639599
21653345.93	5171326.37	0.629972
21653418.07	5171306.36	0.625639
21653490.22	5171286.35	0.604481
21653562.37	5171266.35	0.573359
21653634.51	5171246.34	0.496063
21653706.66	5171226.33	0.365176
21653778.81	5171206.32	0.439566
21653850.96	5171186.31	0.427201
21653923.1	5171166.31	0.266503
21653995.25	5171146.3	0
21654067.4	5171126.29	0.375617
21654139.54	5171106.28	0.241874
21654211.69	5171086.27	0.322904
21654283.84	5171066.27	0.233956
21654355.98	5171046.26	0.237886
21654428.13	5171026.25	0.232427
21654500.28	5171006.24	0.23059
21654572.42	5170986.23	0.230405
21654644.57	5170966.23	0.23103
21654716.72	5170946.22	0.231877
21654788.86	5170926.21	0.23072
21654861.01	5170906.2	0.231373
21654933.16	5170886.19	0.232269
21655005.3	5170866.18	0.233869
21655077.45	5170846.18	0.23142
21655149.6	5170826.17	0.231579
21655221.74	5170806.16	0.232183
21655293.89	5170786.15	0.231762
21655366.04	5170766.14	0.231052
21655438.18	5170746.14	0.231924
21655510.33	5170726.13	0.231595
21655582.48	5170706.12	0.231749
21655654.62	5170686.11	0.238274
21655726.77	5170666.1	0.238206
21655798.92	5170646.1	0.236776
21655871.06	5170626.09	0.30963
21655943.21	5170606.08	0.288643
21656015.36	5170586.07	0.231269
21656087.5	5170566.06	0.24057
21656159.65	5170546.06	0.231872
21656231.8	5170526.05	0.229137
21656303.94	5170506.04	0.260043
21656376.09	5170486.03	0.297189
21656448.24	5170466.02	0
21656520.38	5170446.02	0.32522
21656592.53	5170426.01	0.255147
21656664.68	5170406	0
21656736.82	5170385.99	0
21656808.97	5170365.98	0
21656881.12	5170345.98	0.236634
21656953.26	5170325.97	0.226744
21657025.41	5170305.96	0.229894
21657097.56	5170285.95	0.241084
21657169.7	5170265.94	0
21657241.85	5170245.94	0
21657314	5170225.93	0
21657386.14	5170205.92	0
21657458.29	5170185.91	0.229555
21657530.44	5170165.9	0.23612
21657602.58	5170145.9	0
21657674.73	5170125.89	0
21657746.88	5170105.88	0
21657819.02	5170085.87	0.361271
21657891.17	5170065.86	0.356997
21657963.32	5170045.85	0.326895
21658035.46	5170025.85	0.387598
21658107.61	5170005.84	0.373876
21658179.76	5169985.83	0.239155
21658251.9	5169965.82	0.346925
21658324.05	5169945.81	0.363333
21658396.2	5169925.81	0.240186
21658468.34	5169905.8	0.351193
21658540.49	5169885.79	0.23244
21658612.64	5169865.78	0.230807
21658684.78	5169845.77	0.274685
21658756.93	5169825.77	0.396501
21658829.08	5169805.76	0.346752
21658901.22	5169785.75	0.258655
21658973.37	5169765.74	0.233269
21659045.52	5169745.73	0.22265
21653293.41	5171417.15	0.639557
21653365.55	5171397.14	0.639862
21653437.7	5171377.13	0.628694
21653509.85	5171357.12	0.587949
21653581.99	5171337.12	0.50664
21653654.14	5171317.11	0.406061
21653726.29	5171297.1	0.249891
21653798.43	5171277.09	0.399017
21653870.58	5171257.08	0.248143
21653942.73	5171237.08	0.230806
21654014.87	5171217.07	0.269929
21654087.02	5171197.06	0
21654159.17	5171177.05	0
21654231.32	5171157.04	0.297973
21654303.46	5171137.04	0.247659
21654375.61	5171117.03	0.335461
21654447.76	5171097.02	0.234333
21654519.9	5171077.01	0.23156
21654592.05	5171057	0.230973
21654664.2	5171037	0.231604
21654736.34	5171016.99	0.232066
21654808.49	5170996.98	0.231699
21654880.64	5170976.97	0.231908
21654952.78	5170956.96	0.231731
21655024.93	5170936.96	0.231296
21655097.08	5170916.95	0.231304
21655169.22	5170896.94	0.231981
21655241.37	5170876.93	0.232051
21655313.52	5170856.92	0.231289
21655385.66	5170836.92	0.231071
21655457.81	5170816.91	0.228837
21655529.96	5170796.9	0.230374
21655602.1	5170776.89	0.231414
21655674.25	5170756.88	0.231025
21655746.4	5170736.88	0.230679
21655818.54	5170716.87	0.233535
21655890.69	5170696.86	0.251972
21655962.84	5170676.85	0.23572
21656034.98	5170656.84	0.229193
21656107.13	5170636.83	0.232568
21656179.28	5170616.83	0.230904
21656251.42	5170596.82	0.227938
21656323.57	5170576.81	0.228567
21656395.72	5170556.8	0.231944
21656467.86	5170536.79	0.227093
21656540.01	5170516.79	0.231953
21656612.16	5170496.78	0.233005
21656684.3	5170476.77	0
21656756.45	5170456.76	0
21656828.6	5170436.75	0
21656900.74	5170416.75	0.231866
21656972.89	5170396.74	0.217911
21657045.04	5170376.73	0.227662
21657117.18	5170356.72	0.234557
21657189.33	5170336.71	0
21657261.48	5170316.71	0
21657333.62	5170296.7	0
21657405.77	5170276.69	0.237486
21657477.92	5170256.68	0.22791
21657550.06	5170236.67	0.229176
21657622.21	5170216.67	0.245394
21657694.36	5170196.66	0
21657766.5	5170176.65	0
21657838.65	5170156.64	0
21657910.8	5170136.63	0.300338
21657982.94	5170116.63	0.325772
21658055.09	5170096.62	0.306039
21658127.24	5170076.61	0.398457
21658199.38	5170056.6	0.378505
21658271.53	5170036.59	0.429509
21658343.68	5170016.59	0.415992
21658415.82	5169996.58	0.389124
21658487.97	5169976.57	0.415013
21658560.12	5169956.56	0.312656
21658632.26	5169936.55	0.332921
21658704.41	5169916.55	0.42216
21658776.56	5169896.54	0.395534
21658848.7	5169876.53	0.350979
21658920.85	5169856.52	0.314876
21658993	5169836.51	0.229573
21659065.14	5169816.5	0.221574
21653313.03	5171487.92	0
21653385.18	5171467.91	0.63415
21653457.33	5171447.9	0.631684
21653529.47	5171427.9	0.607283
21653601.62	5171407.89	0.561973
21653673.77	5171387.88	0.459579
21653745.91	5171367.87	0.466629
21653818.06	5171347.86	0.334146
21653890.21	5171327.86	0.231712
21653962.35	5171307.85	0.230754
21654034.5	5171287.84	0.234018
21654106.65	5171267.83	0.232036
21654178.79	5171247.82	0
21654250.94	5171227.82	0.233398
21654323.09	5171207.81	0.233185
21654395.23	5171187.8	0.24268
21654467.38	5171167.79	0.232257
21654539.53	5171147.78	0.231121
21654611.67	5171127.77	0.231315
21654683.82	5171107.77	0.231275
21654755.97	5171087.76	0.231442
21654828.12	5171067.75	0.231165
21654900.26	5171047.74	0.231055
21654972.41	5171027.73	0.230924
21655044.56	5171007.73	0.230607
21655116.7	5170987.72	0.23162
21655188.85	5170967.71	0.231813
21655261	5170947.7	0.23165
21655333.14	5170927.69	0.231656
21655405.29	5170907.69	0.230674
21655477.44	5170887.68	0.230101
21655549.58	5170867.67	0.231533
21655621.73	5170847.66	0.232907
21655693.88	5170827.65	0.232036
21655766.02	5170807.65	0.231329
21655838.17	5170787.64	0.230297
21655910.32	5170767.63	0.229777
21655982.46	5170747.62	0.23071
21656054.61	5170727.61	0.229111
21656126.76	5170707.61	0.228921
21656198.9	5170687.6	0.22833
21656271.05	5170667.59	0.228286
21656343.2	5170647.58	0.227476
21656415.34	5170627.57	0.226867
21656487.49	5170607.57	0.220806
21656559.64	5170587.56	0.219486
21656631.78	5170567.55	0.22615
21656703.93	5170547.54	0.227799
21656776.08	5170527.53	0.227143
21656848.22	5170507.53	0.226674
21656920.37	5170487.52	0.221928
21656992.52	5170467.51	0.219332
21657064.66	5170447.5	0.220968
21657136.81	5170427.49	0.227081
21657208.96	5170407.48	0
21657281.1	5170387.48	0.22794
21657353.25	5170367.47	0.227725
21657425.4	5170347.46	0.228351
21657497.54	5170327.45	0.220149
21657569.69	5170307.44	0.228131
21657641.84	5170287.44	0.230282
21657713.98	5170267.43	0
21657786.13	5170247.42	0
21657858.28	5170227.41	0.228284
21657930.42	5170207.4	0.234338
21658002.57	5170187.4	0.22868
21658074.72	5170167.39	0.228888
21658146.86	5170147.38	0.30308
21658219.01	5170127.37	0.326171
21658291.16	5170107.36	0.392605
21658363.3	5170087.36	0.238787
21658435.45	5170067.35	0.254889
21658507.6	5170047.34	0.365599
21658579.74	5170027.33	0.245986
21658651.89	5170007.32	0.36986
21658724.04	5169987.32	0.398253
21658796.18	5169967.31	0.325689
21658868.33	5169947.3	0.229191
21658940.48	5169927.29	0.241999
21659012.62	5169907.28	0.242624
21659084.77	5169887.28	0.279973
21653260.51	5171578.7	0.62138
21653332.66	5171558.69	0.619348
21653404.81	5171538.68	0.618894
21653476.95	5171518.67	0.61415
21653549.1	5171498.67	0.576301
21653621.25	5171478.66	0.498815
21653693.39	5171458.65	0.510064
21653765.54	5171438.64	0.461201
21653837.69	5171418.63	0.33182
21653909.83	5171398.63	0.237828
21653981.98	5171378.62	0.230349
21654054.13	5171358.61	0.231234
21654126.27	5171338.6	0.231063
21654198.42	5171318.59	0.248672
21654270.57	5171298.59	0.24139
21654342.71	5171278.58	0.231842
21654414.86	5171258.57	0.234821
21654487.01	5171238.56	0.230213
21654559.15	5171218.55	0.230317
21654631.3	5171198.55	0.23075
21654703.45	5171178.54	0.231045
21654775.59	5171158.53	0.231027
21654847.74	5171138.52	0.230959
21654919.89	5171118.51	0.230358
21654992.04	5171098.51	0.229763
21655064.18	5171078.5	0.230077
21655136.33	5171058.49	0.230577
21655208.48	5171038.48	0.230993
21655280.62	5171018.47	0.233362
21655352.77	5170998.47	0.231019
21655424.92	5170978.46	0.230691
21655497.06	5170958.45	0.231769
21655569.21	5170938.44	0.233216
21655641.36	5170918.43	0.231237
21655713.5	5170898.42	0.230832
21655785.65	5170878.42	0.230626
21655857.8	5170858.41	0.231034
21655929.94	5170838.4	0.239467
21656002.09	5170818.39	0.230433
21656074.24	5170798.38	0.228424
21656146.38	5170778.38	0.229893
21656218.53	5170758.37	0.228702
21656290.68	5170738.36	0.2278
21656362.82	5170718.35	0.227486
21656434.97	5170698.34	0.227515
21656507.12	5170678.34	0.225307
21656579.26	5170658.33	0.222364
21656651.41	5170638.32	0.227011
21656723.56	5170618.31	0.228745
21656795.7	5170598.3	0.227834
21656867.85	5170578.3	0.230831
21656940	5170558.29	0.226409
21657012.14	5170538.28	0.227369
21657084.29	5170518.27	0.226608
21657156.44	5170498.26	0
21657228.58	5170478.26	0
21657300.73	5170458.25	0.227269
21657372.88	5170438.24	0.229483
21657445.02	5170418.23	0.22791
21657517.17	5170398.22	0.220886
21657589.32	5170378.22	0.227616
21657661.46	5170358.21	0.230853
21657733.61	5170338.2	0.228567
21657805.76	5170318.19	0.35056
21657877.9	5170298.18	0.266557
21657950.05	5170278.18	0.249971
21658022.2	5170258.17	0.22915
21658094.34	5170238.16	0.228275
21658166.49	5170218.15	0.240606
21658238.64	5170198.14	0.234419
21658310.78	5170178.13	0.244184
21658382.93	5170158.13	0.229568
21658455.08	5170138.12	0.230371
21658527.22	5170118.11	0.340144
21658599.37	5170098.1	0.297877
21658671.52	5170078.09	0.251351
21658743.66	5170058.09	0.260588
21658815.81	5170038.08	0.230442
21658887.96	5170018.07	0.245661
21658960.1	5169998.06	0.242554
21659032.25	5169978.05	0.282504
21659104.4	5169958.05	0.248269
21653280.14	5171649.47	0.609736
21653352.29	5171629.46	0.604022
21653424.43	5171609.45	0.595288
21653496.58	5171589.45	0.582142
21653568.73	5171569.44	0.546604
21653640.87	5171549.43	0.525514
21653713.02	5171529.42	0.497268
21653785.17	5171509.41	0.430098
21653857.31	5171489.4	0.322897
21653929.46	5171469.4	0
21654001.61	5171449.39	0.241494
21654073.75	5171429.38	0.266871
21654145.9	5171409.37	0.326974
21654218.05	5171389.36	0.339846
21654290.19	5171369.36	0.307266
21654362.34	5171349.35	0.232474
21654434.49	5171329.34	0.232217
21654506.63	5171309.33	0.230634
21654578.78	5171289.32	0.231208
21654650.93	5171269.32	0.231196
21654723.07	5171249.31	0.230584
21654795.22	5171229.3	0.229928
21654867.37	5171209.29	0.230471
21654939.51	5171189.28	0.229766
21655011.66	5171169.28	0.242822
21655083.81	5171149.27	0.230909
21655155.95	5171129.26	0.233181
21655228.1	5171109.25	0.23484
21655300.25	5171089.24	0.230708
21655372.39	5171069.24	0.233946
21655444.54	5171049.23	0.231071
21655516.69	5171029.22	0.238755
21655588.84	5171009.21	0.281053
21655660.98	5170989.2	0.237719
21655733.13	5170969.2	0.292958
21655805.28	5170949.19	0.314564
21655877.42	5170929.18	0.34072
21655949.57	5170909.17	0.396134
21656021.72	5170889.16	0.249219
21656093.86	5170869.16	0.232411
21656166.01	5170849.15	0.234395
21656238.16	5170829.14	0.236827
21656310.3	5170809.13	0.226788
21656382.45	5170789.12	0.227752
21656454.6	5170769.11	0.240702
21656526.74	5170749.11	0.225768
21656598.89	5170729.1	0.227338
21656671.04	5170709.09	0.231126
21656743.18	5170689.08	0.227892
21656815.33	5170669.07	0.227981
21656887.48	5170649.07	0.226714
21656959.62	5170629.06	0.225947
21657031.77	5170609.05	0.226811
21657103.92	5170589.04	0.230633
21657176.06	5170569.03	0.229624
21657248.21	5170549.03	0
21657320.36	5170529.02	0.251755
21657392.5	5170509.01	0.237813
21657464.65	5170489	0.231361
21657536.8	5170468.99	0.226617
21657608.94	5170448.99	0.227651
21657681.09	5170428.98	0.24304
21657753.24	5170408.97	0.231956
21657825.38	5170388.96	0.379738
21657897.53	5170368.95	0.333746
21657969.68	5170348.95	0.231003
21658041.82	5170328.94	0.232225
21658113.97	5170308.93	0.287998
21658186.12	5170288.92	0.239307
21658258.26	5170268.91	0.231282
21658330.41	5170248.91	0.318923
21658402.56	5170228.9	0.232505
21658474.7	5170208.89	0.238764
21658546.85	5170188.88	0.386345
21658619	5170168.87	0.351185
21658691.14	5170148.87	0.274898
21658763.29	5170128.86	0.339396
21658835.44	5170108.85	0.244234
21658907.58	5170088.84	0.235233
21658979.73	5170068.83	0.232484
21659051.88	5170048.83	0.247475
21653299.77	5171720.24	0.601103
21653371.91	5171700.23	0.592
21653444.06	5171680.22	0.577151
21653516.21	5171660.22	0.553304
21653588.35	5171640.21	0.480467
21653660.5	5171620.2	0.344979
21653732.65	5171600.19	0.402064
21653804.79	5171580.18	0.410666
21653876.94	5171560.18	0.288808
21653949.09	5171540.17	0.230592
21654021.23	5171520.16	0.241539
21654093.38	5171500.15	0.268225
21654165.53	5171480.14	0.3991
21654237.67	5171460.14	0.403035
21654309.82	5171440.13	0.402506
21654381.97	5171420.12	0.351717
21654454.11	5171400.11	0.290174
21654526.26	5171380.1	0.234559
21654598.41	5171360.09	0.234315
21654670.55	5171340.09	0.233202
21654742.7	5171320.08	0.234481
21654814.85	5171300.07	0.230535
21654886.99	5171280.06	0.230329
21654959.14	5171260.05	0.23091
21655031.29	5171240.05	0
21655103.43	5171220.04	0.332453
21655175.58	5171200.03	0
21655247.73	5171180.02	0
21655319.87	5171160.01	0.230979
21655392.02	5171140.01	0.236136
21655464.17	5171120	0.2315
21655536.31	5171099.99	0.336676
21655608.46	5171079.98	0.394551
21655680.61	5171059.97	0.367273
21655752.76	5171039.97	0.345439
21655824.9	5171019.96	0.259746
21655897.05	5170999.95	0.234623
21655969.2	5170979.94	0.334532
21656041.34	5170959.93	0.391091
21656113.49	5170939.93	0.367934
21656185.64	5170919.92	0.355345
21656257.78	5170899.91	0.235637
21656329.93	5170879.9	0.227228
21656402.08	5170859.89	0.230724
21656474.22	5170839.89	0.256262
21656546.37	5170819.88	0.343274
21656618.52	5170799.87	0.246409
21656690.66	5170779.86	0.233408
21656762.81	5170759.85	0.228015
21656834.96	5170739.85	0.22873
21656907.1	5170719.84	0.232134
21656979.25	5170699.83	0.298711
21657051.4	5170679.82	0.31562
21657123.54	5170659.81	0.272876
21657195.69	5170639.81	0.247898
21657267.84	5170619.8	0.227075
21657339.98	5170599.79	0.251695
21657412.13	5170579.78	0.234691
21657484.28	5170559.77	0.308128
21657556.42	5170539.76	0.241761
21657628.57	5170519.76	0.245523
21657700.72	5170499.75	0.312128
21657772.86	5170479.74	0.294687
21657845.01	5170459.73	0.404437
21657917.16	5170439.72	0.379498
21657989.3	5170419.72	0.283233
21658061.45	5170399.71	0.267181
21658133.6	5170379.7	0.357672
21658205.74	5170359.69	0.392353
21658277.89	5170339.68	0.295671
21658350.04	5170319.68	0.392653
21658422.18	5170299.67	0.38984
21658494.33	5170279.66	0.331488
21658566.48	5170259.65	0.394679
21658638.62	5170239.64	0.367235
21658710.77	5170219.64	0.29698
21658782.92	5170199.63	0.368878
21658855.06	5170179.62	0.376771
21658927.21	5170159.61	0.351922
21658999.36	5170139.6	0.229993
21659071.5	5170119.6	0.241664
21653247.25	5171811.02	0.642381
21653319.39	5171791.01	0.623693
21653391.54	5171771	0.592412
21653463.69	5171750.99	0.560735
21653535.83	5171730.99	0.524055
21653607.98	5171710.98	0.39978
21653680.13	5171690.97	0.254563
21653752.27	5171670.96	0.393312
21653824.42	5171650.95	0.46095
21653896.57	5171630.95	0.336906
21653968.71	5171610.94	0.232095
21654040.86	5171590.93	0.281798
21654113.01	5171570.92	0.234384
21654185.15	5171550.91	0.366237
21654257.3	5171530.91	0.42726
21654329.45	5171510.9	0.429216
21654401.59	5171490.89	0.41093
21654473.74	5171470.88	0.387116
21654545.89	5171450.87	0.369432
21654618.03	5171430.87	0.325124
21654690.18	5171410.86	0.292906
21654762.33	5171390.85	0.316208
21654834.47	5171370.84	0.258396
21654906.62	5171350.83	0.244642
21654978.77	5171330.83	0.245108
21655050.91	5171310.82	0
21655123.06	5171290.81	0
21655195.21	5171270.8	0
21655267.35	5171250.79	0
21655339.5	5171230.79	0.230548
21655411.65	5171210.78	0.229331
21655483.79	5171190.77	0.231986
21655555.94	5171170.76	0.343807
21655628.09	5171150.75	0.442142
21655700.23	5171130.74	0.529738
21655772.38	5171110.74	0.373995
21655844.53	5171090.73	0.238727
21655916.67	5171070.72	0.229214
21655988.82	5171050.71	0.241205
21656060.97	5171030.7	0.403377
21656133.11	5171010.7	0.436746
21656205.26	5170990.69	0.353489
21656277.41	5170970.68	0.23217
21656349.56	5170950.67	0.227532
21656421.7	5170930.66	0.230101
21656493.85	5170910.66	0.235357
21656566	5170890.65	0.235976
21656638.14	5170870.64	0.35234
21656710.29	5170850.63	0.266239
21656782.44	5170830.62	0.229113
21656854.58	5170810.62	0.226273
21656926.73	5170790.61	0.230932
21656998.88	5170770.6	0.349261
21657071.02	5170750.59	0.419916
21657143.17	5170730.58	0.276723
21657215.32	5170710.58	0.228692
21657287.46	5170690.57	0.226529
21657359.61	5170670.56	0.229723
21657431.76	5170650.55	0.333504
21657503.9	5170630.54	0.365297
21657576.05	5170610.54	0.328394
21657648.2	5170590.53	0.323667
21657720.34	5170570.52	0.294148
21657792.49	5170550.51	0.231433
21657864.64	5170530.5	0.37971
21657936.78	5170510.5	0.399408
21658008.93	5170490.49	0.4184
21658081.08	5170470.48	0.532435
21658153.22	5170450.47	0.50276
21658225.37	5170430.46	0.287345
21658297.52	5170410.46	0.228576
21658369.66	5170390.45	0.300496
21658441.81	5170370.44	0.46282
21658513.96	5170350.43	0.505494
21658586.1	5170330.42	0.337246
21658658.25	5170310.41	0.301022
21658730.4	5170290.41	0.232734
21658802.54	5170270.4	0.26089
21658874.69	5170250.39	0.382003
21658946.84	5170230.38	0.260789
21659018.98	5170210.37	0.284771
21659091.13	5170190.37	0.256651
21653266.87	5171881.79	0.673339
21653339.02	5171861.78	0.653053
21653411.17	5171841.77	0.613535
21653483.31	5171821.77	0.561203
21653555.46	5171801.76	0.529166
21653627.61	5171781.75	0.501852
21653699.75	5171761.74	0.413437
21653771.9	5171741.73	0.512551
21653844.05	5171721.73	0.511725
21653916.19	5171701.72	0.417217
21653988.34	5171681.71	0.394327
21654060.49	5171661.7	0.388453
21654132.63	5171641.69	0.356859
21654204.78	5171621.68	0.42165
21654276.93	5171601.68	0.444226
21654349.07	5171581.67	0.433881
21654421.22	5171561.66	0.411069
21654493.37	5171541.65	0.397464
21654565.51	5171521.64	0.394898
21654637.66	5171501.64	0.390404
21654709.81	5171481.63	0.387185
21654781.95	5171461.62	0.392113
21654854.1	5171441.61	0.388337
21654926.25	5171421.6	0
21654998.39	5171401.6	0
21655070.54	5171381.59	0
21655142.69	5171361.58	0.379386
21655214.83	5171341.57	0
21655286.98	5171321.56	0
21655359.13	5171301.56	0.262949
21655431.27	5171281.55	0.23234
21655503.42	5171261.54	0.286579
21655575.57	5171241.53	0.448919
21655647.71	5171221.52	0.543933
21655719.86	5171201.52	0.568955
21655792.01	5171181.51	0.506655
21655864.15	5171161.5	0.375703
21655936.3	5171141.49	0.235213
21656008.45	5171121.48	0.40177
21656080.59	5171101.48	0.450341
21656152.74	5171081.47	0.492993
21656224.89	5171061.46	0.39937
21656297.03	5171041.45	0.274977
21656369.18	5171021.44	0.230189
21656441.33	5171001.44	0.301437
21656513.48	5170981.43	0.263943
21656585.62	5170961.42	0.228979
21656657.77	5170941.41	0.332769
21656729.91	5170921.4	0.347937
21656802.06	5170901.39	0
21656874.21	5170881.39	0.233207
21656946.36	5170861.38	0.344873
21657018.5	5170841.37	0.232982
21657090.65	5170821.36	0.373549
21657162.8	5170801.35	0.374459
21657234.94	5170781.35	0.314245
21657307.09	5170761.34	0.238486
21657379.24	5170741.33	0.286218
21657451.38	5170721.32	0.353489
21657523.53	5170701.31	0.335426
21657595.68	5170681.31	0.359664
21657667.82	5170661.3	0.377064
21657739.97	5170641.29	0
21657812.12	5170621.28	0.283135
21657884.26	5170601.27	0.426231
21657956.41	5170581.27	0.458256
21658028.56	5170561.26	0.394155
21658100.7	5170541.25	0.537686
21658172.85	5170521.24	0.542174
21658245	5170501.23	0.407996
21658317.14	5170481.23	0.346291
21658389.29	5170461.22	0.512087
21658461.44	5170441.21	0.544991
21658533.58	5170421.2	0.486186
21658605.73	5170401.19	0.512287
21658677.88	5170381.19	0.398641
21658750.02	5170361.18	0.24709
21658822.17	5170341.17	0.353851
21658894.32	5170321.16	0.338746
21658966.46	5170301.15	0.228466
21659038.61	5170281.15	0.315278
21653286.5	5171952.56	0.68854
21653358.65	5171932.55	0.681932
21653430.79	5171912.54	0.640899
21653502.94	5171892.54	0.579824
21653575.09	5171872.53	0.532707
21653647.23	5171852.52	0.52308
21653719.38	5171832.51	0.540273
21653791.53	5171812.5	0.557434
21653863.67	5171792.5	0.525192
21653935.82	5171772.49	0.443245
21654007.97	5171752.48	0.43216
21654080.11	5171732.47	0.430789
21654152.26	5171712.46	0.427733
21654224.41	5171692.46	0.454513
21654296.55	5171672.45	0.455561
21654368.7	5171652.44	0.441305
21654440.85	5171632.43	0.424162
21654512.99	5171612.42	0.40602
21654585.14	5171592.42	0.396835
21654657.29	5171572.41	0.386016
21654729.43	5171552.4	0.386111
21654801.58	5171532.39	0.399283
21654873.73	5171512.38	0.410658
21654945.87	5171492.37	0.404605
21655018.02	5171472.37	0
21655090.17	5171452.36	0.402829
21655162.31	5171432.35	0.408671
21655234.46	5171412.34	0.428158
21655306.61	5171392.33	0.403091
21655378.75	5171372.33	0.371846
21655450.9	5171352.32	0.350078
21655523.05	5171332.31	0.430903
21655595.19	5171312.3	0.516931
21655667.34	5171292.29	0.560682
21655739.49	5171272.29	0.575988
21655811.63	5171252.28	0.576953
21655883.78	5171232.27	0.532614
21655955.93	5171212.26	0.446728
21656028.07	5171192.25	0.51546
21656100.22	5171172.25	0.527638
21656172.37	5171152.24	0.467631
21656244.51	5171132.23	0.426134
21656316.66	5171112.22	0.38869
21656388.81	5171092.21	0.345865
21656460.95	5171072.21	0.371061
21656533.1	5171052.2	0.352287
21656605.25	5171032.19	0.302277
21656677.39	5171012.18	0.373072
21656749.54	5170992.17	0.385151
21656821.69	5170972.17	0.367727
21656893.84	5170952.16	0.334431
21656965.98	5170932.15	0.3806
21657038.13	5170912.14	0.374261
21657110.27	5170892.13	0.409122
21657182.42	5170872.13	0.43726
21657254.57	5170852.12	0.401083
21657326.72	5170832.11	0.391288
21657398.86	5170812.1	0.376763
21657471.01	5170792.09	0.363205
21657543.16	5170772.09	0.359115
21657615.3	5170752.08	0.35895
21657687.45	5170732.07	0.370073
21657759.6	5170712.06	0.371817
21657831.74	5170692.05	0.372577
21657903.89	5170672.04	0.452737
21657976.04	5170652.04	0.533503
21658048.18	5170632.03	0.54323
21658120.33	5170612.02	0.582515
21658192.48	5170592.01	0.592743
21658264.62	5170572	0.573322
21658336.77	5170552	0.548485
21658408.92	5170531.99	0.58635
21658481.06	5170511.98	0.606083
21658553.21	5170491.97	0.595759
21658625.36	5170471.96	0.589063
21658697.5	5170451.96	0.540679
21658769.65	5170431.95	0.451686
21658841.8	5170411.94	0.454258
21658913.94	5170391.93	0.417631
21658986.09	5170371.92	0.337322
21659058.24	5170351.92	0.380415
21653306.13	5172023.33	0.697639
21653378.27	5172003.32	0.695043
21653450.42	5171983.31	0.661942
21653522.57	5171963.31	0.60581
21653594.71	5171943.3	0.547073
21653666.86	5171923.29	0.53908
21653739.01	5171903.28	0.588676
21653811.15	5171883.27	0.587753
21653883.3	5171863.27	0.527514
21653955.45	5171843.26	0.445572
21654027.59	5171823.25	0.439075
21654099.74	5171803.24	0.447378
21654171.89	5171783.23	0.457477
21654244.03	5171763.23	0.472376
21654316.18	5171743.22	0.465899
21654388.33	5171723.21	0.450745
21654460.47	5171703.2	0.436514
21654532.62	5171683.19	0.422829
21654604.77	5171663.19	0.40476
21654676.91	5171643.18	0.395401
21654749.06	5171623.17	0.389031
21654821.21	5171603.16	0.406535
21654893.35	5171583.15	0.42969
21654965.5	5171563.15	0.437193
21655037.65	5171543.14	0.428644
21655109.79	5171523.13	0.417925
21655181.94	5171503.12	0.453136
21655254.09	5171483.11	0.490843
21655326.23	5171463.11	0.504522
21655398.38	5171443.1	0.496223
21655470.53	5171423.09	0.46616
21655542.67	5171403.08	0.510581
21655614.82	5171383.07	0.53307
21655686.97	5171363.07	0.567933
21655759.11	5171343.06	0.574718
21655831.26	5171323.05	0.571555
21655903.41	5171303.04	0.558295
21655975.55	5171283.03	0.540438
21656047.7	5171263.02	0.533223
21656119.85	5171243.02	0.505295
21656191.99	5171223.01	0.438801
21656264.14	5171203	0.410973
21656336.29	5171182.99	0.416104
21656408.43	5171162.98	0.399937
21656480.58	5171142.98	0.393997
21656552.73	5171122.97	0.385372
21656624.87	5171102.96	0.373777
21656697.02	5171082.95	0.391432
21656769.17	5171062.94	0.394114
21656841.31	5171042.94	0.396622
21656913.46	5171022.93	0.39543
21656985.61	5171002.92	0.396816
21657057.75	5170982.91	0.390575
21657129.9	5170962.9	0.417745
21657202.05	5170942.9	0.450267
21657274.19	5170922.89	0.424182
21657346.34	5170902.88	0.431799
21657418.49	5170882.87	0.426506
21657490.64	5170862.86	0.389818
21657562.78	5170842.86	0.38101
21657634.93	5170822.85	0.375038
21657707.08	5170802.84	0.360111
21657779.22	5170782.83	0.364901
21657851.37	5170762.82	0.387634
21657923.52	5170742.82	0.46221
21657995.66	5170722.81	0.538521
21658067.81	5170702.8	0.592706
21658139.96	5170682.79	0.616594
21658212.1	5170662.78	0.627612
21658284.25	5170642.78	0.625534
21658356.4	5170622.77	0.620424
21658428.54	5170602.76	0.624935
21658500.69	5170582.75	0.629576
21658572.84	5170562.74	0.62428
21658644.98	5170542.74	0.61309
21658717.13	5170522.73	0.591985
21658789.28	5170502.72	0.55546
21658861.42	5170482.71	0.535322
21658933.57	5170462.7	0.480562
21659005.72	5170442.69	0.410447
21659077.86	5170422.69	0.420089
21653253.61	5172114.11	0.686135
21653325.75	5172094.1	0.690052
21653397.9	5172074.09	0.688338
21653470.05	5172054.09	0.661011
21653542.19	5172034.08	0.5903
21653614.34	5172014.07	0.551165
21653686.49	5171994.06	0.549715
21653758.63	5171974.05	0.63312
21653830.78	5171954.05	0.616032
21653902.93	5171934.04	0.527046
21653975.07	5171914.03	0.44327
21654047.22	5171894.02	0.432345
21654119.37	5171874.01	0.447875
21654191.51	5171854	0.467983
21654263.66	5171834	0.486429
21654335.81	5171813.99	0.482618
21654407.95	5171793.98	0.465663
21654480.1	5171773.97	0.453651
21654552.25	5171753.96	0.440799
21654624.39	5171733.96	0.428146
21654696.54	5171713.95	0.409708
21654768.69	5171693.94	0.406147
21654840.83	5171673.93	0.417895
21654912.98	5171653.92	0.421952
21654985.13	5171633.92	0.417658
21655057.27	5171613.91	0.391697
21655129.42	5171593.9	0.405283
21655201.57	5171573.89	0.444987
21655273.71	5171553.88	0.462375
21655345.86	5171533.88	0.492111
21655418.01	5171513.87	0.511018
21655490.15	5171493.86	0.522293
21655562.3	5171473.85	0.526461
21655634.45	5171453.84	0.534795
21655706.59	5171433.84	0.548959
21655778.74	5171413.83	0.551816
21655850.89	5171393.82	0.543004
21655923.03	5171373.81	0.539893
21655995.18	5171353.8	0.531103
21656067.33	5171333.8	0.5074
21656139.47	5171313.79	0.444286
21656211.62	5171293.78	0.402873
21656283.77	5171273.77	0.393866
21656355.91	5171253.76	0.397711
21656428.06	5171233.76	0.394093
21656500.21	5171213.75	0.389156
21656572.35	5171193.74	0.373472
21656644.5	5171173.73	0.372149
21656716.65	5171153.72	0.373637
21656788.79	5171133.72	0.380974
21656860.94	5171113.71	0.404987
21656933.09	5171093.7	0.409683
21657005.23	5171073.69	0.39788
21657077.38	5171053.68	0.372681
21657149.53	5171033.67	0.388507
21657221.67	5171013.67	0.419401
21657293.82	5170993.66	0.445563
21657365.97	5170973.65	0.474436
21657438.11	5170953.64	0.44846
21657510.26	5170933.63	0.41177
21657582.41	5170913.63	0.390385
21657654.55	5170893.62	0.380356
21657726.7	5170873.61	0.331557
21657798.85	5170853.6	0.258811
21657870.99	5170833.59	0.380214
21657943.14	5170813.59	0.471126
21658015.29	5170793.58	0.543697
21658087.44	5170773.57	0.61142
21658159.58	5170753.56	0.633117
21658231.73	5170733.55	0.647506
21658303.88	5170713.55	0.651327
21658376.02	5170693.54	0.647376
21658448.17	5170673.53	0.64635
21658520.32	5170653.52	0.646795
21658592.46	5170633.51	0.641813
21658664.61	5170613.51	0.630978
21658736.76	5170593.5	0.618318
21658808.9	5170573.49	0.589218
21658881.05	5170553.48	0.569403
21658953.2	5170533.47	0.546875
21659025.34	5170513.47	0.450522
21659097.49	5170493.46	0.444042
21653273.23	5172184.88	0.684238
21653345.38	5172164.87	0.684845
21653417.53	5172144.86	0.685133
21653489.67	5172124.86	0.676299
21653561.82	5172104.85	0.6099
21653633.97	5172084.84	0.547562
21653706.11	5172064.83	0.514337
21653778.26	5172044.82	0.533218
21653850.41	5172024.82	0.526243
21653922.55	5172004.81	0.447695
21653994.7	5171984.8	0.418359
21654066.85	5171964.79	0.423033
21654138.99	5171944.78	0.446553
21654211.14	5171924.78	0.470861
21654283.29	5171904.77	0.492936
21654355.43	5171884.76	0.496538
21654427.58	5171864.75	0.491671
21654499.73	5171844.74	0.479388
21654571.87	5171824.74	0.464025
21654644.02	5171804.73	0.453097
21654716.17	5171784.72	0.436256
21654788.31	5171764.71	0.42467
21654860.46	5171744.7	0.42937
21654932.61	5171724.7	0.433661
21655004.75	5171704.69	0.414555
21655076.9	5171684.68	0.392556
21655149.05	5171664.67	0.405353
21655221.19	5171644.66	0.43792
21655293.34	5171624.65	0.427843
21655365.49	5171604.65	0.418034
21655437.63	5171584.64	0.424059
21655509.78	5171564.63	0.443799
21655581.93	5171544.62	0.451253
21655654.07	5171524.61	0.475127
21655726.22	5171504.61	0.516606
21655798.37	5171484.6	0.515082
21655870.51	5171464.59	0.514216
21655942.66	5171444.58	0.517855
21656014.81	5171424.57	0.50603
21656086.95	5171404.57	0.459573
21656159.1	5171384.56	0.413237
21656231.25	5171364.55	0.397664
21656303.39	5171344.54	0.393935
21656375.54	5171324.53	0.402768
21656447.69	5171304.53	0.392536
21656519.83	5171284.52	0.382522
21656591.98	5171264.51	0.377454
21656664.13	5171244.5	0.383546
21656736.27	5171224.49	0.400595
21656808.42	5171204.49	0.38568
21656880.57	5171184.48	0.393398
21656952.71	5171164.47	0.396846
21657024.86	5171144.46	0.383848
21657097.01	5171124.45	0.364421
21657169.15	5171104.45	0.350617
21657241.3	5171084.44	0.417891
21657313.45	5171064.43	0.440705
21657385.59	5171044.42	0.443607
21657457.74	5171024.41	0.433393
21657529.89	5171004.41	0.434095
21657602.03	5170984.4	0.417998
21657674.18	5170964.39	0.387594
21657746.33	5170944.38	0.361282
21657818.47	5170924.37	0.319375
21657890.62	5170904.36	0.365623
21657962.77	5170884.36	0.474445
21658034.91	5170864.35	0.547355
21658107.06	5170844.34	0.619059
21658179.21	5170824.33	0.644851
21658251.36	5170804.32	0.656504
21658323.5	5170784.32	0.659206
21658395.65	5170764.31	0.656741
21658467.8	5170744.3	0.65574
21658539.94	5170724.29	0.655362
21658612.09	5170704.28	0.648502
21658684.24	5170684.28	0.643306
21658756.38	5170664.27	0.634362
21658828.53	5170644.26	0.617442
21658900.68	5170624.25	0.599088
21658972.82	5170604.24	0.583829
21659044.97	5170584.24	0.531151
