21653307.22	5170346.33	0.410967
21653379.37	5170326.32	0.241969
21653451.52	5170306.31	0.280287
21653523.66	5170286.3	0.275405
21653595.81	5170266.29	0.285045
21653667.96	5170246.29	0.38321
21653740.1	5170226.28	0.375694
21653812.25	5170206.27	0.358688
21653884.4	5170186.26	0.328826
21653956.54	5170166.25	0.285198
21654028.69	5170146.25	0.249048
21654100.84	5170126.24	0.235688
21654172.98	5170106.23	0.233646
21654245.13	5170086.22	0.233081
21654317.28	5170066.21	0.238213
21654389.42	5170046.21	0.262864
21654461.57	5170026.2	0.326855
21654533.72	5170006.19	0.371714
21654605.86	5169986.18	0.364464
21654678.01	5169966.17	0.376855
21654750.16	5169946.17	0.401134
21654822.31	5169926.16	0.470956
21654894.45	5169906.15	0.51811
21654966.6	5169886.14	0.537998
21655038.75	5169866.13	0.55869
21655110.89	5169846.13	0.557814
21655183.04	5169826.12	0.529957
21655255.19	5169806.11	0.469005
21655327.33	5169786.1	0.42711
21655399.48	5169766.09	0.401407
21653254.7	5170437.11	0.387098
21653326.85	5170417.1	0.425937
21653399	5170397.09	0.387842
21653471.14	5170377.08	0.288912
21653543.29	5170357.07	0.266161
21653615.44	5170337.07	0.308143
21653687.58	5170317.06	0.357652
21653759.73	5170297.05	0.385501
21653831.88	5170277.04	0.366867
21653904.02	5170257.03	0.333027
21653976.17	5170237.03	0.287165
21654048.32	5170217.02	0.243535
21654120.46	5170197.01	0.234643
21654192.61	5170177	0.230648
21654264.76	5170156.99	0.233307
21654336.9	5170136.98	0.238223
21654409.05	5170116.98	0.241673
21654481.2	5170096.97	0.27035
21654553.34	5170076.96	0.315736
21654625.49	5170056.95	0.323482
21654697.64	5170036.94	0.307332
21654769.78	5170016.94	0.376588
21654841.93	5169996.93	0.415903
21654914.08	5169976.92	0.461969
21654986.23	5169956.91	0.502123
21655058.37	5169936.9	0.536247
21655130.52	5169916.9	0.553259
21655202.66	5169896.89	0.527736
21655274.81	5169876.88	0.439
21655346.96	5169856.87	0.392566
21655419.11	5169836.86	0.37936
21655491.25	5169816.86	0.410794
21655563.4	5169796.85	0.410843
21655635.55	5169776.84	0.404363
21655707.69	5169756.83	0.39937
21655779.84	5169736.82	0.379417
21655851.99	5169716.82	0.353701
21655924.13	5169696.81	0.317015
21655996.28	5169676.8	0.278943
21656068.43	5169656.79	0.251635
21656140.57	5169636.78	0.245618
21656212.72	5169616.78	0.21762
21656284.87	5169596.77	0.216411
21656357.01	5169576.76	0.240116
21656429.16	5169556.75	0.374136
21656501.31	5169536.74	0.374061
21656573.45	5169516.74	0.380288
21656645.6	5169496.73	0.396068
21656717.75	5169476.72	0.351151
21656789.89	5169456.71	0.313709
21656862.04	5169436.7	0.271066
21656934.19	5169416.69	0.275061
21657006.33	5169396.69	0.268843
21657078.48	5169376.68	0.249254
21657150.63	5169356.67	0.234217
21657222.77	5169336.66	0.227657
21657294.92	5169316.65	0.211489
21657367.07	5169296.65	0.21887
21657439.21	5169276.64	0.23166
21657511.36	5169256.63	0.290274
21657583.51	5169236.62	0.372059
21657655.65	5169216.61	0.394196
21657727.8	5169196.61	0.397921
21657799.95	5169176.6	0.403608
21657872.09	5169156.59	0.39959
21657944.24	5169136.58	0.396036
21658016.39	5169116.57	0.392467
21658088.53	5169096.57	0.380265
21658160.68	5169076.56	0.39879
21658232.83	5169056.55	0.399244
21658304.97	5169036.54	0.399207
21658377.12	5169016.53	0.426615
21658449.27	5168996.53	0.47757
21658521.41	5168976.52	0.588851
21658593.56	5168956.51	0.566279
21658665.71	5168936.5	0.500997
21658737.85	5168916.49	0.404419
21658810	5168896.49	0.407638
21658882.15	5168876.48	0
21658954.29	5168856.47	0
21659026.44	5168836.46	0
21659098.59	5168816.45	0.384624
21653274.33	5170507.88	0.33005
21653346.48	5170487.87	0.340795
21653418.62	5170467.86	0.330784
21653490.77	5170447.85	0.311887
21653562.92	5170427.84	0.231408
21653635.06	5170407.84	0.239991
21653707.21	5170387.83	0.246804
21653779.36	5170367.82	0.27893
21653851.5	5170347.81	0.297082
21653923.65	5170327.8	0.288571
21653995.8	5170307.8	0.246705
21654067.94	5170287.79	0.232377
21654140.09	5170267.78	0.227742
21654212.24	5170247.77	0.221543
21654284.38	5170227.76	0.231692
21654356.53	5170207.76	0.233278
21654428.68	5170187.75	0.232816
21654500.82	5170167.74	0.241941
21654572.97	5170147.73	0.243628
21654645.12	5170127.72	0.236989
21654717.26	5170107.72	0.235415
21654789.41	5170087.71	0.261154
21654861.56	5170067.7	0.308416
21654933.7	5170047.69	0.395432
21655005.85	5170027.68	0.425311
21655078	5170007.68	0.463204
21655150.14	5169987.67	0.503654
21655222.29	5169967.66	0.467308
21655294.44	5169947.65	0.387971
21655366.58	5169927.64	0.339954
21655438.73	5169907.63	0.315413
21655510.88	5169887.63	0.333036
21655583.03	5169867.62	0.329666
21655655.17	5169847.61	0.336683
21655727.32	5169827.6	0.367926
21655799.47	5169807.59	0.349049
21655871.61	5169787.59	0.333775
21655943.76	5169767.58	0.264297
21656015.91	5169747.57	0.239539
21656088.05	5169727.56	0.23166
21656160.2	5169707.55	0.227387
21656232.35	5169687.55	0.221705
21656304.49	5169667.54	0.229754
21656376.64	5169647.53	0
21656448.79	5169627.52	0.361334
21656520.93	5169607.51	0.423777
21656593.08	5169587.51	0.368482
21656665.23	5169567.5	0.401892
21656737.37	5169547.49	0.335266
21656809.52	5169527.48	0.289674
21656881.67	5169507.47	0.243047
21656953.81	5169487.47	0.241427
21657025.96	5169467.46	0.235893
21657098.11	5169447.45	0.246715
21657170.25	5169427.44	0.228731
21657242.4	5169407.43	0.227467
21657314.55	5169387.43	0.213293
21657386.69	5169367.42	0.212032
21657458.84	5169347.41	0.228101
21657530.99	5169327.4	0.238804
21657603.13	5169307.39	0.30608
21657675.28	5169287.39	0.334784
21657747.43	5169267.38	0.367669
21657819.57	5169247.37	0.387022
21657891.72	5169227.36	0.38474
21657963.87	5169207.35	0.346673
21658036.01	5169187.34	0.361333
21658108.16	5169167.34	0.32681
21658180.31	5169147.33	0.348005
21658252.45	5169127.32	0.359916
21658324.6	5169107.31	0.411856
21658396.75	5169087.3	0.527436
21658468.89	5169067.3	0.555449
21658541.04	5169047.29	0.578581
21658613.19	5169027.28	0.538365
21658685.33	5169007.27	0.389642
21658757.48	5168987.26	0.366349
21658829.63	5168967.26	0.38271
21658901.77	5168947.25	0.388883
21658973.92	5168927.24	0.467351
21659046.07	5168907.23	0.449531
21653293.96	5170578.65	0.252326
21653366.1	5170558.64	0.26369
21653438.25	5170538.63	0.292719
21653510.4	5170518.62	0.320489
21653582.54	5170498.61	0.231963
21653654.69	5170478.61	0.234282
21653726.84	5170458.6	0.233781
21653798.98	5170438.59	0.239795
21653871.13	5170418.58	0.236233
21653943.28	5170398.57	0.234293
21654015.42	5170378.57	0.233493
21654087.57	5170358.56	0.231652
21654159.72	5170338.55	0.223262
21654231.86	5170318.54	0.218643
21654304.01	5170298.53	0.231307
21654376.16	5170278.53	0.231848
21654448.3	5170258.52	0.233313
21654520.45	5170238.51	0.237822
21654592.6	5170218.5	0.232434
21654664.74	5170198.49	0.232742
21654736.89	5170178.49	0.231344
21654809.04	5170158.48	0.232009
21654881.18	5170138.47	0.233959
21654953.33	5170118.46	0.278014
21655025.48	5170098.45	0.283581
21655097.62	5170078.45	0.35925
21655169.77	5170058.44	0.337815
21655241.92	5170038.43	0.338973
21655314.06	5170018.42	0.256826
21655386.21	5169998.41	0.235107
21655458.36	5169978.41	0.23149
21655530.5	5169958.4	0.23586
21655602.65	5169938.39	0.238603
21655674.8	5169918.38	0.235095
21655746.95	5169898.37	0.244363
21655819.09	5169878.37	0.234123
21655891.24	5169858.36	0.234608
21655963.38	5169838.35	0.232007
21656035.53	5169818.34	0.222452
21656107.68	5169798.33	0.229476
21656179.83	5169778.32	0.223458
21656251.97	5169758.32	0.229675
21656324.12	5169738.31	0.228908
21656396.27	5169718.3	0.377184
21656468.41	5169698.29	0.334698
21656540.56	5169678.28	0.28022
21656612.71	5169658.28	0.232559
21656684.85	5169638.27	0.30239
21656757	5169618.26	0.249619
21656829.15	5169598.25	0.249297
21656901.29	5169578.24	0.229212
21656973.44	5169558.24	0.228788
21657045.59	5169538.23	0.228414
21657117.73	5169518.22	0.255696
21657189.88	5169498.21	0.227841
21657262.03	5169478.2	0.227293
21657334.17	5169458.2	0.224977
21657406.32	5169438.19	0.221556
21657478.47	5169418.18	0.219402
21657550.61	5169398.17	0.233582
21657622.76	5169378.16	0.253766
21657694.91	5169358.16	0.235887
21657767.05	5169338.15	0.258564
21657839.2	5169318.14	0.336621
21657911.35	5169298.13	0.315003
21657983.49	5169278.12	0.236153
21658055.64	5169258.12	0.271318
21658127.79	5169238.11	0.234988
21658199.93	5169218.1	0.272648
21658272.08	5169198.09	0.309879
21658344.23	5169178.08	0.311666
21658416.37	5169158.08	0.336605
21658488.52	5169138.07	0.503925
21658560.67	5169118.06	0.493767
21658632.81	5169098.05	0.495783
21658704.96	5169078.04	0.306118
21658777.11	5169058.03	0.233809
21658849.25	5169038.03	0.291793
21658921.4	5169018.02	0.270204
21658993.55	5168998.01	0.400208
21659065.69	5168978	0.401455
21653313.58	5170649.42	0.272088
21653385.73	5170629.41	0.329458
21653457.88	5170609.4	0.284756
21653530.02	5170589.39	0.258323
21653602.17	5170569.39	0.233772
21653674.32	5170549.38	0.23499
21653746.46	5170529.37	0.235409
21653818.61	5170509.36	0.237863
21653890.76	5170489.35	0.234493
21653962.9	5170469.35	0.232254
21654035.05	5170449.34	0.231394
21654107.2	5170429.33	0.230803
21654179.34	5170409.32	0.230028
21654251.49	5170389.31	0.231334
21654323.64	5170369.3	0.232576
21654395.78	5170349.3	0.233652
21654467.93	5170329.29	0.234354
21654540.08	5170309.28	0.235362
21654612.22	5170289.27	0.233027
21654684.37	5170269.26	0.231894
21654756.52	5170249.26	0.232754
21654828.66	5170229.25	0.232699
21654900.81	5170209.24	0.231738
21654972.96	5170189.23	0.247942
21655045.1	5170169.22	0.266807
21655117.25	5170149.22	0.301195
21655189.4	5170129.21	0.239948
21655261.54	5170109.2	0.241498
21655333.69	5170089.19	0.236108
21655405.84	5170069.18	0.233781
21655477.98	5170049.18	0.234831
21655550.13	5170029.17	0.24831
21655622.28	5170009.16	0.231519
21655694.42	5169989.15	0.239214
21655766.57	5169969.14	0.238187
21655838.72	5169949.14	0.230854
21655910.86	5169929.13	0.231737
21655983.01	5169909.12	0.230139
21656055.16	5169889.11	0.228544
21656127.3	5169869.1	0.229781
21656199.45	5169849.1	0.231437
21656271.6	5169829.09	0.250344
21656343.75	5169809.08	0.241948
21656415.89	5169789.07	0.262656
21656488.04	5169769.06	0.232843
21656560.19	5169749.06	0.232111
21656632.33	5169729.05	0.27069
21656704.48	5169709.04	0.309115
21656776.63	5169689.03	0.2339
21656848.77	5169669.02	0.228635
21656920.92	5169649.02	0.228781
21656993.07	5169629.01	0.227518
21657065.21	5169609	0.227393
21657137.36	5169588.99	0.227937
21657209.51	5169568.98	0.227649
21657281.65	5169548.97	0.227795
21657353.8	5169528.97	0.227727
21657425.95	5169508.96	0.228353
21657498.09	5169488.95	0.228307
21657570.24	5169468.94	0.240985
21657642.39	5169448.93	0.234998
21657714.53	5169428.93	0.229812
21657786.68	5169408.92	0.226695
21657858.83	5169388.91	0.253102
21657930.97	5169368.9	0.239872
21658003.12	5169348.89	0.229296
21658075.27	5169328.89	0.231539
21658147.41	5169308.88	0.223049
21658219.56	5169288.87	0.232566
21658291.71	5169268.86	0.237491
21658363.85	5169248.85	0.235854
21658436	5169228.85	0.251517
21658508.15	5169208.84	0.234775
21658580.29	5169188.83	0.234324
21658652.44	5169168.82	0.315268
21658724.59	5169148.81	0.231041
21658796.73	5169128.81	0.229056
21658868.88	5169108.8	0.231466
21658941.03	5169088.79	0.235663
21659013.17	5169068.78	0.275842
21659085.32	5169048.77	0.397148
21653261.06	5170740.2	0.257474
21653333.21	5170720.19	0.264262
21653405.36	5170700.18	0.273039
21653477.5	5170680.17	0.273758
21653549.65	5170660.16	0.243407
21653621.8	5170640.16	0.23684
21653693.94	5170620.15	0.236967
21653766.09	5170600.14	0.232712
21653838.24	5170580.13	0.239464
21653910.38	5170560.12	0.25388
21653982.53	5170540.12	0.253471
21654054.68	5170520.11	0.241125
21654126.82	5170500.1	0.230569
21654198.97	5170480.09	0.231698
21654271.12	5170460.08	0.2319
21654343.26	5170440.08	0.234763
21654415.41	5170420.07	0.238704
21654487.56	5170400.06	0.237444
21654559.7	5170380.05	0.233785
21654631.85	5170360.04	0.233391
21654704	5170340.04	0.231958
21654776.14	5170320.03	0.233774
21654848.29	5170300.02	0.238583
21654920.44	5170280.01	0.234398
21654992.58	5170260	0.251233
21655064.73	5170240	0.272405
21655136.88	5170219.99	0.267751
21655209.02	5170199.98	0.24829
21655281.17	5170179.97	0.254559
21655353.32	5170159.96	0.271215
21655425.46	5170139.95	0.272289
21655497.61	5170119.95	0.2482
21655569.76	5170099.94	0.247
21655641.9	5170079.93	0.232978
21655714.05	5170059.92	0.234391
21655786.2	5170039.91	0.234724
21655858.34	5170019.91	0.232686
21655930.49	5169999.9	0.233849
21656002.64	5169979.89	0.230366
21656074.78	5169959.88	0.229038
21656146.93	5169939.87	0.232736
21656219.08	5169919.87	0.235685
21656291.22	5169899.86	0.295501
21656363.37	5169879.85	0.310193
21656435.52	5169859.84	0.298812
21656507.66	5169839.83	0.246787
21656579.81	5169819.83	0.239018
21656651.96	5169799.82	0.309405
21656724.1	5169779.81	0.325425
21656796.25	5169759.8	0.233817
21656868.4	5169739.79	0.231443
21656940.55	5169719.79	0.234002
21657012.69	5169699.78	0.227196
21657084.84	5169679.77	0.226935
21657156.99	5169659.76	0.227941
21657229.13	5169639.75	0.231596
21657301.28	5169619.75	0.232484
21657373.43	5169599.74	0.232215
21657445.57	5169579.73	0.230828
21657517.72	5169559.72	0.236344
21657589.87	5169539.71	0.311785
21657662.01	5169519.71	0.297934
21657734.16	5169499.7	0.229814
21657806.31	5169479.69	0.231767
21657878.45	5169459.68	0.245077
21657950.6	5169439.67	0.231249
21658022.75	5169419.66	0.231234
21658094.89	5169399.66	0.253996
21658167.04	5169379.65	0.235142
21658239.19	5169359.64	0.231462
21658311.33	5169339.63	0.232753
21658383.48	5169319.62	0.235189
21658455.63	5169299.62	0.258901
21658527.77	5169279.61	0.276663
21658599.92	5169259.6	0.313652
21658672.07	5169239.59	0.282567
21658744.21	5169219.58	0.229997
21658816.36	5169199.58	0.229939
21658888.51	5169179.57	0.262952
21658960.65	5169159.56	0.265498
21659032.8	5169139.55	0.295947
21659104.95	5169119.54	0.394209
21653280.69	5170810.97	0.264238
21653352.84	5170790.96	0.270272
21653424.98	5170770.95	0.291286
21653497.13	5170750.94	0.268163
21653569.28	5170730.93	0.238404
21653641.42	5170710.93	0.235258
21653713.57	5170690.92	0.234348
21653785.72	5170670.91	0.231258
21653857.86	5170650.9	0.233998
21653930.01	5170630.89	0.250175
21654002.16	5170610.89	0.258633
21654074.3	5170590.88	0.235451
21654146.45	5170570.87	0.231637
21654218.6	5170550.86	0.232108
21654290.74	5170530.85	0.232224
21654362.89	5170510.85	0.232599
21654435.04	5170490.84	0.231638
21654507.18	5170470.83	0.248096
21654579.33	5170450.82	0.23483
21654651.48	5170430.81	0.231759
21654723.62	5170410.81	0.231546
21654795.77	5170390.8	0.232101
21654867.92	5170370.79	0.233587
21654940.06	5170350.78	0.23932
21655012.21	5170330.77	0.249141
21655084.36	5170310.77	0.28968
21655156.5	5170290.76	0.262867
21655228.65	5170270.75	0.266849
21655300.8	5170250.74	0.258915
21655372.94	5170230.73	0.241513
21655445.09	5170210.73	0.261433
21655517.24	5170190.72	0.239122
21655589.38	5170170.71	0.242667
21655661.53	5170150.7	0.23166
21655733.68	5170130.69	0.233191
21655805.82	5170110.69	0.238289
21655877.97	5170090.68	0.246821
21655950.12	5170070.67	0.272244
21656022.26	5170050.66	0.240365
21656094.41	5170030.65	0.231717
21656166.56	5170010.65	0.233521
21656238.7	5169990.64	0.231957
21656310.85	5169970.63	0.240614
21656383	5169950.62	0.268539
21656455.14	5169930.61	0.276782
21656527.29	5169910.6	0.249589
21656599.44	5169890.6	0.235751
21656671.58	5169870.59	0.30866
21656743.73	5169850.58	0.325014
21656815.88	5169830.57	0.240344
21656888.02	5169810.56	0.251708
21656960.17	5169790.56	0.233577
21657032.32	5169770.55	0.22742
21657104.47	5169750.54	0.22788
21657176.61	5169730.53	0.23269
21657248.76	5169710.52	0.241927
21657320.91	5169690.52	0.238058
21657393.05	5169670.51	0.263526
21657465.2	5169650.5	0.252298
21657537.35	5169630.49	0.262671
21657609.49	5169610.48	0.360763
21657681.64	5169590.48	0.380942
21657753.79	5169570.47	0.251801
21657825.93	5169550.46	0.247365
21657898.08	5169530.45	0.249127
21657970.23	5169510.44	0.235113
21658042.37	5169490.44	0.233293
21658114.52	5169470.43	0.264159
21658186.67	5169450.42	0.248488
21658258.81	5169430.41	0.238803
21658330.96	5169410.4	0.239502
21658403.11	5169390.4	0.248386
21658475.25	5169370.39	0.279717
21658547.4	5169350.38	0.267739
21658619.55	5169330.37	0.328049
21658691.69	5169310.36	0.298379
21658763.84	5169290.36	0.24887
21658835.99	5169270.35	0.248975
21658908.13	5169250.34	0.285516
21658980.28	5169230.33	0.308682
21659052.43	5169210.32	0.331497
21653300.32	5170881.74	0.376776
21653372.46	5170861.73	0.321465
21653444.61	5170841.72	0.28977
21653516.76	5170821.71	0.302945
21653588.9	5170801.71	0.236021
21653661.05	5170781.7	0.232173
21653733.2	5170761.69	0.234935
21653805.34	5170741.68	0.230304
21653877.49	5170721.67	0.233868
21653949.64	5170701.67	0.23089
21654021.78	5170681.66	0.231614
21654093.93	5170661.65	0.231667
21654166.08	5170641.64	0.230571
21654238.22	5170621.63	0.232419
21654310.37	5170601.63	0.231198
21654382.52	5170581.62	0.231416
21654454.66	5170561.61	0.232469
21654526.81	5170541.6	0.232849
21654598.96	5170521.59	0.241332
21654671.1	5170501.58	0.231449
21654743.25	5170481.58	0.232181
21654815.4	5170461.57	0.230907
21654887.54	5170441.56	0.230834
21654959.69	5170421.55	0.232073
21655031.84	5170401.54	0.246653
21655103.98	5170381.54	0.236329
21655176.13	5170361.53	0.233548
21655248.28	5170341.52	0.245388
21655320.42	5170321.51	0.248693
21655392.57	5170301.5	0.230996
21655464.72	5170281.5	0.235822
21655536.86	5170261.49	0.258884
21655609.01	5170241.48	0.230719
21655681.16	5170221.47	0.230586
21655753.3	5170201.46	0.234672
21655825.45	5170181.46	0.243396
21655897.6	5170161.45	0.234647
21655969.74	5170141.44	0.23817
21656041.89	5170121.43	0.24437
21656114.04	5170101.42	0.23254
21656186.18	5170081.42	0.234765
21656258.33	5170061.41	0.230247
21656330.48	5170041.4	0.230932
21656402.62	5170021.39	0.233971
21656474.77	5170001.38	0.23728
21656546.92	5169981.38	0.256432
21656619.06	5169961.37	0.230477
21656691.21	5169941.36	0.240053
21656763.36	5169921.35	0.281219
21656835.5	5169901.34	0.230328
21656907.65	5169881.34	0.278413
21656979.8	5169861.33	0.263282
21657051.94	5169841.32	0.229555
21657124.09	5169821.31	0.230901
21657196.24	5169801.3	0.233906
21657268.38	5169781.3	0.237202
21657340.53	5169761.29	0.235169
21657412.68	5169741.28	0.298668
21657484.83	5169721.27	0.24403
21657556.97	5169701.26	0.237502
21657629.12	5169681.25	0.278915
21657701.27	5169661.25	0.342994
21657773.41	5169641.24	0.322291
21657845.56	5169621.23	0.330265
21657917.71	5169601.22	0.336741
21657989.85	5169581.21	0.241539
21658062	5169561.21	0.234522
21658134.15	5169541.2	0.324381
21658206.29	5169521.19	0.316863
21658278.44	5169501.18	0.235864
21658350.59	5169481.17	0.233445
21658422.73	5169461.17	0.253811
21658494.88	5169441.16	0.30077
21658567.03	5169421.15	0.242412
21658639.17	5169401.14	0.327424
21658711.32	5169381.13	0.338215
21658783.47	5169361.13	0.253908
21658855.61	5169341.12	0.310318
21658927.76	5169321.11	0.340641
21658999.91	5169301.1	0.320393
21659072.05	5169281.09	0.357197
21653247.8	5170972.52	0.449381
21653319.94	5170952.51	0.399714
21653392.09	5170932.5	0.341024
21653464.24	5170912.49	0.276634
21653536.38	5170892.48	0.338844
21653608.53	5170872.48	0.344238
21653680.68	5170852.47	0.244885
21653752.82	5170832.46	0.26112
21653824.97	5170812.45	0.230307
21653897.12	5170792.44	0.230403
21653969.26	5170772.44	0.230903
21654041.41	5170752.43	0.230157
21654113.56	5170732.42	0.23025
21654185.7	5170712.41	0.230877
21654257.85	5170692.4	0.231119
21654330	5170672.4	0.234636
21654402.14	5170652.39	0.231778
21654474.29	5170632.38	0.231635
21654546.44	5170612.37	0.234087
21654618.58	5170592.36	0.246606
21654690.73	5170572.36	0.267978
21654762.88	5170552.35	0.243354
21654835.02	5170532.34	0.231114
21654907.17	5170512.33	0.231694
21654979.32	5170492.32	0.231161
21655051.46	5170472.32	0.231827
21655123.61	5170452.31	0.230996
21655195.76	5170432.3	0.231076
21655267.9	5170412.29	0.232013
21655340.05	5170392.28	0.231928
21655412.2	5170372.28	0.231388
21655484.34	5170352.27	0.231846
21655556.49	5170332.26	0.234357
21655628.64	5170312.25	0.230386
21655700.78	5170292.24	0.230961
21655772.93	5170272.23	0.230702
21655845.08	5170252.23	0.231017
21655917.22	5170232.22	0.230447
21655989.37	5170212.21	0.229839
21656061.52	5170192.2	0.230682
21656133.66	5170172.19	0.229917
21656205.81	5170152.19	0.230812
21656277.96	5170132.18	0.228887
21656350.1	5170112.17	0.228993
21656422.25	5170092.16	0.230168
21656494.4	5170072.15	0.230755
21656566.54	5170052.15	0.237258
21656638.69	5170032.14	0.228973
21656710.84	5170012.13	0.22944
21656782.98	5169992.12	0.230153
21656855.13	5169972.11	0.228104
21656927.28	5169952.11	0.232454
21656999.42	5169932.1	0.250681
21657071.57	5169912.09	0.227647
21657143.72	5169892.08	0.227866
21657215.86	5169872.07	0.230319
21657288.01	5169852.07	0.230151
21657360.16	5169832.06	0.228728
21657432.3	5169812.05	0.241824
21657504.45	5169792.04	0.232506
21657576.6	5169772.03	0.229128
21657648.74	5169752.03	0.239418
21657720.89	5169732.02	0.244559
21657793.04	5169712.01	0.236846
21657865.18	5169692	0.257153
21657937.33	5169671.99	0.293452
21658009.48	5169651.99	0.242187
21658081.63	5169631.98	0.235716
21658153.77	5169611.97	0.273851
21658225.92	5169591.96	0.258895
21658298.07	5169571.95	0.227699
21658370.21	5169551.94	0.233358
21658442.36	5169531.94	0.236026
21658514.51	5169511.93	0.237619
21658586.65	5169491.92	0.230543
21658658.8	5169471.91	0.262233
21658730.95	5169451.9	0.386565
21658803.09	5169431.9	0.373682
21658875.24	5169411.89	0.341372
21658947.39	5169391.88	0.328762
21659019.53	5169371.87	0.305876
21659091.68	5169351.86	0.305365
21653267.42	5171043.29	0.461187
21653339.57	5171023.28	0.42118
21653411.72	5171003.27	0.382864
21653483.86	5170983.26	0.347873
21653556.01	5170963.26	0.363988
21653628.16	5170943.25	0.362218
21653700.3	5170923.24	0.232338
21653772.45	5170903.23	0.239508
21653844.6	5170883.22	0.237596
21653916.74	5170863.21	0.230222
21653988.89	5170843.21	0.230319
21654061.04	5170823.2	0.230158
21654133.18	5170803.19	0.230516
21654205.33	5170783.18	0.236597
21654277.48	5170763.17	0.232545
21654349.62	5170743.17	0.232115
21654421.77	5170723.16	0.231556
21654493.92	5170703.15	0.231665
21654566.06	5170683.14	0.233853
21654638.21	5170663.13	0.244159
21654710.36	5170643.13	0.288672
21654782.5	5170623.12	0.261272
21654854.65	5170603.11	0.232056
21654926.8	5170583.1	0.231422
21654998.94	5170563.09	0.238925
21655071.09	5170543.09	0.260209
21655143.24	5170523.08	0.232249
21655215.38	5170503.07	0.23124
21655287.53	5170483.06	0.231442
21655359.68	5170463.05	0.232215
21655431.82	5170443.05	0.231357
21655503.97	5170423.04	0.243909
21655576.12	5170403.03	0.23777
21655648.26	5170383.02	0.231142
21655720.41	5170363.01	0.230084
21655792.56	5170343.01	0.230442
21655864.7	5170323	0.230489
21655936.85	5170302.99	0.229532
21656009	5170282.98	0.230289
21656081.14	5170262.97	0.232601
21656153.29	5170242.97	0.231567
21656225.44	5170222.96	0.231678
21656297.58	5170202.95	0.22846
21656369.73	5170182.94	0.228393
21656441.88	5170162.93	0.228199
21656514.02	5170142.93	0.230034
21656586.17	5170122.92	0.233535
21656658.32	5170102.91	0.227937
21656730.46	5170082.9	0.231542
21656802.61	5170062.89	0.24082
21656874.76	5170042.88	0.229332
21656946.9	5170022.88	0.251572
21657019.05	5170002.87	0.344465
21657091.2	5169982.86	0.235518
21657163.34	5169962.85	0.234639
21657235.49	5169942.84	0.244296
21657307.64	5169922.84	0.23292
21657379.78	5169902.83	0.229064
21657451.93	5169882.82	0.234643
21657524.08	5169862.81	0.23103
21657596.22	5169842.8	0.229575
21657668.37	5169822.8	0.235632
21657740.52	5169802.79	0.242689
21657812.66	5169782.78	0.242386
21657884.81	5169762.77	0.277754
21657956.96	5169742.76	0.323674
21658029.1	5169722.76	0.329053
21658101.25	5169702.75	0.242815
21658173.4	5169682.74	0.343077
21658245.54	5169662.73	0.325478
21658317.69	5169642.72	0.241842
21658389.84	5169622.72	0.284935
21658461.99	5169602.71	0.275918
21658534.13	5169582.7	0.232148
21658606.28	5169562.69	0.232821
21658678.43	5169542.68	0.379595
21658750.57	5169522.68	0.38696
21658822.72	5169502.67	0.374196
21658894.87	5169482.66	0.335702
21658967.01	5169462.65	0.299692
21659039.16	5169442.64	0.25291
21659111.31	5169422.64	0.244573
21653287.05	5171114.06	0.501128
21653359.2	5171094.05	0.473095
21653431.34	5171074.04	0.469342
21653503.49	5171054.03	0.440806
21653575.64	5171034.03	0.427406
21653647.78	5171014.02	0.35441
21653719.93	5170994.01	0.231756
21653792.08	5170974	0.231969
21653864.22	5170953.99	0.241866
21653936.37	5170933.99	0.230226
21654008.52	5170913.98	0.230647
21654080.66	5170893.97	0.230726
21654152.81	5170873.96	0.230542
21654224.96	5170853.95	0.23066
21654297.1	5170833.95	0.230759
21654369.25	5170813.94	0.230756
21654441.4	5170793.93	0.231403
21654513.54	5170773.92	0.231879
21654585.69	5170753.91	0.235662
21654657.84	5170733.91	0.247751
21654729.98	5170713.9	0.245992
21654802.13	5170693.89	0.252927
21654874.28	5170673.88	0.249235
21654946.42	5170653.87	0.252868
21655018.57	5170633.86	0.275051
21655090.72	5170613.86	0.27206
21655162.86	5170593.85	0.245325
21655235.01	5170573.84	0.236224
21655307.16	5170553.83	0.231965
21655379.3	5170533.82	0.235177
21655451.45	5170513.82	0.241896
21655523.6	5170493.81	0.291548
21655595.74	5170473.8	0.238732
21655667.89	5170453.79	0.232959
21655740.04	5170433.78	0.23051
21655812.18	5170413.78	0.229354
21655884.33	5170393.77	0.230177
21655956.48	5170373.76	0.231128
21656028.62	5170353.75	0.23458
21656100.77	5170333.74	0.238134
21656172.92	5170313.74	0.2326
21656245.06	5170293.73	0.242514
21656317.21	5170273.72	0.238723
21656389.36	5170253.71	0.239636
21656461.5	5170233.7	0.227668
21656533.65	5170213.7	0.231871
21656605.8	5170193.69	0.233965
21656677.94	5170173.68	0.227442
21656750.09	5170153.67	0.228427
21656822.24	5170133.66	0.23356
21656894.38	5170113.66	0.23888
21656966.53	5170093.65	0.286547
21657038.68	5170073.64	0.338952
21657110.82	5170053.63	0.243608
21657182.97	5170033.62	0.244029
21657255.12	5170013.62	0.28122
21657327.26	5169993.61	0.253459
21657399.41	5169973.6	0.236425
21657471.56	5169953.59	0.244858
21657543.7	5169933.58	0.279684
21657615.85	5169913.57	0.238753
21657688	5169893.57	0.247881
21657760.14	5169873.56	0.265493
21657832.29	5169853.55	0.241743
21657904.44	5169833.54	0.243528
21657976.58	5169813.53	0.350261
21658048.73	5169793.53	0.356716
21658120.88	5169773.52	0.249439
21658193.02	5169753.51	0.354309
21658265.17	5169733.5	0.363404
21658337.32	5169713.49	0.28702
21658409.46	5169693.49	0.254137
21658481.61	5169673.48	0.308706
21658553.76	5169653.47	0.28406
21658625.91	5169633.46	0.338763
21658698.05	5169613.45	0.40438
21658770.2	5169593.45	0.346275
21658842.35	5169573.44	0.264186
21658914.49	5169553.43	0.260778
21658986.64	5169533.42	0.232781
21659058.79	5169513.41	0.230873
21653306.68	5171184.83	0.538498
21653378.82	5171164.82	0.554533
21653450.97	5171144.81	0.531179
21653523.12	5171124.8	0.49421
21653595.26	5171104.8	0.454848
21653667.41	5171084.79	0.273995
21653739.56	5171064.78	0.248188
21653811.7	5171044.77	0.25809
21653883.85	5171024.76	0.248753
21653956	5171004.76	0.233988
21654028.14	5170984.75	0.230972
21654100.29	5170964.74	0.231727
21654172.44	5170944.73	0.231477
21654244.58	5170924.72	0.231039
21654316.73	5170904.72	0.230749
21654388.88	5170884.71	0.230348
21654461.02	5170864.7	0.230611
21654533.17	5170844.69	0.230689
21654605.32	5170824.68	0.232041
21654677.46	5170804.68	0.232907
21654749.61	5170784.67	0.231329
21654821.76	5170764.66	0.231407
21654893.9	5170744.65	0.2407
21654966.05	5170724.64	0.264636
21655038.2	5170704.64	0.269064
21655110.34	5170684.63	0.236415
21655182.49	5170664.62	0.232539
21655254.64	5170644.61	0.231184
21655326.78	5170624.6	0.231418
21655398.93	5170604.6	0.232558
21655471.08	5170584.59	0.237111
21655543.22	5170564.58	0.257954
21655615.37	5170544.57	0.235072
21655687.52	5170524.56	0.232092
21655759.66	5170504.56	0.229544
21655831.81	5170484.55	0.229282
21655903.96	5170464.54	0.230555
21655976.1	5170444.53	0.233747
21656048.25	5170424.52	0.267931
21656120.4	5170404.51	0.241702
21656192.54	5170384.51	0.231276
21656264.69	5170364.5	0.236013
21656336.84	5170344.49	0.250755
21656408.98	5170324.48	0.255319
21656481.13	5170304.47	0.241138
21656553.28	5170284.47	0.237007
21656625.42	5170264.46	0.231139
21656697.57	5170244.45	0.226989
21656769.72	5170224.44	0.226294
21656841.86	5170204.43	0.229507
21656914.01	5170184.43	0.231742
21656986.16	5170164.42	0.277327
21657058.3	5170144.41	0.315558
21657130.45	5170124.4	0.241297
21657202.6	5170104.39	0.231375
21657274.74	5170084.39	0.245339
21657346.89	5170064.38	0.241108
21657419.04	5170044.37	0.231299
21657491.18	5170024.36	0.266891
21657563.33	5170004.35	0.332193
21657635.48	5169984.35	0.315225
21657707.62	5169964.34	0.328784
21657779.77	5169944.33	0.281784
21657851.92	5169924.32	0.237776
21657924.06	5169904.31	0.231285
21657996.21	5169884.31	0.301114
21658068.36	5169864.3	0.255679
21658140.5	5169844.29	0.239274
21658212.65	5169824.28	0.323707
21658284.8	5169804.27	0.258291
21658356.94	5169784.27	0.230691
21658429.09	5169764.26	0.241602
21658501.24	5169744.25	0.301898
21658573.38	5169724.24	0.291435
21658645.53	5169704.23	0.381635
21658717.68	5169684.22	0.401049
21658789.82	5169664.22	0.333147
21658861.97	5169644.21	0.235495
21658934.12	5169624.2	0.246122
21659006.26	5169604.19	0.228946
21659078.41	5169584.18	0.227416
21653254.15	5171275.61	0.599915
21653326.3	5171255.6	0.57524
21653398.45	5171235.59	0.580352
21653470.6	5171215.58	0.584164
21653542.74	5171195.58	0.569197
21653614.89	5171175.57	0.46511
21653687.04	5171155.56	0.341894
21653759.18	5171135.55	0.350531
21653831.33	5171115.54	0.352343
21653903.48	5171095.54	0.268961
21653975.62	5171075.53	0.252533
21654047.77	5171055.52	0.23743
21654119.92	5171035.51	0.231774
21654192.06	5171015.5	0.232179
21654264.21	5170995.49	0.229613
21654336.36	5170975.49	0.230686
21654408.5	5170955.48	0.23038
21654480.65	5170935.47	0.230318
21654552.8	5170915.46	0.230116
21654624.94	5170895.45	0.231129
21654697.09	5170875.45	0.231257
21654769.24	5170855.44	0.231436
21654841.38	5170835.43	0.231106
21654913.53	5170815.42	0.243838
21654985.68	5170795.41	0.259893
21655057.82	5170775.41	0.231638
21655129.97	5170755.4	0.23214
21655202.12	5170735.39	0.231335
21655274.26	5170715.38	0.230826
21655346.41	5170695.37	0.230599
21655418.56	5170675.37	0.231577
21655490.7	5170655.36	0.230566
21655562.85	5170635.35	0.23706
21655635	5170615.34	0.240954
21655707.14	5170595.33	0.230477
21655779.29	5170575.33	0.230344
21655851.44	5170555.32	0.230399
21655923.58	5170535.31	0.230602
21655995.73	5170515.3	0.228833
21656067.88	5170495.29	0.233003
21656140.02	5170475.29	0.230697
21656212.17	5170455.28	0.228673
21656284.32	5170435.27	0.230975
21656356.46	5170415.26	0.246764
21656428.61	5170395.25	0.283634
21656500.76	5170375.25	0.254907
21656572.9	5170355.24	0.242727
21656645.05	5170335.23	0.231635
21656717.2	5170315.22	0.227005
21656789.34	5170295.21	0.231119
21656861.49	5170275.21	0.229202
21656933.64	5170255.2	0.228607
21657005.78	5170235.19	0.232771
21657077.93	5170215.18	0.240646
21657150.08	5170195.17	0.231312
21657222.22	5170175.16	0.228126
21657294.37	5170155.16	0.236601
21657366.52	5170135.15	0.239254
21657438.66	5170115.14	0.228942
21657510.81	5170095.13	0.244039
21657582.96	5170075.12	0.308329
21657655.1	5170055.12	0.325563
21657727.25	5170035.11	0.291297
21657799.4	5170015.1	0.350699
21657871.54	5169995.09	0.237445
21657943.69	5169975.08	0.229049
21658015.84	5169955.08	0.23916
21658087.98	5169935.07	0.229597
21658160.13	5169915.06	0.227646
21658232.28	5169895.05	0.232718
21658304.42	5169875.04	0.230672
21658376.57	5169855.04	0.229735
21658448.72	5169835.03	0.231667
21658520.86	5169815.02	0.235637
21658593.01	5169795.01	0.233262
21658665.16	5169775	0.30878
21658737.3	5169755	0.318066
21658809.45	5169734.99	0.231979
21658881.6	5169714.98	0.230007
21658953.74	5169694.97	0.230472
21659025.89	5169674.96	0.224109
21659098.04	5169654.96	0
21653273.78	5171346.38	0.608742
21653345.93	5171326.37	0.59838
21653418.07	5171306.36	0.59414
21653490.22	5171286.35	0.578533
21653562.37	5171266.35	0.554533
21653634.51	5171246.34	0.461318
21653706.66	5171226.33	0.333095
21653778.81	5171206.32	0.437709
21653850.96	5171186.31	0.433336
21653923.1	5171166.31	0.267088
21653995.25	5171146.3	0.261523
21654067.4	5171126.29	0.262778
21654139.54	5171106.28	0.237843
21654211.69	5171086.27	0.25933
21654283.84	5171066.27	0.234536
21654355.98	5171046.26	0.237542
21654428.13	5171026.25	0.231921
21654500.28	5171006.24	0.230402
21654572.42	5170986.23	0.230149
21654644.57	5170966.23	0.230689
21654716.72	5170946.22	0.231546
21654788.86	5170926.21	0.230877
21654861.01	5170906.2	0.231449
21654933.16	5170886.19	0.231767
21655005.3	5170866.18	0.233176
21655077.45	5170846.18	0.231721
21655149.6	5170826.17	0.231174
21655221.74	5170806.16	0.231691
21655293.89	5170786.15	0.230996
21655366.04	5170766.14	0.2306
21655438.18	5170746.14	0.231023
21655510.33	5170726.13	0.230996
21655582.48	5170706.12	0.231325
21655654.62	5170686.11	0.232748
21655726.77	5170666.1	0.231463
21655798.92	5170646.1	0.230858
21655871.06	5170626.09	0.240197
21655943.21	5170606.08	0.237686
21656015.36	5170586.07	0.230562
21656087.5	5170566.06	0.239749
21656159.65	5170546.06	0.230941
21656231.8	5170526.05	0.230509
21656303.94	5170506.04	0.253492
21656376.09	5170486.03	0.297172
21656448.24	5170466.02	0.397624
21656520.38	5170446.02	0.340885
21656592.53	5170426.01	0.249798
21656664.68	5170406	0.239896
21656736.82	5170385.99	0.230611
21656808.97	5170365.98	0.24753
21656881.12	5170345.98	0.236207
21656953.26	5170325.97	0.226634
21657025.41	5170305.96	0.229674
21657097.56	5170285.95	0.235911
21657169.7	5170265.94	0.251372
21657241.85	5170245.94	0.239876
21657314	5170225.93	0.251606
21657386.14	5170205.92	0.247975
21657458.29	5170185.91	0.229721
21657530.44	5170165.9	0.23305
21657602.58	5170145.9	0.295808
21657674.73	5170125.89	0.364696
21657746.88	5170105.88	0.370154
21657819.02	5170085.87	0.336092
21657891.17	5170065.86	0.314596
21657963.32	5170045.85	0.245036
21658035.46	5170025.85	0.34254
21658107.61	5170005.84	0.323139
21658179.76	5169985.83	0.232888
21658251.9	5169965.82	0.329203
21658324.05	5169945.81	0.328075
21658396.2	5169925.81	0.236114
21658468.34	5169905.8	0.318142
21658540.49	5169885.79	0.230019
21658612.64	5169865.78	0.229885
21658684.78	5169845.77	0.236064
21658756.93	5169825.77	0.369208
21658829.08	5169805.76	0.282746
21658901.22	5169785.75	0.23434
21658973.37	5169765.74	0.222864
21659045.52	5169745.73	0.221688
21653293.41	5171417.15	0.609417
21653365.55	5171397.14	0.609755
21653437.7	5171377.13	0.600203
21653509.85	5171357.12	0.567585
21653581.99	5171337.12	0.505476
21653654.14	5171317.11	0.405602
21653726.29	5171297.1	0.261054
21653798.43	5171277.09	0.392516
21653870.58	5171257.08	0.240387
21653942.73	5171237.08	0.231017
21654014.87	5171217.07	0.262071
21654087.02	5171197.06	0.279565
21654159.17	5171177.05	0.30073
21654231.32	5171157.04	0.271092
21654303.46	5171137.04	0.243107
21654375.61	5171117.03	0.274456
21654447.76	5171097.02	0.234116
21654519.9	5171077.01	0.231213
21654592.05	5171057	0.230457
21654664.2	5171037	0.230918
21654736.34	5171016.99	0.231326
21654808.49	5170996.98	0.231496
21654880.64	5170976.97	0.231757
21654952.78	5170956.96	0.23208
21655024.93	5170936.96	0.2323
21655097.08	5170916.95	0.231642
21655169.22	5170896.94	0.231697
21655241.37	5170876.93	0.232035
21655313.52	5170856.92	0.232478
21655385.66	5170836.92	0.230531
21655457.81	5170816.91	0.228458
21655529.96	5170796.9	0.230059
21655602.1	5170776.89	0.230862
21655674.25	5170756.88	0.230714
21655746.4	5170736.88	0.230545
21655818.54	5170716.87	0.234428
21655890.69	5170696.86	0.233618
21655962.84	5170676.85	0.231637
21656034.98	5170656.84	0.229001
21656107.13	5170636.83	0.232734
21656179.28	5170616.83	0.230031
21656251.42	5170596.82	0.2279
21656323.57	5170576.81	0.229702
21656395.72	5170556.8	0.232602
21656467.86	5170536.79	0.227577
21656540.01	5170516.79	0.232013
21656612.16	5170496.78	0.233086
21656684.3	5170476.77	0.236116
21656756.45	5170456.76	0.232034
21656828.6	5170436.75	0.23688
21656900.74	5170416.75	0.231844
21656972.89	5170396.74	0.215427
21657045.04	5170376.73	0.227589
21657117.18	5170356.72	0.233253
21657189.33	5170336.71	0.237337
21657261.48	5170316.71	0.229917
21657333.62	5170296.7	0.233804
21657405.77	5170276.69	0.23915
21657477.92	5170256.68	0.227793
21657550.06	5170236.67	0.228344
21657622.21	5170216.67	0.249564
21657694.36	5170196.66	0.353044
21657766.5	5170176.65	0.400242
21657838.65	5170156.64	0.351878
21657910.8	5170136.63	0.300707
21657982.94	5170116.63	0.243482
21658055.09	5170096.62	0.259579
21658127.24	5170076.61	0.374972
21658199.38	5170056.6	0.353839
21658271.53	5170036.59	0.40366
21658343.68	5170016.59	0.391226
21658415.82	5169996.58	0.352727
21658487.97	5169976.57	0.391229
21658560.12	5169956.56	0.308522
21658632.26	5169936.55	0.300205
21658704.41	5169916.55	0.390591
21658776.56	5169896.54	0.368632
21658848.7	5169876.53	0.322206
21658920.85	5169856.52	0.238117
21658993	5169836.51	0.216346
21659065.14	5169816.5	0.216975
21653313.03	5171487.92	0.599628
21653385.18	5171467.91	0.60474
21653457.33	5171447.9	0.603058
21653529.47	5171427.9	0.579529
21653601.62	5171407.89	0.542354
21653673.77	5171387.88	0.453539
21653745.91	5171367.87	0.480484
21653818.06	5171347.86	0.332764
21653890.21	5171327.86	0.231918
21653962.35	5171307.85	0.230285
21654034.5	5171287.84	0.231562
21654106.65	5171267.83	0.232437
21654178.79	5171247.82	0.25173
21654250.94	5171227.82	0.233712
21654323.09	5171207.81	0.233329
21654395.23	5171187.8	0.236354
21654467.38	5171167.79	0.23162
21654539.53	5171147.78	0.23138
21654611.67	5171127.77	0.23122
21654683.82	5171107.77	0.230847
21654755.97	5171087.76	0.230954
21654828.12	5171067.75	0.231118
21654900.26	5171047.74	0.231507
21654972.41	5171027.73	0.231138
21655044.56	5171007.73	0.231141
21655116.7	5170987.72	0
21655188.85	5170967.71	0.23208
21655261	5170947.7	0.232484
21655333.14	5170927.69	0.2365
21655405.29	5170907.69	0.231839
21655477.44	5170887.68	0.229842
21655549.58	5170867.67	0.230979
21655621.73	5170847.66	0.231394
21655693.88	5170827.65	0.231386
21655766.02	5170807.65	0.230911
21655838.17	5170787.64	0.230108
21655910.32	5170767.63	0.229199
21655982.46	5170747.62	0.229691
21656054.61	5170727.61	0.229104
21656126.76	5170707.61	0.228794
21656198.9	5170687.6	0.228197
21656271.05	5170667.59	0.228167
21656343.2	5170647.58	0.227989
21656415.34	5170627.57	0.227959
21656487.49	5170607.57	0.220784
21656559.64	5170587.56	0.220903
21656631.78	5170567.55	0.226525
21656703.93	5170547.54	0.227621
21656776.08	5170527.53	0.227249
21656848.22	5170507.53	0.226726
21656920.37	5170487.52	0.223575
21656992.52	5170467.51	0.214002
21657064.66	5170447.5	0.222343
21657136.81	5170427.49	0.227123
21657208.96	5170407.48	0.22949
21657281.1	5170387.48	0.227751
21657353.25	5170367.47	0.227726
21657425.4	5170347.46	0.228231
21657497.54	5170327.45	0.219854
21657569.69	5170307.44	0.22788
21657641.84	5170287.44	0.230603
21657713.98	5170267.43	0.251894
21657786.13	5170247.42	0.412986
21657858.28	5170227.41	0.230016
21657930.42	5170207.4	0.235858
21658002.57	5170187.4	0.227865
21658074.72	5170167.39	0.227764
21658146.86	5170147.38	0.282219
21658219.01	5170127.37	0.310913
21658291.16	5170107.36	0.364978
21658363.3	5170087.36	0.235521
21658435.45	5170067.35	0.253135
21658507.6	5170047.34	0.36732
21658579.74	5170027.33	0.264928
21658651.89	5170007.32	0.335735
21658724.04	5169987.32	0.375747
21658796.18	5169967.31	0.272966
21658868.33	5169947.3	0.231063
21658940.48	5169927.29	0.22945
21659012.62	5169907.28	0.22848
21659084.77	5169887.28	0.228066
21653260.51	5171578.7	0.592752
21653332.66	5171558.69	0.590495
21653404.81	5171538.68	0.589858
21653476.95	5171518.67	0.585547
21653549.1	5171498.67	0.556417
21653621.25	5171478.66	0.483906
21653693.39	5171458.65	0.468149
21653765.54	5171438.64	0.482017
21653837.69	5171418.63	0.336985
21653909.83	5171398.63	0.240507
21653981.98	5171378.62	0.230274
21654054.13	5171358.61	0.231335
21654126.27	5171338.6	0.231371
21654198.42	5171318.59	0.247366
21654270.57	5171298.59	0.233389
21654342.71	5171278.58	0.230789
21654414.86	5171258.57	0.233749
21654487.01	5171238.56	0.230091
21654559.15	5171218.55	0.230334
21654631.3	5171198.55	0.230556
21654703.45	5171178.54	0.230749
21654775.59	5171158.53	0.230801
21654847.74	5171138.52	0.230868
21654919.89	5171118.51	0.231877
21654992.04	5171098.51	0.229888
21655064.18	5171078.5	0.232253
21655136.33	5171058.49	0.230607
21655208.48	5171038.48	0.231328
21655280.62	5171018.47	0.232693
21655352.77	5170998.47	0.231019
21655424.92	5170978.46	0.230691
21655497.06	5170958.45	0.231478
21655569.21	5170938.44	0.230619
21655641.36	5170918.43	0.230687
21655713.5	5170898.42	0.230515
21655785.65	5170878.42	0.23012
21655857.8	5170858.41	0.231183
21655929.94	5170838.4	0.242725
21656002.09	5170818.39	0.230229
21656074.24	5170798.38	0.228459
21656146.38	5170778.38	0.229817
21656218.53	5170758.37	0.228928
21656290.68	5170738.36	0.227639
21656362.82	5170718.35	0.227849
21656434.97	5170698.34	0.227116
21656507.12	5170678.34	0.221904
21656579.26	5170658.33	0.22077
21656651.41	5170638.32	0.226488
21656723.56	5170618.31	0.22738
21656795.7	5170598.3	0.226836
21656867.85	5170578.3	0.226808
21656940	5170558.29	0.222427
21657012.14	5170538.28	0.222031
21657084.29	5170518.27	0.226897
21657156.44	5170498.26	0.234796
21657228.58	5170478.26	0.244361
21657300.73	5170458.25	0.228412
21657372.88	5170438.24	0.2293
21657445.02	5170418.23	0.227699
21657517.17	5170398.22	0.220462
21657589.32	5170378.22	0.227504
21657661.46	5170358.21	0.230951
21657733.61	5170338.2	0.228809
21657805.76	5170318.19	0.325157
21657877.9	5170298.18	0.307258
21657950.05	5170278.18	0.230926
21658022.2	5170258.17	0.228117
21658094.34	5170238.16	0.228021
21658166.49	5170218.15	0.236137
21658238.64	5170198.14	0.233395
21658310.78	5170178.13	0.234909
21658382.93	5170158.13	0.228979
21658455.08	5170138.12	0.230298
21658527.22	5170118.11	0.333111
21658599.37	5170098.1	0.26288
21658671.52	5170078.09	0.232134
21658743.66	5170058.09	0.255086
21658815.81	5170038.08	0.229623
21658887.96	5170018.07	0.230345
21658960.1	5169998.06	0.230463
21659032.25	5169978.05	0.229067
21659104.4	5169958.05	0.228545
21653280.14	5171649.47	0.581824
21653352.29	5171629.46	0.577045
21653424.43	5171609.45	0.569066
21653496.58	5171589.45	0.555621
21653568.73	5171569.44	0.520566
21653640.87	5171549.43	0.482311
21653713.02	5171529.42	0.447801
21653785.17	5171509.41	0.399561
21653857.31	5171489.4	0.251004
21653929.46	5171469.4	0.23071
21654001.61	5171449.39	0.234248
21654073.75	5171429.38	0.299133
21654145.9	5171409.37	0.252075
21654218.05	5171389.36	0.244013
21654290.19	5171369.36	0.234117
21654362.34	5171349.35	0.239288
21654434.49	5171329.34	0.231864
21654506.63	5171309.33	0.231015
21654578.78	5171289.32	0.231268
21654650.93	5171269.32	0.231001
21654723.07	5171249.31	0.230389
21654795.22	5171229.3	0.229904
21654867.37	5171209.29	0.230429
21654939.51	5171189.28	0.230815
21655011.66	5171169.28	0.249104
21655083.81	5171149.27	0.232055
21655155.95	5171129.26	0.233479
21655228.1	5171109.25	0.239595
21655300.25	5171089.24	0.230425
21655372.39	5171069.24	0.231038
21655444.54	5171049.23	0.231249
21655516.69	5171029.22	0.240547
21655588.84	5171009.21	0.251281
21655660.98	5170989.2	0.235621
21655733.13	5170969.2	0.253932
21655805.28	5170949.19	0.241009
21655877.42	5170929.18	0.25458
21655949.57	5170909.17	0.373374
21656021.72	5170889.16	0.238962
21656093.86	5170869.16	0.231367
21656166.01	5170849.15	0.232049
21656238.16	5170829.14	0.231616
21656310.3	5170809.13	0.226967
21656382.45	5170789.12	0.227822
21656454.6	5170769.11	0.230345
21656526.74	5170749.11	0.225495
21656598.89	5170729.1	0.225801
21656671.04	5170709.09	0.227884
21656743.18	5170689.08	0.227837
21656815.33	5170669.07	0.2268
21656887.48	5170649.07	0.225265
21656959.62	5170629.06	0.225758
21657031.77	5170609.05	0.227803
21657103.92	5170589.04	0.249047
21657176.06	5170569.03	0.241067
21657248.21	5170549.03	0.338264
21657320.36	5170529.02	0.252513
21657392.5	5170509.01	0.241362
21657464.65	5170489	0.231093
21657536.8	5170468.99	0.226371
21657608.94	5170448.99	0.230391
21657681.09	5170428.98	0.232838
21657753.24	5170408.97	0.231569
21657825.38	5170388.96	0.353741
21657897.53	5170368.95	0.334107
21657969.68	5170348.95	0.228795
21658041.82	5170328.94	0.228343
21658113.97	5170308.93	0.233231
21658186.12	5170288.92	0.232357
21658258.26	5170268.91	0.230562
21658330.41	5170248.91	0.277241
21658402.56	5170228.9	0.230012
21658474.7	5170208.89	0.252696
21658546.85	5170188.88	0.377628
21658619	5170168.87	0.361921
21658691.14	5170148.87	0.24992
21658763.29	5170128.86	0.323267
21658835.44	5170108.85	0.237185
21658907.58	5170088.84	0.233128
21658979.73	5170068.83	0.231623
21659051.88	5170048.83	0.234509
21653299.77	5171720.24	0.579395
21653371.91	5171700.23	0.568149
21653444.06	5171680.22	0.55151
21653516.21	5171660.22	0.528606
21653588.35	5171640.21	0.440129
21653660.5	5171620.2	0.331228
21653732.65	5171600.19	0.37664
21653804.79	5171580.18	0.380687
21653876.94	5171560.18	0.236649
21653949.09	5171540.17	0.230276
21654021.23	5171520.16	0.231299
21654093.38	5171500.15	0.268909
21654165.53	5171480.14	0.367668
21654237.67	5171460.14	0.361756
21654309.82	5171440.13	0.363167
21654381.97	5171420.12	0.297949
21654454.11	5171400.11	0.230424
21654526.26	5171380.1	0.231187
21654598.41	5171360.09	0.231822
21654670.55	5171340.09	0.231536
21654742.7	5171320.08	0.231184
21654814.85	5171300.07	0.230185
21654886.99	5171280.06	0.230297
21654959.14	5171260.05	0.231427
21655031.29	5171240.05	0.277553
21655103.43	5171220.04	0.296278
21655175.58	5171200.03	0.33054
21655247.73	5171180.02	0.334305
21655319.87	5171160.01	0.230746
21655392.02	5171140.01	0.230265
21655464.17	5171120	0.231842
21655536.31	5171099.99	0.292451
21655608.46	5171079.98	0.355646
21655680.61	5171059.97	0.362754
21655752.76	5171039.97	0.3196
21655824.9	5171019.96	0.241712
21655897.05	5170999.95	0.2332
21655969.2	5170979.94	0.322384
21656041.34	5170959.93	0.364753
21656113.49	5170939.93	0.318887
21656185.64	5170919.92	0.288623
21656257.78	5170899.91	0.230387
21656329.93	5170879.9	0.228319
21656402.08	5170859.89	0.23023
21656474.22	5170839.89	0.231214
21656546.37	5170819.88	0.247189
21656618.52	5170799.87	0.235531
21656690.66	5170779.86	0.233059
21656762.81	5170759.85	0.227984
21656834.96	5170739.85	0.226298
21656907.1	5170719.84	0.232215
21656979.25	5170699.83	0.278046
21657051.4	5170679.82	0.329119
21657123.54	5170659.81	0.337596
21657195.69	5170639.81	0.251364
21657267.84	5170619.8	0.229582
21657339.98	5170599.79	0.284014
21657412.13	5170579.78	0.277763
21657484.28	5170559.77	0.309505
21657556.42	5170539.76	0.239237
21657628.57	5170519.76	0.234407
21657700.72	5170499.75	0.247399
21657772.86	5170479.74	0.231973
21657845.01	5170459.73	0.383067
21657917.16	5170439.72	0.337921
21657989.3	5170419.72	0.247401
21658061.45	5170399.71	0.254194
21658133.6	5170379.7	0.309655
21658205.74	5170359.69	0.370597
21658277.89	5170339.68	0.275872
21658350.04	5170319.68	0.375963
21658422.18	5170299.67	0.368515
21658494.33	5170279.66	0.291692
21658566.48	5170259.65	0.392075
21658638.62	5170239.64	0.377803
21658710.77	5170219.64	0.301262
21658782.92	5170199.63	0.369796
21658855.06	5170179.62	0.340131
21658927.21	5170159.61	0.313404
21658999.36	5170139.6	0.229188
21659071.5	5170119.6	0.232086
21653247.25	5171811.02	0.621724
21653319.39	5171791.01	0.605271
21653391.54	5171771	0.569957
21653463.69	5171750.99	0.537166
21653535.83	5171730.99	0.485065
21653607.98	5171710.98	0.374277
21653680.13	5171690.97	0.24217
21653752.27	5171670.96	0.360119
21653824.42	5171650.95	0.419532
21653896.57	5171630.95	0.292567
21653968.71	5171610.94	0.230367
21654040.86	5171590.93	0.234894
21654113.01	5171570.92	0.230878
21654185.15	5171550.91	0.298644
21654257.3	5171530.91	0.387809
21654329.45	5171510.9	0.391081
21654401.59	5171490.89	0.380727
21654473.74	5171470.88	0.339309
21654545.89	5171450.87	0.285213
21654618.03	5171430.87	0.239726
21654690.18	5171410.86	0.234689
21654762.33	5171390.85	0.236981
21654834.47	5171370.84	0.237177
21654906.62	5171350.83	0.250924
21654978.77	5171330.83	0.244697
21655050.91	5171310.82	0.334004
21655123.06	5171290.81	0.325648
21655195.21	5171270.8	0.36045
21655267.35	5171250.79	0.308562
21655339.5	5171230.79	0.230496
21655411.65	5171210.78	0.225262
21655483.79	5171190.77	0.231648
21655555.94	5171170.76	0.29747
21655628.09	5171150.75	0.413005
21655700.23	5171130.74	0.500799
21655772.38	5171110.74	0.347366
21655844.53	5171090.73	0.235864
21655916.67	5171070.72	0.229378
21655988.82	5171050.71	0.241012
21656060.97	5171030.7	0.381777
21656133.11	5171010.7	0.403878
21656205.26	5170990.69	0.317514
21656277.41	5170970.68	0.231471
21656349.56	5170950.67	0.227468
21656421.7	5170930.66	0.227501
21656493.85	5170910.66	0.226981
21656566	5170890.65	0.228604
21656638.14	5170870.64	0.269609
21656710.29	5170850.63	0.255343
21656782.44	5170830.62	0.229157
21656854.58	5170810.62	0.226436
21656926.73	5170790.61	0.230287
21656998.88	5170770.6	0.333474
21657071.02	5170750.59	0.420974
21657143.17	5170730.58	0.305844
21657215.32	5170710.58	0.228671
21657287.46	5170690.57	0.227559
21657359.61	5170670.56	0.24235
21657431.76	5170650.55	0.35532
21657503.9	5170630.54	0.391346
21657576.05	5170610.54	0.347804
21657648.2	5170590.53	0.322593
21657720.34	5170570.52	0.270854
21657792.49	5170550.51	0.228414
21657864.64	5170530.5	0.335618
21657936.78	5170510.5	0.363099
21658008.93	5170490.49	0.392163
21658081.08	5170470.48	0.510445
21658153.22	5170450.47	0.503249
21658225.37	5170430.46	0.261005
21658297.52	5170410.46	0.229102
21658369.66	5170390.45	0.25779
21658441.81	5170370.44	0.434583
21658513.96	5170350.43	0.481297
21658586.1	5170330.42	0.324562
21658658.25	5170310.41	0.257363
21658730.4	5170290.41	0.2313
21658802.54	5170270.4	0.260057
21658874.69	5170250.39	0.340976
21658946.84	5170230.38	0.236555
21659018.98	5170210.37	0.230307
21659091.13	5170190.37	0.232716
21653266.87	5171881.79	0.657013
21653339.02	5171861.78	0.641161
21653411.17	5171841.77	0.589898
21653483.31	5171821.77	0.533818
21653555.46	5171801.76	0.482321
21653627.61	5171781.75	0.441542
21653699.75	5171761.74	0.387148
21653771.9	5171741.73	0.453747
21653844.05	5171721.73	0.450512
21653916.19	5171701.72	0.380062
21653988.34	5171681.71	0.34467
21654060.49	5171661.7	0.339584
21654132.63	5171641.69	0.278374
21654204.78	5171621.68	0.386361
21654276.93	5171601.68	0.401771
21654349.07	5171581.67	0.395768
21654421.22	5171561.66	0.380988
21654493.37	5171541.65	0.360444
21654565.51	5171521.64	0.354343
21654637.66	5171501.64	0.346159
21654709.81	5171481.63	0.342281
21654781.95	5171461.62	0.348182
21654854.1	5171441.61	0.342058
21654926.25	5171421.6	0.349153
21654998.39	5171401.6	0.370275
21655070.54	5171381.59	0.378102
21655142.69	5171361.58	0.390663
21655214.83	5171341.57	0.398654
21655286.98	5171321.56	0.354956
21655359.13	5171301.56	0.238575
21655431.27	5171281.55	0.231807
21655503.42	5171261.54	0.263731
21655575.57	5171241.53	0.427999
21655647.71	5171221.52	0.521759
21655719.86	5171201.52	0.547629
21655792.01	5171181.51	0.465347
21655864.15	5171161.5	0.339229
21655936.3	5171141.49	0.235384
21656008.45	5171121.48	0.381212
21656080.59	5171101.48	0.426077
21656152.74	5171081.47	0.44906
21656224.89	5171061.46	0.375405
21656297.03	5171041.45	0.252561
21656369.18	5171021.44	0.23001
21656441.33	5171001.44	0.232213
21656513.48	5170981.43	0.228063
21656585.62	5170961.42	0.226755
21656657.77	5170941.41	0.245314
21656729.91	5170921.4	0.315015
21656802.06	5170901.39	0.248711
21656874.21	5170881.39	0.233215
21656946.36	5170861.38	0.292757
21657018.5	5170841.37	0.238476
21657090.65	5170821.36	0.334265
21657162.8	5170801.35	0.352584
21657234.94	5170781.35	0.281181
21657307.09	5170761.34	0.246813
21657379.24	5170741.33	0.294785
21657451.38	5170721.32	0.369255
21657523.53	5170701.31	0.328384
21657595.68	5170681.31	0.328581
21657667.82	5170661.3	0.348846
21657739.97	5170641.29	0.361957
21657812.12	5170621.28	0.258178
21657884.26	5170601.27	0.392214
21657956.41	5170581.27	0.415304
21658028.56	5170561.26	0.368501
21658100.7	5170541.25	0.511384
21658172.85	5170521.24	0.519813
21658245	5170501.23	0.379717
21658317.14	5170481.23	0.273976
21658389.29	5170461.22	0.465639
21658461.44	5170441.21	0.518911
21658533.58	5170421.2	0.454144
21658605.73	5170401.19	0.481581
21658677.88	5170381.19	0.386796
21658750.02	5170361.18	0.249072
21658822.17	5170341.17	0.333396
21658894.32	5170321.16	0.330299
21658966.46	5170301.15	0.227959
21659038.61	5170281.15	0.259667
21653286.5	5171952.56	0.676667
21653358.65	5171932.55	0.666805
21653430.79	5171912.54	0.619663
21653502.94	5171892.54	0.55316
21653575.09	5171872.53	0.485888
21653647.23	5171852.52	0.45888
21653719.38	5171832.51	0.496759
21653791.53	5171812.5	0.523217
21653863.67	5171792.5	0.462501
21653935.82	5171772.49	0.395277
21654007.97	5171752.48	0.387883
21654080.11	5171732.47	0.390233
21654152.26	5171712.46	0.390178
21654224.41	5171692.46	0.411521
21654296.55	5171672.45	0.412989
21654368.7	5171652.44	0.40161
21654440.85	5171632.43	0.39009
21654512.99	5171612.42	0.376436
21654585.14	5171592.42	0.36024
21654657.29	5171572.41	0.340525
21654729.43	5171552.4	0.341423
21654801.58	5171532.39	0.363782
21654873.73	5171512.38	0.380933
21654945.87	5171492.37	0.384485
21655018.02	5171472.37	0.387008
21655090.17	5171452.36	0.386922
21655162.31	5171432.35	0.404438
21655234.46	5171412.34	0.424134
21655306.61	5171392.33	0.393709
21655378.75	5171372.33	0.355182
21655450.9	5171352.32	0.337935
21655523.05	5171332.31	0.411394
21655595.19	5171312.3	0.493587
21655667.34	5171292.29	0.540406
21655739.49	5171272.29	0.556626
21655811.63	5171252.28	0.553859
21655883.78	5171232.27	0.50128
21655955.93	5171212.26	0.418646
21656028.07	5171192.25	0.477592
21656100.22	5171172.25	0.501021
21656172.37	5171152.24	0.434802
21656244.51	5171132.23	0.395309
21656316.66	5171112.22	0.342315
21656388.81	5171092.21	0.268416
21656460.95	5171072.21	0.304704
21656533.1	5171052.2	0.254216
21656605.25	5171032.19	0.241092
21656677.39	5171012.18	0.33468
21656749.54	5170992.17	0.353755
21656821.69	5170972.17	0.321812
21656893.84	5170952.16	0.28159
21656965.98	5170932.15	0.335876
21657038.13	5170912.14	0.339883
21657110.27	5170892.13	0.395634
21657182.42	5170872.13	0.41489
21657254.57	5170852.12	0.384105
21657326.72	5170832.11	0.346422
21657398.86	5170812.1	0.377896
21657471.01	5170792.09	0.370627
21657543.16	5170772.09	0.332929
21657615.3	5170752.08	0.328472
21657687.45	5170732.07	0.370618
21657759.6	5170712.06	0.36019
21657831.74	5170692.05	0.331845
21657903.89	5170672.04	0.414514
21657976.04	5170652.04	0.493956
21658048.18	5170632.03	0.511124
21658120.33	5170612.02	0.55573
21658192.48	5170592.01	0.566392
21658264.62	5170572	0.54718
21658336.77	5170552	0.523844
21658408.92	5170531.99	0.560627
21658481.06	5170511.98	0.57725
21658553.21	5170491.97	0.569015
21658625.36	5170471.96	0.565022
21658697.5	5170451.96	0.526552
21658769.65	5170431.95	0.438584
21658841.8	5170411.94	0.437436
21658913.94	5170391.93	0.400919
21658986.09	5170371.92	0.331088
21659058.24	5170351.92	0.364498
21653306.13	5172023.33	0.686014
21653378.27	5172003.32	0.684272
21653450.42	5171983.31	0.644598
21653522.57	5171963.31	0.578969
21653594.71	5171943.3	0.510365
21653666.86	5171923.29	0.496308
21653739.01	5171903.28	0.557795
21653811.15	5171883.27	0.55418
21653883.3	5171863.27	0.465786
21653955.45	5171843.26	0.396679
21654027.59	5171823.25	0.393064
21654099.74	5171803.24	0.401773
21654171.89	5171783.23	0.413368
21654244.03	5171763.23	0.426609
21654316.18	5171743.22	0.423731
21654388.33	5171723.21	0.409453
21654460.47	5171703.2	0.398474
21654532.62	5171683.19	0.388958
21654604.77	5171663.19	0.373484
21654676.91	5171643.18	0.357652
21654749.06	5171623.17	0.351569
21654821.21	5171603.16	0.37744
21654893.35	5171583.15	0.391241
21654965.5	5171563.15	0.39703
21655037.65	5171543.14	0.399379
21655109.79	5171523.13	0.404607
21655181.94	5171503.12	0.450937
21655254.09	5171483.11	0.494329
21655326.23	5171463.11	0.502116
21655398.38	5171443.1	0.497928
21655470.53	5171423.09	0.456812
21655542.67	5171403.08	0.496663
21655614.82	5171383.07	0.51535
21655686.97	5171363.07	0.5461
21655759.11	5171343.06	0.552441
21655831.26	5171323.05	0.549132
21655903.41	5171303.04	0.53424
21655975.55	5171283.03	0.516985
21656047.7	5171263.02	0.506984
21656119.85	5171243.02	0.462792
21656191.99	5171223.01	0.405995
21656264.14	5171203	0.38569
21656336.29	5171182.99	0.382606
21656408.43	5171162.98	0.364634
21656480.58	5171142.98	0.35367
21656552.73	5171122.97	0.334142
21656624.87	5171102.96	0.326128
21656697.02	5171082.95	0.358312
21656769.17	5171062.94	0.368763
21656841.31	5171042.94	0.37011
21656913.46	5171022.93	0.36096
21656985.61	5171002.92	0.362063
21657057.75	5170982.91	0.355127
21657129.9	5170962.9	0.393354
21657202.05	5170942.9	0.430874
21657274.19	5170922.89	0.414954
21657346.34	5170902.88	0.413575
21657418.49	5170882.87	0.41363
21657490.64	5170862.86	0.387495
21657562.78	5170842.86	0.364759
21657634.93	5170822.85	0.344113
21657707.08	5170802.84	0.358699
21657779.22	5170782.83	0.329795
21657851.37	5170762.82	0.354171
21657923.52	5170742.82	0.426093
21657995.66	5170722.81	0.508317
21658067.81	5170702.8	0.56544
21658139.96	5170682.79	0.589348
21658212.1	5170662.78	0.602085
21658284.25	5170642.78	0.599974
21658356.4	5170622.77	0.594412
21658428.54	5170602.76	0.598097
21658500.69	5170582.75	0.602439
21658572.84	5170562.74	0.59708
21658644.98	5170542.74	0.586678
21658717.13	5170522.73	0.569414
21658789.28	5170502.72	0.535052
21658861.42	5170482.71	0.513803
21658933.57	5170462.7	0.457136
21659005.72	5170442.69	0.399608
21659077.86	5170422.69	0.409834
21653253.61	5172114.11	0.671082
21653325.75	5172094.1	0.677158
21653397.9	5172074.09	0.674632
21653470.05	5172054.09	0.642811
21653542.19	5172034.08	0.571333
21653614.34	5172014.07	0.511761
21653686.49	5171994.06	0.51793
21653758.63	5171974.05	0.619769
21653830.78	5171954.05	0.588141
21653902.93	5171934.04	0.4673
21653975.07	5171914.03	0.395575
21654047.22	5171894.02	0.388691
21654119.37	5171874.01	0.401889
21654191.51	5171854	0.422512
21654263.66	5171834	0.434319
21654335.81	5171813.99	0.433198
21654407.95	5171793.98	0.42441
21654480.1	5171773.97	0.412654
21654552.25	5171753.96	0.401309
21654624.39	5171733.96	0.392226
21654696.54	5171713.95	0.379133
21654768.69	5171693.94	0.377255
21654840.83	5171673.93	0.382911
21654912.98	5171653.92	0.384884
21654985.13	5171633.92	0.384598
21655057.27	5171613.91	0.383879
21655129.42	5171593.9	0.400415
21655201.57	5171573.89	0.436817
21655273.71	5171553.88	0.464962
21655345.86	5171533.88	0.49553
21655418.01	5171513.87	0.512181
21655490.15	5171493.86	0.523299
21655562.3	5171473.85	0.525432
21655634.45	5171453.84	0.522205
21655706.59	5171433.84	0.527731
21655778.74	5171413.83	0.530473
21655850.89	5171393.82	0.519249
21655923.03	5171373.81	0.515476
21655995.18	5171353.8	0.502913
21656067.33	5171333.8	0.464078
21656139.47	5171313.79	0.414331
21656211.62	5171293.78	0.38018
21656283.77	5171273.77	0.366406
21656355.91	5171253.76	0.376814
21656428.06	5171233.76	0.365341
21656500.21	5171213.75	0.352022
21656572.35	5171193.74	0.331919
21656644.5	5171173.73	0.339601
21656716.65	5171153.72	0.347873
21656788.79	5171133.72	0.351425
21656860.94	5171113.71	0.383824
21656933.09	5171093.7	0.384316
21657005.23	5171073.69	0.370548
21657077.38	5171053.68	0.349932
21657149.53	5171033.67	0.371419
21657221.67	5171013.67	0.404749
21657293.82	5170993.66	0.437105
21657365.97	5170973.65	0.445283
21657438.11	5170953.64	0.43488
21657510.26	5170933.63	0.405357
21657582.41	5170913.63	0.393176
21657654.55	5170893.62	0.351289
21657726.7	5170873.61	0.253602
21657798.85	5170853.6	0.231301
21657870.99	5170833.59	0.342624
21657943.14	5170813.59	0.435096
21658015.29	5170793.58	0.519748
21658087.44	5170773.57	0.584587
21658159.58	5170753.56	0.6083
21658231.73	5170733.55	0.626525
21658303.88	5170713.55	0.632534
21658376.02	5170693.54	0.625951
21658448.17	5170673.53	0.623463
21658520.32	5170653.52	0.62363
21658592.46	5170633.51	0.616355
21658664.61	5170613.51	0.60603
21658736.76	5170593.5	0.596785
21658808.9	5170573.49	0.570136
21658881.05	5170553.48	0.549477
21658953.2	5170533.47	0.531338
21659025.34	5170513.47	0.431475
21659097.49	5170493.46	0.434732
21653273.23	5172184.88	0.668789
21653345.38	5172164.87	0.668644
21653417.53	5172144.86	0.668538
21653489.67	5172124.86	0.660363
21653561.82	5172104.85	0.57877
21653633.97	5172084.84	0.50869
21653706.11	5172064.83	0.447746
21653778.26	5172044.82	0.49152
21653850.41	5172024.82	0.467346
21653922.55	5172004.81	0.398504
21653994.7	5171984.8	0.377513
21654066.85	5171964.79	0.381721
21654138.99	5171944.78	0.400909
21654211.14	5171924.78	0.42374
21654283.29	5171904.77	0.43751
21654355.43	5171884.76	0.441275
21654427.58	5171864.75	0.438655
21654499.73	5171844.74	0.432252
21654571.87	5171824.74	0.423217
21654644.02	5171804.73	0.411244
21654716.17	5171784.72	0.39788
21654788.31	5171764.71	0.395573
21654860.46	5171744.7	0.393746
21654932.61	5171724.7	0.391124
21655004.75	5171704.69	0.382576
21655076.9	5171684.68	0.38114
21655149.05	5171664.67	0.394632
21655221.19	5171644.66	0.40788
21655293.34	5171624.65	0.409289
21655365.49	5171604.65	0.411579
21655437.63	5171584.64	0.42
21655509.78	5171564.63	0.426601
21655581.93	5171544.62	0.428316
21655654.07	5171524.61	0.447584
21655726.22	5171504.61	0.474519
21655798.37	5171484.6	0.473536
21655870.51	5171464.59	0.471833
21655942.66	5171444.58	0.477776
21656014.81	5171424.57	0.461546
21656086.95	5171404.57	0.430141
21656159.1	5171384.56	0.39109
21656231.25	5171364.55	0.374312
21656303.39	5171344.54	0.369579
21656375.54	5171324.53	0.385501
21656447.69	5171304.53	0.37009
21656519.83	5171284.52	0.352316
21656591.98	5171264.51	0.351879
21656664.13	5171244.5	0.357849
21656736.27	5171224.49	0.372708
21656808.42	5171204.49	0.357296
21656880.57	5171184.48	0.365974
21656952.71	5171164.47	0.367778
21657024.86	5171144.46	0.349365
21657097.01	5171124.45	0.330357
21657169.15	5171104.45	0.333549
21657241.3	5171084.44	0.399091
21657313.45	5171064.43	0.420767
21657385.59	5171044.42	0.430363
21657457.74	5171024.41	0.423045
21657529.89	5171004.41	0.424043
21657602.03	5170984.4	0.406834
21657674.18	5170964.39	0.365364
21657746.33	5170944.38	0.326612
21657818.47	5170924.37	0.236456
21657890.62	5170904.36	0.328717
21657962.77	5170884.36	0.4383
21658034.91	5170864.35	0.526215
21658107.06	5170844.34	0.59431
21658179.21	5170824.33	0.623602
21658251.36	5170804.32	0.64092
21658323.5	5170784.32	0.643569
21658395.65	5170764.31	0.640463
21658467.8	5170744.3	0.638097
21658539.94	5170724.29	0.637182
21658612.09	5170704.28	0.627257
21658684.24	5170684.28	0.620659
21658756.38	5170664.27	0.614295
21658828.53	5170644.26	0.599112
21658900.68	5170624.25	0.5833
21658972.82	5170604.24	0.575519
21659044.97	5170584.24	0.524077
