21653307.22	5170346.33	768.929
21653379.37	5170326.32	726.821
21653451.52	5170306.31	716.546
21653523.66	5170286.3	778.264
21653595.81	5170266.29	740.592
21653667.96	5170246.29	722.992
21653740.1	5170226.28	697.951
21653812.25	5170206.27	675.577
21653884.4	5170186.26	543.393
21653956.54	5170166.25	325.364
21654028.69	5170146.25	61.9244
21654100.84	5170126.24	34.7919
21654172.98	5170106.23	36.35
21654245.13	5170086.22	16.8772
21654317.28	5170066.21	36.9035
21654389.42	5170046.21	281.634
21654461.57	5170026.2	364.995
21654533.72	5170006.19	404.322
21654605.86	5169986.18	443.039
21654678.01	5169966.17	288.992
21654750.16	5169946.17	74.9144
21654822.31	5169926.16	158.161
21654894.45	5169906.15	176.608
21654966.6	5169886.14	23.827
21655038.75	5169866.13	13
21655110.89	5169846.13	24.1407
21655183.04	5169826.12	21.3231
21655255.19	5169806.11	409.952
21655327.33	5169786.1	435.148
21655399.48	5169766.09	686.316
21653254.7	5170437.11	774.878
21653326.85	5170417.1	773.694
21653399	5170397.09	758.327
21653471.14	5170377.08	748.399
21653543.29	5170357.07	776.769
21653615.44	5170337.07	778.529
21653687.58	5170317.06	764.157
21653759.73	5170297.05	734.788
21653831.88	5170277.04	696.597
21653904.02	5170257.03	706.515
21653976.17	5170237.03	626.241
21654048.32	5170217.02	259.524
21654120.46	5170197.01	127.689
21654192.61	5170177	82.8161
21654264.76	5170156.99	37.4294
21654336.9	5170136.98	174.636
21654409.05	5170116.98	578.07
21654481.2	5170096.97	541.879
21654553.34	5170076.96	595.936
21654625.49	5170056.95	612.657
21654697.64	5170036.94	558.114
21654769.78	5170016.94	413.478
21654841.93	5169996.93	35.5206
21654914.08	5169976.92	170.599
21654986.23	5169956.91	22.7782
21655058.37	5169936.9	13.6755
21655130.52	5169916.9	27.8605
21655202.66	5169896.89	242.257
21655274.81	5169876.88	726.978
21655346.96	5169856.87	628.751
21655419.11	5169836.86	638.137
21655491.25	5169816.86	725.851
21655563.4	5169796.85	450.24
21655635.55	5169776.84	310.428
21655707.69	5169756.83	137.092
21655779.84	5169736.82	293.674
21655851.99	5169716.82	197.689
21655924.13	5169696.81	28.1296
21655996.28	5169676.8	19.5009
21656068.43	5169656.79	59.9261
21656140.57	5169636.78	407.512
21656212.72	5169616.78	557.568
21656284.87	5169596.77	581.661
21656357.01	5169576.76	632.643
21656429.16	5169556.75	567.201
21656501.31	5169536.74	466.314
21656573.45	5169516.74	292.508
21656645.6	5169496.73	441.967
21656717.75	5169476.72	695.066
21656789.89	5169456.71	620.561
21656862.04	5169436.7	646.379
21656934.19	5169416.69	681.427
21657006.33	5169396.69	712.379
21657078.48	5169376.68	974.166
21657150.63	5169356.67	827.697
21657222.77	5169336.66	735.126
21657294.92	5169316.65	497.868
21657367.07	5169296.65	389.166
21657439.21	5169276.64	270.497
21657511.36	5169256.63	88.605
21657583.51	5169236.62	280.249
21657655.65	5169216.61	578.222
21657727.8	5169196.61	662.321
21657799.95	5169176.6	724.446
21657872.09	5169156.59	730.839
21657944.24	5169136.58	617.146
21658016.39	5169116.57	625.145
21658088.53	5169096.57	220.754
21658160.68	5169076.56	538.033
21658232.83	5169056.55	607.887
21658304.97	5169036.54	604.302
21658377.12	5169016.53	666.727
21658449.27	5168996.53	653.153
21658521.41	5168976.52	433.117
21658593.56	5168956.51	639.688
21658665.71	5168936.5	713.459
21658737.85	5168916.49	720.817
21658810	5168896.49	664.106
21658882.15	5168876.48	537.992
21658954.29	5168856.47	604.537
21659026.44	5168836.46	360.651
21659098.59	5168816.45	201.14
21653274.33	5170507.88	769.697
21653346.48	5170487.87	742.643
21653418.62	5170467.86	767.497
21653490.77	5170447.85	732.024
21653562.92	5170427.84	769.712
21653635.06	5170407.84	766.622
21653707.21	5170387.83	708.457
21653779.36	5170367.82	759.532
21653851.5	5170347.81	703.074
21653923.65	5170327.8	743.387
21653995.8	5170307.8	657.972
21654067.94	5170287.79	568.741
21654140.09	5170267.78	520.538
21654212.24	5170247.77	476.297
21654284.38	5170227.76	548.378
21654356.53	5170207.76	553.236
21654428.68	5170187.75	676.006
21654500.82	5170167.74	699.048
21654572.97	5170147.73	671.489
21654645.12	5170127.72	718.044
21654717.26	5170107.72	729.921
21654789.41	5170087.71	460.733
21654861.56	5170067.7	111.832
21654933.7	5170047.69	32.036
21655005.85	5170027.68	30.0492
21655078	5170007.68	10.0088
21655150.14	5169987.67	13
21655222.29	5169967.66	410.633
21655294.44	5169947.65	697.109
21655366.58	5169927.64	697.663
21655438.73	5169907.63	695.832
21655510.88	5169887.63	671.612
21655583.03	5169867.62	472.778
21655655.17	5169847.61	392.943
21655727.32	5169827.6	146.659
21655799.47	5169807.59	31.9633
21655871.61	5169787.59	28.4923
21655943.76	5169767.58	84.6128
21656015.91	5169747.57	434.618
21656088.05	5169727.56	430.868
21656160.2	5169707.55	680.844
21656232.35	5169687.55	594.194
21656304.49	5169667.54	677.441
21656376.64	5169647.53	598.936
21656448.79	5169627.52	570.448
21656520.93	5169607.51	579.288
21656593.08	5169587.51	697.742
21656665.23	5169567.5	471.372
21656737.37	5169547.49	685.519
21656809.52	5169527.48	630.506
21656881.67	5169507.47	677.507
21656953.81	5169487.47	633.603
21657025.96	5169467.46	152.166
21657098.11	5169447.45	832.333
21657170.25	5169427.44	758.178
21657242.4	5169407.43	525.565
21657314.55	5169387.43	309.774
21657386.69	5169367.42	234.485
21657458.84	5169347.41	429.238
21657530.99	5169327.4	312.449
21657603.13	5169307.39	491.658
21657675.28	5169287.39	606.656
21657747.43	5169267.38	696.599
21657819.57	5169247.37	730.813
21657891.72	5169227.36	737.618
21657963.87	5169207.35	661.042
21658036.01	5169187.34	700.261
21658108.16	5169167.34	475.507
21658180.31	5169147.33	571.718
21658252.45	5169127.32	485.617
21658324.6	5169107.31	582.644
21658396.75	5169087.3	661.334
21658468.89	5169067.3	700.483
21658541.04	5169047.29	663.267
21658613.19	5169027.28	567.011
21658685.33	5169007.27	727.663
21658757.48	5168987.26	672.709
21658829.63	5168967.26	677.358
21658901.77	5168947.25	673.984
21658973.92	5168927.24	477.737
21659046.07	5168907.23	267.251
21653293.96	5170578.65	779.052
21653366.1	5170558.64	767.044
21653438.25	5170538.63	753.069
21653510.4	5170518.62	760.144
21653582.54	5170498.61	740.036
21653654.69	5170478.61	699.483
21653726.84	5170458.6	730.733
21653798.98	5170438.59	782.354
21653871.13	5170418.58	779.854
21653943.28	5170398.57	810.794
21654015.42	5170378.57	839.754
21654087.57	5170358.56	779.892
21654159.72	5170338.55	816.337
21654231.86	5170318.54	785.001
21654304.01	5170298.53	727.021
21654376.16	5170278.53	785.86
21654448.3	5170258.52	786.946
21654520.45	5170238.51	742.837
21654592.6	5170218.5	640.406
21654664.74	5170198.49	635.914
21654736.89	5170178.49	567.294
21654809.04	5170158.48	306.909
21654881.18	5170138.47	27.3095
21654953.33	5170118.46	19.6219
21655025.48	5170098.45	20.791
21655097.62	5170078.45	21.0542
21655169.77	5170058.44	76.2833
21655241.92	5170038.43	425.86
21655314.06	5170018.42	737.106
21655386.21	5169998.41	722.848
21655458.36	5169978.41	623.511
21655530.5	5169958.4	743.512
21655602.65	5169938.39	466.367
21655674.8	5169918.38	308.796
21655746.95	5169898.37	450.525
21655819.09	5169878.37	14.475
21655891.24	5169858.36	36.9015
21655963.38	5169838.35	328.917
21656035.53	5169818.34	655.056
21656107.68	5169798.33	824.455
21656179.83	5169778.32	693.247
21656251.97	5169758.32	640.615
21656324.12	5169738.31	651.504
21656396.27	5169718.3	721.844
21656468.41	5169698.29	641.498
21656540.56	5169678.28	504.206
21656612.71	5169658.28	464.994
21656684.85	5169638.27	544.627
21656757	5169618.26	612.236
21656829.15	5169598.25	701.518
21656901.29	5169578.24	640.557
21656973.44	5169558.24	634.901
21657045.59	5169538.23	230.019
21657117.73	5169518.22	740.622
21657189.88	5169498.21	711.948
21657262.03	5169478.2	618.024
21657334.17	5169458.2	351.409
21657406.32	5169438.19	139.585
21657478.47	5169418.18	106.571
21657550.61	5169398.17	207.042
21657622.76	5169378.16	211.117
21657694.91	5169358.16	552.502
21657767.05	5169338.15	700.84
21657839.2	5169318.14	763.548
21657911.35	5169298.13	783.469
21657983.49	5169278.12	787.833
21658055.64	5169258.12	742.571
21658127.79	5169238.11	730.891
21658199.93	5169218.1	636.689
21658272.08	5169198.09	278.673
21658344.23	5169178.08	521.357
21658416.37	5169158.08	638.013
21658488.52	5169138.07	594.107
21658560.67	5169118.06	574.007
21658632.81	5169098.05	183.497
21658704.96	5169078.04	551.339
21658777.11	5169058.03	672.608
21658849.25	5169038.03	710.292
21658921.4	5169018.02	491.554
21658993.55	5168998.01	594.457
21659065.69	5168978	468.498
21653313.58	5170649.42	792.418
21653385.73	5170629.41	812.237
21653457.88	5170609.4	776.896
21653530.02	5170589.39	734.156
21653602.17	5170569.39	772.559
21653674.32	5170549.38	768.176
21653746.46	5170529.37	764.333
21653818.61	5170509.36	773.562
21653890.76	5170489.35	812.719
21653962.9	5170469.35	848.853
21654035.05	5170449.34	858.457
21654107.2	5170429.33	870.933
21654179.34	5170409.32	865.509
21654251.49	5170389.31	805.278
21654323.64	5170369.3	788.925
21654395.78	5170349.3	827.073
21654467.93	5170329.29	805.56
21654540.08	5170309.28	792.167
21654612.22	5170289.27	757.883
21654684.37	5170269.26	660.3
21654756.52	5170249.26	568.514
21654828.66	5170229.25	246.902
21654900.81	5170209.24	33.3636
21654972.96	5170189.23	212.346
21655045.1	5170169.22	222.653
21655117.25	5170149.22	112.108
21655189.4	5170129.21	322.061
21655261.54	5170109.2	709.629
21655333.69	5170089.19	649.422
21655405.84	5170069.18	747.606
21655477.98	5170049.18	666.471
21655550.13	5170029.17	692.611
21655622.28	5170009.16	678.634
21655694.42	5169989.15	569.358
21655766.57	5169969.14	599.869
21655838.72	5169949.14	33.7516
21655910.86	5169929.13	132.808
21655983.01	5169909.12	513.336
21656055.16	5169889.11	729.356
21656127.3	5169869.1	769.301
21656199.45	5169849.1	769.473
21656271.6	5169829.09	684.546
21656343.75	5169809.08	556.188
21656415.89	5169789.07	665.378
21656488.04	5169769.06	599.455
21656560.19	5169749.06	338.041
21656632.33	5169729.05	406.182
21656704.48	5169709.04	599.458
21656776.63	5169689.03	729.156
21656848.77	5169669.02	718.413
21656920.92	5169649.02	571.008
21656993.07	5169629.01	357.108
21657065.21	5169609	139.773
21657137.36	5169588.99	557.795
21657209.51	5169568.98	584.554
21657281.65	5169548.97	629.372
21657353.8	5169528.97	727.787
21657425.95	5169508.96	392.146
21657498.09	5169488.95	190.806
21657570.24	5169468.94	187.785
21657642.39	5169448.93	275.756
21657714.53	5169428.93	531.891
21657786.68	5169408.92	686.792
21657858.83	5169388.91	765.176
21657930.97	5169368.9	804.977
21658003.12	5169348.89	794.96
21658075.27	5169328.89	765.288
21658147.41	5169308.88	724.203
21658219.56	5169288.87	678.589
21658291.71	5169268.86	598.73
21658363.85	5169248.85	593.591
21658436	5169228.85	617.301
21658508.15	5169208.84	554.208
21658580.29	5169188.83	660.088
21658652.44	5169168.82	500.271
21658724.59	5169148.81	451.253
21658796.73	5169128.81	687.984
21658868.88	5169108.8	723.451
21658941.03	5169088.79	682.061
21659013.17	5169068.78	660.821
21659085.32	5169048.77	431.465
21653261.06	5170740.2	723.672
21653333.21	5170720.19	805.936
21653405.36	5170700.18	837.248
21653477.5	5170680.17	837.637
21653549.65	5170660.16	868.854
21653621.8	5170640.16	843.239
21653693.94	5170620.15	678.166
21653766.09	5170600.14	768.929
21653838.24	5170580.13	757.973
21653910.38	5170560.12	830.003
21653982.53	5170540.12	846.428
21654054.68	5170520.11	797.979
21654126.82	5170500.1	843.057
21654198.97	5170480.09	853.743
21654271.12	5170460.08	801.932
21654343.26	5170440.08	781.986
21654415.41	5170420.07	786.986
21654487.56	5170400.06	787.657
21654559.7	5170380.05	825.75
21654631.85	5170360.04	760.273
21654704	5170340.04	693.561
21654776.14	5170320.03	618.513
21654848.29	5170300.02	332.37
21654920.44	5170280.01	556.833
21654992.58	5170260	728.28
21655064.73	5170240	627.397
21655136.88	5170219.99	611.812
21655209.02	5170199.98	682.142
21655281.17	5170179.97	807.479
21655353.32	5170159.96	742.144
21655425.46	5170139.95	758.062
21655497.61	5170119.95	732.361
21655569.76	5170099.94	708.076
21655641.9	5170079.93	817.506
21655714.05	5170059.92	734.197
21655786.2	5170039.91	666.422
21655858.34	5170019.91	754.539
21655930.49	5169999.9	586.638
21656002.64	5169979.89	477.218
21656074.78	5169959.88	620.549
21656146.93	5169939.87	806.769
21656219.08	5169919.87	767.349
21656291.22	5169899.86	717.804
21656363.37	5169879.85	552.424
21656435.52	5169859.84	666.646
21656507.66	5169839.83	481.447
21656579.81	5169819.83	485.154
21656651.96	5169799.82	429.848
21656724.1	5169779.81	557.997
21656796.25	5169759.8	596.268
21656868.4	5169739.79	668.634
21656940.55	5169719.79	604.792
21657012.69	5169699.78	658.169
21657084.84	5169679.77	451.303
21657156.99	5169659.76	531.346
21657229.13	5169639.75	653.954
21657301.28	5169619.75	646.13
21657373.43	5169599.74	625.931
21657445.57	5169579.73	428.723
21657517.72	5169559.72	231.709
21657589.87	5169539.71	305.138
21657662.01	5169519.71	464.7
21657734.16	5169499.7	536.234
21657806.31	5169479.69	612.131
21657878.45	5169459.68	727.067
21657950.6	5169439.67	793.777
21658022.75	5169419.66	782.426
21658094.89	5169399.66	725.047
21658167.04	5169379.65	673.444
21658239.19	5169359.64	602.089
21658311.33	5169339.63	406.992
21658383.48	5169319.62	311.551
21658455.63	5169299.62	275.703
21658527.77	5169279.61	499.677
21658599.92	5169259.6	650.017
21658672.07	5169239.59	589.302
21658744.21	5169219.58	604.793
21658816.36	5169199.58	661.242
21658888.51	5169179.57	686.153
21658960.65	5169159.56	725.166
21659032.8	5169139.55	655.153
21659104.95	5169119.54	658.44
21653280.69	5170810.97	734.566
21653352.84	5170790.96	820.031
21653424.98	5170770.95	837.319
21653497.13	5170750.94	833.599
21653569.28	5170730.93	858.288
21653641.42	5170710.93	760.579
21653713.57	5170690.92	96.4989
21653785.72	5170670.91	762.928
21653857.86	5170650.9	796.829
21653930.01	5170630.89	828.674
21654002.16	5170610.89	923.55
21654074.3	5170590.88	782.979
21654146.45	5170570.87	794.172
21654218.6	5170550.86	812.308
21654290.74	5170530.85	813.693
21654362.89	5170510.85	770.741
21654435.04	5170490.84	755.919
21654507.18	5170470.83	771.72
21654579.33	5170450.82	797.042
21654651.48	5170430.81	749.246
21654723.62	5170410.81	685.628
21654795.77	5170390.8	635.777
21654867.92	5170370.79	43.8311
21654940.06	5170350.78	224.953
21655012.21	5170330.77	465.287
21655084.36	5170310.77	213.252
21655156.5	5170290.76	113.557
21655228.65	5170270.75	246.987
21655300.8	5170250.74	831.914
21655372.94	5170230.73	778.824
21655445.09	5170210.73	712.512
21655517.24	5170190.72	662.551
21655589.38	5170170.71	788.034
21655661.53	5170150.7	809.183
21655733.68	5170130.69	741.272
21655805.82	5170110.69	662.034
21655877.97	5170090.68	726.419
21655950.12	5170070.67	422.117
21656022.26	5170050.66	9.97111
21656094.41	5170030.65	235.114
21656166.56	5170010.65	515.882
21656238.7	5169990.64	632.102
21656310.85	5169970.63	527.213
21656383	5169950.62	588.748
21656455.14	5169930.61	645.707
21656527.29	5169910.6	598.232
21656599.44	5169890.6	613.071
21656671.58	5169870.59	615.694
21656743.73	5169850.58	587.637
21656815.88	5169830.57	633.255
21656888.02	5169810.56	661.121
21656960.17	5169790.56	747.348
21657032.32	5169770.55	680.612
21657104.47	5169750.54	723.64
21657176.61	5169730.53	736.938
21657248.76	5169710.52	744.52
21657320.91	5169690.52	718.079
21657393.05	5169670.51	646.46
21657465.2	5169650.5	347.355
21657537.35	5169630.49	191.549
21657609.49	5169610.48	427.967
21657681.64	5169590.48	489.647
21657753.79	5169570.47	442.614
21657825.93	5169550.46	384.697
21657898.08	5169530.45	521.788
21657970.23	5169510.44	662.142
21658042.37	5169490.44	619.426
21658114.52	5169470.43	666.028
21658186.67	5169450.42	492.317
21658258.81	5169430.41	151.388
21658330.96	5169410.4	247.889
21658403.11	5169390.4	193.268
21658475.25	5169370.39	117.891
21658547.4	5169350.38	287.082
21658619.55	5169330.37	353.103
21658691.69	5169310.36	600.971
21658763.84	5169290.36	630.546
21658835.99	5169270.35	743.731
21658908.13	5169250.34	677.988
21658980.28	5169230.33	641.789
21659052.43	5169210.32	633.395
21653300.32	5170881.74	756.381
21653372.46	5170861.73	770.815
21653444.61	5170841.72	780.622
21653516.76	5170821.71	788.609
21653588.9	5170801.71	775.003
21653661.05	5170781.7	588.784
21653733.2	5170761.69	400.709
21653805.34	5170741.68	791.957
21653877.49	5170721.67	789.45
21653949.64	5170701.67	803.515
21654021.78	5170681.66	888.905
21654093.93	5170661.65	771.026
21654166.08	5170641.64	777.122
21654238.22	5170621.63	784.526
21654310.37	5170601.63	788.999
21654382.52	5170581.62	777.084
21654454.66	5170561.61	759.279
21654526.81	5170541.6	686.826
21654598.96	5170521.59	689.832
21654671.1	5170501.58	629.089
21654743.25	5170481.58	404.601
21654815.4	5170461.57	523.772
21654887.54	5170441.56	35.1214
21654959.69	5170421.55	190.94
21655031.84	5170401.54	250.366
21655103.98	5170381.54	313.026
21655176.13	5170361.53	300.434
21655248.28	5170341.52	150.706
21655320.42	5170321.51	424.664
21655392.57	5170301.5	767.626
21655464.72	5170281.5	761.494
21655536.86	5170261.49	690.819
21655609.01	5170241.48	695.458
21655681.16	5170221.47	768.464
21655753.3	5170201.46	745.445
21655825.45	5170181.46	684.388
21655897.6	5170161.45	729.023
21655969.74	5170141.44	743.504
21656041.89	5170121.43	657.996
21656114.04	5170101.42	300.021
21656186.18	5170081.42	174.942
21656258.33	5170061.41	164.251
21656330.48	5170041.4	310.528
21656402.62	5170021.39	352.396
21656474.77	5170001.38	725.133
21656546.92	5169981.38	683.592
21656619.06	5169961.37	692.617
21656691.21	5169941.36	731.709
21656763.36	5169921.35	676.462
21656835.5	5169901.34	604.544
21656907.65	5169881.34	578.383
21656979.8	5169861.33	389.203
21657051.94	5169841.32	610.177
21657124.09	5169821.31	564.988
21657196.24	5169801.3	549.815
21657268.38	5169781.3	683.106
21657340.53	5169761.29	689.681
21657412.68	5169741.28	680.139
21657484.83	5169721.27	37.3773
21657556.97	5169701.26	135.441
21657629.12	5169681.25	262.558
21657701.27	5169661.25	441.373
21657773.41	5169641.24	620.916
21657845.56	5169621.23	645.144
21657917.71	5169601.22	578.519
21657989.85	5169581.21	401.784
21658062	5169561.21	213.71
21658134.15	5169541.2	103.165
21658206.29	5169521.19	32.6032
21658278.44	5169501.18	17.8574
21658350.59	5169481.17	18.7771
21658422.73	5169461.17	34.8147
21658494.88	5169441.16	115.791
21658567.03	5169421.15	451.386
21658639.17	5169401.14	511.518
21658711.32	5169381.13	684.802
21658783.47	5169361.13	736.529
21658855.61	5169341.12	725.467
21658927.76	5169321.11	732.614
21658999.91	5169301.1	691.648
21659072.05	5169281.09	697.361
21653247.8	5170972.52	766.45
21653319.94	5170952.51	778.1
21653392.09	5170932.5	773.279
21653464.24	5170912.49	753.657
21653536.38	5170892.48	782.801
21653608.53	5170872.48	775.786
21653680.68	5170852.47	800.152
21653752.82	5170832.46	810.729
21653824.97	5170812.45	813.107
21653897.12	5170792.44	816.954
21653969.26	5170772.44	819.756
21654041.41	5170752.43	818.81
21654113.56	5170732.42	781.112
21654185.7	5170712.41	769.639
21654257.85	5170692.4	785.576
21654330	5170672.4	793.4
21654402.14	5170652.39	800.592
21654474.29	5170632.38	781.604
21654546.44	5170612.37	746.283
21654618.58	5170592.36	697.557
21654690.73	5170572.36	590.361
21654762.88	5170552.35	774.779
21654835.02	5170532.34	704.25
21654907.17	5170512.33	706.334
21654979.32	5170492.32	719.601
21655051.46	5170472.32	740.326
21655123.61	5170452.31	706.828
21655195.76	5170432.3	639.546
21655267.9	5170412.29	625.272
21655340.05	5170392.28	569.617
21655412.2	5170372.28	732.102
21655484.34	5170352.27	707.618
21655556.49	5170332.26	704.452
21655628.64	5170312.25	775.852
21655700.78	5170292.24	826.696
21655772.93	5170272.23	826.657
21655845.08	5170252.23	752.718
21655917.22	5170232.22	583.719
21655989.37	5170212.21	697.798
21656061.52	5170192.2	772.517
21656133.66	5170172.19	274.363
21656205.81	5170152.19	193.273
21656277.96	5170132.18	15.7411
21656350.1	5170112.17	31.3549
21656422.25	5170092.16	403.006
21656494.4	5170072.15	813.101
21656566.54	5170052.15	705.332
21656638.69	5170032.14	697.868
21656710.84	5170012.13	736.017
21656782.98	5169992.12	733.056
21656855.13	5169972.11	609.313
21656927.28	5169952.11	567.116
21656999.42	5169932.1	465.686
21657071.57	5169912.09	585.387
21657143.72	5169892.08	697.817
21657215.86	5169872.07	673.67
21657288.01	5169852.07	596.283
21657360.16	5169832.06	628.827
21657432.3	5169812.05	470.723
21657504.45	5169792.04	334.149
21657576.6	5169772.03	432.431
21657648.74	5169752.03	440.772
21657720.89	5169732.02	601.86
21657793.04	5169712.01	671.26
21657865.18	5169692	736.953
21657937.33	5169671.99	639.422
21658009.48	5169651.99	557.281
21658081.63	5169631.98	134.665
21658153.77	5169611.97	23.7687
21658225.92	5169591.96	19.2002
21658298.07	5169571.95	0.5
21658370.21	5169551.94	26.7115
21658442.36	5169531.94	276.663
21658514.51	5169511.93	574.601
21658586.65	5169491.92	632.288
21658658.8	5169471.91	703.383
21658730.95	5169451.9	700.109
21658803.09	5169431.9	700.242
21658875.24	5169411.89	693.876
21658947.39	5169391.88	676.724
21659019.53	5169371.87	671.231
21659091.68	5169351.86	746.77
21653267.42	5171043.29	786.133
21653339.57	5171023.28	773.467
21653411.72	5171003.27	750.926
21653483.86	5170983.26	752.586
21653556.01	5170963.26	787.319
21653628.16	5170943.25	853.872
21653700.3	5170923.24	866.262
21653772.45	5170903.23	822.924
21653844.6	5170883.22	811.387
21653916.74	5170863.21	816.973
21653988.89	5170843.21	861.713
21654061.04	5170823.2	890.928
21654133.18	5170803.19	823.347
21654205.33	5170783.18	764.008
21654277.48	5170763.17	762.854
21654349.62	5170743.17	733.69
21654421.77	5170723.16	818.234
21654493.92	5170703.15	852.213
21654566.06	5170683.14	760.796
21654638.21	5170663.13	797.936
21654710.36	5170643.13	622.048
21654782.5	5170623.12	758.948
21654854.65	5170603.11	786.38
21654926.8	5170583.1	533.815
21654998.94	5170563.09	429.824
21655071.09	5170543.09	794.719
21655143.24	5170523.08	740.71
21655215.38	5170503.07	717.996
21655287.53	5170483.06	791.008
21655359.68	5170463.05	789.447
21655431.82	5170443.05	813.219
21655503.97	5170423.04	789.606
21655576.12	5170403.03	707.203
21655648.26	5170383.02	746.601
21655720.41	5170363.01	795.473
21655792.56	5170343.01	783.508
21655864.7	5170323	757.234
21655936.85	5170302.99	735.619
21656009	5170282.98	704.149
21656081.14	5170262.97	653.47
21656153.29	5170242.97	697.57
21656225.44	5170222.96	738.926
21656297.58	5170202.95	684.961
21656369.73	5170182.94	346.721
21656441.88	5170162.93	400.385
21656514.02	5170142.93	754.343
21656586.17	5170122.92	741.769
21656658.32	5170102.91	732.921
21656730.46	5170082.9	744.153
21656802.61	5170062.89	656.499
21656874.76	5170042.88	689.099
21656946.9	5170022.88	800.854
21657019.05	5170002.87	554.519
21657091.2	5169982.86	722.818
21657163.34	5169962.85	760.183
21657235.49	5169942.84	714.9
21657307.64	5169922.84	653.118
21657379.78	5169902.83	577.287
21657451.93	5169882.82	660.179
21657524.08	5169862.81	642.869
21657596.22	5169842.8	455.827
21657668.37	5169822.8	263.819
21657740.52	5169802.79	432.667
21657812.66	5169782.78	495.153
21657884.81	5169762.77	454.492
21657956.96	5169742.76	416.706
21658029.1	5169722.76	404.889
21658101.25	5169702.75	19.6989
21658173.4	5169682.74	22.8939
21658245.54	5169662.73	37.1444
21658317.69	5169642.72	105.246
21658389.84	5169622.72	446.291
21658461.99	5169602.71	586.775
21658534.13	5169582.7	728.247
21658606.28	5169562.69	643.567
21658678.43	5169542.68	693.717
21658750.57	5169522.68	691.243
21658822.72	5169502.67	655.576
21658894.87	5169482.66	703.993
21658967.01	5169462.65	699.699
21659039.16	5169442.64	684.193
21659111.31	5169422.64	716.264
21653287.05	5171114.06	756.171
21653359.2	5171094.05	700.437
21653431.34	5171074.04	724.052
21653503.49	5171054.03	736.258
21653575.64	5171034.03	779.157
21653647.78	5171014.02	825.288
21653719.93	5170994.01	810.068
21653792.08	5170974	776.831
21653864.22	5170953.99	708.389
21653936.37	5170933.99	771.499
21654008.52	5170913.98	815.631
21654080.66	5170893.97	834.868
21654152.81	5170873.96	817.661
21654224.96	5170853.95	779.219
21654297.1	5170833.95	718.522
21654369.25	5170813.94	680.168
21654441.4	5170793.93	724.851
21654513.54	5170773.92	793.546
21654585.69	5170753.91	773.275
21654657.84	5170733.91	760.517
21654729.98	5170713.9	674.967
21654802.13	5170693.89	825.601
21654874.28	5170673.88	867.328
21654946.42	5170653.87	794.193
21655018.57	5170633.86	669.555
21655090.72	5170613.86	680.589
21655162.86	5170593.85	734.611
21655235.01	5170573.84	751.349
21655307.16	5170553.83	763.418
21655379.3	5170533.82	757.157
21655451.45	5170513.82	858.396
21655523.6	5170493.81	881.93
21655595.74	5170473.8	858.429
21655667.89	5170453.79	778.377
21655740.04	5170433.78	684.717
21655812.18	5170413.78	720.716
21655884.33	5170393.77	693.463
21655956.48	5170373.76	754.916
21656028.62	5170353.75	707.003
21656100.77	5170333.74	731.623
21656172.92	5170313.74	828.763
21656245.06	5170293.73	755.482
21656317.21	5170273.72	29.382
21656389.36	5170253.71	0.5
21656461.5	5170233.7	165.408
21656533.65	5170213.7	760.962
21656605.8	5170193.69	745.801
21656677.94	5170173.68	793.622
21656750.09	5170153.67	771.164
21656822.24	5170133.66	736.193
21656894.38	5170113.66	531.847
21656966.53	5170093.65	500.324
21657038.68	5170073.64	611.652
21657110.82	5170053.63	771.45
21657182.97	5170033.62	832.649
21657255.12	5170013.62	847.2
21657327.26	5169993.61	785.548
21657399.41	5169973.6	739.556
21657471.56	5169953.59	815.339
21657543.7	5169933.58	825.179
21657615.85	5169913.57	710.941
21657688	5169893.57	644.699
21657760.14	5169873.56	720.961
21657832.29	5169853.55	509.125
21657904.44	5169833.54	391.529
21657976.58	5169813.53	478.869
21658048.73	5169793.53	31.8819
21658120.88	5169773.52	13.1198
21658193.02	5169753.51	13.0084
21658265.17	5169733.5	109.984
21658337.32	5169713.49	201.669
21658409.46	5169693.49	493.632
21658481.61	5169673.48	469.464
21658553.76	5169653.47	472.022
21658625.91	5169633.46	381.687
21658698.05	5169613.45	708.521
21658770.2	5169593.45	702.881
21658842.35	5169573.44	627.034
21658914.49	5169553.43	600.577
21658986.64	5169533.42	656.619
21659058.79	5169513.41	497.749
21653306.68	5171184.83	762.528
21653378.82	5171164.82	731.62
21653450.97	5171144.81	691.91
21653523.12	5171124.8	621.257
21653595.26	5171104.8	680.991
21653667.41	5171084.79	749.913
21653739.56	5171064.78	755.838
21653811.7	5171044.77	685.622
21653883.85	5171024.76	673.089
21653956	5171004.76	635.313
21654028.14	5170984.75	657.536
21654100.29	5170964.74	662.703
21654172.44	5170944.73	734.63
21654244.58	5170924.72	771.829
21654316.73	5170904.72	690.033
21654388.88	5170884.71	19.1924
21654461.02	5170864.7	487.997
21654533.17	5170844.69	590.824
21654605.32	5170824.68	343.692
21654677.46	5170804.68	366.207
21654749.61	5170784.67	676.952
21654821.76	5170764.66	743.262
21654893.9	5170744.65	785.633
21654966.05	5170724.64	735.624
21655038.2	5170704.64	698.149
21655110.34	5170684.63	685.856
21655182.49	5170664.62	738.502
21655254.64	5170644.61	724.842
21655326.78	5170624.6	748.316
21655398.93	5170604.6	797.322
21655471.08	5170584.59	748.281
21655543.22	5170564.58	820.598
21655615.37	5170544.57	576.218
21655687.52	5170524.56	686.759
21655759.66	5170504.56	712.709
21655831.81	5170484.55	826.289
21655903.96	5170464.54	717.122
21655976.1	5170444.53	727.969
21656048.25	5170424.52	757.681
21656120.4	5170404.51	751.631
21656192.54	5170384.51	732.148
21656264.69	5170364.5	731.802
21656336.84	5170344.49	511.232
21656408.98	5170324.48	27.9289
21656481.13	5170304.47	12.0256
21656553.28	5170284.47	620.088
21656625.42	5170264.46	749.159
21656697.57	5170244.45	750.32
21656769.72	5170224.44	714.775
21656841.86	5170204.43	649.882
21656914.01	5170184.43	645.509
21656986.16	5170164.42	622.711
21657058.3	5170144.41	726.464
21657130.45	5170124.4	802.013
21657202.6	5170104.39	811.642
21657274.74	5170084.39	814.73
21657346.89	5170064.38	753.102
21657419.04	5170044.37	657.637
21657491.18	5170024.36	812.537
21657563.33	5170004.35	836.009
21657635.48	5169984.35	794.121
21657707.62	5169964.34	787.517
21657779.77	5169944.33	730.316
21657851.92	5169924.32	604.247
21657924.06	5169904.31	243.834
21657996.21	5169884.31	239.484
21658068.36	5169864.3	28.7928
21658140.5	5169844.29	13
21658212.65	5169824.28	0.5
21658284.8	5169804.27	13
21658356.94	5169784.27	29.5215
21658429.09	5169764.26	464.649
21658501.24	5169744.25	545.448
21658573.38	5169724.24	132.172
21658645.53	5169704.23	29.1335
21658717.68	5169684.22	274.879
21658789.82	5169664.22	562.888
21658861.97	5169644.21	551.021
21658934.12	5169624.2	608.786
21659006.26	5169604.19	534.398
21659078.41	5169584.18	432.06
21653254.15	5171275.61	791.163
21653326.3	5171255.6	784.481
21653398.45	5171235.59	756.792
21653470.6	5171215.58	716.808
21653542.74	5171195.58	651.804
21653614.89	5171175.57	684.961
21653687.04	5171155.56	677.366
21653759.18	5171135.55	707.478
21653831.33	5171115.54	712.592
21653903.48	5171095.54	727.451
21653975.62	5171075.53	735.733
21654047.77	5171055.52	635.981
21654119.92	5171035.51	642.45
21654192.06	5171015.5	742.913
21654264.21	5170995.49	824.744
21654336.36	5170975.49	765.219
21654408.5	5170955.48	510.262
21654480.65	5170935.47	499.657
21654552.8	5170915.46	596.144
21654624.94	5170895.45	607.937
21654697.09	5170875.45	530.064
21654769.24	5170855.44	484.771
21654841.38	5170835.43	644.819
21654913.53	5170815.42	710.66
21654985.68	5170795.41	902.443
21655057.82	5170775.41	769.472
21655129.97	5170755.4	645.564
21655202.12	5170735.39	756.302
21655274.26	5170715.38	696.552
21655346.41	5170695.37	719.912
21655418.56	5170675.37	772.072
21655490.7	5170655.36	793.298
21655562.85	5170635.35	531.517
21655635	5170615.34	579.874
21655707.14	5170595.33	674.313
21655779.29	5170575.33	695.546
21655851.44	5170555.32	744.236
21655923.58	5170535.31	757.319
21655995.73	5170515.3	723.946
21656067.88	5170495.29	739.101
21656140.02	5170475.29	728.051
21656212.17	5170455.28	692.453
21656284.32	5170435.27	752.633
21656356.46	5170415.26	504.251
21656428.61	5170395.25	20.4782
21656500.76	5170375.25	137.157
21656572.9	5170355.24	492.213
21656645.05	5170335.23	668.163
21656717.2	5170315.22	689.644
21656789.34	5170295.21	598.684
21656861.49	5170275.21	638.533
21656933.64	5170255.2	628.307
21657005.78	5170235.19	632.192
21657077.93	5170215.18	670.378
21657150.08	5170195.17	725.552
21657222.22	5170175.16	730.288
21657294.37	5170155.16	764.803
21657366.52	5170135.15	771.513
21657438.66	5170115.14	610.546
21657510.81	5170095.13	741.666
21657582.96	5170075.12	788.853
21657655.1	5170055.12	795.086
21657727.25	5170035.11	779.686
21657799.4	5170015.1	759.561
21657871.54	5169995.09	703.295
21657943.69	5169975.08	676.789
21658015.84	5169955.08	315.57
21658087.98	5169935.07	640.5
21658160.13	5169915.06	135.253
21658232.28	5169895.05	13.7345
21658304.42	5169875.04	11.4233
21658376.57	5169855.04	28.0573
21658448.72	5169835.03	279.579
21658520.86	5169815.02	529.719
21658593.01	5169795.01	223.709
21658665.16	5169775	18.8103
21658737.3	5169755	23.0065
21658809.45	5169734.99	90.5844
21658881.6	5169714.98	489.031
21658953.74	5169694.97	487.173
21659025.89	5169674.96	259.487
21659098.04	5169654.96	398.719
21653273.78	5171346.38	805.609
21653345.93	5171326.37	780.798
21653418.07	5171306.36	769.579
21653490.22	5171286.35	750.315
21653562.37	5171266.35	729.274
21653634.51	5171246.34	744.646
21653706.66	5171226.33	742.629
21653778.81	5171206.32	783.732
21653850.96	5171186.31	739.619
21653923.1	5171166.31	720.623
21653995.25	5171146.3	680.709
21654067.4	5171126.29	616.867
21654139.54	5171106.28	684.125
21654211.69	5171086.27	773.413
21654283.84	5171066.27	826.056
21654355.98	5171046.26	756.638
21654428.13	5171026.25	563.543
21654500.28	5171006.24	517.539
21654572.42	5170986.23	384.987
21654644.57	5170966.23	695.157
21654716.72	5170946.22	647.992
21654788.86	5170926.21	409.632
21654861.01	5170906.2	690.501
21654933.16	5170886.19	707.608
21655005.3	5170866.18	777.053
21655077.45	5170846.18	820.558
21655149.6	5170826.17	875.607
21655221.74	5170806.16	826.922
21655293.89	5170786.15	736.594
21655366.04	5170766.14	787.156
21655438.18	5170746.14	802.092
21655510.33	5170726.13	773.27
21655582.48	5170706.12	764.694
21655654.62	5170686.11	764.171
21655726.77	5170666.1	745.438
21655798.92	5170646.1	749.753
21655871.06	5170626.09	800.773
21655943.21	5170606.08	751.538
21656015.36	5170586.07	825.288
21656087.5	5170566.06	757.434
21656159.65	5170546.06	728.959
21656231.8	5170526.05	746.285
21656303.94	5170506.04	667.259
21656376.09	5170486.03	259.519
21656448.24	5170466.02	210.086
21656520.38	5170446.02	238.71
21656592.53	5170426.01	40.4972
21656664.68	5170406	454.402
21656736.82	5170385.99	676.642
21656808.97	5170365.98	621.33
21656881.12	5170345.98	684.223
21656953.26	5170325.97	768.512
21657025.41	5170305.96	712.942
21657097.56	5170285.95	667.126
21657169.7	5170265.94	647.753
21657241.85	5170245.94	687.779
21657314	5170225.93	696.004
21657386.14	5170205.92	747.535
21657458.29	5170185.91	642.398
21657530.44	5170165.9	615.738
21657602.58	5170145.9	673.107
21657674.73	5170125.89	786.256
21657746.88	5170105.88	785.012
21657819.02	5170085.87	803.756
21657891.17	5170065.86	801.002
21657963.32	5170045.85	776.981
21658035.46	5170025.85	666.701
21658107.61	5170005.84	109.222
21658179.76	5169985.83	239.654
21658251.9	5169965.82	21.805
21658324.05	5169945.81	29.4205
21658396.2	5169925.81	462.09
21658468.34	5169905.8	267.227
21658540.49	5169885.79	70.7917
21658612.64	5169865.78	28.8235
21658684.78	5169845.77	17.3795
21658756.93	5169825.77	24.6087
21658829.08	5169805.76	28.3878
21658901.22	5169785.75	240.422
21658973.37	5169765.74	431.178
21659045.52	5169745.73	496.066
21653293.41	5171417.15	817.038
21653365.55	5171397.14	802.747
21653437.7	5171377.13	796.209
21653509.85	5171357.12	784.888
21653581.99	5171337.12	772.279
21653654.14	5171317.11	690.652
21653726.29	5171297.1	700.78
21653798.43	5171277.09	733.584
21653870.58	5171257.08	702.451
21653942.73	5171237.08	668.674
21654014.87	5171217.07	666.145
21654087.02	5171197.06	221.758
21654159.17	5171177.05	684.221
21654231.32	5171157.04	782.598
21654303.46	5171137.04	787.802
21654375.61	5171117.03	749.463
21654447.76	5171097.02	434.686
21654519.9	5171077.01	35.4992
21654592.05	5171057	399.668
21654664.2	5171037	752.964
21654736.34	5171016.99	760.392
21654808.49	5170996.98	958.844
21654880.64	5170976.97	815.629
21654952.78	5170956.96	730.697
21655024.93	5170936.96	734.542
21655097.08	5170916.95	785.788
21655169.22	5170896.94	869.089
21655241.37	5170876.93	850.872
21655313.52	5170856.92	788.624
21655385.66	5170836.92	814.253
21655457.81	5170816.91	840.02
21655529.96	5170796.9	835.639
21655602.1	5170776.89	795.831
21655674.25	5170756.88	783.136
21655746.4	5170736.88	789.124
21655818.54	5170716.87	739.294
21655890.69	5170696.86	783.02
21655962.84	5170676.85	734.857
21656034.98	5170656.84	670.707
21656107.13	5170636.83	646.427
21656179.28	5170616.83	697.599
21656251.42	5170596.82	690.092
21656323.57	5170576.81	534.851
21656395.72	5170556.8	341.542
21656467.86	5170536.79	632.483
21656540.01	5170516.79	410.131
21656612.16	5170496.78	0.5
21656684.3	5170476.77	98.0967
21656756.45	5170456.76	657.873
21656828.6	5170436.75	711.942
21656900.74	5170416.75	768.566
21656972.89	5170396.74	774.612
21657045.04	5170376.73	752.758
21657117.18	5170356.72	727.242
21657189.33	5170336.71	719.956
21657261.48	5170316.71	703.792
21657333.62	5170296.7	689.942
21657405.77	5170276.69	718.98
21657477.92	5170256.68	713.102
21657550.06	5170236.67	727.378
21657622.21	5170216.67	705.267
21657694.36	5170196.66	764.952
21657766.5	5170176.65	789.852
21657838.65	5170156.64	794.57
21657910.8	5170136.63	769.106
21657982.94	5170116.63	753.327
21658055.09	5170096.62	651.76
21658127.24	5170076.61	0.5
21658199.38	5170056.6	668.181
21658271.53	5170036.59	0.5
21658343.68	5170016.59	29.0602
21658415.82	5169996.58	369.331
21658487.97	5169976.57	204.192
21658560.12	5169956.56	40.6328
21658632.26	5169936.55	29.9961
21658704.41	5169916.55	26.0095
21658776.56	5169896.54	263.633
21658848.7	5169876.53	119.91
21658920.85	5169856.52	160.202
21658993	5169836.51	293.862
21659065.14	5169816.5	443.477
21653313.03	5171487.92	790.215
21653385.18	5171467.91	789.251
21653457.33	5171447.9	806.123
21653529.47	5171427.9	796.372
21653601.62	5171407.89	765.802
21653673.77	5171387.88	744.063
21653745.91	5171367.87	723.977
21653818.06	5171347.86	682.644
21653890.21	5171327.86	700.986
21653962.35	5171307.85	727.543
21654034.5	5171287.84	689.392
21654106.65	5171267.83	635.759
21654178.79	5171247.82	731.017
21654250.94	5171227.82	792.963
21654323.09	5171207.81	785.952
21654395.23	5171187.8	767.545
21654467.38	5171167.79	309.561
21654539.53	5171147.78	29.6541
21654611.67	5171127.77	625.386
21654683.82	5171107.77	757.679
21654755.97	5171087.76	753.711
21654828.12	5171067.75	752.037
21654900.26	5171047.74	681.029
21654972.41	5171027.73	622.797
21655044.56	5171007.73	726.544
21655116.7	5170987.72	729.439
21655188.85	5170967.71	790.919
21655261	5170947.7	795.354
21655333.14	5170927.69	781.892
21655405.29	5170907.69	784.677
21655477.44	5170887.68	775.553
21655549.58	5170867.67	718.051
21655621.73	5170847.66	677.868
21655693.88	5170827.65	738.777
21655766.02	5170807.65	731.063
21655838.17	5170787.64	598.431
21655910.32	5170767.63	566.462
21655982.46	5170747.62	592.638
21656054.61	5170727.61	575.801
21656126.76	5170707.61	762.693
21656198.9	5170687.6	743.116
21656271.05	5170667.59	703.087
21656343.2	5170647.58	632.483
21656415.34	5170627.57	573.827
21656487.49	5170607.57	776.777
21656559.64	5170587.56	398.003
21656631.78	5170567.55	15.4992
21656703.93	5170547.54	138.262
21656776.08	5170527.53	582.164
21656848.22	5170507.53	761.292
21656920.37	5170487.52	761.822
21656992.52	5170467.51	725.971
21657064.66	5170447.5	681.349
21657136.81	5170427.49	713.644
21657208.96	5170407.48	706.551
21657281.1	5170387.48	605.078
21657353.25	5170367.47	580.602
21657425.4	5170347.46	665.669
21657497.54	5170327.45	677.28
21657569.69	5170307.44	771.312
21657641.84	5170287.44	782.944
21657713.98	5170267.43	773.047
21657786.13	5170247.42	797.708
21657858.28	5170227.41	802.786
21657930.42	5170207.4	633.373
21658002.57	5170187.4	1031.91
21658074.72	5170167.39	598.318
21658146.86	5170147.38	35.5941
21658219.01	5170127.37	588.747
21658291.16	5170107.36	567.446
21658363.3	5170087.36	575.728
21658435.45	5170067.35	197.763
21658507.6	5170047.34	77.54
21658579.74	5170027.33	200.945
21658651.89	5170007.32	229.098
21658724.04	5169987.32	25.7718
21658796.18	5169967.31	26.1673
21658868.33	5169947.3	274.947
21658940.48	5169927.29	352.706
21659012.62	5169907.28	269.478
21659084.77	5169887.28	377.421
21653260.51	5171578.7	777.268
21653332.66	5171558.69	766.163
21653404.81	5171538.68	798.952
21653476.95	5171518.67	803.364
21653549.1	5171498.67	799.996
21653621.25	5171478.66	814.783
21653693.39	5171458.65	786.598
21653765.54	5171438.64	705.988
21653837.69	5171418.63	697.437
21653909.83	5171398.63	761.887
21653981.98	5171378.62	739.45
21654054.13	5171358.61	763.988
21654126.27	5171338.6	772.472
21654198.42	5171318.59	726.462
21654270.57	5171298.59	766.055
21654342.71	5171278.58	776.933
21654414.86	5171258.57	742.267
21654487.01	5171238.56	704.933
21654559.15	5171218.55	601.526
21654631.3	5171198.55	676.476
21654703.45	5171178.54	768.118
21654775.59	5171158.53	868.718
21654847.74	5171138.52	793.367
21654919.89	5171118.51	754.478
21654992.04	5171098.51	729.788
21655064.18	5171078.5	764.963
21655136.33	5171058.49	796.707
21655208.48	5171038.48	830.886
21655280.62	5171018.47	835.846
21655352.77	5170998.47	828.432
21655424.92	5170978.46	822.419
21655497.06	5170958.45	763.844
21655569.21	5170938.44	719.059
21655641.36	5170918.43	693.209
21655713.5	5170898.42	541.957
21655785.65	5170878.42	206.236
21655857.8	5170858.41	353.814
21655929.94	5170838.4	647.842
21656002.09	5170818.39	680.974
21656074.24	5170798.38	442.775
21656146.38	5170778.38	735.973
21656218.53	5170758.37	743.344
21656290.68	5170738.36	709.306
21656362.82	5170718.35	574.124
21656434.97	5170698.34	29.2775
21656507.12	5170678.34	0.5
21656579.26	5170658.33	155.779
21656651.41	5170638.32	25.8078
21656723.56	5170618.31	543.769
21656795.7	5170598.3	642.478
21656867.85	5170578.3	751.199
21656940	5170558.29	763.652
21657012.14	5170538.28	714.128
21657084.29	5170518.27	662.353
21657156.44	5170498.26	671.861
21657228.58	5170478.26	724.491
21657300.73	5170458.25	700.139
21657372.88	5170438.24	736.374
21657445.02	5170418.23	689.029
21657517.17	5170398.22	712.973
21657589.32	5170378.22	709.151
21657661.46	5170358.21	729.47
21657733.61	5170338.2	738.462
21657805.76	5170318.19	784.876
21657877.9	5170298.18	804.244
21657950.05	5170278.18	760.027
21658022.2	5170258.17	900.629
21658094.34	5170238.16	116.079
21658166.49	5170218.15	57.6878
21658238.64	5170198.14	606.743
21658310.78	5170178.13	742.741
21658382.93	5170158.13	675.989
21658455.08	5170138.12	113.768
21658527.22	5170118.11	29.806
21658599.37	5170098.1	82.2378
21658671.52	5170078.09	329.688
21658743.66	5170058.09	76.9017
21658815.81	5170038.08	25.8095
21658887.96	5170018.07	521.753
21658960.1	5169998.06	667.147
21659032.25	5169978.05	627.034
21659104.4	5169958.05	517.389
21653280.14	5171649.47	794.824
21653352.29	5171629.46	225.362
21653424.43	5171609.45	814.286
21653496.58	5171589.45	822.508
21653568.73	5171569.44	795.126
21653640.87	5171549.43	764.121
21653713.02	5171529.42	731.551
21653785.17	5171509.41	750.979
21653857.31	5171489.4	721.588
21653929.46	5171469.4	773.103
21654001.61	5171449.39	787.56
21654073.75	5171429.38	748.353
21654145.9	5171409.37	748.9
21654218.05	5171389.36	779.519
21654290.19	5171369.36	793.028
21654362.34	5171349.35	735.279
21654434.49	5171329.34	749.704
21654506.63	5171309.33	795.692
21654578.78	5171289.32	751.589
21654650.93	5171269.32	662.406
21654723.07	5171249.31	672.551
21654795.22	5171229.3	767.633
21654867.37	5171209.29	812.174
21654939.51	5171189.28	770.913
21655011.66	5171169.28	738.192
21655083.81	5171149.27	781.349
21655155.95	5171129.26	788.738
21655228.1	5171109.25	827.016
21655300.25	5171089.24	835.189
21655372.39	5171069.24	824.231
21655444.54	5171049.23	851.194
21655516.69	5171029.22	759.088
21655588.84	5171009.21	718.453
21655660.98	5170989.2	693.709
21655733.13	5170969.2	758.008
21655805.28	5170949.19	688.649
21655877.42	5170929.18	525.093
21655949.57	5170909.17	741.792
21656021.72	5170889.16	702.396
21656093.86	5170869.16	589.363
21656166.01	5170849.15	718.791
21656238.16	5170829.14	735.441
21656310.3	5170809.13	812.179
21656382.45	5170789.12	615.131
21656454.6	5170769.11	254.352
21656526.74	5170749.11	352.786
21656598.89	5170729.1	599.216
21656671.04	5170709.09	458.086
21656743.18	5170689.08	557.844
21656815.33	5170669.07	723.591
21656887.48	5170649.07	760.243
21656959.62	5170629.06	797.071
21657031.77	5170609.05	716.895
21657103.92	5170589.04	718.468
21657176.06	5170569.03	682.129
21657248.21	5170549.03	747.972
21657320.36	5170529.02	719.466
21657392.5	5170509.01	758.246
21657464.65	5170489	741.357
21657536.8	5170468.99	728.487
21657608.94	5170448.99	700.088
21657681.09	5170428.98	715.016
21657753.24	5170408.97	773.929
21657825.38	5170388.96	818.402
21657897.53	5170368.95	816.93
21657969.68	5170348.95	859.217
21658041.82	5170328.94	855.671
21658113.97	5170308.93	720.877
21658186.12	5170288.92	772.743
21658258.26	5170268.91	822.616
21658330.41	5170248.91	809.973
21658402.56	5170228.9	689.351
21658474.7	5170208.89	320.617
21658546.85	5170188.88	331.958
21658619	5170168.87	358.979
21658691.14	5170148.87	82.3583
21658763.29	5170128.86	175.407
21658835.44	5170108.85	23.8656
21658907.58	5170088.84	778.892
21658979.73	5170068.83	776.733
21659051.88	5170048.83	713.999
21653299.77	5171720.24	822.728
21653371.91	5171700.23	312.196
21653444.06	5171680.22	853.845
21653516.21	5171660.22	854.971
21653588.35	5171640.21	822.187
21653660.5	5171620.2	775.988
21653732.65	5171600.19	736.409
21653804.79	5171580.18	791.611
21653876.94	5171560.18	780.061
21653949.09	5171540.17	788.873
21654021.23	5171520.16	780.315
21654093.38	5171500.15	723.266
21654165.53	5171480.14	703.914
21654237.67	5171460.14	764.312
21654309.82	5171440.13	774.045
21654381.97	5171420.12	718.977
21654454.11	5171400.11	765.939
21654526.26	5171380.1	797.18
21654598.41	5171360.09	748.211
21654670.55	5171340.09	649.036
21654742.7	5171320.08	680.693
21654814.85	5171300.07	725.647
21654886.99	5171280.06	795.439
21654959.14	5171260.05	804.699
21655031.29	5171240.05	806.137
21655103.43	5171220.04	774.951
21655175.58	5171200.03	744.64
21655247.73	5171180.02	733.147
21655319.87	5171160.01	781.504
21655392.02	5171140.01	782.342
21655464.17	5171120	771.311
21655536.31	5171099.99	725.191
21655608.46	5171079.98	694.808
21655680.61	5171059.97	659.715
21655752.76	5171039.97	733.509
21655824.9	5171019.96	738.626
21655897.05	5170999.95	726.667
21655969.2	5170979.94	690.9
21656041.34	5170959.93	653.652
21656113.49	5170939.93	679.901
21656185.64	5170919.92	780.372
21656257.78	5170899.91	515.464
21656329.93	5170879.9	368.168
21656402.08	5170859.89	736.066
21656474.22	5170839.89	226.357
21656546.37	5170819.88	206.356
21656618.52	5170799.87	690.157
21656690.66	5170779.86	810.978
21656762.81	5170759.85	657.809
21656834.96	5170739.85	733.687
21656907.1	5170719.84	802.323
21656979.25	5170699.83	773.388
21657051.4	5170679.82	708.672
21657123.54	5170659.81	659.114
21657195.69	5170639.81	738.853
21657267.84	5170619.8	714.296
21657339.98	5170599.79	728.371
21657412.13	5170579.78	732.876
21657484.28	5170559.77	735.898
21657556.42	5170539.76	783.479
21657628.57	5170519.76	715.901
21657700.72	5170499.75	681.907
21657772.86	5170479.74	739.118
21657845.01	5170459.73	802.777
21657917.16	5170439.72	794.231
21657989.3	5170419.72	647.845
21658061.45	5170399.71	726.027
21658133.6	5170379.7	734.92
21658205.74	5170359.69	706.621
21658277.89	5170339.68	790.268
21658350.04	5170319.68	835.238
21658422.18	5170299.67	849.396
21658494.33	5170279.66	214.436
21658566.48	5170259.65	223.997
21658638.62	5170239.64	465.382
21658710.77	5170219.64	0.5
21658782.92	5170199.63	537.875
21658855.06	5170179.62	468.023
21658927.21	5170159.61	538.359
21658999.36	5170139.6	713.423
21659071.5	5170119.6	669.683
21653247.25	5171811.02	920.997
21653319.39	5171791.01	920.492
21653391.54	5171771	932.49
21653463.69	5171750.99	922.706
21653535.83	5171730.99	923.284
21653607.98	5171710.98	940.074
21653680.13	5171690.97	953.668
21653752.27	5171670.96	917.291
21653824.42	5171650.95	879.674
21653896.57	5171630.95	841.257
21653968.71	5171610.94	814.547
21654040.86	5171590.93	797.624
21654113.01	5171570.92	758.667
21654185.15	5171550.91	737.28
21654257.3	5171530.91	712.996
21654329.45	5171510.9	722.025
21654401.59	5171490.89	709.553
21654473.74	5171470.88	767.031
21654545.89	5171450.87	748.256
21654618.03	5171430.87	738.068
21654690.18	5171410.86	727.638
21654762.33	5171390.85	772.596
21654834.47	5171370.84	846.297
21654906.62	5171350.83	880.201
21654978.77	5171330.83	871.442
21655050.91	5171310.82	845.615
21655123.06	5171290.81	855.869
21655195.21	5171270.8	831.728
21655267.35	5171250.79	760.998
21655339.5	5171230.79	823.099
21655411.65	5171210.78	803.171
21655483.79	5171190.77	793.751
21655555.94	5171170.76	817.845
21655628.09	5171150.75	773.982
21655700.23	5171130.74	681.499
21655772.38	5171110.74	723.557
21655844.53	5171090.73	702.169
21655916.67	5171070.72	763.804
21655988.82	5171050.71	622.497
21656060.97	5171030.7	649.226
21656133.11	5171010.7	771.542
21656205.26	5170990.69	692.857
21656277.41	5170970.68	516.523
21656349.56	5170950.67	35.304
21656421.7	5170930.66	7.81889
21656493.85	5170910.66	5.89333
21656566	5170890.65	20.9359
21656638.14	5170870.64	447.595
21656710.29	5170850.63	685.765
21656782.44	5170830.62	713.823
21656854.58	5170810.62	748.664
21656926.73	5170790.61	806.867
21656998.88	5170770.6	826.335
21657071.02	5170750.59	785.092
21657143.17	5170730.58	748.602
21657215.32	5170710.58	775.261
21657287.46	5170690.57	722.873
21657359.61	5170670.56	633.653
21657431.76	5170650.55	639.718
21657503.9	5170630.54	603.756
21657576.05	5170610.54	625.578
21657648.2	5170590.53	667.28
21657720.34	5170570.52	722.037
21657792.49	5170550.51	795.277
21657864.64	5170530.5	786.021
21657936.78	5170510.5	764.076
21658008.93	5170490.49	589.596
21658081.08	5170470.48	527.353
21658153.22	5170450.47	569.762
21658225.37	5170430.46	613.927
21658297.52	5170410.46	687.693
21658369.66	5170390.45	617.229
21658441.81	5170370.44	587.002
21658513.96	5170350.43	37.7633
21658586.1	5170330.42	15.8365
21658658.25	5170310.41	0.5
21658730.4	5170290.41	0.5
21658802.54	5170270.4	510.067
21658874.69	5170250.39	512.675
21658946.84	5170230.38	553.709
21659018.98	5170210.37	628.359
21659091.13	5170190.37	482.126
21653266.87	5171881.79	956.199
21653339.02	5171861.78	960.549
21653411.17	5171841.77	966.239
21653483.31	5171821.77	957.779
21653555.46	5171801.76	940.208
21653627.61	5171781.75	956.116
21653699.75	5171761.74	966.926
21653771.9	5171741.73	953.828
21653844.05	5171721.73	920.118
21653916.19	5171701.72	866.789
21653988.34	5171681.71	831.143
21654060.49	5171661.7	809.992
21654132.63	5171641.69	779.727
21654204.78	5171621.68	783.372
21654276.93	5171601.68	772.642
21654349.07	5171581.67	739.726
21654421.22	5171561.66	751.613
21654493.37	5171541.65	760.648
21654565.51	5171521.64	753.664
21654637.66	5171501.64	727.905
21654709.81	5171481.63	787.639
21654781.95	5171461.62	815.038
21654854.1	5171441.61	847.872
21654926.25	5171421.6	881.697
21654998.39	5171401.6	872.588
21655070.54	5171381.59	861.195
21655142.69	5171361.58	867.629
21655214.83	5171341.57	847.871
21655286.98	5171321.56	858.009
21655359.13	5171301.56	917.187
21655431.27	5171281.55	914.137
21655503.42	5171261.54	904.642
21655575.57	5171241.53	860.039
21655647.71	5171221.52	824.419
21655719.86	5171201.52	753.048
21655792.01	5171181.51	579.453
21655864.15	5171161.5	495.897
21655936.3	5171141.49	540.749
21656008.45	5171121.48	689.831
21656080.59	5171101.48	620.37
21656152.74	5171081.47	534.589
21656224.89	5171061.46	796.704
21656297.03	5171041.45	704.925
21656369.18	5171021.44	218.526
21656441.33	5171001.44	20.1284
21656513.48	5170981.43	13
21656585.62	5170961.42	27.8383
21656657.77	5170941.41	686.346
21656729.91	5170921.4	728.612
21656802.06	5170901.39	867.801
21656874.21	5170881.39	871.433
21656946.36	5170861.38	880.126
21657018.5	5170841.37	930.443
21657090.65	5170821.36	921.777
21657162.8	5170801.35	852.528
21657234.94	5170781.35	790.442
21657307.09	5170761.34	710.039
21657379.24	5170741.33	658.026
21657451.38	5170721.32	559.685
21657523.53	5170701.31	605.433
21657595.68	5170681.31	581.278
21657667.82	5170661.3	653.532
21657739.97	5170641.29	777.162
21657812.12	5170621.28	738.25
21657884.26	5170601.27	797.179
21657956.41	5170581.27	792.667
21658028.56	5170561.26	762.878
21658100.7	5170541.25	724.337
21658172.85	5170521.24	633.157
21658245	5170501.23	718.662
21658317.14	5170481.23	762.003
21658389.29	5170461.22	493.853
21658461.44	5170441.21	39.8583
21658533.58	5170421.2	22.6607
21658605.73	5170401.19	0.5
21658677.88	5170381.19	0.5
21658750.02	5170361.18	13.6176
21658822.17	5170341.17	32.2433
21658894.32	5170321.16	345.264
21658966.46	5170301.15	524.046
21659038.61	5170281.15	284.552
21653286.5	5171952.56	962.613
21653358.65	5171932.55	970.251
21653430.79	5171912.54	976.412
21653502.94	5171892.54	964.932
21653575.09	5171872.53	943.396
21653647.23	5171852.52	953.945
21653719.38	5171832.51	956.364
21653791.53	5171812.5	946.627
21653863.67	5171792.5	915.238
21653935.82	5171772.49	861.583
21654007.97	5171752.48	817.666
21654080.11	5171732.47	803.058
21654152.26	5171712.46	792.631
21654224.41	5171692.46	777.031
21654296.55	5171672.45	790.167
21654368.7	5171652.44	771.954
21654440.85	5171632.43	774.13
21654512.99	5171612.42	786.204
21654585.14	5171592.42	786.094
21654657.29	5171572.41	758.413
21654729.43	5171552.4	804.719
21654801.58	5171532.39	838.977
21654873.73	5171512.38	865.834
21654945.87	5171492.37	879.077
21655018.02	5171472.37	877.283
21655090.17	5171452.36	833.705
21655162.31	5171432.35	876.948
21655234.46	5171412.34	928.586
21655306.61	5171392.33	929.772
21655378.75	5171372.33	962.236
21655450.9	5171352.32	956.529
21655523.05	5171332.31	938.959
21655595.19	5171312.3	894.955
21655667.34	5171292.29	901.808
21655739.49	5171272.29	907.968
21655811.63	5171252.28	922.965
21655883.78	5171232.27	631.848
21655955.93	5171212.26	745.215
21656028.07	5171192.25	564.157
21656100.22	5171172.25	469.015
21656172.37	5171152.24	378.484
21656244.51	5171132.23	591.511
21656316.66	5171112.22	791.489
21656388.81	5171092.21	609.263
21656460.95	5171072.21	37.3744
21656533.1	5171052.2	33.2143
21656605.25	5171032.19	232.952
21656677.39	5171012.18	420.838
21656749.54	5170992.17	679.244
21656821.69	5170972.17	861.901
21656893.84	5170952.16	886.968
21656965.98	5170932.15	899.565
21657038.13	5170912.14	920.452
21657110.27	5170892.13	916.971
21657182.42	5170872.13	871.604
21657254.57	5170852.12	812.318
21657326.72	5170832.11	689.259
21657398.86	5170812.1	639.689
21657471.01	5170792.09	439.967
21657543.16	5170772.09	484.173
21657615.3	5170752.08	660.596
21657687.45	5170732.07	599.644
21657759.6	5170712.06	667.139
21657831.74	5170692.05	759.799
21657903.89	5170672.04	807.739
21657976.04	5170652.04	803.913
21658048.18	5170632.03	812.114
21658120.33	5170612.02	776.434
21658192.48	5170592.01	795.618
21658264.62	5170572	826.782
21658336.77	5170552	780.531
21658408.92	5170531.99	605.195
21658481.06	5170511.98	64.4072
21658553.21	5170491.97	8.83333
21658625.36	5170471.96	13.6145
21658697.5	5170451.96	13
21658769.65	5170431.95	13.205
21658841.8	5170411.94	36.1331
21658913.94	5170391.93	412.646
21658986.09	5170371.92	392.156
21659058.24	5170351.92	319.424
21653306.13	5172023.33	943.504
21653378.27	5172003.32	950.034
21653450.42	5171983.31	961.413
21653522.57	5171963.31	962.893
21653594.71	5171943.3	951.54
21653666.86	5171923.29	945.576
21653739.01	5171903.28	932.988
21653811.15	5171883.27	908.118
21653883.3	5171863.27	868.087
21653955.45	5171843.26	828.467
21654027.59	5171823.25	822.789
21654099.74	5171803.24	805.266
21654171.89	5171783.23	789.843
21654244.03	5171763.23	785.271
21654316.18	5171743.22	800.881
21654388.33	5171723.21	790.048
21654460.47	5171703.2	789.545
21654532.62	5171683.19	803.886
21654604.77	5171663.19	834.966
21654676.91	5171643.18	796.367
21654749.06	5171623.17	807.618
21654821.21	5171603.16	820.537
21654893.35	5171583.15	834.926
21654965.5	5171563.15	858.466
21655037.65	5171543.14	868.886
21655109.79	5171523.13	887.613
21655181.94	5171503.12	927.828
21655254.09	5171483.11	954.348
21655326.23	5171463.11	956.381
21655398.38	5171443.1	976.481
21655470.53	5171423.09	979.164
21655542.67	5171403.08	981.982
21655614.82	5171383.07	899.373
21655686.97	5171363.07	872.41
21655759.11	5171343.06	836.546
21655831.26	5171323.05	844.436
21655903.41	5171303.04	587.187
21655975.55	5171283.03	497.638
21656047.7	5171263.02	475.524
21656119.85	5171243.02	297.936
21656191.99	5171223.01	254.579
21656264.14	5171203	250.642
21656336.29	5171182.99	262.234
21656408.43	5171162.98	457.64
21656480.58	5171142.98	591.858
21656552.73	5171122.97	269.528
21656624.87	5171102.96	38.9539
21656697.02	5171082.95	375.606
21656769.17	5171062.94	636.276
21656841.31	5171042.94	770.759
21656913.46	5171022.93	852.817
21656985.61	5171002.92	890.771
21657057.75	5170982.91	902.441
21657129.9	5170962.9	902.694
21657202.05	5170942.9	864.485
21657274.19	5170922.89	820.194
21657346.34	5170902.88	779.329
21657418.49	5170882.87	699.952
21657490.64	5170862.86	589.635
21657562.78	5170842.86	487.362
21657634.93	5170822.85	498.354
21657707.08	5170802.84	539.957
21657779.22	5170782.83	580.317
21657851.37	5170762.82	735.674
21657923.52	5170742.82	792.156
21657995.66	5170722.81	798.477
21658067.81	5170702.8	811.749
21658139.96	5170682.79	808.926
21658212.1	5170662.78	790.908
21658284.25	5170642.78	796.015
21658356.4	5170622.77	786.404
21658428.54	5170602.76	727.85
21658500.69	5170582.75	389.956
21658572.84	5170562.74	22.6252
21658644.98	5170542.74	27.7033
21658717.13	5170522.73	26.8393
21658789.28	5170502.72	21.2943
21658861.42	5170482.71	134.268
21658933.57	5170462.7	344.83
21659005.72	5170442.69	428.258
21659077.86	5170422.69	331.302
21653253.61	5172114.11	937.137
21653325.75	5172094.1	933.088
21653397.9	5172074.09	939.856
21653470.05	5172054.09	946.791
21653542.19	5172034.08	959.873
21653614.34	5172014.07	948.931
21653686.49	5171994.06	921.628
21653758.63	5171974.05	908.859
21653830.78	5171954.05	895.193
21653902.93	5171934.04	865.251
21653975.07	5171914.03	832.299
21654047.22	5171894.02	820.59
21654119.37	5171874.01	821.125
21654191.51	5171854	821.772
21654263.66	5171834	789.093
21654335.81	5171813.99	795.122
21654407.95	5171793.98	816.767
21654480.1	5171773.97	823.626
21654552.25	5171753.96	813.543
21654624.39	5171733.96	820.762
21654696.54	5171713.95	805.996
21654768.69	5171693.94	811.432
21654840.83	5171673.93	778.018
21654912.98	5171653.92	822.841
21654985.13	5171633.92	853.632
21655057.27	5171613.91	872.511
21655129.42	5171593.9	884.768
21655201.57	5171573.89	936.807
21655273.71	5171553.88	939.561
21655345.86	5171533.88	954.273
21655418.01	5171513.87	956.624
21655490.15	5171493.86	964.87
21655562.3	5171473.85	890.592
21655634.45	5171453.84	878.552
21655706.59	5171433.84	828.254
21655778.74	5171413.83	768.82
21655850.89	5171393.82	726.962
21655923.03	5171373.81	637.078
21655995.18	5171353.8	507.519
21656067.33	5171333.8	354.034
21656139.47	5171313.79	268.983
21656211.62	5171293.78	237.326
21656283.77	5171273.77	216.549
21656355.91	5171253.76	147.976
21656428.06	5171233.76	151.598
21656500.21	5171213.75	142.276
21656572.35	5171193.74	131.367
21656644.5	5171173.73	34.453
21656716.65	5171153.72	496.669
21656788.79	5171133.72	697.028
21656860.94	5171113.71	797.397
21656933.09	5171093.7	804.806
21657005.23	5171073.69	870.404
21657077.38	5171053.68	882.028
21657149.53	5171033.67	886.72
21657221.67	5171013.67	870.073
21657293.82	5170993.66	806.387
21657365.97	5170973.65	781.875
21657438.11	5170953.64	745.202
21657510.26	5170933.63	665.938
21657582.41	5170913.63	380.415
21657654.55	5170893.62	310.913
21657726.7	5170873.61	531.525
21657798.85	5170853.6	587.973
21657870.99	5170833.59	670.223
21657943.14	5170813.59	750.725
21658015.29	5170793.58	742.731
21658087.44	5170773.57	775.931
21658159.58	5170753.56	778.467
21658231.73	5170733.55	781.414
21658303.88	5170713.55	770.478
21658376.02	5170693.54	736.168
21658448.17	5170673.53	703.748
21658520.32	5170653.52	159.708
21658592.46	5170633.51	28.1854
21658664.61	5170613.51	23.0959
21658736.76	5170593.5	22.6426
21658808.9	5170573.49	24.0868
21658881.05	5170553.48	44.6822
21658953.2	5170533.47	158.233
21659025.34	5170513.47	418.566
21659097.49	5170493.46	363.617
21653273.23	5172184.88	903.278
21653345.38	5172164.87	908.774
21653417.53	5172144.86	933.125
21653489.67	5172124.86	938.329
21653561.82	5172104.85	930.672
21653633.97	5172084.84	928.224
21653706.11	5172064.83	898.26
21653778.26	5172044.82	891.311
21653850.41	5172024.82	882.982
21653922.55	5172004.81	853.095
21653994.7	5171984.8	825.459
21654066.85	5171964.79	822.214
21654138.99	5171944.78	816.601
21654211.14	5171924.78	813.816
21654283.29	5171904.77	831.304
21654355.43	5171884.76	836.886
21654427.58	5171864.75	834.616
21654499.73	5171844.74	837.838
21654571.87	5171824.74	816.675
21654644.02	5171804.73	787.972
21654716.17	5171784.72	769.461
21654788.31	5171764.71	753.401
21654860.46	5171744.7	751.749
21654932.61	5171724.7	830.703
21655004.75	5171704.69	856.225
21655076.9	5171684.68	870.031
21655149.05	5171664.67	906.807
21655221.19	5171644.66	928.441
21655293.34	5171624.65	926.461
21655365.49	5171604.65	942.896
21655437.63	5171584.64	955.013
21655509.78	5171564.63	949.176
21655581.93	5171544.62	937.572
21655654.07	5171524.61	850.114
21655726.22	5171504.61	808.392
21655798.37	5171484.6	815.122
21655870.51	5171464.59	648.748
21655942.66	5171444.58	491.231
21656014.81	5171424.57	268.366
21656086.95	5171404.57	253.916
21656159.1	5171384.56	241.862
21656231.25	5171364.55	153.369
21656303.39	5171344.54	50.7194
21656375.54	5171324.53	113.182
21656447.69	5171304.53	100.693
21656519.83	5171284.52	64.8067
21656591.98	5171264.51	102.434
21656664.13	5171244.5	95.8467
21656736.27	5171224.49	421.231
21656808.42	5171204.49	682.211
21656880.57	5171184.48	755.68
21656952.71	5171164.47	774.013
21657024.86	5171144.46	815.437
21657097.01	5171124.45	839.756
21657169.15	5171104.45	861.302
21657241.3	5171084.44	853.393
21657313.45	5171064.43	810.021
21657385.59	5171044.42	779.519
21657457.74	5171024.41	711.017
21657529.89	5171004.41	641.554
21657602.03	5170984.4	590.751
21657674.18	5170964.39	338.054
21657746.33	5170944.38	310.588
21657818.47	5170924.37	475.278
21657890.62	5170904.36	441.077
21657962.77	5170884.36	660.556
21658034.91	5170864.35	716.532
21658107.06	5170844.34	741.626
21658179.21	5170824.33	769.313
21658251.36	5170804.32	752.451
21658323.5	5170784.32	703.172
21658395.65	5170764.31	631.232
21658467.8	5170744.3	674.112
21658539.94	5170724.29	389.612
21658612.09	5170704.28	17.4794
21658684.24	5170684.28	34.095
21658756.38	5170664.27	29.6351
21658828.53	5170644.26	26.8783
21658900.68	5170624.25	271.927
21658972.82	5170604.24	405.705
21659044.97	5170584.24	383.801
