21653307.22	5170346.33	811.572
21653379.37	5170326.32	793.032
21653451.52	5170306.31	802.651
21653523.66	5170286.3	831.568
21653595.81	5170266.29	805.916
21653667.96	5170246.29	790.724
21653740.1	5170226.28	778.468
21653812.25	5170206.27	773.439
21653884.4	5170186.26	745.467
21653956.54	5170166.25	621.403
21654028.69	5170146.25	358.818
21654100.84	5170126.24	178.214
21654172.98	5170106.23	382.313
21654245.13	5170086.22	361.733
21654317.28	5170066.21	535.827
21654389.42	5170046.21	607.788
21654461.57	5170026.2	545.309
21654533.72	5170006.19	472.012
21654605.86	5169986.18	414.555
21654678.01	5169966.17	355.596
21654750.16	5169946.17	81.1983
21654822.31	5169926.16	160.721
21654894.45	5169906.15	103.709
21654966.6	5169886.14	341.952
21655038.75	5169866.13	488.915
21655110.89	5169846.13	258.382
21655183.04	5169826.12	383.271
21655255.19	5169806.11	537.029
21655327.33	5169786.1	1034.88
21655399.48	5169766.09	410.436
21653254.7	5170437.11	804.572
21653326.85	5170417.1	815.578
21653399	5170397.09	809.304
21653471.14	5170377.08	786.04
21653543.29	5170357.07	818.872
21653615.44	5170337.07	827.486
21653687.58	5170317.06	792.4
21653759.73	5170297.05	777.062
21653831.88	5170277.04	779.497
21653904.02	5170257.03	756.593
21653976.17	5170237.03	608.786
21654048.32	5170217.02	385.615
21654120.46	5170197.01	132.936
21654192.61	5170177	269.765
21654264.76	5170156.99	435.455
21654336.9	5170136.98	600.227
21654409.05	5170116.98	644.343
21654481.2	5170096.97	638.648
21654553.34	5170076.96	647.559
21654625.49	5170056.95	606.7
21654697.64	5170036.94	572.202
21654769.78	5170016.94	292.558
21654841.93	5169996.93	144.584
21654914.08	5169976.92	376.893
21654986.23	5169956.91	265.503
21655058.37	5169936.9	761.932
21655130.52	5169916.9	400.689
21655202.66	5169896.89	634.181
21655274.81	5169876.88	659.945
21655346.96	5169856.87	714.579
21655419.11	5169836.86	409.68
21655491.25	5169816.86	258.318
21655563.4	5169796.85	169.202
21655635.55	5169776.84	185.425
21655707.69	5169756.83	174.894
21655779.84	5169736.82	549.575
21655851.99	5169716.82	700.194
21655924.13	5169696.81	421.37
21655996.28	5169676.8	223.83
21656068.43	5169656.79	423.689
21656140.57	5169636.78	461.232
21656212.72	5169616.78	194.432
21656284.87	5169596.77	398.301
21656357.01	5169576.76	570.776
21656429.16	5169556.75	352.189
21656501.31	5169536.74	117.486
21656573.45	5169516.74	183.088
21656645.6	5169496.73	530.836
21656717.75	5169476.72	264.822
21656789.89	5169456.71	260.747
21656862.04	5169436.7	246.199
21656934.19	5169416.69	302.296
21657006.33	5169396.69	331.892
21657078.48	5169376.68	428.186
21657150.63	5169356.67	512.121
21657222.77	5169336.66	501.85
21657294.92	5169316.65	519.063
21657367.07	5169296.65	413.097
21657439.21	5169276.64	502.024
21657511.36	5169256.63	419.563
21657583.51	5169236.62	652.442
21657655.65	5169216.61	669.147
21657727.8	5169196.61	585.316
21657799.95	5169176.6	605.271
21657872.09	5169156.59	625.674
21657944.24	5169136.58	456.568
21658016.39	5169116.57	674.396
21658088.53	5169096.57	738.498
21658160.68	5169076.56	744.706
21658232.83	5169056.55	313.704
21658304.97	5169036.54	516.937
21658377.12	5169016.53	490.792
21658449.27	5168996.53	428.881
21658521.41	5168976.52	200.122
21658593.56	5168956.51	286.834
21658665.71	5168936.5	569.382
21658737.85	5168916.49	551.62
21658810	5168896.49	299.407
21658882.15	5168876.48	390.515
21658954.29	5168856.47	430.966
21659026.44	5168836.46	145.321
21659098.59	5168816.45	37.3711
21653274.33	5170507.88	749.047
21653346.48	5170487.87	788.696
21653418.62	5170467.86	801.017
21653490.77	5170447.85	726.32
21653562.92	5170427.84	751.126
21653635.06	5170407.84	726.799
21653707.21	5170387.83	744.881
21653779.36	5170367.82	724.626
21653851.5	5170347.81	734.299
21653923.65	5170327.8	742.91
21653995.8	5170307.8	491.592
21654067.94	5170287.79	415.969
21654140.09	5170267.78	330.499
21654212.24	5170247.77	429.816
21654284.38	5170227.76	594.973
21654356.53	5170207.76	704.65
21654428.68	5170187.75	718.75
21654500.82	5170167.74	629.153
21654572.97	5170147.73	421.092
21654645.12	5170127.72	583.616
21654717.26	5170107.72	728.685
21654789.41	5170087.71	494.543
21654861.56	5170067.7	95.0072
21654933.7	5170047.69	308.039
21655005.85	5170027.68	424.376
21655078	5170007.68	838.76
21655150.14	5169987.67	597.524
21655222.29	5169967.66	567.878
21655294.44	5169947.65	778.067
21655366.58	5169927.64	340.911
21655438.73	5169907.63	422.296
21655510.88	5169887.63	446.117
21655583.03	5169867.62	397.586
21655655.17	5169847.61	366.973
21655727.32	5169827.6	423.756
21655799.47	5169807.59	577.875
21655871.61	5169787.59	644.453
21655943.76	5169767.58	645.227
21656015.91	5169747.57	507.638
21656088.05	5169727.56	618.475
21656160.2	5169707.55	629.318
21656232.35	5169687.55	336.526
21656304.49	5169667.54	213.343
21656376.64	5169647.53	366.176
21656448.79	5169627.52	257.292
21656520.93	5169607.51	243.41
21656593.08	5169587.51	301.039
21656665.23	5169567.5	568.084
21656737.37	5169547.49	565.683
21656809.52	5169527.48	378.774
21656881.67	5169507.47	343.003
21656953.81	5169487.47	318.422
21657025.96	5169467.46	459.189
21657098.11	5169447.45	558.109
21657170.25	5169427.44	543.696
21657242.4	5169407.43	456.917
21657314.55	5169387.43	378.366
21657386.69	5169367.42	565.889
21657458.84	5169347.41	539.537
21657530.99	5169327.4	432.596
21657603.13	5169307.39	643.887
21657675.28	5169287.39	696.179
21657747.43	5169267.38	623.223
21657819.57	5169247.37	623.308
21657891.72	5169227.36	628.866
21657963.87	5169207.35	513.923
21658036.01	5169187.34	450.083
21658108.16	5169167.34	604.918
21658180.31	5169147.33	736.404
21658252.45	5169127.32	377.309
21658324.6	5169107.31	498.585
21658396.75	5169087.3	484.852
21658468.89	5169067.3	401.995
21658541.04	5169047.29	368.101
21658613.19	5169027.28	307.691
21658685.33	5169007.27	413.833
21658757.48	5168987.26	573.149
21658829.63	5168967.26	552.076
21658901.77	5168947.25	327.991
21658973.92	5168927.24	277.509
21659046.07	5168907.23	7.61
21653293.96	5170578.65	632.934
21653366.1	5170558.64	742.865
21653438.25	5170538.63	679.194
21653510.4	5170518.62	728.857
21653582.54	5170498.61	666.523
21653654.69	5170478.61	652.146
21653726.84	5170458.6	751.112
21653798.98	5170438.59	774.827
21653871.13	5170418.58	743.851
21653943.28	5170398.57	645.948
21654015.42	5170378.57	519.396
21654087.57	5170358.56	380.487
21654159.72	5170338.55	367.279
21654231.86	5170318.54	646.597
21654304.01	5170298.53	584.879
21654376.16	5170278.53	729.173
21654448.3	5170258.52	735.289
21654520.45	5170238.51	552.339
21654592.6	5170218.5	277.592
21654664.74	5170198.49	328.744
21654736.89	5170178.49	628.718
21654809.04	5170158.48	633.994
21654881.18	5170138.47	335.831
21654953.33	5170118.46	566.227
21655025.48	5170098.45	408.544
21655097.62	5170078.45	314.953
21655169.77	5170058.44	320.651
21655241.92	5170038.43	357.414
21655314.06	5170018.42	356.849
21655386.21	5169998.41	19.6494
21655458.36	5169978.41	168.855
21655530.5	5169958.4	460.621
21655602.65	5169938.39	470.997
21655674.8	5169918.38	416.426
21655746.95	5169898.37	434.66
21655819.09	5169878.37	327.737
21655891.24	5169858.36	401.104
21655963.38	5169838.35	363.083
21656035.53	5169818.34	306.094
21656107.68	5169798.33	586.912
21656179.83	5169778.32	714.641
21656251.97	5169758.32	527.97
21656324.12	5169738.31	93.805
21656396.27	5169718.3	285.913
21656468.41	5169698.29	568.524
21656540.56	5169678.28	326.304
21656612.71	5169658.28	268.489
21656684.85	5169638.27	430.955
21656757	5169618.26	563.954
21656829.15	5169598.25	523.794
21656901.29	5169578.24	322.783
21656973.44	5169558.24	195.57
21657045.59	5169538.23	472.034
21657117.73	5169518.22	540.443
21657189.88	5169498.21	482.649
21657262.03	5169478.2	397.284
21657334.17	5169458.2	482.634
21657406.32	5169438.19	584.489
21657478.47	5169418.18	688.942
21657550.61	5169398.17	738.011
21657622.76	5169378.16	617.839
21657694.91	5169358.16	626.822
21657767.05	5169338.15	698.241
21657839.2	5169318.14	716.17
21657911.35	5169298.13	720.498
21657983.49	5169278.12	658.57
21658055.64	5169258.12	508.243
21658127.79	5169238.11	434.355
21658199.93	5169218.1	533.919
21658272.08	5169198.09	432.764
21658344.23	5169178.08	570.804
21658416.37	5169158.08	414.782
21658488.52	5169138.07	444.262
21658560.67	5169118.06	403.324
21658632.81	5169098.05	285.316
21658704.96	5169078.04	381.73
21658777.11	5169058.03	505.654
21658849.25	5169038.03	615.083
21658921.4	5169018.02	412.587
21658993.55	5168998.01	351.287
21659065.69	5168978	211.423
21653313.58	5170649.42	688.07
21653385.73	5170629.41	802.853
21653457.88	5170609.4	745.342
21653530.02	5170589.39	715.948
21653602.17	5170569.39	621.221
21653674.32	5170549.38	622.878
21653746.46	5170529.37	706.178
21653818.61	5170509.36	762.183
21653890.76	5170489.35	769.268
21653962.9	5170469.35	764.547
21654035.05	5170449.34	642.038
21654107.2	5170429.33	499.209
21654179.34	5170409.32	517.728
21654251.49	5170389.31	651.073
21654323.64	5170369.3	629.162
21654395.78	5170349.3	612.041
21654467.93	5170329.29	579.951
21654540.08	5170309.28	542.763
21654612.22	5170289.27	579.04
21654684.37	5170269.26	501.391
21654756.52	5170249.26	603.521
21654828.66	5170229.25	662.001
21654900.81	5170209.24	382.356
21654972.96	5170189.23	355.045
21655045.1	5170169.22	234.443
21655117.25	5170149.22	122.587
21655189.4	5170129.21	178.143
21655261.54	5170109.2	396.754
21655333.69	5170089.19	369.601
21655405.84	5170069.18	224.591
21655477.98	5170049.18	254.097
21655550.13	5170029.17	370.585
21655622.28	5170009.16	590.042
21655694.42	5169989.15	545.002
21655766.57	5169969.14	511.679
21655838.72	5169949.14	171.888
21655910.86	5169929.13	217.801
21655983.01	5169909.12	284.482
21656055.16	5169889.11	358.238
21656127.3	5169869.1	512.862
21656199.45	5169849.1	719.455
21656271.6	5169829.09	624.087
21656343.75	5169809.08	279.615
21656415.89	5169789.07	354.048
21656488.04	5169769.06	576.086
21656560.19	5169749.06	352.571
21656632.33	5169729.05	225.119
21656704.48	5169709.04	350.175
21656776.63	5169689.03	590.029
21656848.77	5169669.02	582.549
21656920.92	5169649.02	248.789
21656993.07	5169629.01	195.497
21657065.21	5169609	274.137
21657137.36	5169588.99	264.032
21657209.51	5169568.98	227.666
21657281.65	5169548.97	300.137
21657353.8	5169528.97	459.027
21657425.95	5169508.96	662.763
21657498.09	5169488.95	768.568
21657570.24	5169468.94	700.642
21657642.39	5169448.93	601.062
21657714.53	5169428.93	676.89
21657786.68	5169408.92	715.167
21657858.83	5169388.91	700.302
21657930.97	5169368.9	720.824
21658003.12	5169348.89	649.281
21658075.27	5169328.89	529.429
21658147.41	5169308.88	423.059
21658219.56	5169288.87	431.201
21658291.71	5169268.86	403.119
21658363.85	5169248.85	595.283
21658436	5169228.85	572.467
21658508.15	5169208.84	487.844
21658580.29	5169188.83	423.994
21658652.44	5169168.82	387.653
21658724.59	5169148.81	339.268
21658796.73	5169128.81	505.757
21658868.88	5169108.8	673.596
21658941.03	5169088.79	593.469
21659013.17	5169068.78	532.906
21659085.32	5169048.77	451.604
21653261.06	5170740.2	542.476
21653333.21	5170720.19	611.372
21653405.36	5170700.18	784.461
21653477.5	5170680.17	794.634
21653549.65	5170660.16	864.979
21653621.8	5170640.16	777.167
21653693.94	5170620.15	835.934
21653766.09	5170600.14	914.071
21653838.24	5170580.13	746.657
21653910.38	5170560.12	756.988
21653982.53	5170540.12	696.132
21654054.68	5170520.11	682.153
21654126.82	5170500.1	710.729
21654198.97	5170480.09	737.367
21654271.12	5170460.08	799.389
21654343.26	5170440.08	729.16
21654415.41	5170420.07	625.953
21654487.56	5170400.06	601.136
21654559.7	5170380.05	544.178
21654631.85	5170360.04	632.836
21654704	5170340.04	764.29
21654776.14	5170320.03	741.803
21654848.29	5170300.02	692.846
21654920.44	5170280.01	622.789
21654992.58	5170260	512.734
21655064.73	5170240	397.303
21655136.88	5170219.99	320.566
21655209.02	5170199.98	355.204
21655281.17	5170179.97	406.887
21655353.32	5170159.96	379.488
21655425.46	5170139.95	303.652
21655497.61	5170119.95	10.8867
21655569.76	5170099.94	160.791
21655641.9	5170079.93	490.536
21655714.05	5170059.92	533.723
21655786.2	5170039.91	692.762
21655858.34	5170019.91	797.434
21655930.49	5169999.9	414.158
21656002.64	5169979.89	407.001
21656074.78	5169959.88	391.779
21656146.93	5169939.87	617.591
21656219.08	5169919.87	680.216
21656291.22	5169899.86	537.381
21656363.37	5169879.85	546.072
21656435.52	5169859.84	428.903
21656507.66	5169839.83	387.096
21656579.81	5169819.83	369.187
21656651.96	5169799.82	168.911
21656724.1	5169779.81	340.521
21656796.25	5169759.8	473.593
21656868.4	5169739.79	459.299
21656940.55	5169719.79	129.712
21657012.69	5169699.78	176.972
21657084.84	5169679.77	70.4522
21657156.99	5169659.76	102.163
21657229.13	5169639.75	183.353
21657301.28	5169619.75	279.592
21657373.43	5169599.74	378.354
21657445.57	5169579.73	538.298
21657517.72	5169559.72	559.898
21657589.87	5169539.71	564.981
21657662.01	5169519.71	527.436
21657734.16	5169499.7	556.814
21657806.31	5169479.69	722.951
21657878.45	5169459.68	723.429
21657950.6	5169439.67	750.455
21658022.75	5169419.66	738.249
21658094.89	5169399.66	615.019
21658167.04	5169379.65	407.327
21658239.19	5169359.64	420.617
21658311.33	5169339.63	368.459
21658383.48	5169319.62	369.236
21658455.63	5169299.62	347.181
21658527.77	5169279.61	409.421
21658599.92	5169259.6	433.298
21658672.07	5169239.59	407.261
21658744.21	5169219.58	435.594
21658816.36	5169199.58	568.385
21658888.51	5169179.57	620.249
21658960.65	5169159.56	589.266
21659032.8	5169139.55	509.603
21659104.95	5169119.54	466.961
21653280.69	5170810.97	586.397
21653352.84	5170790.96	675.681
21653424.98	5170770.95	815.577
21653497.13	5170750.94	784.921
21653569.28	5170730.93	853.309
21653641.42	5170710.93	789.124
21653713.57	5170690.92	823.445
21653785.72	5170670.91	760.656
21653857.86	5170650.9	736.956
21653930.01	5170630.89	733.69
21654002.16	5170610.89	763.706
21654074.3	5170590.88	765.172
21654146.45	5170570.87	895.499
21654218.6	5170550.86	807.279
21654290.74	5170530.85	808.419
21654362.89	5170510.85	761.889
21654435.04	5170490.84	696.287
21654507.18	5170470.83	663.257
21654579.33	5170450.82	619.123
21654651.48	5170430.81	559.603
21654723.62	5170410.81	845.122
21654795.77	5170390.8	823.945
21654867.92	5170370.79	551.828
21654940.06	5170350.78	456.234
21655012.21	5170330.77	610.483
21655084.36	5170310.77	491.872
21655156.5	5170290.76	282.421
21655228.65	5170270.75	370.136
21655300.8	5170250.74	463.366
21655372.94	5170230.73	301.982
21655445.09	5170210.73	322.008
21655517.24	5170190.72	97.2017
21655589.38	5170170.71	288.092
21655661.53	5170150.7	424.234
21655733.68	5170130.69	528.624
21655805.82	5170110.69	714.997
21655877.97	5170090.68	746.852
21655950.12	5170070.67	626.464
21656022.26	5170050.66	345.407
21656094.41	5170030.65	473.476
21656166.56	5170010.65	544.752
21656238.7	5169990.64	421.366
21656310.85	5169970.63	132.054
21656383	5169950.62	268.49
21656455.14	5169930.61	373.786
21656527.29	5169910.6	391.907
21656599.44	5169890.6	346.803
21656671.58	5169870.59	100.852
21656743.73	5169850.58	255.632
21656815.88	5169830.57	613.483
21656888.02	5169810.56	529.697
21656960.17	5169790.56	305.618
21657032.32	5169770.55	166.256
21657104.47	5169750.54	159.108
21657176.61	5169730.53	290.64
21657248.76	5169710.52	414.918
21657320.91	5169690.52	614.403
21657393.05	5169670.51	463.686
21657465.2	5169650.5	559.975
21657537.35	5169630.49	478.138
21657609.49	5169610.48	415.381
21657681.64	5169590.48	245.019
21657753.79	5169570.47	395.173
21657825.93	5169550.46	615.453
21657898.08	5169530.45	772.584
21657970.23	5169510.44	776.009
21658042.37	5169490.44	703.291
21658114.52	5169470.43	653.151
21658186.67	5169450.42	553.294
21658258.81	5169430.41	239.508
21658330.96	5169410.4	165.191
21658403.11	5169390.4	136.748
21658475.25	5169370.39	273.801
21658547.4	5169350.38	403.581
21658619.55	5169330.37	249.794
21658691.69	5169310.36	315.367
21658763.84	5169290.36	346.894
21658835.99	5169270.35	533.285
21658908.13	5169250.34	414.593
21658980.28	5169230.33	382.751
21659052.43	5169210.32	370.095
21653300.32	5170881.74	642.936
21653372.46	5170861.73	704.134
21653444.61	5170841.72	733.517
21653516.76	5170821.71	762.459
21653588.9	5170801.71	739.694
21653661.05	5170781.7	685.113
21653733.2	5170761.69	583.512
21653805.34	5170741.68	813.599
21653877.49	5170721.67	720.888
21653949.64	5170701.67	747.718
21654021.78	5170681.66	769.399
21654093.93	5170661.65	748.32
21654166.08	5170641.64	853.175
21654238.22	5170621.63	698.931
21654310.37	5170601.63	668.429
21654382.52	5170581.62	704.653
21654454.66	5170561.61	738.027
21654526.81	5170541.6	709.293
21654598.96	5170521.59	688.232
21654671.1	5170501.58	433.176
21654743.25	5170481.58	548.514
21654815.4	5170461.57	681.694
21654887.54	5170441.56	294.543
21654959.69	5170421.55	134.287
21655031.84	5170401.54	338.971
21655103.98	5170381.54	194.312
21655176.13	5170361.53	293.241
21655248.28	5170341.52	447.936
21655320.42	5170321.51	526.333
21655392.57	5170301.5	330.392
21655464.72	5170281.5	471.937
21655536.86	5170261.49	33.5563
21655609.01	5170241.48	381.183
21655681.16	5170221.47	474.231
21655753.3	5170201.46	355.127
21655825.45	5170181.46	308.733
21655897.6	5170161.45	572.603
21655969.74	5170141.44	721.808
21656041.89	5170121.43	628.518
21656114.04	5170101.42	688.013
21656186.18	5170081.42	470.094
21656258.33	5170061.41	333.312
21656330.48	5170041.4	179.986
21656402.62	5170021.39	27.8328
21656474.77	5170001.38	315.991
21656546.92	5169981.38	373.834
21656619.06	5169961.37	257.096
21656691.21	5169941.36	251.476
21656763.36	5169921.35	303.509
21656835.5	5169901.34	501.053
21656907.65	5169881.34	585.885
21656979.8	5169861.33	493.677
21657051.94	5169841.32	452.829
21657124.09	5169821.31	507.585
21657196.24	5169801.3	679.337
21657268.38	5169781.3	692.555
21657340.53	5169761.29	667.892
21657412.68	5169741.28	694.737
21657484.83	5169721.27	674.631
21657556.97	5169701.26	438.486
21657629.12	5169681.25	357.377
21657701.27	5169661.25	476.391
21657773.41	5169641.24	603.613
21657845.56	5169621.23	714.834
21657917.71	5169601.22	765.624
21657989.85	5169581.21	745.616
21658062	5169561.21	693.639
21658134.15	5169541.2	602.764
21658206.29	5169521.19	564.952
21658278.44	5169501.18	501.502
21658350.59	5169481.17	254.492
21658422.73	5169461.17	258.709
21658494.88	5169441.16	123.999
21658567.03	5169421.15	320.968
21658639.17	5169401.14	217.603
21658711.32	5169381.13	318.933
21658783.47	5169361.13	323.667
21658855.61	5169341.12	361.363
21658927.76	5169321.11	352.133
21658999.91	5169301.1	378.336
21659072.05	5169281.09	579.451
21653247.8	5170972.52	783.764
21653319.94	5170952.51	786.761
21653392.09	5170932.5	717.797
21653464.24	5170912.49	694.651
21653536.38	5170892.48	785.95
21653608.53	5170872.48	719.633
21653680.68	5170852.47	713.876
21653752.82	5170832.46	676.919
21653824.97	5170812.45	701.944
21653897.12	5170792.44	707.289
21653969.26	5170772.44	768.552
21654041.41	5170752.43	732.289
21654113.56	5170732.42	719.322
21654185.7	5170712.41	866.944
21654257.85	5170692.4	679.752
21654330	5170672.4	683.714
21654402.14	5170652.39	706.521
21654474.29	5170632.38	679.218
21654546.44	5170612.37	680.901
21654618.58	5170592.36	639.459
21654690.73	5170572.36	406.957
21654762.88	5170552.35	461.773
21654835.02	5170532.34	487.736
21654907.17	5170512.33	344.922
21654979.32	5170492.32	427.431
21655051.46	5170472.32	669.371
21655123.61	5170452.31	395.214
21655195.76	5170432.3	170.533
21655267.9	5170412.29	380.329
21655340.05	5170392.28	374.07
21655412.2	5170372.28	352.946
21655484.34	5170352.27	595.923
21655556.49	5170332.26	289.822
21655628.64	5170312.25	465.333
21655700.78	5170292.24	750.988
21655772.93	5170272.23	478.922
21655845.08	5170252.23	345.988
21655917.22	5170232.22	451.559
21655989.37	5170212.21	700.155
21656061.52	5170192.2	644.809
21656133.66	5170172.19	739.121
21656205.81	5170152.19	538.292
21656277.96	5170132.18	297.313
21656350.1	5170112.17	291.938
21656422.25	5170092.16	250.054
21656494.4	5170072.15	421.559
21656566.54	5170052.15	540.011
21656638.69	5170032.14	603.143
21656710.84	5170012.13	518.462
21656782.98	5169992.12	417.169
21656855.13	5169972.11	296.613
21656927.28	5169952.11	509.108
21656999.42	5169932.1	691.583
21657071.57	5169912.09	506.492
21657143.72	5169892.08	533.647
21657215.86	5169872.07	628.837
21657288.01	5169852.07	697.788
21657360.16	5169832.06	662.319
21657432.3	5169812.05	600.584
21657504.45	5169792.04	651.749
21657576.6	5169772.03	442.573
21657648.74	5169752.03	545.631
21657720.89	5169732.02	692.925
21657793.04	5169712.01	710.756
21657865.18	5169692	769.133
21657937.33	5169671.99	784.826
21658009.48	5169651.99	776.611
21658081.63	5169631.98	753.316
21658153.77	5169611.97	713.771
21658225.92	5169591.96	781.022
21658298.07	5169571.95	732.579
21658370.21	5169551.94	464.738
21658442.36	5169531.94	615.217
21658514.51	5169511.93	394.594
21658586.65	5169491.92	370.822
21658658.8	5169471.91	393.397
21658730.95	5169451.9	220.984
21658803.09	5169431.9	86.55
21658875.24	5169411.89	49.4844
21658947.39	5169391.88	196.306
21659019.53	5169371.87	343.088
21659091.68	5169351.86	510.795
21653267.42	5171043.29	947.247
21653339.57	5171023.28	798.942
21653411.72	5171003.27	704.759
21653483.86	5170983.26	711.872
21653556.01	5170963.26	768.737
21653628.16	5170943.25	782.399
21653700.3	5170923.24	741.159
21653772.45	5170903.23	703.713
21653844.6	5170883.22	720.576
21653916.74	5170863.21	740.934
21653988.89	5170843.21	765.959
21654061.04	5170823.2	575.702
21654133.18	5170803.19	611.985
21654205.33	5170783.18	821.388
21654277.48	5170763.17	727.732
21654349.62	5170743.17	743.189
21654421.77	5170723.16	837.009
21654493.92	5170703.15	634.692
21654566.06	5170683.14	660.184
21654638.21	5170663.13	596.393
21654710.36	5170643.13	378.999
21654782.5	5170623.12	382.32
21654854.65	5170603.11	558.351
21654926.8	5170583.1	672.165
21654998.94	5170563.09	652.326
21655071.09	5170543.09	685.53
21655143.24	5170523.08	643.318
21655215.38	5170503.07	528.319
21655287.53	5170483.06	300.831
21655359.68	5170463.05	151.246
21655431.82	5170443.05	273.708
21655503.97	5170423.04	584.789
21655576.12	5170403.03	627.033
21655648.26	5170383.02	615.303
21655720.41	5170363.01	654.117
21655792.56	5170343.01	324.358
21655864.7	5170323	438.361
21655936.85	5170302.99	383.613
21656009	5170282.98	494.417
21656081.14	5170262.97	671.337
21656153.29	5170242.97	749.936
21656225.44	5170222.96	596.319
21656297.58	5170202.95	268.033
21656369.73	5170182.94	311.197
21656441.88	5170162.93	169.365
21656514.02	5170142.93	172.887
21656586.17	5170122.92	410.179
21656658.32	5170102.91	511.942
21656730.46	5170082.9	408.536
21656802.61	5170062.89	226.917
21656874.76	5170042.88	348.669
21656946.9	5170022.88	598.869
21657019.05	5170002.87	674.496
21657091.2	5169982.86	642.979
21657163.34	5169962.85	556.342
21657235.49	5169942.84	420.233
21657307.64	5169922.84	379.817
21657379.78	5169902.83	379.561
21657451.93	5169882.82	368.719
21657524.08	5169862.81	360.847
21657596.22	5169842.8	383.838
21657668.37	5169822.8	325.489
21657740.52	5169802.79	565.742
21657812.66	5169782.78	620.027
21657884.81	5169762.77	733.052
21657956.96	5169742.76	787.577
21658029.1	5169722.76	806.722
21658101.25	5169702.75	772.101
21658173.4	5169682.74	684.567
21658245.54	5169662.73	679.784
21658317.69	5169642.72	503.599
21658389.84	5169622.72	485.189
21658461.99	5169602.71	460.256
21658534.13	5169582.7	531.588
21658606.28	5169562.69	394.288
21658678.43	5169542.68	308.706
21658750.57	5169522.68	104.907
21658822.72	5169502.67	71.0239
21658894.87	5169482.66	16.405
21658967.01	5169462.65	171.226
21659039.16	5169442.64	332.775
21659111.31	5169422.64	470.789
21653287.05	5171114.06	922.325
21653359.2	5171094.05	813.705
21653431.34	5171074.04	799.059
21653503.49	5171054.03	725.307
21653575.64	5171034.03	735.681
21653647.78	5171014.02	772.916
21653719.93	5170994.01	709.013
21653792.08	5170974	689.485
21653864.22	5170953.99	739.164
21653936.37	5170933.99	531.679
21654008.52	5170913.98	561.205
21654080.66	5170893.97	569.759
21654152.81	5170873.96	703.438
21654224.96	5170853.95	715.603
21654297.1	5170833.95	694.751
21654369.25	5170813.94	795.215
21654441.4	5170793.93	822.499
21654513.54	5170773.92	547.345
21654585.69	5170753.91	562.352
21654657.84	5170733.91	661.569
21654729.98	5170713.9	393.959
21654802.13	5170693.89	575.936
21654874.28	5170673.88	708.75
21654946.42	5170653.87	554.58
21655018.57	5170633.86	657.88
21655090.72	5170613.86	787.233
21655162.86	5170593.85	769.621
21655235.01	5170573.84	643.352
21655307.16	5170553.83	280.159
21655379.3	5170533.82	34.3187
21655451.45	5170513.82	223.528
21655523.6	5170493.81	596.203
21655595.74	5170473.8	701.729
21655667.89	5170453.79	630.3
21655740.04	5170433.78	293.254
21655812.18	5170413.78	192.102
21655884.33	5170393.77	262.257
21655956.48	5170373.76	226.948
21656028.62	5170353.75	316.629
21656100.77	5170333.74	421.463
21656172.92	5170313.74	647.828
21656245.06	5170293.73	560.159
21656317.21	5170273.72	360.313
21656389.36	5170253.71	607.151
21656461.5	5170233.7	306.592
21656533.65	5170213.7	340.987
21656605.8	5170193.69	419.216
21656677.94	5170173.68	608.844
21656750.09	5170153.67	349.107
21656822.24	5170133.66	216.294
21656894.38	5170113.66	307.878
21656966.53	5170093.65	730.302
21657038.68	5170073.64	760.137
21657110.82	5170053.63	705.589
21657182.97	5170033.62	675.648
21657255.12	5170013.62	479.793
21657327.26	5169993.61	52.8328
21657399.41	5169973.6	261.086
21657471.56	5169953.59	401.072
21657543.7	5169933.58	427.977
21657615.85	5169913.57	501.959
21657688	5169893.57	412.813
21657760.14	5169873.56	629.437
21657832.29	5169853.55	657.498
21657904.44	5169833.54	728.638
21657976.58	5169813.53	842.272
21658048.73	5169793.53	834.28
21658120.88	5169773.52	782.379
21658193.02	5169753.51	616.764
21658265.17	5169733.5	624.169
21658337.32	5169713.49	445.404
21658409.46	5169693.49	374.678
21658481.61	5169673.48	307.612
21658553.76	5169653.47	279.189
21658625.91	5169633.46	233.639
21658698.05	5169613.45	196.103
21658770.2	5169593.45	206.327
21658842.35	5169573.44	252.739
21658914.49	5169553.43	77.6039
21658986.64	5169533.42	147.322
21659058.79	5169513.41	91.6194
21653306.68	5171184.83	835.452
21653378.82	5171164.82	910.718
21653450.97	5171144.81	786.894
21653523.12	5171124.8	738.247
21653595.26	5171104.8	730.695
21653667.41	5171084.79	752.155
21653739.56	5171064.78	663.674
21653811.7	5171044.77	700.274
21653883.85	5171024.76	693.784
21653956	5171004.76	702.219
21654028.14	5170984.75	532.796
21654100.29	5170964.74	734.106
21654172.44	5170944.73	840.888
21654244.58	5170924.72	744.272
21654316.73	5170904.72	666.348
21654388.88	5170884.71	712.593
21654461.02	5170864.7	641.951
21654533.17	5170844.69	667.532
21654605.32	5170824.68	546.616
21654677.46	5170804.68	349.944
21654749.61	5170784.67	342.233
21654821.76	5170764.66	248.88
21654893.9	5170744.65	251.239
21654966.05	5170724.64	117.164
21655038.2	5170704.64	332.143
21655110.34	5170684.63	712.182
21655182.49	5170664.62	740.688
21655254.64	5170644.61	648.381
21655326.78	5170624.6	358.648
21655398.93	5170604.6	57.07
21655471.08	5170584.59	64.0928
21655543.22	5170564.58	588.446
21655615.37	5170544.57	627.702
21655687.52	5170524.56	296.694
21655759.66	5170504.56	144.433
21655831.81	5170484.55	263.107
21655903.96	5170464.54	135.449
21655976.1	5170444.53	251.338
21656048.25	5170424.52	217.557
21656120.4	5170404.51	249.569
21656192.54	5170384.51	560.092
21656264.69	5170364.5	658.289
21656336.84	5170344.49	682.184
21656408.98	5170324.48	656.044
21656481.13	5170304.47	282.905
21656553.28	5170284.47	257.013
21656625.42	5170264.46	490.372
21656697.57	5170244.45	470.67
21656769.72	5170224.44	174.349
21656841.86	5170204.43	164.744
21656914.01	5170184.43	320.753
21656986.16	5170164.42	643.372
21657058.3	5170144.41	740.557
21657130.45	5170124.4	717.103
21657202.6	5170104.39	627.215
21657274.74	5170084.39	590.934
21657346.89	5170064.38	232.444
21657419.04	5170044.37	329.333
21657491.18	5170024.36	575.536
21657563.33	5170004.35	625.193
21657635.48	5169984.35	468.36
21657707.62	5169964.34	292.361
21657779.77	5169944.33	600.058
21657851.92	5169924.32	624.989
21657924.06	5169904.31	704.927
21657996.21	5169884.31	778.093
21658068.36	5169864.3	807.078
21658140.5	5169844.29	675.524
21658212.65	5169824.28	705.897
21658284.8	5169804.27	503.012
21658356.94	5169784.27	301.823
21658429.09	5169764.26	216.708
21658501.24	5169744.25	291.478
21658573.38	5169724.24	172.418
21658645.53	5169704.23	84.5117
21658717.68	5169684.22	120.953
21658789.82	5169664.22	237.509
21658861.97	5169644.21	89.0094
21658934.12	5169624.2	110.766
21659006.26	5169604.19	37.4517
21659078.41	5169584.18	37.3806
21653254.15	5171275.61	971.513
21653326.3	5171255.6	830.893
21653398.45	5171235.59	809.939
21653470.6	5171215.58	831.784
21653542.74	5171195.58	786.457
21653614.89	5171175.57	791.102
21653687.04	5171155.56	776.973
21653759.18	5171135.55	734.747
21653831.33	5171115.54	752.914
21653903.48	5171095.54	767.352
21653975.62	5171075.53	754.401
21654047.77	5171055.52	649.748
21654119.92	5171035.51	608.016
21654192.06	5171015.5	478.188
21654264.21	5170995.49	668.393
21654336.36	5170975.49	710.845
21654408.5	5170955.48	633.633
21654480.65	5170935.47	785.169
21654552.8	5170915.46	744.063
21654624.94	5170895.45	476.798
21654697.09	5170875.45	184.792
21654769.24	5170855.44	147.672
21654841.38	5170835.43	343.728
21654913.53	5170815.42	370.449
21654985.68	5170795.41	355.443
21655057.82	5170775.41	381.579
21655129.97	5170755.4	645.753
21655202.12	5170735.39	784.459
21655274.26	5170715.38	736.905
21655346.41	5170695.37	594.75
21655418.56	5170675.37	461.027
21655490.7	5170655.36	226.779
21655562.85	5170635.35	395.118
21655635	5170615.34	643.519
21655707.14	5170595.33	308.898
21655779.29	5170575.33	114.038
21655851.44	5170555.32	258.672
21655923.58	5170535.31	277.554
21655995.73	5170515.3	286.541
21656067.88	5170495.29	340.691
21656140.02	5170475.29	111.946
21656212.17	5170455.28	209.05
21656284.32	5170435.27	554.462
21656356.46	5170415.26	665.273
21656428.61	5170395.25	513.813
21656500.76	5170375.25	244.882
21656572.9	5170355.24	127.677
21656645.05	5170335.23	341.073
21656717.2	5170315.22	222.384
21656789.34	5170295.21	189.844
21656861.49	5170275.21	347.438
21656933.64	5170255.2	360.663
21657005.78	5170235.19	657.598
21657077.93	5170215.18	670.552
21657150.08	5170195.17	631.374
21657222.22	5170175.16	723.437
21657294.37	5170155.16	650.433
21657366.52	5170135.15	565.109
21657438.66	5170115.14	456.233
21657510.81	5170095.13	668.039
21657582.96	5170075.12	664.096
21657655.1	5170055.12	559.174
21657727.25	5170035.11	415.905
21657799.4	5170015.1	641.988
21657871.54	5169995.09	750.991
21657943.69	5169975.08	771.023
21658015.84	5169955.08	749.548
21658087.98	5169935.07	801.548
21658160.13	5169915.06	733.19
21658232.28	5169895.05	672.028
21658304.42	5169875.04	335.428
21658376.57	5169855.04	217.618
21658448.72	5169835.03	210.377
21658520.86	5169815.02	181.456
21658593.01	5169795.01	135.741
21658665.16	5169775	160.114
21658737.3	5169755	134.996
21658809.45	5169734.99	28.6983
21658881.6	5169714.98	37.1727
21658953.74	5169694.97	37.0421
21659025.89	5169674.96	87.4261
21659098.04	5169654.96	12.4894
21653273.78	5171346.38	936.564
21653345.93	5171326.37	799.541
21653418.07	5171306.36	776.898
21653490.22	5171286.35	809.263
21653562.37	5171266.35	808.362
21653634.51	5171246.34	729.992
21653706.66	5171226.33	701.159
21653778.81	5171206.32	665.252
21653850.96	5171186.31	697.779
21653923.1	5171166.31	771.856
21653995.25	5171146.3	613.261
21654067.4	5171126.29	562.539
21654139.54	5171106.28	538.031
21654211.69	5171086.27	513.137
21654283.84	5171066.27	636.487
21654355.98	5171046.26	591.308
21654428.13	5171026.25	479.267
21654500.28	5171006.24	644.73
21654572.42	5170986.23	698.892
21654644.57	5170966.23	645.627
21654716.72	5170946.22	639.25
21654788.86	5170926.21	210.672
21654861.01	5170906.2	303.138
21654933.16	5170886.19	461.084
21655005.3	5170866.18	736.577
21655077.45	5170846.18	502.031
21655149.6	5170826.17	298.646
21655221.74	5170806.16	596.862
21655293.89	5170786.15	686.432
21655366.04	5170766.14	628.61
21655438.18	5170746.14	483.259
21655510.33	5170726.13	385.29
21655582.48	5170706.12	380.879
21655654.62	5170686.11	495.623
21655726.77	5170666.1	536.726
21655798.92	5170646.1	311.869
21655871.06	5170626.09	407.707
21655943.21	5170606.08	304.717
21656015.36	5170586.07	389.769
21656087.5	5170566.06	184.485
21656159.65	5170546.06	69.0556
21656231.8	5170526.05	142.534
21656303.94	5170506.04	607.118
21656376.09	5170486.03	753.131
21656448.24	5170466.02	623.185
21656520.38	5170446.02	516.874
21656592.53	5170426.01	377.124
21656664.68	5170406	278.007
21656736.82	5170385.99	323.163
21656808.97	5170365.98	424.721
21656881.12	5170345.98	697.098
21656953.26	5170325.97	652.721
21657025.41	5170305.96	641.374
21657097.56	5170285.95	670.736
21657169.7	5170265.94	672.412
21657241.85	5170245.94	540.532
21657314	5170225.93	258.308
21657386.14	5170205.92	509.445
21657458.29	5170185.91	539.933
21657530.44	5170165.9	366.141
21657602.58	5170145.9	401.228
21657674.73	5170125.89	606.812
21657746.88	5170105.88	614.522
21657819.02	5170085.87	778.646
21657891.17	5170065.86	822.801
21657963.32	5170045.85	838.758
21658035.46	5170025.85	802.997
21658107.61	5170005.84	774.968
21658179.76	5169985.83	577.893
21658251.9	5169965.82	552.37
21658324.05	5169945.81	242.282
21658396.2	5169925.81	33.2278
21658468.34	5169905.8	36.4361
21658540.49	5169885.79	36.9896
21658612.64	5169865.78	191.584
21658684.78	5169845.77	102.134
21658756.93	5169825.77	73.2417
21658829.08	5169805.76	132.413
21658901.22	5169785.75	203.703
21658973.37	5169765.74	208.828
21659045.52	5169745.73	186.098
21653293.41	5171417.15	726.096
21653365.55	5171397.14	836.742
21653437.7	5171377.13	865.099
21653509.85	5171357.12	766.995
21653581.99	5171337.12	718.271
21653654.14	5171317.11	745.155
21653726.29	5171297.1	629.076
21653798.43	5171277.09	525.105
21653870.58	5171257.08	754.731
21653942.73	5171237.08	736.658
21654014.87	5171217.07	688.209
21654087.02	5171197.06	603.769
21654159.17	5171177.05	641.366
21654231.32	5171157.04	596.205
21654303.46	5171137.04	678.72
21654375.61	5171117.03	673.673
21654447.76	5171097.02	604.653
21654519.9	5171077.01	641.748
21654592.05	5171057	736.426
21654664.2	5171037	731.912
21654736.34	5171016.99	732.682
21654808.49	5170996.98	301.638
21654880.64	5170976.97	186.449
21654952.78	5170956.96	338.936
21655024.93	5170936.96	473.337
21655097.08	5170916.95	431.672
21655169.22	5170896.94	429.308
21655241.37	5170876.93	521.694
21655313.52	5170856.92	551.586
21655385.66	5170836.92	560.543
21655457.81	5170816.91	614.992
21655529.96	5170796.9	780.665
21655602.1	5170776.89	466.401
21655674.25	5170756.88	217.447
21655746.4	5170736.88	337.603
21655818.54	5170716.87	386.605
21655890.69	5170696.86	437.019
21655962.84	5170676.85	254.547
21656034.98	5170656.84	176.866
21656107.13	5170636.83	96.005
21656179.28	5170616.83	173.422
21656251.42	5170596.82	250.804
21656323.57	5170576.81	548.776
21656395.72	5170556.8	721.162
21656467.86	5170536.79	644.095
21656540.01	5170516.79	609.933
21656612.16	5170496.78	375.708
21656684.3	5170476.77	334.977
21656756.45	5170456.76	391.469
21656828.6	5170436.75	537.981
21656900.74	5170416.75	693.553
21656972.89	5170396.74	699.239
21657045.04	5170376.73	713.078
21657117.18	5170356.72	673.29
21657189.33	5170336.71	508.704
21657261.48	5170316.71	153.848
21657333.62	5170296.7	36.2605
21657405.77	5170276.69	252.633
21657477.92	5170256.68	351.39
21657550.06	5170236.67	201.837
21657622.21	5170216.67	644.422
21657694.36	5170196.66	732.869
21657766.5	5170176.65	692.894
21657838.65	5170156.64	752.613
21657910.8	5170136.63	757.233
21657982.94	5170116.63	814.561
21658055.09	5170096.62	822.559
21658127.24	5170076.61	716.153
21658199.38	5170056.6	617.782
21658271.53	5170036.59	613.001
21658343.68	5170016.59	351.421
21658415.82	5169996.58	36.107
21658487.97	5169976.57	23.3584
21658560.12	5169956.56	36.87
21658632.26	5169936.55	58.2456
21658704.41	5169916.55	144.069
21658776.56	5169896.54	36.6553
21658848.7	5169876.53	92.57
21658920.85	5169856.52	20.2717
21658993	5169836.51	234.792
21659065.14	5169816.5	250.318
21653313.03	5171487.92	801.522
21653385.18	5171467.91	689.272
21653457.33	5171447.9	688.805
21653529.47	5171427.9	607.687
21653601.62	5171407.89	661.834
21653673.77	5171387.88	734.602
21653745.91	5171367.87	765.834
21653818.06	5171347.86	701.07
21653890.21	5171327.86	702.766
21653962.35	5171307.85	772.815
21654034.5	5171287.84	714.348
21654106.65	5171267.83	706.193
21654178.79	5171247.82	702.742
21654250.94	5171227.82	689.203
21654323.09	5171207.81	728.867
21654395.23	5171187.8	737.291
21654467.38	5171167.79	698.443
21654539.53	5171147.78	678.073
21654611.67	5171127.77	468.487
21654683.82	5171107.77	686.503
21654755.97	5171087.76	732.864
21654828.12	5171067.75	594.855
21654900.26	5171047.74	441.284
21654972.41	5171027.73	415.222
21655044.56	5171007.73	513.858
21655116.7	5170987.72	650.916
21655188.85	5170967.71	609.943
21655261	5170947.7	557.649
21655333.14	5170927.69	613.031
21655405.29	5170907.69	686.209
21655477.44	5170887.68	717.531
21655549.58	5170867.67	627.206
21655621.73	5170847.66	702.5
21655693.88	5170827.65	696.148
21655766.02	5170807.65	501.881
21655838.17	5170787.64	413.439
21655910.32	5170767.63	553.114
21655982.46	5170747.62	511.697
21656054.61	5170727.61	441.512
21656126.76	5170707.61	321.333
21656198.9	5170687.6	307.99
21656271.05	5170667.59	351.367
21656343.2	5170647.58	710.986
21656415.34	5170627.57	760.263
21656487.49	5170607.57	549.678
21656559.64	5170587.56	454.515
21656631.78	5170567.55	342.478
21656703.93	5170547.54	311.026
21656776.08	5170527.53	361.986
21656848.22	5170507.53	576.592
21656920.37	5170487.52	634.241
21656992.52	5170467.51	721.527
21657064.66	5170447.5	665.129
21657136.81	5170427.49	545.951
21657208.96	5170407.48	222.312
21657281.1	5170387.48	154.602
21657353.25	5170367.47	550.422
21657425.4	5170347.46	594.153
21657497.54	5170327.45	573.903
21657569.69	5170307.44	633.595
21657641.84	5170287.44	699.551
21657713.98	5170267.43	698.534
21657786.13	5170247.42	791.67
21657858.28	5170227.41	687.538
21657930.42	5170207.4	333.82
21658002.57	5170187.4	577.851
21658074.72	5170167.39	720.555
21658146.86	5170147.38	680.062
21658219.01	5170127.37	636.389
21658291.16	5170107.36	723.437
21658363.3	5170087.36	704.793
21658435.45	5170067.35	341.267
21658507.6	5170047.34	36.3407
21658579.74	5170027.33	21.9211
21658651.89	5170007.32	68.6139
21658724.04	5169987.32	77.8794
21658796.18	5169967.31	36.4432
21658868.33	5169947.3	29.2201
21658940.48	5169927.29	28.8496
21659012.62	5169907.28	35.291
21659084.77	5169887.28	57.7061
21653260.51	5171578.7	730.846
21653332.66	5171558.69	653.783
21653404.81	5171538.68	800.724
21653476.95	5171518.67	712.962
21653549.1	5171498.67	582.895
21653621.25	5171478.66	592.727
21653693.39	5171458.65	620.821
21653765.54	5171438.64	567.206
21653837.69	5171418.63	410.363
21653909.83	5171398.63	695.48
21653981.98	5171378.62	713.792
21654054.13	5171358.61	696.459
21654126.27	5171338.6	734.522
21654198.42	5171318.59	716.653
21654270.57	5171298.59	733.567
21654342.71	5171278.58	778.385
21654414.86	5171258.57	800.407
21654487.01	5171238.56	732.314
21654559.15	5171218.55	664.81
21654631.3	5171198.55	333.709
21654703.45	5171178.54	620.413
21654775.59	5171158.53	690.417
21654847.74	5171138.52	338.773
21654919.89	5171118.51	457.269
21654992.04	5171098.51	656.381
21655064.18	5171078.5	676.738
21655136.33	5171058.49	722.529
21655208.48	5171038.48	411.363
21655280.62	5171018.47	327.516
21655352.77	5170998.47	447.933
21655424.92	5170978.46	617.221
21655497.06	5170958.45	653.353
21655569.21	5170938.44	679.081
21655641.36	5170918.43	699.338
21655713.5	5170898.42	691.339
21655785.65	5170878.42	542.734
21655857.8	5170858.41	177.673
21655929.94	5170838.4	240.798
21656002.09	5170818.39	266.628
21656074.24	5170798.38	355.651
21656146.38	5170778.38	380.976
21656218.53	5170758.37	321.678
21656290.68	5170738.36	404.853
21656362.82	5170718.35	691.877
21656434.97	5170698.34	783.933
21656507.12	5170678.34	597.918
21656579.26	5170658.33	434.296
21656651.41	5170638.32	315.912
21656723.56	5170618.31	486.979
21656795.7	5170598.3	409.658
21656867.85	5170578.3	598.134
21656940	5170558.29	662.661
21657012.14	5170538.28	615.633
21657084.29	5170518.27	639.288
21657156.44	5170498.26	188.94
21657228.58	5170478.26	298.204
21657300.73	5170458.25	410.386
21657372.88	5170438.24	713.13
21657445.02	5170418.23	738.145
21657517.17	5170398.22	703.748
21657589.32	5170378.22	690.409
21657661.46	5170358.21	645.252
21657733.61	5170338.2	678.962
21657805.76	5170318.19	720.6
21657877.9	5170298.18	685.059
21657950.05	5170278.18	299.889
21658022.2	5170258.17	567.668
21658094.34	5170238.16	653.679
21658166.49	5170218.15	558.323
21658238.64	5170198.14	762.753
21658310.78	5170178.13	799.333
21658382.93	5170158.13	726.651
21658455.08	5170138.12	496.056
21658527.22	5170118.11	376.285
21658599.37	5170098.1	255.1
21658671.52	5170078.09	69.5494
21658743.66	5170058.09	13.4083
21658815.81	5170038.08	44.44
21658887.96	5170018.07	31.9094
21658960.1	5169998.06	32.7808
21659032.25	5169978.05	16.6594
21659104.4	5169958.05	4.44111
21653280.14	5171649.47	685.522
21653352.29	5171629.46	450.149
21653424.43	5171609.45	681.738
21653496.58	5171589.45	730.581
21653568.73	5171569.44	712.587
21653640.87	5171549.43	491.423
21653713.02	5171529.42	555.631
21653785.17	5171509.41	394.342
21653857.31	5171489.4	549.586
21653929.46	5171469.4	771.434
21654001.61	5171449.39	662.838
21654073.75	5171429.38	633.128
21654145.9	5171409.37	675.343
21654218.05	5171389.36	744.85
21654290.19	5171369.36	794.242
21654362.34	5171349.35	759.422
21654434.49	5171329.34	751.661
21654506.63	5171309.33	859.097
21654578.78	5171289.32	734.219
21654650.93	5171269.32	455.695
21654723.07	5171249.31	472.504
21654795.22	5171229.3	563.258
21654867.37	5171209.29	262.469
21654939.51	5171189.28	198.957
21655011.66	5171169.28	489.663
21655083.81	5171149.27	636.559
21655155.95	5171129.26	549.52
21655228.1	5171109.25	398.492
21655300.25	5171089.24	197.492
21655372.39	5171069.24	266.439
21655444.54	5171049.23	445.331
21655516.69	5171029.22	565.272
21655588.84	5171009.21	668.401
21655660.98	5170989.2	676.565
21655733.13	5170969.2	735.858
21655805.28	5170949.19	676.427
21655877.42	5170929.18	553.218
21655949.57	5170909.17	477.891
21656021.72	5170889.16	369.471
21656093.86	5170869.16	444.129
21656166.01	5170849.15	489.581
21656238.16	5170829.14	378.239
21656310.3	5170809.13	585.763
21656382.45	5170789.12	784.623
21656454.6	5170769.11	750.76
21656526.74	5170749.11	508.135
21656598.89	5170729.1	416.474
21656671.04	5170709.09	268.246
21656743.18	5170689.08	369.117
21656815.33	5170669.07	505.21
21656887.48	5170649.07	475.597
21656959.62	5170629.06	495.557
21657031.77	5170609.05	455.058
21657103.92	5170589.04	372.179
21657176.06	5170569.03	27.9604
21657248.21	5170549.03	144.708
21657320.36	5170529.02	620.431
21657392.5	5170509.01	823.886
21657464.65	5170489	766.574
21657536.8	5170468.99	686.739
21657608.94	5170448.99	766.483
21657681.09	5170428.98	748.132
21657753.24	5170408.97	718.695
21657825.38	5170388.96	787.513
21657897.53	5170368.95	747.07
21657969.68	5170348.95	790.077
21658041.82	5170328.94	957.299
21658113.97	5170308.93	658.933
21658186.12	5170288.92	529.126
21658258.26	5170268.91	700.228
21658330.41	5170248.91	795.731
21658402.56	5170228.9	662.433
21658474.7	5170208.89	453.243
21658546.85	5170188.88	532.227
21658619	5170168.87	508.977
21658691.14	5170148.87	403.001
21658763.29	5170128.86	503
21658835.44	5170108.85	386.014
21658907.58	5170088.84	388.202
21658979.73	5170068.83	30.6544
21659051.88	5170048.83	36.0662
21653299.77	5171720.24	785.478
21653371.91	5171700.23	477.066
21653444.06	5171680.22	619.31
21653516.21	5171660.22	761.278
21653588.35	5171640.21	707.313
21653660.5	5171620.2	684.3
21653732.65	5171600.19	722.854
21653804.79	5171580.18	596.352
21653876.94	5171560.18	754.336
21653949.09	5171540.17	804.546
21654021.23	5171520.16	773.651
21654093.38	5171500.15	660.429
21654165.53	5171480.14	699.539
21654237.67	5171460.14	783.762
21654309.82	5171440.13	771.428
21654381.97	5171420.12	735.586
21654454.11	5171400.11	696.672
21654526.26	5171380.1	803.142
21654598.41	5171360.09	698.515
21654670.55	5171340.09	498.885
21654742.7	5171320.08	306.868
21654814.85	5171300.07	453.407
21654886.99	5171280.06	379.871
21654959.14	5171260.05	192.66
21655031.29	5171240.05	444.057
21655103.43	5171220.04	476.992
21655175.58	5171200.03	492.018
21655247.73	5171180.02	511.425
21655319.87	5171160.01	334.606
21655392.02	5171140.01	493.894
21655464.17	5171120	559.226
21655536.31	5171099.99	506.828
21655608.46	5171079.98	624.293
21655680.61	5171059.97	616.188
21655752.76	5171039.97	677.143
21655824.9	5171019.96	727.478
21655897.05	5170999.95	651.838
21655969.2	5170979.94	679.006
21656041.34	5170959.93	560.951
21656113.49	5170939.93	620.477
21656185.64	5170919.92	705.207
21656257.78	5170899.91	299.717
21656329.93	5170879.9	443.524
21656402.08	5170859.89	705.88
21656474.22	5170839.89	602.75
21656546.37	5170819.88	533.763
21656618.52	5170799.87	357.889
21656690.66	5170779.86	252.165
21656762.81	5170759.85	238.198
21656834.96	5170739.85	306.333
21656907.1	5170719.84	428.493
21656979.25	5170699.83	480.394
21657051.4	5170679.82	337.315
21657123.54	5170659.81	318.966
21657195.69	5170639.81	35.8664
21657267.84	5170619.8	43.8317
21657339.98	5170599.79	630.317
21657412.13	5170579.78	814.207
21657484.28	5170559.77	762.037
21657556.42	5170539.76	683.724
21657628.57	5170519.76	744.196
21657700.72	5170499.75	711.054
21657772.86	5170479.74	618.996
21657845.01	5170459.73	719.775
21657917.16	5170439.72	747.958
21657989.3	5170419.72	549.825
21658061.45	5170399.71	734.104
21658133.6	5170379.7	763.479
21658205.74	5170359.69	859.818
21658277.89	5170339.68	796.02
21658350.04	5170319.68	803.319
21658422.18	5170299.67	752.453
21658494.33	5170279.66	561.069
21658566.48	5170259.65	711.301
21658638.62	5170239.64	733.738
21658710.77	5170219.64	618.944
21658782.92	5170199.63	506.328
21658855.06	5170179.62	233.409
21658927.21	5170159.61	272.671
21658999.36	5170139.6	54.62
21659071.5	5170119.6	34.0791
21653247.25	5171811.02	931.803
21653319.39	5171791.01	922.001
21653391.54	5171771	889.644
21653463.69	5171750.99	850.584
21653535.83	5171730.99	755.031
21653607.98	5171710.98	777.174
21653680.13	5171690.97	762.226
21653752.27	5171670.96	854.705
21653824.42	5171650.95	867.11
21653896.57	5171630.95	815.117
21653968.71	5171610.94	809.468
21654040.86	5171590.93	837.31
21654113.01	5171570.92	822.093
21654185.15	5171550.91	737.717
21654257.3	5171530.91	816.777
21654329.45	5171510.9	828.098
21654401.59	5171490.89	803.616
21654473.74	5171470.88	743.546
21654545.89	5171450.87	640.209
21654618.03	5171430.87	528.44
21654690.18	5171410.86	537.351
21654762.33	5171390.85	514.788
21654834.47	5171370.84	510.328
21654906.62	5171350.83	365.787
21654978.77	5171330.83	162.639
21655050.91	5171310.82	416.21
21655123.06	5171290.81	604.456
21655195.21	5171270.8	649.461
21655267.35	5171250.79	652.082
21655339.5	5171230.79	592.785
21655411.65	5171210.78	763.493
21655483.79	5171190.77	678.994
21655555.94	5171170.76	840.803
21655628.09	5171150.75	761.375
21655700.23	5171130.74	732.059
21655772.38	5171110.74	698.847
21655844.53	5171090.73	685.775
21655916.67	5171070.72	723.107
21655988.82	5171050.71	688.052
21656060.97	5171030.7	590.145
21656133.11	5171010.7	624.25
21656205.26	5170990.69	626.832
21656277.41	5170970.68	356.459
21656349.56	5170950.67	361.849
21656421.7	5170930.66	574.783
21656493.85	5170910.66	643.909
21656566	5170890.65	608.667
21656638.14	5170870.64	561.421
21656710.29	5170850.63	389.118
21656782.44	5170830.62	302.515
21656854.58	5170810.62	338.86
21656926.73	5170790.61	576.453
21656998.88	5170770.6	611.408
21657071.02	5170750.59	520.505
21657143.17	5170730.58	625.143
21657215.32	5170710.58	294.566
21657287.46	5170690.57	185.098
21657359.61	5170670.56	522.221
21657431.76	5170650.55	672.229
21657503.9	5170630.54	703.044
21657576.05	5170610.54	643.458
21657648.2	5170590.53	743.954
21657720.34	5170570.52	769.628
21657792.49	5170550.51	697.117
21657864.64	5170530.5	723.366
21657936.78	5170510.5	686.152
21658008.93	5170490.49	376.812
21658081.08	5170470.48	492.924
21658153.22	5170450.47	711.136
21658225.37	5170430.46	522.559
21658297.52	5170410.46	556.577
21658369.66	5170390.45	678.134
21658441.81	5170370.44	652.498
21658513.96	5170350.43	534.24
21658586.1	5170330.42	726.008
21658658.25	5170310.41	747.469
21658730.4	5170290.41	565.662
21658802.54	5170270.4	517.171
21658874.69	5170250.39	368.323
21658946.84	5170230.38	368.873
21659018.98	5170210.37	157.525
21659091.13	5170190.37	24.3267
21653266.87	5171881.79	1009.74
21653339.02	5171861.78	1005.05
21653411.17	5171841.77	1032.63
21653483.31	5171821.77	895.503
21653555.46	5171801.76	783.539
21653627.61	5171781.75	768.533
21653699.75	5171761.74	764.187
21653771.9	5171741.73	845.427
21653844.05	5171721.73	845.324
21653916.19	5171701.72	802.141
21653988.34	5171681.71	837.697
21654060.49	5171661.7	800.031
21654132.63	5171641.69	828.732
21654204.78	5171621.68	803.724
21654276.93	5171601.68	840.403
21654349.07	5171581.67	830.638
21654421.22	5171561.66	809.753
21654493.37	5171541.65	727.81
21654565.51	5171521.64	606.776
21654637.66	5171501.64	564.762
21654709.81	5171481.63	767.326
21654781.95	5171461.62	720.501
21654854.1	5171441.61	621.846
21654926.25	5171421.6	456.464
21654998.39	5171401.6	136.199
21655070.54	5171381.59	288.02
21655142.69	5171361.58	461.184
21655214.83	5171341.57	427.103
21655286.98	5171321.56	455.108
21655359.13	5171301.56	769.715
21655431.27	5171281.55	870.148
21655503.42	5171261.54	911.053
21655575.57	5171241.53	972.678
21655647.71	5171221.52	870.722
21655719.86	5171201.52	779.848
21655792.01	5171181.51	785.243
21655864.15	5171161.5	730.689
21655936.3	5171141.49	651.909
21656008.45	5171121.48	593.714
21656080.59	5171101.48	603.388
21656152.74	5171081.47	520.312
21656224.89	5171061.46	675.841
21656297.03	5171041.45	577.512
21656369.18	5171021.44	516.074
21656441.33	5171001.44	550.618
21656513.48	5170981.43	602.356
21656585.62	5170961.42	669.49
21656657.77	5170941.41	643.777
21656729.91	5170921.4	681.376
21656802.06	5170901.39	714.299
21656874.21	5170881.39	862.86
21656946.36	5170861.38	796.386
21657018.5	5170841.37	703.17
21657090.65	5170821.36	658.374
21657162.8	5170801.35	643.969
21657234.94	5170781.35	472.508
21657307.09	5170761.34	359.764
21657379.24	5170741.33	446.729
21657451.38	5170721.32	558.129
21657523.53	5170701.31	623.94
21657595.68	5170681.31	611.879
21657667.82	5170661.3	695.667
21657739.97	5170641.29	772.408
21657812.12	5170621.28	799.978
21657884.26	5170601.27	741.244
21657956.41	5170581.27	758.419
21658028.56	5170561.26	476.466
21658100.7	5170541.25	583.349
21658172.85	5170521.24	556.151
21658245	5170501.23	429.987
21658317.14	5170481.23	682.933
21658389.29	5170461.22	683.194
21658461.44	5170441.21	512.863
21658533.58	5170421.2	444.819
21658605.73	5170401.19	565.438
21658677.88	5170381.19	671.359
21658750.02	5170361.18	687.733
21658822.17	5170341.17	580.246
21658894.32	5170321.16	424.363
21658966.46	5170301.15	294.691
21659038.61	5170281.15	92.9272
21653286.5	5171952.56	1018.73
21653358.65	5171932.55	963.962
21653430.79	5171912.54	963.68
21653502.94	5171892.54	890.681
21653575.09	5171872.53	771.612
21653647.23	5171852.52	808.444
21653719.38	5171832.51	846.348
21653791.53	5171812.5	813.748
21653863.67	5171792.5	766.284
21653935.82	5171772.49	643.221
21654007.97	5171752.48	642.493
21654080.11	5171732.47	721.763
21654152.26	5171712.46	807.386
21654224.41	5171692.46	760.506
21654296.55	5171672.45	827.437
21654368.7	5171652.44	804.694
21654440.85	5171632.43	792.447
21654512.99	5171612.42	742.608
21654585.14	5171592.42	620.691
21654657.29	5171572.41	571.279
21654729.43	5171552.4	755.858
21654801.58	5171532.39	679.622
21654873.73	5171512.38	618.597
21654945.87	5171492.37	530.281
21655018.02	5171472.37	209.629
21655090.17	5171452.36	439.846
21655162.31	5171432.35	382.658
21655234.46	5171412.34	592.167
21655306.61	5171392.33	681.092
21655378.75	5171372.33	888.713
21655450.9	5171352.32	947.967
21655523.05	5171332.31	951.229
21655595.19	5171312.3	957.658
21655667.34	5171292.29	843.151
21655739.49	5171272.29	859.205
21655811.63	5171252.28	850.123
21655883.78	5171232.27	719.156
21655955.93	5171212.26	615.503
21656028.07	5171192.25	548.584
21656100.22	5171172.25	547.535
21656172.37	5171152.24	566.067
21656244.51	5171132.23	611.08
21656316.66	5171112.22	652.334
21656388.81	5171092.21	646.607
21656460.95	5171072.21	601.94
21656533.1	5171052.2	610.621
21656605.25	5171032.19	721.156
21656677.39	5171012.18	718.839
21656749.54	5170992.17	746.442
21656821.69	5170972.17	835.909
21656893.84	5170952.16	892.536
21656965.98	5170932.15	759.102
21657038.13	5170912.14	596.619
21657110.27	5170892.13	641.788
21657182.42	5170872.13	651.464
21657254.57	5170852.12	494.633
21657326.72	5170832.11	189.987
21657398.86	5170812.1	211.758
21657471.01	5170792.09	467.594
21657543.16	5170772.09	595.412
21657615.3	5170752.08	611.523
21657687.45	5170732.07	585.017
21657759.6	5170712.06	644.93
21657831.74	5170692.05	704.686
21657903.89	5170672.04	755.678
21657976.04	5170652.04	745.402
21658048.18	5170632.03	710.907
21658120.33	5170612.02	699.259
21658192.48	5170592.01	569.839
21658264.62	5170572	496.947
21658336.77	5170552	699.922
21658408.92	5170531.99	546.812
21658481.06	5170511.98	616.938
21658553.21	5170491.97	435.956
21658625.36	5170471.96	470.428
21658697.5	5170451.96	547.214
21658769.65	5170431.95	618.012
21658841.8	5170411.94	659.969
21658913.94	5170391.93	576.233
21658986.09	5170371.92	339.813
21659058.24	5170351.92	183.808
21653306.13	5172023.33	876.936
21653378.27	5172003.32	833.947
21653450.42	5171983.31	862.254
21653522.57	5171963.31	857.596
21653594.71	5171943.3	822.304
21653666.86	5171923.29	751.794
21653739.01	5171903.28	730.597
21653811.15	5171883.27	652.824
21653883.3	5171863.27	608.885
21653955.45	5171843.26	589.537
21654027.59	5171823.25	615.608
21654099.74	5171803.24	677.379
21654171.89	5171783.23	753.497
21654244.03	5171763.23	798.093
21654316.18	5171743.22	774.641
21654388.33	5171723.21	755.801
21654460.47	5171703.2	756.165
21654532.62	5171683.19	749.433
21654604.77	5171663.19	739.732
21654676.91	5171643.18	593.156
21654749.06	5171623.17	550.833
21654821.21	5171603.16	586.307
21654893.35	5171583.15	526.53
21654965.5	5171563.15	289.691
21655037.65	5171543.14	328.621
21655109.79	5171523.13	555.194
21655181.94	5171503.12	502.693
21655254.09	5171483.11	711.767
21655326.23	5171463.11	805.933
21655398.38	5171443.1	939.001
21655470.53	5171423.09	984.734
21655542.67	5171403.08	1037.05
21655614.82	5171383.07	921.607
21655686.97	5171363.07	839.375
21655759.11	5171343.06	774.586
21655831.26	5171323.05	826.363
21655903.41	5171303.04	755.327
21655975.55	5171283.03	697.867
21656047.7	5171263.02	596.35
21656119.85	5171243.02	607.275
21656191.99	5171223.01	529.706
21656264.14	5171203	547.806
21656336.29	5171182.99	544.672
21656408.43	5171162.98	686.809
21656480.58	5171142.98	748.202
21656552.73	5171122.97	627.142
21656624.87	5171102.96	671.304
21656697.02	5171082.95	486.623
21656769.17	5171062.94	519.61
21656841.31	5171042.94	620.868
21656913.46	5171022.93	619.026
21656985.61	5171002.92	744.547
21657057.75	5170982.91	636.771
21657129.9	5170962.9	654.657
21657202.05	5170942.9	588.303
21657274.19	5170922.89	542.879
21657346.34	5170902.88	433.698
21657418.49	5170882.87	460.745
21657490.64	5170862.86	597.981
21657562.78	5170842.86	529.144
21657634.93	5170822.85	507.057
21657707.08	5170802.84	571.893
21657779.22	5170782.83	603.511
21657851.37	5170762.82	606.826
21657923.52	5170742.82	710.604
21657995.66	5170722.81	794.571
21658067.81	5170702.8	891.731
21658139.96	5170682.79	782.043
21658212.1	5170662.78	772.007
21658284.25	5170642.78	818.829
21658356.4	5170622.77	717.654
21658428.54	5170602.76	580.173
21658500.69	5170582.75	531.702
21658572.84	5170562.74	328.174
21658644.98	5170542.74	460.256
21658717.13	5170522.73	544.032
21658789.28	5170502.72	601.474
21658861.42	5170482.71	650.98
21658933.57	5170462.7	542.814
21659005.72	5170442.69	441.517
21659077.86	5170422.69	330.568
21653253.61	5172114.11	892.846
21653325.75	5172094.1	818.548
21653397.9	5172074.09	822.803
21653470.05	5172054.09	832.361
21653542.19	5172034.08	890.063
21653614.34	5172014.07	851.328
21653686.49	5171994.06	749.855
21653758.63	5171974.05	675.726
21653830.78	5171954.05	665.458
21653902.93	5171934.04	650.989
21653975.07	5171914.03	628.123
21654047.22	5171894.02	633.108
21654119.37	5171874.01	658.667
21654191.51	5171854	737.051
21654263.66	5171834	752.476
21654335.81	5171813.99	816.208
21654407.95	5171793.98	804.969
21654480.1	5171773.97	824.061
21654552.25	5171753.96	778.028
21654624.39	5171733.96	721.765
21654696.54	5171713.95	582.859
21654768.69	5171693.94	580.447
21654840.83	5171673.93	391.407
21654912.98	5171653.92	386.14
21654985.13	5171633.92	319.148
21655057.27	5171613.91	343.297
21655129.42	5171593.9	436.217
21655201.57	5171573.89	502.271
21655273.71	5171553.88	681.003
21655345.86	5171533.88	802.137
21655418.01	5171513.87	915.631
21655490.15	5171493.86	959.587
21655562.3	5171473.85	863.183
21655634.45	5171453.84	853.469
21655706.59	5171433.84	846.546
21655778.74	5171413.83	819.374
21655850.89	5171393.82	767.31
21655923.03	5171373.81	754.131
21655995.18	5171353.8	691.197
21656067.33	5171333.8	646.619
21656139.47	5171313.79	609.103
21656211.62	5171293.78	526.139
21656283.77	5171273.77	441.988
21656355.91	5171253.76	340.65
21656428.06	5171233.76	369.859
21656500.21	5171213.75	540.785
21656572.35	5171193.74	529.723
21656644.5	5171173.73	626.22
21656716.65	5171153.72	654.118
21656788.79	5171133.72	511.288
21656860.94	5171113.71	536.615
21656933.09	5171093.7	585.644
21657005.23	5171073.69	863.681
21657077.38	5171053.68	696.536
21657149.53	5171033.67	604.097
21657221.67	5171013.67	632.161
21657293.82	5170993.66	486.914
21657365.97	5170973.65	468.094
21657438.11	5170953.64	514.846
21657510.26	5170933.63	727.729
21657582.41	5170913.63	431.357
21657654.55	5170893.62	499.594
21657726.7	5170873.61	613.964
21657798.85	5170853.6	604.439
21657870.99	5170833.59	641.199
21657943.14	5170813.59	497.736
21658015.29	5170793.58	361.183
21658087.44	5170773.57	467.212
21658159.58	5170753.56	514.978
21658231.73	5170733.55	766.542
21658303.88	5170713.55	704.957
21658376.02	5170693.54	700.052
21658448.17	5170673.53	672.926
21658520.32	5170653.52	468.365
21658592.46	5170633.51	415.836
21658664.61	5170613.51	414.708
21658736.76	5170593.5	505.711
21658808.9	5170573.49	539.194
21658881.05	5170553.48	564.443
21658953.2	5170533.47	480.087
21659025.34	5170513.47	492.511
21659097.49	5170493.46	483.753
21653273.23	5172184.88	855.446
21653345.38	5172164.87	806.901
21653417.53	5172144.86	832.145
21653489.67	5172124.86	814.376
21653561.82	5172104.85	787.022
21653633.97	5172084.84	790.293
21653706.11	5172064.83	697.166
21653778.26	5172044.82	667.919
21653850.41	5172024.82	645.491
21653922.55	5172004.81	584.303
21653994.7	5171984.8	530.085
21654066.85	5171964.79	557.777
21654138.99	5171944.78	594.397
21654211.14	5171924.78	750.973
21654283.29	5171904.77	868.369
21654355.43	5171884.76	864.188
21654427.58	5171864.75	832.985
21654499.73	5171844.74	817.768
21654571.87	5171824.74	761.184
21654644.02	5171804.73	559.752
21654716.17	5171784.72	415.734
21654788.31	5171764.71	468.945
21654860.46	5171744.7	528.917
21654932.61	5171724.7	433.669
21655004.75	5171704.69	471.96
21655076.9	5171684.68	466.587
21655149.05	5171664.67	434.271
21655221.19	5171644.66	506.424
21655293.34	5171624.65	629.382
21655365.49	5171604.65	767.143
21655437.63	5171584.64	873.71
21655509.78	5171564.63	922.804
21655581.93	5171544.62	940.299
21655654.07	5171524.61	761.214
21655726.22	5171504.61	757.015
21655798.37	5171484.6	774.443
21655870.51	5171464.59	677.089
21655942.66	5171444.58	602.758
21656014.81	5171424.57	601.727
21656086.95	5171404.57	569.023
21656159.1	5171384.56	572.384
21656231.25	5171364.55	503.644
21656303.39	5171344.54	274.167
21656375.54	5171324.53	184.633
21656447.69	5171304.53	183.312
21656519.83	5171284.52	253.256
21656591.98	5171264.51	475.649
21656664.13	5171244.5	502.848
21656736.27	5171224.49	579.342
21656808.42	5171204.49	751.651
21656880.57	5171184.48	835.538
21656952.71	5171164.47	755.512
21657024.86	5171144.46	563.002
21657097.01	5171124.45	512.307
21657169.15	5171104.45	665.499
21657241.3	5171084.44	622.651
21657313.45	5171064.43	538.962
21657385.59	5171044.42	510.795
21657457.74	5171024.41	539.338
21657529.89	5171004.41	651.773
21657602.03	5170984.4	592.435
21657674.18	5170964.39	492.064
21657746.33	5170944.38	480.366
21657818.47	5170924.37	565.771
21657890.62	5170904.36	648.763
21657962.77	5170884.36	455.169
21658034.91	5170864.35	335.702
21658107.06	5170844.34	377.683
21658179.21	5170824.33	522.888
21658251.36	5170804.32	772.597
21658323.5	5170784.32	672.464
21658395.65	5170764.31	564.992
21658467.8	5170744.3	660.047
21658539.94	5170724.29	617.86
21658612.09	5170704.28	400.291
21658684.24	5170684.28	419.068
21658756.38	5170664.27	449.055
21658828.53	5170644.26	384.761
21658900.68	5170624.25	547.39
21658972.82	5170604.24	561.183
21659044.97	5170584.24	476.022
