21653307.22	5170346.33	380.183
21653379.37	5170326.32	552.177
21653451.52	5170306.31	370.542
21653523.66	5170286.3	473.751
21653595.81	5170266.29	713.48
21653667.96	5170246.29	677.958
21653740.1	5170226.28	548.059
21653812.25	5170206.27	632.828
21653884.4	5170186.26	708.347
21653956.54	5170166.25	720.947
21654028.69	5170146.25	728.202
21654100.84	5170126.24	765.351
21654172.98	5170106.23	774.206
21654245.13	5170086.22	771.886
21654317.28	5170066.21	671.834
21654389.42	5170046.21	546.614
21654461.57	5170026.2	692.343
21654533.72	5170006.19	879.186
21654605.86	5169986.18	255.344
21654678.01	5169966.17	283.12
21654750.16	5169946.17	122.822
21654822.31	5169926.16	178.948
21654894.45	5169906.15	24.425
21654966.6	5169886.14	36.9637
21655038.75	5169866.13	127.36
21655110.89	5169846.13	86.9328
21655183.04	5169826.12	164.032
21655255.19	5169806.11	112.248
21655327.33	5169786.1	189.639
21655399.48	5169766.09	29.1868
21653254.7	5170437.11	738.236
21653326.85	5170417.1	540.469
21653399	5170397.09	414.698
21653471.14	5170377.08	182.42
21653543.29	5170357.07	95.235
21653615.44	5170337.07	349.577
21653687.58	5170317.06	430.952
21653759.73	5170297.05	444.691
21653831.88	5170277.04	567.249
21653904.02	5170257.03	450.673
21653976.17	5170237.03	611.899
21654048.32	5170217.02	665.596
21654120.46	5170197.01	648.713
21654192.61	5170177	626.695
21654264.76	5170156.99	696.149
21654336.9	5170136.98	764.698
21654409.05	5170116.98	654.516
21654481.2	5170096.97	657.853
21654553.34	5170076.96	231.639
21654625.49	5170056.95	169.539
21654697.64	5170036.94	200.134
21654769.78	5170016.94	84.6172
21654841.93	5169996.93	138.447
21654914.08	5169976.92	94.4489
21654986.23	5169956.91	96.4828
21655058.37	5169936.9	281.891
21655130.52	5169916.9	312.18
21655202.66	5169896.89	443.997
21655274.81	5169876.88	39.105
21655346.96	5169856.87	150.859
21655419.11	5169836.86	23.0248
21655491.25	5169816.86	19.2378
21655563.4	5169796.85	21.3747
21655635.55	5169776.84	27.0997
21655707.69	5169756.83	29.5243
21655779.84	5169736.82	0.5
21655851.99	5169716.82	0.5
21655924.13	5169696.81	0.5
21655996.28	5169676.8	0.5
21656068.43	5169656.79	0.5
21656140.57	5169636.78	0.5
21656212.72	5169616.78	0.5
21656284.87	5169596.77	0.5
21656357.01	5169576.76	0.5
21656429.16	5169556.75	676.672
21656501.31	5169536.74	260.636
21656573.45	5169516.74	270.896
21656645.6	5169496.73	131.992
21656717.75	5169476.72	90.0356
21656789.89	5169456.71	31.39
21656862.04	5169436.7	35.9652
21656934.19	5169416.69	29.0485
21657006.33	5169396.69	29.8945
21657078.48	5169376.68	225.479
21657150.63	5169356.67	672.199
21657222.77	5169336.66	505.92
21657294.92	5169316.65	486.359
21657367.07	5169296.65	480.976
21657439.21	5169276.64	491.012
21657511.36	5169256.63	640.428
21657583.51	5169236.62	132.823
21657655.65	5169216.61	24.5483
21657727.8	5169196.61	358.777
21657799.95	5169176.6	155.357
21657872.09	5169156.59	246.613
21657944.24	5169136.58	644.707
21658016.39	5169116.57	547.462
21658088.53	5169096.57	349.507
21658160.68	5169076.56	211.279
21658232.83	5169056.55	211.279
21658304.97	5169036.54	189.668
21658377.12	5169016.53	278.264
21658449.27	5168996.53	354.301
21658521.41	5168976.52	391.361
21658593.56	5168956.51	355.982
21658665.71	5168936.5	166.426
21658737.85	5168916.49	29.6261
21658810	5168896.49	122.184
21658882.15	5168876.48	98.7644
21658954.29	5168856.47	533.34
21659026.44	5168836.46	669.994
21659098.59	5168816.45	533.693
21653274.33	5170507.88	608.918
21653346.48	5170487.87	238.855
21653418.62	5170467.86	34.1994
21653490.77	5170447.85	89.7333
21653562.92	5170427.84	168.192
21653635.06	5170407.84	331.077
21653707.21	5170387.83	369.638
21653779.36	5170367.82	457.274
21653851.5	5170347.81	528.257
21653923.65	5170327.8	483.172
21653995.8	5170307.8	603.386
21654067.94	5170287.79	668.851
21654140.09	5170267.78	451.794
21654212.24	5170247.77	544.387
21654284.38	5170227.76	686.114
21654356.53	5170207.76	607.074
21654428.68	5170187.75	547.91
21654500.82	5170167.74	364.721
21654572.97	5170147.73	180.952
21654645.12	5170127.72	203.911
21654717.26	5170107.72	178.847
21654789.41	5170087.71	130.995
21654861.56	5170067.7	18.7672
21654933.7	5170047.69	37.0582
21655005.85	5170027.68	141.647
21655078	5170007.68	324.32
21655150.14	5169987.67	421.512
21655222.29	5169967.66	404.711
21655294.44	5169947.65	10.2094
21655366.58	5169927.64	0.5
21655438.73	5169907.63	189.311
21655510.88	5169887.63	24.0978
21655583.03	5169867.62	21.2082
21655655.17	5169847.61	21.7831
21655727.32	5169827.6	24.6593
21655799.47	5169807.59	0.5
21655871.61	5169787.59	33.9082
21655943.76	5169767.58	33.0205
21656015.91	5169747.57	30.6291
21656088.05	5169727.56	24.517
21656160.2	5169707.55	34.6604
21656232.35	5169687.55	1.79167
21656304.49	5169667.54	35.6514
21656376.64	5169647.53	62.3522
21656448.79	5169627.52	456.572
21656520.93	5169607.51	507.512
21656593.08	5169587.51	395.306
21656665.23	5169567.5	207.087
21656737.37	5169547.49	69.2639
21656809.52	5169527.48	34.4341
21656881.67	5169507.47	32.2197
21656953.81	5169487.47	26.0164
21657025.96	5169467.46	25.9292
21657098.11	5169447.45	34.4757
21657170.25	5169427.44	407.544
21657242.4	5169407.43	553.499
21657314.55	5169387.43	488.42
21657386.69	5169367.42	488.22
21657458.84	5169347.41	312.326
21657530.99	5169327.4	245.88
21657603.13	5169307.39	105.758
21657675.28	5169287.39	33.9647
21657747.43	5169267.38	13.3633
21657819.57	5169247.37	255.527
21657891.72	5169227.36	308.271
21657963.87	5169207.35	546.288
21658036.01	5169187.34	450.218
21658108.16	5169167.34	289.781
21658180.31	5169147.33	20.6153
21658252.45	5169127.32	61.1811
21658324.6	5169107.31	27.7117
21658396.75	5169087.3	9.13889
21658468.89	5169067.3	37.8183
21658541.04	5169047.29	133.248
21658613.19	5169027.28	120.376
21658685.33	5169007.27	124.726
21658757.48	5168987.26	41.6972
21658829.63	5168967.26	35.268
21658901.77	5168947.25	11.1533
21658973.92	5168927.24	368.198
21659046.07	5168907.23	287.244
21653293.96	5170578.65	24.2589
21653366.1	5170558.64	363.155
21653438.25	5170538.63	36.2878
21653510.4	5170518.62	35.806
21653582.54	5170498.61	27.79
21653654.69	5170478.61	53.2672
21653726.84	5170458.6	144.794
21653798.98	5170438.59	355.687
21653871.13	5170418.58	557.068
21653943.28	5170398.57	522.717
21654015.42	5170378.57	445.736
21654087.57	5170358.56	747.766
21654159.72	5170338.55	477.461
21654231.86	5170318.54	623.732
21654304.01	5170298.53	597.826
21654376.16	5170278.53	174.496
21654448.3	5170258.52	317.356
21654520.45	5170238.51	306.915
21654592.6	5170218.5	209.578
21654664.74	5170198.49	275.503
21654736.89	5170178.49	92.5189
21654809.04	5170158.48	34.8261
21654881.18	5170138.47	37.8917
21654953.33	5170118.46	34.0671
21655025.48	5170098.45	104.621
21655097.62	5170078.45	321.905
21655169.77	5170058.44	251.563
21655241.92	5170038.43	40.5194
21655314.06	5170018.42	57.4917
21655386.21	5169998.41	699.961
21655458.36	5169978.41	0.5
21655530.5	5169958.4	33.7683
21655602.65	5169938.39	30.0371
21655674.8	5169918.38	25.4966
21655746.95	5169898.37	18.2161
21655819.09	5169878.37	20.2535
21655891.24	5169858.36	36.764
21655963.38	5169838.35	33.1453
21656035.53	5169818.34	27.4238
21656107.68	5169798.33	24.5136
21656179.83	5169778.32	28.3928
21656251.97	5169758.32	27.7619
21656324.12	5169738.31	30.1108
21656396.27	5169718.3	37.0876
21656468.41	5169698.29	35.1229
21656540.56	5169678.28	32.4533
21656612.71	5169658.28	630.474
21656684.85	5169638.27	516.569
21656757	5169618.26	178.125
21656829.15	5169598.25	13.3956
21656901.29	5169578.24	35.7799
21656973.44	5169558.24	28.0012
21657045.59	5169538.23	21.9375
21657117.73	5169518.22	29.6768
21657189.88	5169498.21	377.861
21657262.03	5169478.2	656.017
21657334.17	5169458.2	517.872
21657406.32	5169438.19	397.596
21657478.47	5169418.18	302.757
21657550.61	5169398.17	172.788
21657622.76	5169378.16	135.827
21657694.91	5169358.16	35.5454
21657767.05	5169338.15	33.4094
21657839.2	5169318.14	341.161
21657911.35	5169298.13	453.84
21657983.49	5169278.12	536.016
21658055.64	5169258.12	456.094
21658127.79	5169238.11	129.344
21658199.93	5169218.1	0.5
21658272.08	5169198.09	33.4816
21658344.23	5169178.08	35.6831
21658416.37	5169158.08	14.4639
21658488.52	5169138.07	77.0044
21658560.67	5169118.06	90.8639
21658632.81	5169098.05	33.6706
21658704.96	5169078.04	36.5954
21658777.11	5169058.03	33.495
21658849.25	5169038.03	37.0586
21658921.4	5169018.02	280.162
21658993.55	5168998.01	553.457
21659065.69	5168978	88.2522
21653313.58	5170649.42	137.656
21653385.73	5170629.41	524.414
21653457.88	5170609.4	9.35222
21653530.02	5170589.39	35.1328
21653602.17	5170569.39	36.2838
21653674.32	5170549.38	2.93778
21653746.46	5170529.37	83.5272
21653818.61	5170509.36	382.414
21653890.76	5170489.35	476.202
21653962.9	5170469.35	656.973
21654035.05	5170449.34	718.23
21654107.2	5170429.33	711.837
21654179.34	5170409.32	462.807
21654251.49	5170389.31	296.84
21654323.64	5170369.3	59.4772
21654395.78	5170349.3	286.176
21654467.93	5170329.29	471.917
21654540.08	5170309.28	474.357
21654612.22	5170289.27	301.34
21654684.37	5170269.26	215.217
21654756.52	5170249.26	49.3083
21654828.66	5170229.25	35.6198
21654900.81	5170209.24	82.6272
21654972.96	5170189.23	59.3272
21655045.1	5170169.22	96.4367
21655117.25	5170149.22	202.918
21655189.4	5170129.21	14.4706
21655261.54	5170109.2	139.539
21655333.69	5170089.19	161.809
21655405.84	5170069.18	452.864
21655477.98	5170049.18	85.4867
21655550.13	5170029.17	124.133
21655622.28	5170009.16	69.4739
21655694.42	5169989.15	158.954
21655766.57	5169969.14	42.7439
21655838.72	5169949.14	30.6208
21655910.86	5169929.13	14.7239
21655983.01	5169909.12	80.9278
21656055.16	5169889.11	34.5384
21656127.3	5169869.1	26.0224
21656199.45	5169849.1	33.0844
21656271.6	5169829.09	34.192
21656343.75	5169809.08	33.952
21656415.89	5169789.07	37.6542
21656488.04	5169769.06	34.6309
21656560.19	5169749.06	315.322
21656632.33	5169729.05	630.954
21656704.48	5169709.04	588.918
21656776.63	5169689.03	311.004
21656848.77	5169669.02	36.904
21656920.92	5169649.02	33.9079
21656993.07	5169629.01	147.765
21657065.21	5169609	292.667
21657137.36	5169588.99	37.354
21657209.51	5169568.98	150.575
21657281.65	5169548.97	295.457
21657353.8	5169528.97	150.151
21657425.95	5169508.96	114.372
21657498.09	5169488.95	56.4422
21657570.24	5169468.94	37.7605
21657642.39	5169448.93	31.3754
21657714.53	5169428.93	24.7085
21657786.68	5169408.92	34.78
21657858.83	5169388.91	173.471
21657930.97	5169368.9	579.862
21658003.12	5169348.89	720.751
21658075.27	5169328.89	301.714
21658147.41	5169308.88	34.1137
21658219.56	5169288.87	32.872
21658291.71	5169268.86	33.285
21658363.85	5169248.85	64.5289
21658436	5169228.85	113.837
21658508.15	5169208.84	177.19
21658580.29	5169188.83	179.719
21658652.44	5169168.82	40.2089
21658724.59	5169148.81	32.7447
21658796.73	5169128.81	27.1933
21658868.88	5169108.8	141.313
21658941.03	5169088.79	492.611
21659013.17	5169068.78	636.382
21659085.32	5169048.77	407.334
21653261.06	5170740.2	290.452
21653333.21	5170720.19	173.176
21653405.36	5170700.18	246.457
21653477.5	5170680.17	270.614
21653549.65	5170660.16	211.636
21653621.8	5170640.16	111.116
21653693.94	5170620.15	7.13167
21653766.09	5170600.14	30.7411
21653838.24	5170580.13	445.452
21653910.38	5170560.12	650.842
21653982.53	5170540.12	737.564
21654054.68	5170520.11	716.09
21654126.82	5170500.1	678.518
21654198.97	5170480.09	670.759
21654271.12	5170460.08	356.322
21654343.26	5170440.08	303.192
21654415.41	5170420.07	486.492
21654487.56	5170400.06	571.761
21654559.7	5170380.05	260.982
21654631.85	5170360.04	90.495
21654704	5170340.04	216.134
21654776.14	5170320.03	5.96389
21654848.29	5170300.02	33.3149
21654920.44	5170280.01	119.061
21654992.58	5170260	255.976
21655064.73	5170240	358.514
21655136.88	5170219.99	259.125
21655209.02	5170199.98	199.449
21655281.17	5170179.97	110.709
21655353.32	5170159.96	180.528
21655425.46	5170139.95	402.779
21655497.61	5170119.95	378.378
21655569.76	5170099.94	365.673
21655641.9	5170079.93	558.396
21655714.05	5170059.92	420.271
21655786.2	5170039.91	84.6522
21655858.34	5170019.91	14.6178
21655930.49	5169999.9	626.224
21656002.64	5169979.89	462.957
21656074.78	5169959.88	157.358
21656146.93	5169939.87	61.6833
21656219.08	5169919.87	78.4367
21656291.22	5169899.86	105.083
21656363.37	5169879.85	251.202
21656435.52	5169859.84	357.658
21656507.66	5169839.83	207.165
21656579.81	5169819.83	457.396
21656651.96	5169799.82	643.752
21656724.1	5169779.81	604.279
21656796.25	5169759.8	353.851
21656868.4	5169739.79	37.9678
21656940.55	5169719.79	181.949
21657012.69	5169699.78	335.254
21657084.84	5169679.77	538.732
21657156.99	5169659.76	307.394
21657229.13	5169639.75	22.3039
21657301.28	5169619.75	34.2667
21657373.43	5169599.74	35.5595
21657445.57	5169579.73	34.9694
21657517.72	5169559.72	34.2763
21657589.87	5169539.71	29.4292
21657662.01	5169519.71	15.5196
21657734.16	5169499.7	16.34
21657806.31	5169479.69	35.1439
21657878.45	5169459.68	276.314
21657950.6	5169439.67	504.175
21658022.75	5169419.66	569.123
21658094.89	5169399.66	591.231
21658167.04	5169379.65	12.9572
21658239.19	5169359.64	32.6405
21658311.33	5169339.63	31.8521
21658383.48	5169319.62	34.4233
21658455.63	5169299.62	36.6532
21658527.77	5169279.61	95.3817
21658599.92	5169259.6	31.9794
21658672.07	5169239.59	32.6165
21658744.21	5169219.58	31.6263
21658816.36	5169199.58	31.6447
21658888.51	5169179.57	272.053
21658960.65	5169159.56	477.042
21659032.8	5169139.55	403.097
21659104.95	5169119.54	547.004
21653280.69	5170810.97	175.325
21653352.84	5170790.96	175.856
21653424.98	5170770.95	49.5711
21653497.13	5170750.94	373.649
21653569.28	5170730.93	324.733
21653641.42	5170710.93	291.507
21653713.57	5170690.92	299.309
21653785.72	5170670.91	66.4306
21653857.86	5170650.9	570.088
21653930.01	5170630.89	670.453
21654002.16	5170610.89	691.941
21654074.3	5170590.88	457.347
21654146.45	5170570.87	499.982
21654218.6	5170550.86	736.964
21654290.74	5170530.85	697.838
21654362.89	5170510.85	726.531
21654435.04	5170490.84	712.011
21654507.18	5170470.83	621.884
21654579.33	5170450.82	307.127
21654651.48	5170430.81	33.1277
21654723.62	5170410.81	27.4128
21654795.77	5170390.8	30.3094
21654867.92	5170370.79	31.5208
21654940.06	5170350.78	81.7156
21655012.21	5170330.77	590.638
21655084.36	5170310.77	422.453
21655156.5	5170290.76	138.496
21655228.65	5170270.75	23.4367
21655300.8	5170250.74	35.3855
21655372.94	5170230.73	240.013
21655445.09	5170210.73	530.858
21655517.24	5170190.72	456.602
21655589.38	5170170.71	274.054
21655661.53	5170150.7	286.277
21655733.68	5170130.69	11.7517
21655805.82	5170110.69	1.04167
21655877.97	5170090.68	35.7186
21655950.12	5170070.67	165.056
21656022.26	5170050.66	274.692
21656094.41	5170030.65	250.455
21656166.56	5170010.65	407.113
21656238.7	5169990.64	397.202
21656310.85	5169970.63	366.938
21656383	5169950.62	517.156
21656455.14	5169930.61	461.116
21656527.29	5169910.6	444.2
21656599.44	5169890.6	661.308
21656671.58	5169870.59	440.058
21656743.73	5169850.58	272.654
21656815.88	5169830.57	4.9
21656888.02	5169810.56	31.9928
21656960.17	5169790.56	111.728
21657032.32	5169770.55	14.6339
21657104.47	5169750.54	35.0644
21657176.61	5169730.53	182.89
21657248.76	5169710.52	127.35
21657320.91	5169690.52	36.593
21657393.05	5169670.51	36.5387
21657465.2	5169650.5	36.7165
21657537.35	5169630.49	28.5249
21657609.49	5169610.48	21.3756
21657681.64	5169590.48	13
21657753.79	5169570.47	29.6374
21657825.93	5169550.46	10.8067
21657898.08	5169530.45	307.193
21657970.23	5169510.44	558.66
21658042.37	5169490.44	647.044
21658114.52	5169470.43	509.684
21658186.67	5169450.42	277.096
21658258.81	5169430.41	9.08611
21658330.96	5169410.4	35.4301
21658403.11	5169390.4	31.774
21658475.25	5169370.39	35.8183
21658547.4	5169350.38	36.2331
21658619.55	5169330.37	35.89
21658691.69	5169310.36	32.0455
21658763.84	5169290.36	3.955
21658835.99	5169270.35	34.7774
21658908.13	5169250.34	481.366
21658980.28	5169230.33	344.564
21659052.43	5169210.32	311.945
21653300.32	5170881.74	111.226
21653372.46	5170861.73	172.199
21653444.61	5170841.72	179.712
21653516.76	5170821.71	504.477
21653588.9	5170801.71	346.832
21653661.05	5170781.7	534.301
21653733.2	5170761.69	501.438
21653805.34	5170741.68	312.493
21653877.49	5170721.67	692.499
21653949.64	5170701.67	709.653
21654021.78	5170681.66	472.896
21654093.93	5170661.65	17.8071
21654166.08	5170641.64	488.37
21654238.22	5170621.63	640.827
21654310.37	5170601.63	648.711
21654382.52	5170581.62	765.591
21654454.66	5170561.61	700.042
21654526.81	5170541.6	652.049
21654598.96	5170521.59	408.665
21654671.1	5170501.58	85.3028
21654743.25	5170481.58	343.342
21654815.4	5170461.57	71.325
21654887.54	5170441.56	33.5578
21654959.69	5170421.55	114.686
21655031.84	5170401.54	452.448
21655103.98	5170381.54	146.054
21655176.13	5170361.53	23.4633
21655248.28	5170341.52	9.77556
21655320.42	5170321.51	147.217
21655392.57	5170301.5	79.9806
21655464.72	5170281.5	453.68
21655536.86	5170261.49	480.293
21655609.01	5170241.48	21.6176
21655681.16	5170221.47	24.6755
21655753.3	5170201.46	28.2682
21655825.45	5170181.46	102.073
21655897.6	5170161.45	35.831
21655969.74	5170141.44	37.529
21656041.89	5170121.43	11.6
21656114.04	5170101.42	33.0756
21656186.18	5170081.42	29.1739
21656258.33	5170061.41	135.588
21656330.48	5170041.4	495.803
21656402.62	5170021.39	342.753
21656474.77	5170001.38	153.214
21656546.92	5169981.38	152.966
21656619.06	5169961.37	243.091
21656691.21	5169941.36	44.7972
21656763.36	5169921.35	0.5
21656835.5	5169901.34	32.0508
21656907.65	5169881.34	27.795
21656979.8	5169861.33	29.3589
21657051.94	5169841.32	100.787
21657124.09	5169821.31	72.4683
21657196.24	5169801.3	305.874
21657268.38	5169781.3	255.423
21657340.53	5169761.29	141.083
21657412.68	5169741.28	200.306
21657484.83	5169721.27	505.827
21657556.97	5169701.26	414.876
21657629.12	5169681.25	161.535
21657701.27	5169661.25	29.1894
21657773.41	5169641.24	36.6481
21657845.56	5169621.23	31.0828
21657917.71	5169601.22	391.551
21657989.85	5169581.21	572.511
21658062	5169561.21	673.073
21658134.15	5169541.2	484.939
21658206.29	5169521.19	163.036
21658278.44	5169501.18	313.725
21658350.59	5169481.17	388.976
21658422.73	5169461.17	141.511
21658494.88	5169441.16	35.2114
21658567.03	5169421.15	32.2532
21658639.17	5169401.14	34.0719
21658711.32	5169381.13	32.3254
21658783.47	5169361.13	35.0685
21658855.61	5169341.12	36.4736
21658927.76	5169321.11	518.882
21658999.91	5169301.1	446.052
21659072.05	5169281.09	459.012
21653247.8	5170972.52	172.013
21653319.94	5170952.51	211.891
21653392.09	5170932.5	300.966
21653464.24	5170912.49	239.949
21653536.38	5170892.48	514.26
21653608.53	5170872.48	517.238
21653680.68	5170852.47	135.304
21653752.82	5170832.46	30.8233
21653824.97	5170812.45	36.2129
21653897.12	5170792.44	599.944
21653969.26	5170772.44	682.292
21654041.41	5170752.43	604.641
21654113.56	5170732.42	528.991
21654185.7	5170712.41	342.393
21654257.85	5170692.4	429.824
21654330	5170672.4	541.211
21654402.14	5170652.39	692.604
21654474.29	5170632.38	610.007
21654546.44	5170612.37	561.316
21654618.58	5170592.36	330.431
21654690.73	5170572.36	84.03
21654762.88	5170552.35	129.544
21654835.02	5170532.34	294.512
21654907.17	5170512.33	157.624
21654979.32	5170492.32	420.117
21655051.46	5170472.32	647.213
21655123.61	5170452.31	158.677
21655195.76	5170432.3	539.815
21655267.9	5170412.29	532.509
21655340.05	5170392.28	598.069
21655412.2	5170372.28	152.729
21655484.34	5170352.27	384.053
21655556.49	5170332.26	48.3406
21655628.64	5170312.25	29.6785
21655700.78	5170292.24	21.5639
21655772.93	5170272.23	101.108
21655845.08	5170252.23	127.057
21655917.22	5170232.22	34.8233
21655989.37	5170212.21	30.6336
21656061.52	5170192.2	29.2569
21656133.66	5170172.19	33.3675
21656205.81	5170152.19	28.027
21656277.96	5170132.18	33.2594
21656350.1	5170112.17	358.658
21656422.25	5170092.16	426.331
21656494.4	5170072.15	196.278
21656566.54	5170052.15	140.636
21656638.69	5170032.14	116.392
21656710.84	5170012.13	9.125
21656782.98	5169992.12	0.5
21656855.13	5169972.11	28.9938
21656927.28	5169952.11	25.3902
21656999.42	5169932.1	48.47
21657071.57	5169912.09	45.0011
21657143.72	5169892.08	218.195
21657215.86	5169872.07	300.539
21657288.01	5169852.07	141.019
21657360.16	5169832.06	164.676
21657432.3	5169812.05	134.795
21657504.45	5169792.04	566.132
21657576.6	5169772.03	699.974
21657648.74	5169752.03	345.678
21657720.89	5169732.02	44.55
21657793.04	5169712.01	129.056
21657865.18	5169692	193.865
21657937.33	5169671.99	195.206
21658009.48	5169651.99	581.34
21658081.63	5169631.98	760.079
21658153.77	5169611.97	671.701
21658225.92	5169591.96	550.446
21658298.07	5169571.95	234.259
21658370.21	5169551.94	440.199
21658442.36	5169531.94	379.508
21658514.51	5169511.93	59.4672
21658586.65	5169491.92	21.315
21658658.8	5169471.91	116.082
21658730.95	5169451.9	35.3294
21658803.09	5169431.9	114.374
21658875.24	5169411.89	314.691
21658947.39	5169391.88	416.375
21659019.53	5169371.87	531.573
21659091.68	5169351.86	704.755
21653267.42	5171043.29	142.139
21653339.57	5171023.28	126.182
21653411.72	5171003.27	206.588
21653483.86	5170983.26	148.571
21653556.01	5170963.26	508.235
21653628.16	5170943.25	231.238
21653700.3	5170923.24	60.9906
21653772.45	5170903.23	29.8433
21653844.6	5170883.22	30.6255
21653916.74	5170863.21	616.978
21653988.89	5170843.21	731.988
21654061.04	5170823.2	536.793
21654133.18	5170803.19	545.754
21654205.33	5170783.18	596.62
21654277.48	5170763.17	552.538
21654349.62	5170743.17	678.194
21654421.77	5170723.16	600.992
21654493.92	5170703.15	471.209
21654566.06	5170683.14	432.825
21654638.21	5170663.13	449.784
21654710.36	5170643.13	74.1578
21654782.5	5170623.12	407.426
21654854.65	5170603.11	589.902
21654926.8	5170583.1	684.947
21654998.94	5170563.09	740.987
21655071.09	5170543.09	733.088
21655143.24	5170523.08	325.257
21655215.38	5170503.07	305.691
21655287.53	5170483.06	510.159
21655359.68	5170463.05	270.553
21655431.82	5170443.05	183.845
21655503.97	5170423.04	422.435
21655576.12	5170403.03	37.7423
21655648.26	5170383.02	25.9771
21655720.41	5170363.01	26.4034
21655792.56	5170343.01	31.3053
21655864.7	5170323	31.697
21655936.85	5170302.99	25.3378
21656009	5170282.98	25.9463
21656081.14	5170262.97	19.8901
21656153.29	5170242.97	21.4412
21656225.44	5170222.96	37.7081
21656297.58	5170202.95	263.176
21656369.73	5170182.94	368.391
21656441.88	5170162.93	379.696
21656514.02	5170142.93	101.023
21656586.17	5170122.92	38.1339
21656658.32	5170102.91	37.0887
21656730.46	5170082.9	29.1619
21656802.61	5170062.89	23.9326
21656874.76	5170042.88	0.5
21656946.9	5170022.88	35.0096
21657019.05	5170002.87	124.908
21657091.2	5169982.86	37.3256
21657163.34	5169962.85	120.366
21657235.49	5169942.84	237.042
21657307.64	5169922.84	238.366
21657379.78	5169902.83	181.021
21657451.93	5169882.82	215.463
21657524.08	5169862.81	627.108
21657596.22	5169842.8	375.642
21657668.37	5169822.8	173.085
21657740.52	5169802.79	78.2
21657812.66	5169782.78	85.9333
21657884.81	5169762.77	116.268
21657956.96	5169742.76	182.153
21658029.1	5169722.76	510.489
21658101.25	5169702.75	600.023
21658173.4	5169682.74	700.809
21658245.54	5169662.73	504.556
21658317.69	5169642.72	526.852
21658389.84	5169622.72	484.899
21658461.99	5169602.71	306.466
21658534.13	5169582.7	195.398
21658606.28	5169562.69	138.542
21658678.43	5169542.68	184.619
21658750.57	5169522.68	162.373
21658822.72	5169502.67	198.121
21658894.87	5169482.66	460.478
21658967.01	5169462.65	566.527
21659039.16	5169442.64	654.272
21659111.31	5169422.64	813.323
21653287.05	5171114.06	165.435
21653359.2	5171094.05	7.06556
21653431.34	5171074.04	36.7359
21653503.49	5171054.03	126.035
21653575.64	5171034.03	407.817
21653647.78	5171014.02	176.851
21653719.93	5170994.01	31.0651
21653792.08	5170974	27.8883
21653864.22	5170953.99	15.8089
21653936.37	5170933.99	551.405
21654008.52	5170913.98	236.744
21654080.66	5170893.97	420.454
21654152.81	5170873.96	513.642
21654224.96	5170853.95	650.713
21654297.1	5170833.95	658.669
21654369.25	5170813.94	539.216
21654441.4	5170793.93	77.1611
21654513.54	5170773.92	87.4244
21654585.69	5170753.91	446.763
21654657.84	5170733.91	618.029
21654729.98	5170713.9	522.599
21654802.13	5170693.89	666.329
21654874.28	5170673.88	591.146
21654946.42	5170653.87	405.458
21655018.57	5170633.86	373.014
21655090.72	5170613.86	617.129
21655162.86	5170593.85	422.219
21655235.01	5170573.84	219.015
21655307.16	5170553.83	75.045
21655379.3	5170533.82	33.3359
21655451.45	5170513.82	274.109
21655523.6	5170493.81	399.559
21655595.74	5170473.8	31.0197
21655667.89	5170453.79	21.4168
21655740.04	5170433.78	19.8781
21655812.18	5170413.78	20.4956
21655884.33	5170393.77	30.3013
21655956.48	5170373.76	29.9825
21656028.62	5170353.75	32.4017
21656100.77	5170333.74	29.6153
21656172.92	5170313.74	28.1442
21656245.06	5170293.73	34.5495
21656317.21	5170273.72	188.268
21656389.36	5170253.71	34.0705
21656461.5	5170233.7	35.5369
21656533.65	5170213.7	29.5
21656605.8	5170193.69	129.805
21656677.94	5170173.68	82.8783
21656750.09	5170153.67	30.548
21656822.24	5170133.66	23.1249
21656894.38	5170113.66	23.5964
21656966.53	5170093.65	37.6418
21657038.68	5170073.64	128.384
21657110.82	5170053.63	29.1911
21657182.97	5170033.62	38.3883
21657255.12	5170013.62	129.768
21657327.26	5169993.61	129.606
21657399.41	5169973.6	232.956
21657471.56	5169953.59	177.716
21657543.7	5169933.58	133.047
21657615.85	5169913.57	22.2478
21657688	5169893.57	36.2828
21657760.14	5169873.56	37.8094
21657832.29	5169853.55	60.8461
21657904.44	5169833.54	2.28944
21657976.58	5169813.53	31.8272
21658048.73	5169793.53	464.947
21658120.88	5169773.52	630.883
21658193.02	5169753.51	566.419
21658265.17	5169733.5	696.137
21658337.32	5169713.49	767.54
21658409.46	5169693.49	454.196
21658481.61	5169673.48	398.663
21658553.76	5169653.47	222.669
21658625.91	5169633.46	74.1156
21658698.05	5169613.45	34.5628
21658770.2	5169593.45	90.6883
21658842.35	5169573.44	242.649
21658914.49	5169553.43	654.209
21658986.64	5169533.42	518.287
21659058.79	5169513.41	511.337
21653306.68	5171184.83	104.559
21653378.82	5171164.82	34.7956
21653450.97	5171144.81	28.0089
21653523.12	5171124.8	419.52
21653595.26	5171104.8	659.609
21653667.41	5171084.79	233.725
21653739.56	5171064.78	25.8848
21653811.7	5171044.77	37.2347
21653883.85	5171024.76	242.298
21653956	5171004.76	554.972
21654028.14	5170984.75	57.5278
21654100.29	5170964.74	432.791
21654172.44	5170944.73	648.551
21654244.58	5170924.72	596.866
21654316.73	5170904.72	675.012
21654388.88	5170884.71	116.795
21654461.02	5170864.7	30.0861
21654533.17	5170844.69	200.746
21654605.32	5170824.68	466.904
21654677.46	5170804.68	806.246
21654749.61	5170784.67	542.217
21654821.76	5170764.66	587.677
21654893.9	5170744.65	311.856
21654966.05	5170724.64	230.547
21655038.2	5170704.64	40.3317
21655110.34	5170684.63	261.572
21655182.49	5170664.62	352.661
21655254.64	5170644.61	544.612
21655326.78	5170624.6	89.1194
21655398.93	5170604.6	37.6598
21655471.08	5170584.59	610.437
21655543.22	5170564.58	307.829
21655615.37	5170544.57	29.5916
21655687.52	5170524.56	0.5
21655759.66	5170504.56	21.858
21655831.81	5170484.55	0.5
21655903.96	5170464.54	36.7482
21655976.1	5170444.53	32.2183
21656048.25	5170424.52	29.1518
21656120.4	5170404.51	29.8001
21656192.54	5170384.51	31.9917
21656264.69	5170364.5	23.6772
21656336.84	5170344.49	21.0105
21656408.98	5170324.48	36.0039
21656481.13	5170304.47	189.932
21656553.28	5170284.47	406.211
21656625.42	5170264.46	230.034
21656697.57	5170244.45	33.2755
21656769.72	5170224.44	26.8565
21656841.86	5170204.43	2.82778
21656914.01	5170184.43	355.263
21656986.16	5170164.42	190.936
21657058.3	5170144.41	49.7656
21657130.45	5170124.4	166.111
21657202.6	5170104.39	122.445
21657274.74	5170084.39	13.2739
21657346.89	5170064.38	37.5691
21657419.04	5170044.37	248.491
21657491.18	5170024.36	53.0289
21657563.33	5170004.35	10.3861
21657635.48	5169984.35	34.7347
21657707.62	5169964.34	2.48778
21657779.77	5169944.33	208.019
21657851.92	5169924.32	37.6508
21657924.06	5169904.31	34.0431
21657996.21	5169884.31	62.0767
21658068.36	5169864.3	290.842
21658140.5	5169844.29	615.247
21658212.65	5169824.28	607.536
21658284.8	5169804.27	607.286
21658356.94	5169784.27	628.037
21658429.09	5169764.26	299.712
21658501.24	5169744.25	137.307
21658573.38	5169724.24	6.13444
21658645.53	5169704.23	29.8642
21658717.68	5169684.22	34.2808
21658789.82	5169664.22	191.353
21658861.97	5169644.21	578.869
21658934.12	5169624.2	529.006
21659006.26	5169604.19	599.403
21659078.41	5169584.18	522.706
21653254.15	5171275.61	274.436
21653326.3	5171255.6	131.607
21653398.45	5171235.59	136.067
21653470.6	5171215.58	490.185
21653542.74	5171195.58	488.593
21653614.89	5171175.57	241.063
21653687.04	5171155.56	102.736
21653759.18	5171135.55	26.6078
21653831.33	5171115.54	203.416
21653903.48	5171095.54	650.37
21653975.62	5171075.53	668.618
21654047.77	5171055.52	357.893
21654119.92	5171035.51	524.943
21654192.06	5171015.5	760.096
21654264.21	5170995.49	760.842
21654336.36	5170975.49	640.026
21654408.5	5170955.48	528.902
21654480.65	5170935.47	377.009
21654552.8	5170915.46	301.441
21654624.94	5170895.45	242.951
21654697.09	5170875.45	624.872
21654769.24	5170855.44	218.519
21654841.38	5170835.43	223.31
21654913.53	5170815.42	83.69
21654985.68	5170795.41	216.467
21655057.82	5170775.41	215.296
21655129.97	5170755.4	174.212
21655202.12	5170735.39	144.018
21655274.26	5170715.38	297.499
21655346.41	5170695.37	10.3833
21655418.56	5170675.37	23.3058
21655490.7	5170655.36	87.7711
21655562.85	5170635.35	34.4049
21655635	5170615.34	24.0607
21655707.14	5170595.33	0.5
21655779.29	5170575.33	0.5
21655851.44	5170555.32	0.5
21655923.58	5170535.31	22.639
21655995.73	5170515.3	20.9441
21656067.88	5170495.29	20.525
21656140.02	5170475.29	27.0718
21656212.17	5170455.28	33.4811
21656284.32	5170435.27	32.1846
21656356.46	5170415.26	34.9856
21656428.61	5170395.25	192.576
21656500.76	5170375.25	304.639
21656572.9	5170355.24	321.267
21656645.05	5170335.23	29.3967
21656717.2	5170315.22	28.4237
21656789.34	5170295.21	29.1101
21656861.49	5170275.21	272.828
21656933.64	5170255.2	741.148
21657005.78	5170235.19	190.963
21657077.93	5170215.18	160.606
21657150.08	5170195.17	93.035
21657222.22	5170175.16	87.805
21657294.37	5170155.16	35.1254
21657366.52	5170135.15	33.3076
21657438.66	5170115.14	110.741
21657510.81	5170095.13	37.5061
21657582.96	5170075.12	28.7514
21657655.1	5170055.12	29.8684
21657727.25	5170035.11	51.9444
21657799.4	5170015.1	364.019
21657871.54	5169995.09	72.4728
21657943.69	5169975.08	28.256
21658015.84	5169955.08	186.734
21658087.98	5169935.07	369.239
21658160.13	5169915.06	654.178
21658232.28	5169895.05	694.456
21658304.42	5169875.04	611.789
21658376.57	5169855.04	338.356
21658448.72	5169835.03	9.38167
21658520.86	5169815.02	1.86222
21658593.01	5169795.01	37.8626
21658665.16	5169775	419.437
21658737.3	5169755	453.37
21658809.45	5169734.99	425.617
21658881.6	5169714.98	648.536
21658953.74	5169694.97	183.493
21659025.89	5169674.96	392.462
21659098.04	5169654.96	444.075
21653273.78	5171346.38	29.6758
21653345.93	5171326.37	206.762
21653418.07	5171306.36	535.552
21653490.22	5171286.35	664.249
21653562.37	5171266.35	224.413
21653634.51	5171246.34	177.334
21653706.66	5171226.33	83.1978
21653778.81	5171206.32	32.1726
21653850.96	5171186.31	32.3306
21653923.1	5171166.31	515.174
21653995.25	5171146.3	478.447
21654067.4	5171126.29	616.785
21654139.54	5171106.28	771.235
21654211.69	5171086.27	834.872
21654283.84	5171066.27	798.842
21654355.98	5171046.26	699.629
21654428.13	5171026.25	646.611
21654500.28	5171006.24	445.078
21654572.42	5170986.23	306.541
21654644.57	5170966.23	291.831
21654716.72	5170946.22	618.007
21654788.86	5170926.21	464.274
21654861.01	5170906.2	135.022
21654933.16	5170886.19	149.671
21655005.3	5170866.18	344.042
21655077.45	5170846.18	164.471
21655149.6	5170826.17	94.4756
21655221.74	5170806.16	46.2356
21655293.89	5170786.15	29.6989
21655366.04	5170766.14	31.8944
21655438.18	5170746.14	24.8871
21655510.33	5170726.13	36.4177
21655582.48	5170706.12	31.5453
21655654.62	5170686.11	0.5
21655726.77	5170666.1	0.5
21655798.92	5170646.1	0.5
21655871.06	5170626.09	0.5
21655943.21	5170606.08	0.5
21656015.36	5170586.07	0.5
21656087.5	5170566.06	25.3537
21656159.65	5170546.06	34.1621
21656231.8	5170526.05	25.0564
21656303.94	5170506.04	30.5151
21656376.09	5170486.03	63.1244
21656448.24	5170466.02	14.2944
21656520.38	5170446.02	28.3372
21656592.53	5170426.01	30.1582
21656664.68	5170406	35.693
21656736.82	5170385.99	22.4269
21656808.97	5170365.98	30.553
21656881.12	5170345.98	267.251
21656953.26	5170325.97	544.614
21657025.41	5170305.96	242.717
21657097.56	5170285.95	35.5224
21657169.7	5170265.94	37.6931
21657241.85	5170245.94	57.2417
21657314	5170225.93	37.7096
21657386.14	5170205.92	37.1922
21657458.29	5170185.91	18.5844
21657530.44	5170165.9	33.4085
21657602.58	5170145.9	31.8955
21657674.73	5170125.89	54.7528
21657746.88	5170105.88	249.282
21657819.02	5170085.87	152.263
21657891.17	5170065.86	34.7909
21657963.32	5170045.85	33.1259
21658035.46	5170025.85	35.2348
21658107.61	5170005.84	35.1245
21658179.76	5169985.83	446.303
21658251.9	5169965.82	699.978
21658324.05	5169945.81	597.497
21658396.2	5169925.81	106.682
21658468.34	5169905.8	61.6356
21658540.49	5169885.79	69.4311
21658612.64	5169865.78	282.937
21658684.78	5169845.77	537.368
21658756.93	5169825.77	642.426
21658829.08	5169805.76	642.176
21658901.22	5169785.75	610.838
21658973.37	5169765.74	356.778
21659045.52	5169745.73	301.746
21653293.41	5171417.15	24.0605
21653365.55	5171397.14	261.159
21653437.7	5171377.13	504.327
21653509.85	5171357.12	258.097
21653581.99	5171337.12	14.1839
21653654.14	5171317.11	37.1567
21653726.29	5171297.1	35.4631
21653798.43	5171277.09	34.0613
21653870.58	5171257.08	23.8233
21653942.73	5171237.08	36.1425
21654014.87	5171217.07	413.308
21654087.02	5171197.06	734.502
21654159.17	5171177.05	781.732
21654231.32	5171157.04	748.756
21654303.46	5171137.04	332.649
21654375.61	5171117.03	395.779
21654447.76	5171097.02	312.896
21654519.9	5171077.01	112.857
21654592.05	5171057	119.303
21654664.2	5171037	424.706
21654736.34	5171016.99	513.221
21654808.49	5170996.98	690.508
21654880.64	5170976.97	320.062
21654952.78	5170956.96	214.188
21655024.93	5170936.96	303.82
21655097.08	5170916.95	210.288
21655169.22	5170896.94	37.4161
21655241.37	5170876.93	37.4907
21655313.52	5170856.92	31.7512
21655385.66	5170836.92	33.6703
21655457.81	5170816.91	37.5947
21655529.96	5170796.9	47.705
21655602.1	5170776.89	34.8875
21655674.25	5170756.88	30.9989
21655746.4	5170736.88	0.5
21655818.54	5170716.87	0.5
21655890.69	5170696.86	26.0433
21655962.84	5170676.85	0.5
21656034.98	5170656.84	0.5
21656107.13	5170636.83	28.8153
21656179.28	5170616.83	30.0812
21656251.42	5170596.82	20.1675
21656323.57	5170576.81	27.7572
21656395.72	5170556.8	37.6201
21656467.86	5170536.79	31.718
21656540.01	5170516.79	29.7369
21656612.16	5170496.78	31.5141
21656684.3	5170476.77	36.5399
21656756.45	5170456.76	34.2043
21656828.6	5170436.75	29.443
21656900.74	5170416.75	395.564
21656972.89	5170396.74	32.4844
21657045.04	5170376.73	100.548
21657117.18	5170356.72	33.6074
21657189.33	5170336.71	33.3288
21657261.48	5170316.71	37.6046
21657333.62	5170296.7	18.7972
21657405.77	5170276.69	35.5946
21657477.92	5170256.68	33.9889
21657550.06	5170236.67	29.1095
21657622.21	5170216.67	36.708
21657694.36	5170196.66	212.695
21657766.5	5170176.65	90.4939
21657838.65	5170156.64	105.006
21657910.8	5170136.63	0.768889
21657982.94	5170116.63	34.0462
21658055.09	5170096.62	33.3369
21658127.24	5170076.61	34.3452
21658199.38	5170056.6	589.292
21658271.53	5170036.59	716.931
21658343.68	5170016.59	765.678
21658415.82	5169996.58	503.593
21658487.97	5169976.57	160.318
21658560.12	5169956.56	27.6872
21658632.26	5169936.55	299.244
21658704.41	5169916.55	633.406
21658776.56	5169896.54	707.789
21658848.7	5169876.53	596.015
21658920.85	5169856.52	439.848
21658993	5169836.51	296.054
21659065.14	5169816.5	270.675
21653313.03	5171487.92	306.523
21653385.18	5171467.91	272.945
21653457.33	5171447.9	549.277
21653529.47	5171427.9	110.119
21653601.62	5171407.89	37.1715
21653673.77	5171387.88	31.9522
21653745.91	5171367.87	121.25
21653818.06	5171347.86	108.079
21653890.21	5171327.86	32.3306
21653962.35	5171307.85	39.3461
21654034.5	5171287.84	419.429
21654106.65	5171267.83	576.891
21654178.79	5171247.82	647.636
21654250.94	5171227.82	577.573
21654323.09	5171207.81	86.4917
21654395.23	5171187.8	58.4222
21654467.38	5171167.79	144.582
21654539.53	5171147.78	36.1793
21654611.67	5171127.77	364.444
21654683.82	5171107.77	334.493
21654755.97	5171087.76	698.252
21654828.12	5171067.75	397.109
21654900.26	5171047.74	278.371
21654972.41	5171027.73	357.207
21655044.56	5171007.73	95.3356
21655116.7	5170987.72	174.089
21655188.85	5170967.71	22.7611
21655261	5170947.7	33.0872
21655333.14	5170927.69	30.1749
21655405.29	5170907.69	5.53167
21655477.44	5170887.68	99.8894
21655549.58	5170867.67	36.8235
21655621.73	5170847.66	29.3414
21655693.88	5170827.65	50.9628
21655766.02	5170807.65	20.0872
21655838.17	5170787.64	22.5125
21655910.32	5170767.63	33.6334
21655982.46	5170747.62	36.7895
21656054.61	5170727.61	29.8635
21656126.76	5170707.61	33.1329
21656198.9	5170687.6	228.712
21656271.05	5170667.59	24.144
21656343.2	5170647.58	27.9762
21656415.34	5170627.57	4.75444
21656487.49	5170607.57	79.3383
21656559.64	5170587.56	32.523
21656631.78	5170567.55	35.6087
21656703.93	5170547.54	65.4656
21656776.08	5170527.53	33.1608
21656848.22	5170507.53	29.1798
21656920.37	5170487.52	325.424
21656992.52	5170467.51	37.532
21657064.66	5170447.5	34.077
21657136.81	5170427.49	34.6319
21657208.96	5170407.48	33.6488
21657281.1	5170387.48	32.2685
21657353.25	5170367.47	29.2953
21657425.4	5170347.46	32.9364
21657497.54	5170327.45	67.3144
21657569.69	5170307.44	37.3638
21657641.84	5170287.44	35.8809
21657713.98	5170267.43	353.709
21657786.13	5170247.42	201.998
21657858.28	5170227.41	406.448
21657930.42	5170207.4	132.344
21658002.57	5170187.4	36.4202
21658074.72	5170167.39	33.6232
21658146.86	5170147.38	152.193
21658219.01	5170127.37	669.481
21658291.16	5170107.36	669.808
21658363.3	5170087.36	740.592
21658435.45	5170067.35	650.678
21658507.6	5170047.34	517.957
21658579.74	5170027.33	458.632
21658651.89	5170007.32	643.36
21658724.04	5169987.32	690.43
21658796.18	5169967.31	615.326
21658868.33	5169947.3	210.857
21658940.48	5169927.29	74.8239
21659012.62	5169907.28	57.7722
21659084.77	5169887.28	98.64
21653260.51	5171578.7	436.406
21653332.66	5171558.69	216.768
21653404.81	5171538.68	265.351
21653476.95	5171518.67	453.533
21653549.1	5171498.67	201.504
21653621.25	5171478.66	101.626
21653693.39	5171458.65	230.502
21653765.54	5171438.64	272.583
21653837.69	5171418.63	501.027
21653909.83	5171398.63	391.967
21653981.98	5171378.62	139.498
21654054.13	5171358.61	553.253
21654126.27	5171338.6	500.114
21654198.42	5171318.59	694.314
21654270.57	5171298.59	529.658
21654342.71	5171278.58	52.8283
21654414.86	5171258.57	86.7806
21654487.01	5171238.56	256.3
21654559.15	5171218.55	278.271
21654631.3	5171198.55	162.816
21654703.45	5171178.54	231.327
21654775.59	5171158.53	678.136
21654847.74	5171138.52	565.49
21654919.89	5171118.51	351.602
21654992.04	5171098.51	220.691
21655064.18	5171078.5	273.279
21655136.33	5171058.49	460.738
21655208.48	5171038.48	143.421
21655280.62	5171018.47	28.8801
21655352.77	5170998.47	29.3216
21655424.92	5170978.46	33.5814
21655497.06	5170958.45	37.397
21655569.21	5170938.44	33.0938
21655641.36	5170918.43	30.5039
21655713.5	5170898.42	26.5002
21655785.65	5170878.42	29.0445
21655857.8	5170858.41	33.372
21655929.94	5170838.4	119.544
21656002.09	5170818.39	32.3517
21656074.24	5170798.38	33.5318
21656146.38	5170778.38	190.474
21656218.53	5170758.37	326.41
21656290.68	5170738.36	28.3062
21656362.82	5170718.35	23.6327
21656434.97	5170698.34	51.3367
21656507.12	5170678.34	49.5644
21656579.26	5170658.33	28.1691
21656651.41	5170638.32	27.2914
21656723.56	5170618.31	36.5156
21656795.7	5170598.3	33.5722
21656867.85	5170578.3	34.3908
21656940	5170558.29	171.891
21657012.14	5170538.28	6.58
21657084.29	5170518.27	35.574
21657156.44	5170498.26	186.542
21657228.58	5170478.26	104.546
21657300.73	5170458.25	163.273
21657372.88	5170438.24	105.093
21657445.02	5170418.23	2.325
21657517.17	5170398.22	35.4913
21657589.32	5170378.22	70.0833
21657661.46	5170358.21	96.9583
21657733.61	5170338.2	20.0544
21657805.76	5170318.19	326.444
21657877.9	5170298.18	339.727
21657950.05	5170278.18	37.1312
21658022.2	5170258.17	37.1557
21658094.34	5170238.16	319.42
21658166.49	5170218.15	629.396
21658238.64	5170198.14	670.411
21658310.78	5170178.13	676.577
21658382.93	5170158.13	537.344
21658455.08	5170138.12	259.819
21658527.22	5170118.11	609.994
21658599.37	5170098.1	647.281
21658671.52	5170078.09	572.037
21658743.66	5170058.09	645.778
21658815.81	5170038.08	580.5
21658887.96	5170018.07	22.7417
21658960.1	5169998.06	28.0532
21659032.25	5169978.05	34.2966
21659104.4	5169958.05	31.3878
21653280.14	5171649.47	387.531
21653352.29	5171629.46	428.899
21653424.43	5171609.45	381.889
21653496.58	5171589.45	442.482
21653568.73	5171569.44	499.759
21653640.87	5171549.43	250.926
21653713.02	5171529.42	400.211
21653785.17	5171509.41	185.758
21653857.31	5171489.4	122.637
21653929.46	5171469.4	150.016
21654001.61	5171449.39	165.654
21654073.75	5171429.38	589.391
21654145.9	5171409.37	583.303
21654218.05	5171389.36	733.375
21654290.19	5171369.36	586.887
21654362.34	5171349.35	191.602
21654434.49	5171329.34	263.514
21654506.63	5171309.33	560.069
21654578.78	5171289.32	300.637
21654650.93	5171269.32	147.854
21654723.07	5171249.31	36.1832
21654795.22	5171229.3	372.338
21654867.37	5171209.29	702.542
21654939.51	5171189.28	466.119
21655011.66	5171169.28	139.363
21655083.81	5171149.27	392.919
21655155.95	5171129.26	545.221
21655228.1	5171109.25	317.82
21655300.25	5171089.24	258.911
21655372.39	5171069.24	30.3204
21655444.54	5171049.23	22.7322
21655516.69	5171029.22	26.3767
21655588.84	5171009.21	27.7278
21655660.98	5170989.2	70.7911
21655733.13	5170969.2	35.9466
21655805.28	5170949.19	28.8197
21655877.42	5170929.18	34.1797
21655949.57	5170909.17	136.179
21656021.72	5170889.16	33.3451
21656093.86	5170869.16	33.1806
21656166.01	5170849.15	36.3522
21656238.16	5170829.14	43.4228
21656310.3	5170809.13	26.6375
21656382.45	5170789.12	26.6522
21656454.6	5170769.11	35.8962
21656526.74	5170749.11	35.3697
21656598.89	5170729.1	30.6949
21656671.04	5170709.09	31.8023
21656743.18	5170689.08	35.2766
21656815.33	5170669.07	35.7416
21656887.48	5170649.07	1.455
21656959.62	5170629.06	34.6994
21657031.77	5170609.05	506.304
21657103.92	5170589.04	372.797
21657176.06	5170569.03	409.321
21657248.21	5170549.03	551.169
21657320.36	5170529.02	527.326
21657392.5	5170509.01	564.031
21657464.65	5170489	388.496
21657536.8	5170468.99	37.5112
21657608.94	5170448.99	384.194
21657681.09	5170428.98	407.694
21657753.24	5170408.97	231.088
21657825.38	5170388.96	238.485
21657897.53	5170368.95	273.327
21657969.68	5170348.95	36.7665
21658041.82	5170328.94	17.5133
21658113.97	5170308.93	359.189
21658186.12	5170288.92	617.917
21658258.26	5170268.91	639.691
21658330.41	5170248.91	644.385
21658402.56	5170228.9	594.062
21658474.7	5170208.89	470.687
21658546.85	5170188.88	596.969
21658619	5170168.87	671.984
21658691.14	5170148.87	565.287
21658763.29	5170128.86	490.57
21658835.44	5170108.85	338.335
21658907.58	5170088.84	30.0336
21658979.73	5170068.83	27.7861
21659051.88	5170048.83	30.5587
21653299.77	5171720.24	548.819
21653371.91	5171700.23	337.056
21653444.06	5171680.22	295.461
21653516.21	5171660.22	537.636
21653588.35	5171640.21	407.688
21653660.5	5171620.2	281.323
21653732.65	5171600.19	465.967
21653804.79	5171580.18	445.826
21653876.94	5171560.18	399.736
21653949.09	5171540.17	571.617
21654021.23	5171520.16	553.172
21654093.38	5171500.15	576.615
21654165.53	5171480.14	573.352
21654237.67	5171460.14	666.084
21654309.82	5171440.13	458.812
21654381.97	5171420.12	285.952
21654454.11	5171400.11	549.982
21654526.26	5171380.1	390.824
21654598.41	5171360.09	310.941
21654670.55	5171340.09	456.713
21654742.7	5171320.08	2.62667
21654814.85	5171300.07	159.972
21654886.99	5171280.06	367.524
21654959.14	5171260.05	668.003
21655031.29	5171240.05	451.428
21655103.43	5171220.04	378.484
21655175.58	5171200.03	458.215
21655247.73	5171180.02	551.918
21655319.87	5171160.01	512.068
21655392.02	5171140.01	293.429
21655464.17	5171120	205.835
21655536.31	5171099.99	116.702
21655608.46	5171079.98	75.4406
21655680.61	5171059.97	32.0061
21655752.76	5171039.97	17.1772
21655824.9	5171019.96	36.9023
21655897.05	5170999.95	28.6348
21655969.2	5170979.94	35.9064
21656041.34	5170959.93	34.2585
21656113.49	5170939.93	36.1865
21656185.64	5170919.92	37.3024
21656257.78	5170899.91	30.1761
21656329.93	5170879.9	11.9072
21656402.08	5170859.89	34.3951
21656474.22	5170839.89	31.8825
21656546.37	5170819.88	24.5287
21656618.52	5170799.87	25.7508
21656690.66	5170779.86	33.4336
21656762.81	5170759.85	148.436
21656834.96	5170739.85	26.5303
21656907.1	5170719.84	0.5
21656979.25	5170699.83	25.1215
21657051.4	5170679.82	399.137
21657123.54	5170659.81	523.188
21657195.69	5170639.81	324.433
21657267.84	5170619.8	225.341
21657339.98	5170599.79	162.889
21657412.13	5170579.78	293.386
21657484.28	5170559.77	580.158
21657556.42	5170539.76	344.925
21657628.57	5170519.76	405.504
21657700.72	5170499.75	479.369
21657772.86	5170479.74	366.064
21657845.01	5170459.73	58.2583
21657917.16	5170439.72	34.5495
21657989.3	5170419.72	35.7202
21658061.45	5170399.71	42.9939
21658133.6	5170379.7	118.137
21658205.74	5170359.69	302.477
21658277.89	5170339.68	720.037
21658350.04	5170319.68	674.449
21658422.18	5170299.67	438.687
21658494.33	5170279.66	547.348
21658566.48	5170259.65	695.953
21658638.62	5170239.64	720.202
21658710.77	5170219.64	694.686
21658782.92	5170199.63	280.804
21658855.06	5170179.62	33.8838
21658927.21	5170159.61	31.179
21658999.36	5170139.6	28.3654
21659071.5	5170119.6	27.435
21653247.25	5171811.02	501.119
21653319.39	5171791.01	497.612
21653391.54	5171771	146.073
21653463.69	5171750.99	211.002
21653535.83	5171730.99	217.901
21653607.98	5171710.98	145.887
21653680.13	5171690.97	242.879
21653752.27	5171670.96	309.055
21653824.42	5171650.95	458.247
21653896.57	5171630.95	583.108
21653968.71	5171610.94	719.192
21654040.86	5171590.93	776.603
21654113.01	5171570.92	737.003
21654185.15	5171550.91	659.617
21654257.3	5171530.91	574.214
21654329.45	5171510.9	172.684
21654401.59	5171490.89	147.616
21654473.74	5171470.88	566.854
21654545.89	5171450.87	230.48
21654618.03	5171430.87	326.255
21654690.18	5171410.86	378.379
21654762.33	5171390.85	64.8417
21654834.47	5171370.84	0.623333
21654906.62	5171350.83	132.989
21654978.77	5171330.83	37.7542
21655050.91	5171310.82	423.219
21655123.06	5171290.81	639.519
21655195.21	5171270.8	595.781
21655267.35	5171250.79	579.694
21655339.5	5171230.79	279.408
21655411.65	5171210.78	285.036
21655483.79	5171190.77	463.087
21655555.94	5171170.76	382.982
21655628.09	5171150.75	333.228
21655700.23	5171130.74	90.5106
21655772.38	5171110.74	35.3926
21655844.53	5171090.73	25.396
21655916.67	5171070.72	18.5918
21655988.82	5171050.71	28.2376
21656060.97	5171030.7	32.165
21656133.11	5171010.7	33.0442
21656205.26	5170990.69	35.3815
21656277.41	5170970.68	4.34
21656349.56	5170950.67	59.4622
21656421.7	5170930.66	33.9674
21656493.85	5170910.66	25.5687
21656566	5170890.65	26.7829
21656638.14	5170870.64	26.3766
21656710.29	5170850.63	28.9361
21656782.44	5170830.62	35.1088
21656854.58	5170810.62	30.6283
21656926.73	5170790.61	0.5
21656998.88	5170770.6	25.7605
21657071.02	5170750.59	100.358
21657143.17	5170730.58	562.884
21657215.32	5170710.58	85.2978
21657287.46	5170690.57	21.635
21657359.61	5170670.56	36.4183
21657431.76	5170650.55	163.117
21657503.9	5170630.54	608.329
21657576.05	5170610.54	565.811
21657648.2	5170590.53	328.122
21657720.34	5170570.52	60.9078
21657792.49	5170550.51	113.801
21657864.64	5170530.5	33.4185
21657936.78	5170510.5	28.0662
21658008.93	5170490.49	25.4492
21658081.08	5170470.48	32.059
21658153.22	5170450.47	36.4562
21658225.37	5170430.46	257.655
21658297.52	5170410.46	525.284
21658369.66	5170390.45	531.884
21658441.81	5170370.44	11.0544
21658513.96	5170350.43	333.978
21658586.1	5170330.42	673.417
21658658.25	5170310.41	686.493
21658730.4	5170290.41	561.248
21658802.54	5170270.4	0.5
21658874.69	5170250.39	0.5
21658946.84	5170230.38	35.6626
21659018.98	5170210.37	27.7221
21659091.13	5170190.37	29.0974
21653266.87	5171881.79	677.928
21653339.02	5171861.78	335.141
21653411.17	5171841.77	320.957
21653483.31	5171821.77	464.559
21653555.46	5171801.76	581.076
21653627.61	5171781.75	515.577
21653699.75	5171761.74	512.798
21653771.9	5171741.73	507.416
21653844.05	5171721.73	563.909
21653916.19	5171701.72	663.442
21653988.34	5171681.71	737.908
21654060.49	5171661.7	752.693
21654132.63	5171641.69	740.682
21654204.78	5171621.68	541.834
21654276.93	5171601.68	591.832
21654349.07	5171581.67	111.773
21654421.22	5171561.66	182.888
21654493.37	5171541.65	414.537
21654565.51	5171521.64	240.295
21654637.66	5171501.64	137.714
21654709.81	5171481.63	35.9201
21654781.95	5171461.62	32.9762
21654854.1	5171441.61	34.5883
21654926.25	5171421.6	16.745
21654998.39	5171401.6	57.0239
21655070.54	5171381.59	264.473
21655142.69	5171361.58	684.412
21655214.83	5171341.57	566.019
21655286.98	5171321.56	581.469
21655359.13	5171301.56	210.568
21655431.27	5171281.55	104.728
21655503.42	5171261.54	323.357
21655575.57	5171241.53	391.7
21655647.71	5171221.52	242.9
21655719.86	5171201.52	37.7826
21655792.01	5171181.51	18.9763
21655864.15	5171161.5	11.3189
21655936.3	5171141.49	0.5
21656008.45	5171121.48	0.5
21656080.59	5171101.48	0.5
21656152.74	5171081.47	0.5
21656224.89	5171061.46	28.1176
21656297.03	5171041.45	36.1093
21656369.18	5171021.44	195.869
21656441.33	5171001.44	36.3892
21656513.48	5170981.43	34.5392
21656585.62	5170961.42	33.1973
21656657.77	5170941.41	36.0523
21656729.91	5170921.4	35.3086
21656802.06	5170901.39	33.1762
21656874.21	5170881.39	26.263
21656946.36	5170861.38	18.8436
21657018.5	5170841.37	27.0465
21657090.65	5170821.36	34.1702
21657162.8	5170801.35	236.596
21657234.94	5170781.35	32.2756
21657307.09	5170761.34	27.423
21657379.24	5170741.33	31.4029
21657451.38	5170721.32	247.652
21657523.53	5170701.31	577.866
21657595.68	5170681.31	592.338
21657667.82	5170661.3	32.4405
21657739.97	5170641.29	31.508
21657812.12	5170621.28	245.611
21657884.26	5170601.27	33.5341
21657956.41	5170581.27	34.6949
21658028.56	5170561.26	33.2615
21658100.7	5170541.25	31.8316
21658172.85	5170521.24	14.1806
21658245	5170501.23	160.274
21658317.14	5170481.23	777.012
21658389.29	5170461.22	613.779
21658461.44	5170441.21	39.7406
21658533.58	5170421.2	35.5933
21658605.73	5170401.19	225.045
21658677.88	5170381.19	169.854
21658750.02	5170361.18	34.5333
21658822.17	5170341.17	37.3659
21658894.32	5170321.16	35.926
21658966.46	5170301.15	37.1694
21659038.61	5170281.15	152.409
21653286.5	5171952.56	769.488
21653358.65	5171932.55	270.171
21653430.79	5171912.54	329.576
21653502.94	5171892.54	385.464
21653575.09	5171872.53	658.037
21653647.23	5171852.52	609.795
21653719.38	5171832.51	687.858
21653791.53	5171812.5	640.516
21653863.67	5171792.5	693.194
21653935.82	5171772.49	710.436
21654007.97	5171752.48	745.768
21654080.11	5171732.47	667.209
21654152.26	5171712.46	670.772
21654224.41	5171692.46	702.889
21654296.55	5171672.45	632.547
21654368.7	5171652.44	171.091
21654440.85	5171632.43	551.049
21654512.99	5171612.42	368.997
21654585.14	5171592.42	113.739
21654657.29	5171572.41	34.3662
21654729.43	5171552.4	29.6805
21654801.58	5171532.39	35.1369
21654873.73	5171512.38	34.1605
21654945.87	5171492.37	36.7961
21655018.02	5171472.37	25.9706
21655090.17	5171452.36	99.0161
21655162.31	5171432.35	639.491
21655234.46	5171412.34	750.332
21655306.61	5171392.33	724.152
21655378.75	5171372.33	339.278
21655450.9	5171352.32	144.411
21655523.05	5171332.31	156.254
21655595.19	5171312.3	123.577
21655667.34	5171292.29	35.7716
21655739.49	5171272.29	27.4337
21655811.63	5171252.28	21.0234
21655883.78	5171232.27	13.1531
21655955.93	5171212.26	0.5
21656028.07	5171192.25	0.5
21656100.22	5171172.25	0.5
21656172.37	5171152.24	0.5
21656244.51	5171132.23	0.5
21656316.66	5171112.22	36.369
21656388.81	5171092.21	70.1589
21656460.95	5171072.21	13.9217
21656533.1	5171052.2	52.1572
21656605.25	5171032.19	96.3444
21656677.39	5171012.18	29.5522
21656749.54	5170992.17	37.966
21656821.69	5170972.17	34.1627
21656893.84	5170952.16	24.3413
21656965.98	5170932.15	23.5753
21657038.13	5170912.14	26.823
21657110.27	5170892.13	29.1584
21657182.42	5170872.13	33.5844
21657254.57	5170852.12	20.5696
21657326.72	5170832.11	21.7173
21657398.86	5170812.1	29.9379
21657471.01	5170792.09	114.221
21657543.16	5170772.09	422.816
21657615.3	5170752.08	559.795
21657687.45	5170732.07	30.9704
21657759.6	5170712.06	30.9443
21657831.74	5170692.05	34.5529
21657903.89	5170672.04	35.4894
21657976.04	5170652.04	3.21167
21658048.18	5170632.03	36.6896
21658120.33	5170612.02	35.0642
21658192.48	5170592.01	104.564
21658264.62	5170572	437.702
21658336.77	5170552	840.371
21658408.92	5170531.99	662.859
21658481.06	5170511.98	84.0922
21658553.21	5170491.97	30.6194
21658625.36	5170471.96	470.237
21658697.5	5170451.96	289.225
21658769.65	5170431.95	30.9569
21658841.8	5170411.94	35.8315
21658913.94	5170391.93	34.6807
21658986.09	5170371.92	37.2533
21659058.24	5170351.92	341.567
21653306.13	5172023.33	452.841
21653378.27	5172003.32	325.572
21653450.42	5171983.31	349.986
21653522.57	5171963.31	453.854
21653594.71	5171943.3	541.719
21653666.86	5171923.29	542.876
21653739.01	5171903.28	687.356
21653811.15	5171883.27	743.209
21653883.3	5171863.27	695.58
21653955.45	5171843.26	636.988
21654027.59	5171823.25	711.069
21654099.74	5171803.24	682.224
21654171.89	5171783.23	666.894
21654244.03	5171763.23	705.282
21654316.18	5171743.22	725.287
21654388.33	5171723.21	403.727
21654460.47	5171703.2	657.576
21654532.62	5171683.19	478.894
21654604.77	5171663.19	36.756
21654676.91	5171643.18	29.209
21654749.06	5171623.17	23.6132
21654821.21	5171603.16	26.6296
21654893.35	5171583.15	29.6193
21654965.5	5171563.15	34.2816
21655037.65	5171543.14	37.3363
21655109.79	5171523.13	186.948
21655181.94	5171503.12	740.613
21655254.09	5171483.11	782.946
21655326.23	5171463.11	568.908
21655398.38	5171443.1	300.618
21655470.53	5171423.09	109.891
21655542.67	5171403.08	184.249
21655614.82	5171383.07	124.162
21655686.97	5171363.07	34.6701
21655759.11	5171343.06	34.8345
21655831.26	5171323.05	29.7044
21655903.41	5171303.04	23.8964
21655975.55	5171283.03	14.0615
21656047.7	5171263.02	16.752
21656119.85	5171243.02	0.5
21656191.99	5171223.01	11.75
21656264.14	5171203	12.177
21656336.29	5171182.99	33.746
21656408.43	5171162.98	30.9315
21656480.58	5171142.98	31.817
21656552.73	5171122.97	36.5214
21656624.87	5171102.96	36.1097
21656697.02	5171082.95	37.4949
21656769.17	5171062.94	33.7313
21656841.31	5171042.94	27.4277
21656913.46	5171022.93	18.4151
21656985.61	5171002.92	20.0025
21657057.75	5170982.91	23.0308
21657129.9	5170962.9	22.6366
21657202.05	5170942.9	31.6522
21657274.19	5170922.89	17.958
21657346.34	5170902.88	18.9693
21657418.49	5170882.87	25.8994
21657490.64	5170862.86	34.9715
21657562.78	5170842.86	207.581
21657634.93	5170822.85	534.377
21657707.08	5170802.84	57.7539
21657779.22	5170782.83	208.779
21657851.37	5170762.82	122.578
21657923.52	5170742.82	36.1317
21657995.66	5170722.81	36.3834
21658067.81	5170702.8	35.2061
21658139.96	5170682.79	29.0937
21658212.1	5170662.78	0.5
21658284.25	5170642.78	0.5
21658356.4	5170622.77	0.5
21658428.54	5170602.76	569.66
21658500.69	5170582.75	49.1094
21658572.84	5170562.74	32.5122
21658644.98	5170542.74	731.914
21658717.13	5170522.73	493.326
21658789.28	5170502.72	28.8487
21658861.42	5170482.71	32.1027
21658933.57	5170462.7	34.2725
21659005.72	5170442.69	31.2178
21659077.86	5170422.69	99.7372
21653253.61	5172114.11	434.951
21653325.75	5172094.1	318.361
21653397.9	5172074.09	314.096
21653470.05	5172054.09	358.176
21653542.19	5172034.08	377.062
21653614.34	5172014.07	523.842
21653686.49	5171994.06	285.872
21653758.63	5171974.05	427.482
21653830.78	5171954.05	689.587
21653902.93	5171934.04	655.158
21653975.07	5171914.03	632.99
21654047.22	5171894.02	665.352
21654119.37	5171874.01	626.824
21654191.51	5171854	681.233
21654263.66	5171834	708.828
21654335.81	5171813.99	666.597
21654407.95	5171793.98	483.547
21654480.1	5171773.97	486.293
21654552.25	5171753.96	68.1956
21654624.39	5171733.96	27.4138
21654696.54	5171713.95	25.6788
21654768.69	5171693.94	24.5032
21654840.83	5171673.93	28.9745
21654912.98	5171653.92	32.1704
21654985.13	5171633.92	31.6292
21655057.27	5171613.91	35.6375
21655129.42	5171593.9	74.1833
21655201.57	5171573.89	704.971
21655273.71	5171553.88	679.47
21655345.86	5171533.88	465.431
21655418.01	5171513.87	51.7033
21655490.15	5171493.86	37.2978
21655562.3	5171473.85	332.802
21655634.45	5171453.84	272.836
21655706.59	5171433.84	1.18333
21655778.74	5171413.83	33.1219
21655850.89	5171393.82	23.9573
21655923.03	5171373.81	24.5939
21655995.18	5171353.8	21.9794
21656067.33	5171333.8	18.4378
21656139.47	5171313.79	14.8946
21656211.62	5171293.78	17.7609
21656283.77	5171273.77	19.9489
21656355.91	5171253.76	0.5
21656428.06	5171233.76	0.5
21656500.21	5171213.75	26.8673
21656572.35	5171193.74	34.004
21656644.5	5171173.73	32.4099
21656716.65	5171153.72	28.6617
21656788.79	5171133.72	27.8145
21656860.94	5171113.71	15.3845
21656933.09	5171093.7	11.8567
21657005.23	5171073.69	17.7483
21657077.38	5171053.68	19.145
21657149.53	5171033.67	18.3804
21657221.67	5171013.67	24.6214
21657293.82	5170993.66	14.1407
21657365.97	5170973.65	14.5744
21657438.11	5170953.64	20.0308
21657510.26	5170933.63	27.9465
21657582.41	5170913.63	210.606
21657654.55	5170893.62	398.845
21657726.7	5170873.61	287.899
21657798.85	5170853.6	329.998
21657870.99	5170833.59	165.118
21657943.14	5170813.59	60.5283
21658015.29	5170793.58	83.9922
21658087.44	5170773.57	36.4009
21658159.58	5170753.56	28.013
21658231.73	5170733.55	0.5
21658303.88	5170713.55	0.5
21658376.02	5170693.54	0.5
21658448.17	5170673.53	831.991
21658520.32	5170653.52	66.2344
21658592.46	5170633.51	179.304
21658664.61	5170613.51	708.992
21658736.76	5170593.5	359.609
21658808.9	5170573.49	32.6068
21658881.05	5170553.48	28.4534
21658953.2	5170533.47	31.7435
21659025.34	5170513.47	31.5715
21659097.49	5170493.46	21.1894
21653273.23	5172184.88	421.176
21653345.38	5172164.87	410.933
21653417.53	5172144.86	383.807
21653489.67	5172124.86	302.206
21653561.82	5172104.85	391.551
21653633.97	5172084.84	457.907
21653706.11	5172064.83	174.152
21653778.26	5172044.82	157.615
21653850.41	5172024.82	334.271
21653922.55	5172004.81	531.669
21653994.7	5171984.8	608.436
21654066.85	5171964.79	579.464
21654138.99	5171944.78	522.575
21654211.14	5171924.78	554.325
21654283.29	5171904.77	568.099
21654355.43	5171884.76	592.292
21654427.58	5171864.75	408.276
21654499.73	5171844.74	624.237
21654571.87	5171824.74	108.353
21654644.02	5171804.73	29.1978
21654716.17	5171784.72	22.8333
21654788.31	5171764.71	23.3342
21654860.46	5171744.7	29.5435
21654932.61	5171724.7	31.2484
21655004.75	5171704.69	33.5561
21655076.9	5171684.68	38.0389
21655149.05	5171664.67	69.1344
21655221.19	5171644.66	711.052
21655293.34	5171624.65	546.647
21655365.49	5171604.65	478.632
21655437.63	5171584.64	239.624
21655509.78	5171564.63	167.201
21655581.93	5171544.62	395.679
21655654.07	5171524.61	153.566
21655726.22	5171504.61	149.607
21655798.37	5171484.6	35.3846
21655870.51	5171464.59	28.452
21655942.66	5171444.58	26.3435
21656014.81	5171424.57	29.7349
21656086.95	5171404.57	20.7
21656159.1	5171384.56	15.7701
21656231.25	5171364.55	20.4808
21656303.39	5171344.54	18.8719
21656375.54	5171324.53	12.8424
21656447.69	5171304.53	11.9774
21656519.83	5171284.52	11.125
21656591.98	5171264.51	11.125
21656664.13	5171244.5	27.5151
21656736.27	5171224.49	26.6097
21656808.42	5171204.49	21.3949
21656880.57	5171184.48	11.6635
21656952.71	5171164.47	13.5528
21657024.86	5171144.46	16.1458
21657097.01	5171124.45	13
21657169.15	5171104.45	16.394
21657241.3	5171084.44	23.7073
21657313.45	5171064.43	13.2879
21657385.59	5171044.42	15.2357
21657457.74	5171024.41	18.519
21657529.89	5171004.41	20.9792
21657602.03	5170984.4	36.7369
21657674.18	5170964.39	192.544
21657746.33	5170944.38	122.061
21657818.47	5170924.37	189.117
21657890.62	5170904.36	212.217
21657962.77	5170884.36	53.3011
21658034.91	5170864.35	107.733
21658107.06	5170844.34	23.3661
21658179.21	5170824.33	31.5168
21658251.36	5170804.32	0.5
21658323.5	5170784.32	0.5
21658395.65	5170764.31	0.5
21658467.8	5170744.3	0.5
21658539.94	5170724.29	0.5
21658612.09	5170704.28	0.5
21658684.24	5170684.28	957.898
21658756.38	5170664.27	101.854
21658828.53	5170644.26	25.0661
21658900.68	5170624.25	28.8263
21658972.82	5170604.24	22.6952
21659044.97	5170584.24	27.2371
