21653307.22	5170346.33	29.0613
21653379.37	5170326.32	0.5
21653451.52	5170306.31	25.9079
21653523.66	5170286.3	29.2142
21653595.81	5170266.29	0.5
21653667.96	5170246.29	34.7393
21653740.1	5170226.28	0.5
21653812.25	5170206.27	398.607
21653884.4	5170186.26	187.412
21653956.54	5170166.25	222.892
21654028.69	5170146.25	351.33
21654100.84	5170126.24	405.189
21654172.98	5170106.23	361.809
21654245.13	5170086.22	520.341
21654317.28	5170066.21	594.461
21654389.42	5170046.21	210.641
21654461.57	5170026.2	33.286
21654533.72	5170006.19	0.5
21654605.86	5169986.18	25.3201
21654678.01	5169966.17	28.9656
21654750.16	5169946.17	32.1125
21654822.31	5169926.16	31.0446
21654894.45	5169906.15	29.246
21654966.6	5169886.14	37.0209
21655038.75	5169866.13	20.5513
21655110.89	5169846.13	21.5647
21655183.04	5169826.12	29.6804
21655255.19	5169806.11	32.2654
21655327.33	5169786.1	29.3117
21655399.48	5169766.09	32.6906
21653254.7	5170437.11	34.1249
21653326.85	5170417.1	28.203
21653399	5170397.09	29.0923
21653471.14	5170377.08	26.9491
21653543.29	5170357.07	27.9645
21653615.44	5170337.07	32.158
21653687.58	5170317.06	34.399
21653759.73	5170297.05	99.3383
21653831.88	5170277.04	244.091
21653904.02	5170257.03	139.104
21653976.17	5170237.03	192.116
21654048.32	5170217.02	250.36
21654120.46	5170197.01	291.097
21654192.61	5170177	282.271
21654264.76	5170156.99	567.746
21654336.9	5170136.98	653.06
21654409.05	5170116.98	223.135
21654481.2	5170096.97	0.5
21654553.34	5170076.96	21.75
21654625.49	5170056.95	24.6777
21654697.64	5170036.94	36.6144
21654769.78	5170016.94	5.43111
21654841.93	5169996.93	163.863
21654914.08	5169976.92	88.9683
21654986.23	5169956.91	74.7889
21655058.37	5169936.9	0.5
21655130.52	5169916.9	22.4657
21655202.66	5169896.89	35.6628
21655274.81	5169876.88	36.244
21655346.96	5169856.87	33.9062
21655419.11	5169836.86	28.7211
21655491.25	5169816.86	28.0827
21655563.4	5169796.85	29.8873
21655635.55	5169776.84	37.0283
21655707.69	5169756.83	26.4183
21655779.84	5169736.82	34.9952
21655851.99	5169716.82	0.5
21655924.13	5169696.81	37.5441
21655996.28	5169676.8	35.252
21656068.43	5169656.79	34.8167
21656140.57	5169636.78	32.5671
21656212.72	5169616.78	121.275
21656284.87	5169596.77	234.472
21656357.01	5169576.76	522.828
21656429.16	5169556.75	334.786
21656501.31	5169536.74	225.143
21656573.45	5169516.74	175.297
21656645.6	5169496.73	34.415
21656717.75	5169476.72	37.0305
21656789.89	5169456.71	77.6933
21656862.04	5169436.7	39.7944
21656934.19	5169416.69	30.5096
21657006.33	5169396.69	27.3922
21657078.48	5169376.68	30.2799
21657150.63	5169356.67	37.3515
21657222.77	5169336.66	347.105
21657294.92	5169316.65	379.922
21657367.07	5169296.65	219.823
21657439.21	5169276.64	184.675
21657511.36	5169256.63	228.759
21657583.51	5169236.62	205.7
21657655.65	5169216.61	158.981
21657727.8	5169196.61	82.5261
21657799.95	5169176.6	118.96
21657872.09	5169156.59	155.855
21657944.24	5169136.58	226.22
21658016.39	5169116.57	284.431
21658088.53	5169096.57	738.498
21658160.68	5169076.56	746.008
21658232.83	5169056.55	746.659
21658304.97	5169036.54	701.449
21658377.12	5169016.53	768.389
21658449.27	5168996.53	720.929
21658521.41	5168976.52	573.678
21658593.56	5168956.51	578.793
21658665.71	5168936.5	128.823
21658737.85	5168916.49	29.4539
21658810	5168896.49	33.576
21658882.15	5168876.48	33.7245
21658954.29	5168856.47	36.4334
21659026.44	5168836.46	117.283
21659098.59	5168816.45	269.895
21653274.33	5170507.88	28.0532
21653346.48	5170487.87	30.6726
21653418.62	5170467.86	29.3188
21653490.77	5170447.85	32.3777
21653562.92	5170427.84	31.1639
21653635.06	5170407.84	35.1361
21653707.21	5170387.83	36.3153
21653779.36	5170367.82	113.578
21653851.5	5170347.81	227.143
21653923.65	5170327.8	37.9575
21653995.8	5170307.8	197.418
21654067.94	5170287.79	204.277
21654140.09	5170267.78	216.823
21654212.24	5170247.77	199.997
21654284.38	5170227.76	551.407
21654356.53	5170207.76	634.44
21654428.68	5170187.75	715.458
21654500.82	5170167.74	0.5
21654572.97	5170147.73	100.577
21654645.12	5170127.72	5.28167
21654717.26	5170107.72	37.3783
21654789.41	5170087.71	156.828
21654861.56	5170067.7	209.354
21654933.7	5170047.69	220.331
21655005.85	5170027.68	18.895
21655078	5170007.68	0.5
21655150.14	5169987.67	0.5
21655222.29	5169967.66	35.2126
21655294.44	5169947.65	37.7037
21655366.58	5169927.64	2.47556
21655438.73	5169907.63	35.6402
21655510.88	5169887.63	34.7605
21655583.03	5169867.62	21.6078
21655655.17	5169847.61	73.8939
21655727.32	5169827.6	2.645
21655799.47	5169807.59	35.8041
21655871.61	5169787.59	34.8589
21655943.76	5169767.58	8.09722
21656015.91	5169747.57	37.3144
21656088.05	5169727.56	35.9253
21656160.2	5169707.55	36.9995
21656232.35	5169687.55	8.60222
21656304.49	5169667.54	162.058
21656376.64	5169647.53	321.05
21656448.79	5169627.52	284.956
21656520.93	5169607.51	191.032
21656593.08	5169587.51	140.371
21656665.23	5169567.5	15.8094
21656737.37	5169547.49	35.0843
21656809.52	5169527.48	37.5329
21656881.67	5169507.47	36.5411
21656953.81	5169487.47	31.4266
21657025.96	5169467.46	28.5351
21657098.11	5169447.45	30.9532
21657170.25	5169427.44	44.0189
21657242.4	5169407.43	317.634
21657314.55	5169387.43	260.823
21657386.69	5169367.42	252.043
21657458.84	5169347.41	108.744
21657530.99	5169327.4	50.1667
21657603.13	5169307.39	78.5333
21657675.28	5169287.39	70.4122
21657747.43	5169267.38	148.171
21657819.57	5169247.37	172.589
21657891.72	5169227.36	29.4223
21657963.87	5169207.35	144.744
21658036.01	5169187.34	147.658
21658108.16	5169167.34	227.655
21658180.31	5169147.33	431.028
21658252.45	5169127.32	510.944
21658324.6	5169107.31	587.608
21658396.75	5169087.3	605.022
21658468.89	5169067.3	445.956
21658541.04	5169047.29	318.343
21658613.19	5169027.28	115.563
21658685.33	5169007.27	4.61611
21658757.48	5168987.26	26.8139
21658829.63	5168967.26	37.4198
21658901.77	5168947.25	37.1293
21658973.92	5168927.24	8.48722
21659046.07	5168907.23	132.527
21653293.96	5170578.65	30.6319
21653366.1	5170558.64	33.6385
21653438.25	5170538.63	10.6628
21653510.4	5170518.62	263.116
21653582.54	5170498.61	292.213
21653654.69	5170478.61	35.9454
21653726.84	5170458.6	33.1434
21653798.98	5170438.59	115.603
21653871.13	5170418.58	290.626
21653943.28	5170398.57	324.508
21654015.42	5170378.57	335.237
21654087.57	5170358.56	276.132
21654159.72	5170338.55	201.854
21654231.86	5170318.54	35.3352
21654304.01	5170298.53	349.421
21654376.16	5170278.53	702.584
21654448.3	5170258.52	445.948
21654520.45	5170238.51	546.475
21654592.6	5170218.5	248.62
21654664.74	5170198.49	36.5274
21654736.89	5170178.49	35.7468
21654809.04	5170158.48	133.647
21654881.18	5170138.47	396.637
21654953.33	5170118.46	103.101
21655025.48	5170098.45	42.5989
21655097.62	5170078.45	35.1648
21655169.77	5170058.44	28.2393
21655241.92	5170038.43	6.10944
21655314.06	5170018.42	37.8564
21655386.21	5169998.41	13.8356
21655458.36	5169978.41	35.5529
21655530.5	5169958.4	35.9277
21655602.65	5169938.39	314.516
21655674.8	5169918.38	180.144
21655746.95	5169898.37	10.5622
21655819.09	5169878.37	99.9594
21655891.24	5169858.36	0.5
21655963.38	5169838.35	34.8735
21656035.53	5169818.34	90.2883
21656107.68	5169798.33	37.4532
21656179.83	5169778.32	27.5074
21656251.97	5169758.32	25.784
21656324.12	5169738.31	35.0328
21656396.27	5169718.3	215.837
21656468.41	5169698.29	111.232
21656540.56	5169678.28	145.184
21656612.71	5169658.28	348.142
21656684.85	5169638.27	286.537
21656757	5169618.26	3.51222
21656829.15	5169598.25	35.0125
21656901.29	5169578.24	36.0043
21656973.44	5169558.24	34.3573
21657045.59	5169538.23	32.6006
21657117.73	5169518.22	33.8444
21657189.88	5169498.21	37.8809
21657262.03	5169478.2	60.6594
21657334.17	5169458.2	117.89
21657406.32	5169438.19	100.421
21657478.47	5169418.18	36.4656
21657550.61	5169398.17	33.1733
21657622.76	5169378.16	35.4777
21657694.91	5169358.16	68.5294
21657767.05	5169338.15	388.695
21657839.2	5169318.14	649.422
21657911.35	5169298.13	388.878
21657983.49	5169278.12	312.687
21658055.64	5169258.12	174.682
21658127.79	5169238.11	33.0023
21658199.93	5169218.1	198.424
21658272.08	5169198.09	138.529
21658344.23	5169178.08	333.214
21658416.37	5169158.08	466.083
21658488.52	5169138.07	205.801
21658560.67	5169118.06	105.083
21658632.81	5169098.05	37.9388
21658704.96	5169078.04	32.4916
21658777.11	5169058.03	32.2053
21658849.25	5169038.03	35.618
21658921.4	5169018.02	36.2527
21658993.55	5168998.01	30.5221
21659065.69	5168978	33.744
21653313.58	5170649.42	31.8175
21653385.73	5170629.41	35.314
21653457.88	5170609.4	149.26
21653530.02	5170589.39	466.26
21653602.17	5170569.39	319.421
21653674.32	5170549.38	37.2821
21653746.46	5170529.37	35.3755
21653818.61	5170509.36	37.9942
21653890.76	5170489.35	97.4972
21653962.9	5170469.35	367.927
21654035.05	5170449.34	397.329
21654107.2	5170429.33	351.275
21654179.34	5170409.32	122.921
21654251.49	5170389.31	31.7022
21654323.64	5170369.3	36.638
21654395.78	5170349.3	578.774
21654467.93	5170329.29	464.371
21654540.08	5170309.28	241.943
21654612.22	5170289.27	240.365
21654684.37	5170269.26	99.0828
21654756.52	5170249.26	82.6894
21654828.66	5170229.25	109.38
21654900.81	5170209.24	153.107
21654972.96	5170189.23	21.1139
21655045.1	5170169.22	35.1859
21655117.25	5170149.22	30.8433
21655189.4	5170129.21	31.1091
21655261.54	5170109.2	1.04611
21655333.69	5170089.19	41.4539
21655405.84	5170069.18	26.2506
21655477.98	5170049.18	30.9444
21655550.13	5170029.17	101.811
21655622.28	5170009.16	116.352
21655694.42	5169989.15	148.011
21655766.57	5169969.14	279.515
21655838.72	5169949.14	98.0972
21655910.86	5169929.13	63.9911
21655983.01	5169909.12	16.7889
21656055.16	5169889.11	27.1989
21656127.3	5169869.1	37.5163
21656199.45	5169849.1	34.6013
21656271.6	5169829.09	28.0377
21656343.75	5169809.08	34.0526
21656415.89	5169789.07	90.4078
21656488.04	5169769.06	0.734444
21656560.19	5169749.06	37.5535
21656632.33	5169729.05	332.366
21656704.48	5169709.04	268.171
21656776.63	5169689.03	34.5684
21656848.77	5169669.02	31.822
21656920.92	5169649.02	30.4822
21656993.07	5169629.01	0.682222
21657065.21	5169609	70.3694
21657137.36	5169588.99	36.3026
21657209.51	5169568.98	36.0891
21657281.65	5169548.97	29.9574
21657353.8	5169528.97	32.2524
21657425.95	5169508.96	35.9952
21657498.09	5169488.95	33.7997
21657570.24	5169468.94	33.2794
21657642.39	5169448.93	32.8405
21657714.53	5169428.93	37.7868
21657786.68	5169408.92	340.049
21657858.83	5169388.91	676.024
21657930.97	5169368.9	727.494
21658003.12	5169348.89	578.296
21658075.27	5169328.89	214.191
21658147.41	5169308.88	33.3529
21658219.56	5169288.87	58.5378
21658291.71	5169268.86	28.7617
21658363.85	5169248.85	179.653
21658436	5169228.85	210.492
21658508.15	5169208.84	37.0941
21658580.29	5169188.83	49.6561
21658652.44	5169168.82	17.8833
21658724.59	5169148.81	34.8778
21658796.73	5169128.81	30.9315
21658868.88	5169108.8	29.032
21658941.03	5169088.79	33.2449
21659013.17	5169068.78	36.2658
21659085.32	5169048.77	35.3409
21653261.06	5170740.2	33.8338
21653333.21	5170720.19	34.2414
21653405.36	5170700.18	37.4646
21653477.5	5170680.17	316.817
21653549.65	5170660.16	700.272
21653621.8	5170640.16	493.908
21653693.94	5170620.15	186.817
21653766.09	5170600.14	211.679
21653838.24	5170580.13	120.486
21653910.38	5170560.12	459.175
21653982.53	5170540.12	440.286
21654054.68	5170520.11	231.241
21654126.82	5170500.1	152.151
21654198.97	5170480.09	79.9439
21654271.12	5170460.08	40.4183
21654343.26	5170440.08	34.0651
21654415.41	5170420.07	112.708
21654487.56	5170400.06	581.201
21654559.7	5170380.05	135.437
21654631.85	5170360.04	44.4978
21654704	5170340.04	196.887
21654776.14	5170320.03	353.017
21654848.29	5170300.02	167.826
21654920.44	5170280.01	387.918
21654992.58	5170260	161.565
21655064.73	5170240	55.935
21655136.88	5170219.99	97.5633
21655209.02	5170199.98	34.6331
21655281.17	5170179.97	8.18667
21655353.32	5170159.96	110.375
21655425.46	5170139.95	105.946
21655497.61	5170119.95	148.566
21655569.76	5170099.94	161.234
21655641.9	5170079.93	102.648
21655714.05	5170059.92	29.1456
21655786.2	5170039.91	30.0617
21655858.34	5170019.91	73.2772
21655930.49	5169999.9	104.009
21656002.64	5169979.89	37.7701
21656074.78	5169959.88	31.9806
21656146.93	5169939.87	60.5928
21656219.08	5169919.87	36.3303
21656291.22	5169899.86	33.3378
21656363.37	5169879.85	4.22222
21656435.52	5169859.84	158.451
21656507.66	5169839.83	156.523
21656579.81	5169819.83	194.511
21656651.96	5169799.82	195.409
21656724.1	5169779.81	210.437
21656796.25	5169759.8	97.29
21656868.4	5169739.79	33.3193
21656940.55	5169719.79	29.4879
21657012.69	5169699.78	36.4144
21657084.84	5169679.77	63.5028
21657156.99	5169659.76	35.4969
21657229.13	5169639.75	32.856
21657301.28	5169619.75	27.7197
21657373.43	5169599.74	26.9631
21657445.57	5169579.73	28.7651
21657517.72	5169559.72	30.0988
21657589.87	5169539.71	31.9641
21657662.01	5169519.71	30.7451
21657734.16	5169499.7	35.9804
21657806.31	5169479.69	189.773
21657878.45	5169459.68	611.914
21657950.6	5169439.67	795.396
21658022.75	5169419.66	610.287
21658094.89	5169399.66	229.908
21658167.04	5169379.65	48.64
21658239.19	5169359.64	34.247
21658311.33	5169339.63	31.97
21658383.48	5169319.62	124.588
21658455.63	5169299.62	37.1129
21658527.77	5169279.61	37.9598
21658599.92	5169259.6	68.1678
21658672.07	5169239.59	37.2933
21658744.21	5169219.58	36.9628
21658816.36	5169199.58	37.3224
21658888.51	5169179.57	32.4186
21658960.65	5169159.56	32.7602
21659032.8	5169139.55	36.2015
21659104.95	5169119.54	34.8598
21653280.69	5170810.97	32.6107
21653352.84	5170790.96	34.5772
21653424.98	5170770.95	36.3465
21653497.13	5170750.94	170.421
21653569.28	5170730.93	391.476
21653641.42	5170710.93	370.901
21653713.57	5170690.92	150.381
21653785.72	5170670.91	133.157
21653857.86	5170650.9	276.217
21653930.01	5170630.89	461.448
21654002.16	5170610.89	323.291
21654074.3	5170590.88	90.2194
21654146.45	5170570.87	117.129
21654218.6	5170550.86	158.979
21654290.74	5170530.85	414.616
21654362.89	5170510.85	558.687
21654435.04	5170490.84	463.936
21654507.18	5170470.83	637.276
21654579.33	5170450.82	258.325
21654651.48	5170430.81	74.6706
21654723.62	5170410.81	236.794
21654795.77	5170390.8	497.129
21654867.92	5170370.79	293.742
21654940.06	5170350.78	394.388
21655012.21	5170330.77	216.517
21655084.36	5170310.77	94.8361
21655156.5	5170290.76	68.3928
21655228.65	5170270.75	88.5022
21655300.8	5170250.74	175.652
21655372.94	5170230.73	226.6
21655445.09	5170210.73	115.274
21655517.24	5170190.72	35.365
21655589.38	5170170.71	77.3233
21655661.53	5170150.7	52.6056
21655733.68	5170130.69	35.7989
21655805.82	5170110.69	34.5771
21655877.97	5170090.68	33.6956
21655950.12	5170070.67	90.8494
21656022.26	5170050.66	61.8078
21656094.41	5170030.65	34.6468
21656166.56	5170010.65	32.563
21656238.7	5169990.64	32.7561
21656310.85	5169970.63	33.2513
21656383	5169950.62	34.5115
21656455.14	5169930.61	66.9078
21656527.29	5169910.6	101.538
21656599.44	5169890.6	99.5606
21656671.58	5169870.59	36.9953
21656743.73	5169850.58	35.878
21656815.88	5169830.57	31.0335
21656888.02	5169810.56	33.6774
21656960.17	5169790.56	37.4458
21657032.32	5169770.55	25.4811
21657104.47	5169750.54	114.136
21657176.61	5169730.53	114.403
21657248.76	5169710.52	45.8544
21657320.91	5169690.52	33.2998
21657393.05	5169670.51	24.2342
21657465.2	5169650.5	0.5
21657537.35	5169630.49	26.7564
21657609.49	5169610.48	35.2994
21657681.64	5169590.48	33.7346
21657753.79	5169570.47	20.0617
21657825.93	5169550.46	227.248
21657898.08	5169530.45	285.159
21657970.23	5169510.44	418.023
21658042.37	5169490.44	624.376
21658114.52	5169470.43	224.256
21658186.67	5169450.42	93.8033
21658258.81	5169430.41	28.7149
21658330.96	5169410.4	25.8937
21658403.11	5169390.4	34.4449
21658475.25	5169370.39	99.0189
21658547.4	5169350.38	42.205
21658619.55	5169330.37	262.881
21658691.69	5169310.36	380.981
21658763.84	5169290.36	44.3811
21658835.99	5169270.35	63.3828
21658908.13	5169250.34	89.1506
21658980.28	5169230.33	82.1661
21659052.43	5169210.32	37.085
21653300.32	5170881.74	33.4404
21653372.46	5170861.73	34.8651
21653444.61	5170841.72	32.0344
21653516.76	5170821.71	188.555
21653588.9	5170801.71	47.0456
21653661.05	5170781.7	114.912
21653733.2	5170761.69	9.84222
21653805.34	5170741.68	31.177
21653877.49	5170721.67	36.6358
21653949.64	5170701.67	37.134
21654021.78	5170681.66	37.0719
21654093.93	5170661.65	31.4728
21654166.08	5170641.64	352.183
21654238.22	5170621.63	37.8567
21654310.37	5170601.63	32.5933
21654382.52	5170581.62	403.507
21654454.66	5170561.61	583.769
21654526.81	5170541.6	658.157
21654598.96	5170521.59	288.021
21654671.1	5170501.58	74.715
21654743.25	5170481.58	155.881
21654815.4	5170461.57	247.444
21654887.54	5170441.56	293.089
21654959.69	5170421.55	128.962
21655031.84	5170401.54	135.026
21655103.98	5170381.54	199.916
21655176.13	5170361.53	272.35
21655248.28	5170341.52	362.413
21655320.42	5170321.51	552.417
21655392.57	5170301.5	442.168
21655464.72	5170281.5	383.851
21655536.86	5170261.49	40.6561
21655609.01	5170241.48	29.1367
21655681.16	5170221.47	38.55
21655753.3	5170201.46	37.0693
21655825.45	5170181.46	28.9303
21655897.6	5170161.45	35.1791
21655969.74	5170141.44	218.591
21656041.89	5170121.43	209.883
21656114.04	5170101.42	35.1841
21656186.18	5170081.42	28.2019
21656258.33	5170061.41	30.8577
21656330.48	5170041.4	32.0578
21656402.62	5170021.39	30.4396
21656474.77	5170001.38	31.5938
21656546.92	5169981.38	33.6919
21656619.06	5169961.37	35.9597
21656691.21	5169941.36	31.752
21656763.36	5169921.35	30.4672
21656835.5	5169901.34	35.1812
21656907.65	5169881.34	29.2735
21656979.8	5169861.33	35.2374
21657051.94	5169841.32	9.84056
21657124.09	5169821.31	33.3894
21657196.24	5169801.3	318.259
21657268.38	5169781.3	261.049
21657340.53	5169761.29	35.6861
21657412.68	5169741.28	32.0455
21657484.83	5169721.27	37.2031
21657556.97	5169701.26	34.99
21657629.12	5169681.25	34.4962
21657701.27	5169661.25	96.3761
21657773.41	5169641.24	37.6244
21657845.56	5169621.23	36.0802
21657917.71	5169601.22	35.8273
21657989.85	5169581.21	160.253
21658062	5169561.21	645.765
21658134.15	5169541.2	288.307
21658206.29	5169521.19	32.3312
21658278.44	5169501.18	31.8323
21658350.59	5169481.17	29.149
21658422.73	5169461.17	35.1721
21658494.88	5169441.16	105.702
21658567.03	5169421.15	37.3536
21658639.17	5169401.14	301.168
21658711.32	5169381.13	5.98611
21658783.47	5169361.13	96.6644
21658855.61	5169341.12	42.5511
21658927.76	5169321.11	66.9728
21658999.91	5169301.1	114.762
21659072.05	5169281.09	101.944
21653247.8	5170972.52	22.1317
21653319.94	5170952.51	9.72111
21653392.09	5170932.5	37.9725
21653464.24	5170912.49	0.883889
21653536.38	5170892.48	36.1435
21653608.53	5170872.48	37.3857
21653680.68	5170852.47	36.1531
21653752.82	5170832.46	33.0092
21653824.97	5170812.45	27.8797
21653897.12	5170792.44	0.5
21653969.26	5170772.44	0.5
21654041.41	5170752.43	27.8588
21654113.56	5170732.42	4.90944
21654185.7	5170712.41	498.346
21654257.85	5170692.4	442.32
21654330	5170672.4	434.474
21654402.14	5170652.39	787.008
21654474.29	5170632.38	633.551
21654546.44	5170612.37	371.684
21654618.58	5170592.36	106.154
21654690.73	5170572.36	26.4156
21654762.88	5170552.35	18.9189
21654835.02	5170532.34	58.2639
21654907.17	5170512.33	36.6836
21654979.32	5170492.32	37.0685
21655051.46	5170472.32	213.481
21655123.61	5170452.31	437.832
21655195.76	5170432.3	505.863
21655267.9	5170412.29	623.101
21655340.05	5170392.28	629.002
21655412.2	5170372.28	210.162
21655484.34	5170352.27	227.534
21655556.49	5170332.26	81.4867
21655628.64	5170312.25	32.4383
21655700.78	5170292.24	32.9776
21655772.93	5170272.23	33.8354
21655845.08	5170252.23	28.2146
21655917.22	5170232.22	34.263
21655989.37	5170212.21	195.817
21656061.52	5170192.2	212.556
21656133.66	5170172.19	83.4406
21656205.81	5170152.19	32.3647
21656277.96	5170132.18	32.4078
21656350.1	5170112.17	32.172
21656422.25	5170092.16	30.8662
21656494.4	5170072.15	33.0476
21656566.54	5170052.15	34.3971
21656638.69	5170032.14	37.3576
21656710.84	5170012.13	34.1103
21656782.98	5169992.12	31.9291
21656855.13	5169972.11	33.7294
21656927.28	5169952.11	27.9324
21656999.42	5169932.1	27.5809
21657071.57	5169912.09	191.964
21657143.72	5169892.08	320.572
21657215.86	5169872.07	30.0844
21657288.01	5169852.07	59.1439
21657360.16	5169832.06	36.479
21657432.3	5169812.05	36.67
21657504.45	5169792.04	81.3272
21657576.6	5169772.03	105.57
21657648.74	5169752.03	115.838
21657720.89	5169732.02	182.725
21657793.04	5169712.01	12.3189
21657865.18	5169692	0.5
21657937.33	5169671.99	31.0963
21658009.48	5169651.99	206.225
21658081.63	5169631.98	686.913
21658153.77	5169611.97	248.934
21658225.92	5169591.96	75.9567
21658298.07	5169571.95	34.4763
21658370.21	5169551.94	31.9163
21658442.36	5169531.94	137.881
21658514.51	5169511.93	72.6022
21658586.65	5169491.92	35.6664
21658658.8	5169471.91	33.8132
21658730.95	5169451.9	27.6818
21658803.09	5169431.9	34.9264
21658875.24	5169411.89	36.2685
21658947.39	5169391.88	34.057
21659019.53	5169371.87	34.7019
21659091.68	5169351.86	35.7674
21653267.42	5171043.29	25.1806
21653339.57	5171023.28	28.3472
21653411.72	5171003.27	41.66
21653483.86	5170983.26	37.9506
21653556.01	5170963.26	35.7047
21653628.16	5170943.25	32.056
21653700.3	5170923.24	32.0842
21653772.45	5170903.23	32.5938
21653844.6	5170883.22	30.9283
21653916.74	5170863.21	31.6353
21653988.89	5170843.21	33.7604
21654061.04	5170823.2	34.6215
21654133.18	5170803.19	34.8056
21654205.33	5170783.18	585.881
21654277.48	5170763.17	682.559
21654349.62	5170743.17	667.772
21654421.77	5170723.16	418.538
21654493.92	5170703.15	101.2
21654566.06	5170683.14	35.879
21654638.21	5170663.13	104.756
21654710.36	5170643.13	35.0381
21654782.5	5170623.12	34.9165
21654854.65	5170603.11	334.161
21654926.8	5170583.1	307.963
21654998.94	5170563.09	492.7
21655071.09	5170543.09	597.972
21655143.24	5170523.08	655.161
21655215.38	5170503.07	506.536
21655287.53	5170483.06	496.392
21655359.68	5170463.05	396.468
21655431.82	5170443.05	36.1629
21655503.97	5170423.04	143.896
21655576.12	5170403.03	186.732
21655648.26	5170383.02	19.165
21655720.41	5170363.01	37.7986
21655792.56	5170343.01	32.0579
21655864.7	5170323	30.5938
21655936.85	5170302.99	31.907
21656009	5170282.98	41.1422
21656081.14	5170262.97	85.2589
21656153.29	5170242.97	20.4911
21656225.44	5170222.96	36.8867
21656297.58	5170202.95	25.2661
21656369.73	5170182.94	31.7836
21656441.88	5170162.93	29.8141
21656514.02	5170142.93	26.2749
21656586.17	5170122.92	33.0316
21656658.32	5170102.91	35.8173
21656730.46	5170082.9	37.1293
21656802.61	5170062.89	30.34
21656874.76	5170042.88	28.7184
21656946.9	5170022.88	27.0686
21657019.05	5170002.87	30.2759
21657091.2	5169982.86	258.027
21657163.34	5169962.85	371.004
21657235.49	5169942.84	36.8618
21657307.64	5169922.84	103.078
21657379.78	5169902.83	72.2939
21657451.93	5169882.82	30.2067
21657524.08	5169862.81	196.027
21657596.22	5169842.8	353.968
21657668.37	5169822.8	381.647
21657740.52	5169802.79	105.121
21657812.66	5169782.78	9.82333
21657884.81	5169762.77	33.8419
21657956.96	5169742.76	34.0899
21658029.1	5169722.76	160.889
21658101.25	5169702.75	34.8955
21658173.4	5169682.74	35.7789
21658245.54	5169662.73	37.3567
21658317.69	5169642.72	72.3178
21658389.84	5169622.72	37.9516
21658461.99	5169602.71	21.6078
21658534.13	5169582.7	41.9122
21658606.28	5169562.69	37.8507
21658678.43	5169542.68	36.6455
21658750.57	5169522.68	6.78833
21658822.72	5169502.67	36.4528
21658894.87	5169482.66	37.2918
21658967.01	5169462.65	35.7118
21659039.16	5169442.64	34.1931
21659111.31	5169422.64	31.1017
21653287.05	5171114.06	90.0406
21653359.2	5171094.05	36.4338
21653431.34	5171074.04	36.8972
21653503.49	5171054.03	122.933
21653575.64	5171034.03	52.2078
21653647.78	5171014.02	34.7394
21653719.93	5170994.01	29.1594
21653792.08	5170974	34.6383
21653864.22	5170953.99	40.2889
21653936.37	5170933.99	188.664
21654008.52	5170913.98	152.076
21654080.66	5170893.97	99.6161
21654152.81	5170873.96	172.578
21654224.96	5170853.95	422.999
21654297.1	5170833.95	759.044
21654369.25	5170813.94	482.514
21654441.4	5170793.93	95.4622
21654513.54	5170773.92	52.3678
21654585.69	5170753.91	75.7167
21654657.84	5170733.91	57.37
21654729.98	5170713.9	79.1333
21654802.13	5170693.89	183.316
21654874.28	5170673.88	209.62
21654946.42	5170653.87	533.357
21655018.57	5170633.86	503.815
21655090.72	5170613.86	256.869
21655162.86	5170593.85	176.268
21655235.01	5170573.84	122.361
21655307.16	5170553.83	160.939
21655379.3	5170533.82	161.768
21655451.45	5170513.82	37.0295
21655523.6	5170493.81	37.0072
21655595.74	5170473.8	2.92444
21655667.89	5170453.79	70.2022
21655740.04	5170433.78	117.717
21655812.18	5170413.78	31.2465
21655884.33	5170393.77	29.3127
21655956.48	5170373.76	35.0764
21656028.62	5170353.75	35.1655
21656100.77	5170333.74	42.0317
21656172.92	5170313.74	20.5628
21656245.06	5170293.73	1.52389
21656317.21	5170273.72	33.06
21656389.36	5170253.71	34.5048
21656461.5	5170233.7	33.7852
21656533.65	5170213.7	27.6335
21656605.8	5170193.69	32.7376
21656677.94	5170173.68	37.3332
21656750.09	5170153.67	119.169
21656822.24	5170133.66	46.4294
21656894.38	5170113.66	34.7248
21656966.53	5170093.65	25.673
21657038.68	5170073.64	0.5
21657110.82	5170053.63	94.9994
21657182.97	5170033.62	10.6783
21657255.12	5170013.62	31.1266
21657327.26	5169993.61	35.5492
21657399.41	5169973.6	35.9883
21657471.56	5169953.59	35.9168
21657543.7	5169933.58	21.3006
21657615.85	5169913.57	215.65
21657688	5169893.57	316.616
21657760.14	5169873.56	179.117
21657832.29	5169853.55	55.0328
21657904.44	5169833.54	8.17389
21657976.58	5169813.53	32.313
21658048.73	5169793.53	142.687
21658120.88	5169773.52	149.726
21658193.02	5169753.51	30.9142
21658265.17	5169733.5	33.7256
21658337.32	5169713.49	36.5017
21658409.46	5169693.49	35.9255
21658481.61	5169673.48	35.032
21658553.76	5169653.47	34.3373
21658625.91	5169633.46	37.2061
21658698.05	5169613.45	143.288
21658770.2	5169593.45	209.806
21658842.35	5169573.44	234.223
21658914.49	5169553.43	181.057
21658986.64	5169533.42	92.9283
21659058.79	5169513.41	58.4794
21653306.68	5171184.83	256.001
21653378.82	5171164.82	156.104
21653450.97	5171144.81	37.3359
21653523.12	5171124.8	35.0647
21653595.26	5171104.8	31.5812
21653667.41	5171084.79	2.05222
21653739.56	5171064.78	30.8365
21653811.7	5171044.77	35.3125
21653883.85	5171024.76	93.2489
21653956	5171004.76	552.429
21654028.14	5170984.75	523.34
21654100.29	5170964.74	652.233
21654172.44	5170944.73	599.848
21654244.58	5170924.72	579.779
21654316.73	5170904.72	598.073
21654388.88	5170884.71	34.4453
21654461.02	5170864.7	35.7093
21654533.17	5170844.69	37.2522
21654605.32	5170824.68	417.867
21654677.46	5170804.68	152.478
21654749.61	5170784.67	35.9282
21654821.76	5170764.66	187.557
21654893.9	5170744.65	414.754
21654966.05	5170724.64	460.715
21655038.2	5170704.64	78.53
21655110.34	5170684.63	192.809
21655182.49	5170664.62	141.971
21655254.64	5170644.61	36.791
21655326.78	5170624.6	36.3487
21655398.93	5170604.6	156.877
21655471.08	5170584.59	35.7898
21655543.22	5170564.58	74.4928
21655615.37	5170544.57	24.945
21655687.52	5170524.56	33.7653
21655759.66	5170504.56	106.239
21655831.81	5170484.55	35.0452
21655903.96	5170464.54	31.5369
21655976.1	5170444.53	30.3245
21656048.25	5170424.52	31.4778
21656120.4	5170404.51	37.8192
21656192.54	5170384.51	92.4417
21656264.69	5170364.5	7.75833
21656336.84	5170344.49	31.3043
21656408.98	5170324.48	36.9293
21656481.13	5170304.47	35.1186
21656553.28	5170284.47	28.2613
21656625.42	5170264.46	29.4992
21656697.57	5170244.45	33.2411
21656769.72	5170224.44	35.515
21656841.86	5170204.43	50.9394
21656914.01	5170184.43	36.5871
21656986.16	5170164.42	33.861
21657058.3	5170144.41	25.6656
21657130.45	5170124.4	34.5671
21657202.6	5170104.39	36.7965
21657274.74	5170084.39	30.1908
21657346.89	5170064.38	36.8378
21657419.04	5170044.37	38.2756
21657491.18	5170024.36	37.9113
21657563.33	5170004.35	4.22833
21657635.48	5169984.35	50.2422
21657707.62	5169964.34	122.752
21657779.77	5169944.33	343.221
21657851.92	5169924.32	243.251
21657924.06	5169904.31	5.26833
21657996.21	5169884.31	33.3777
21658068.36	5169864.3	35.8211
21658140.5	5169844.29	61.885
21658212.65	5169824.28	34.96
21658284.8	5169804.27	32.5849
21658356.94	5169784.27	36.0884
21658429.09	5169764.26	36.1274
21658501.24	5169744.25	35.201
21658573.38	5169724.24	35.1486
21658645.53	5169704.23	38.2017
21658717.68	5169684.22	119.673
21658789.82	5169664.22	164.491
21658861.97	5169644.21	120.157
21658934.12	5169624.2	116.868
21659006.26	5169604.19	73.1217
21659078.41	5169584.18	18.8856
21653254.15	5171275.61	660.072
21653326.3	5171255.6	563.522
21653398.45	5171235.59	332.326
21653470.6	5171215.58	160.099
21653542.74	5171195.58	125.623
21653614.89	5171175.57	34.7401
21653687.04	5171155.56	33.1052
21653759.18	5171135.55	28.5223
21653831.33	5171115.54	28.4442
21653903.48	5171095.54	330.979
21653975.62	5171075.53	799.967
21654047.77	5171055.52	790.904
21654119.92	5171035.51	648.133
21654192.06	5171015.5	651.55
21654264.21	5170995.49	549.032
21654336.36	5170975.49	245.66
21654408.5	5170955.48	37.6245
21654480.65	5170935.47	37.9341
21654552.8	5170915.46	113.051
21654624.94	5170895.45	294.772
21654697.09	5170875.45	155.059
21654769.24	5170855.44	34.3019
21654841.38	5170835.43	98.8717
21654913.53	5170815.42	381.472
21654985.68	5170795.41	338.228
21655057.82	5170775.41	91.1517
21655129.97	5170755.4	109.095
21655202.12	5170735.39	78.1967
21655274.26	5170715.38	14.02
21655346.41	5170695.37	37.5078
21655418.56	5170675.37	207.061
21655490.7	5170655.36	48.5094
21655562.85	5170635.35	21.5883
21655635	5170615.34	73.1289
21655707.14	5170595.33	36.7277
21655779.29	5170575.33	19.5394
21655851.44	5170555.32	64.5022
21655923.58	5170535.31	21.2183
21655995.73	5170515.3	34.0858
21656067.88	5170495.29	36.0204
21656140.02	5170475.29	37.4359
21656212.17	5170455.28	48.0378
21656284.32	5170435.27	2.70333
21656356.46	5170415.26	30.1203
21656428.61	5170395.25	35.0613
21656500.76	5170375.25	32.999
21656572.9	5170355.24	29.0963
21656645.05	5170335.23	33.9747
21656717.2	5170315.22	120.261
21656789.34	5170295.21	50.8317
21656861.49	5170275.21	35.9588
21656933.64	5170255.2	35.6992
21657005.78	5170235.19	36.2475
21657077.93	5170215.18	16.8733
21657150.08	5170195.17	47.3778
21657222.22	5170175.16	198.378
21657294.37	5170155.16	81.3617
21657366.52	5170135.15	88.8411
21657438.66	5170115.14	247.853
21657510.81	5170095.13	131.227
21657582.96	5170075.12	175.549
21657655.1	5170055.12	194.382
21657727.25	5170035.11	234.507
21657799.4	5170015.1	658.065
21657871.54	5169995.09	508.205
21657943.69	5169975.08	75.5528
21658015.84	5169955.08	15.0622
21658087.98	5169935.07	62.9433
21658160.13	5169915.06	45.6122
21658232.28	5169895.05	11.0872
21658304.42	5169875.04	36.3592
21658376.57	5169855.04	26.8372
21658448.72	5169835.03	138.408
21658520.86	5169815.02	36.8293
21658593.01	5169795.01	44.5056
21658665.16	5169775	88.2883
21658737.3	5169755	281.339
21658809.45	5169734.99	34.0258
21658881.6	5169714.98	35.2738
21658953.74	5169694.97	32.4379
21659025.89	5169674.96	35.6443
21659098.04	5169654.96	66.23
21653273.78	5171346.38	780.933
21653345.93	5171326.37	730.639
21653418.07	5171306.36	532.48
21653490.22	5171286.35	291.717
21653562.37	5171266.35	188.463
21653634.51	5171246.34	6.90444
21653706.66	5171226.33	33.6845
21653778.81	5171206.32	30.6295
21653850.96	5171186.31	34.3458
21653923.1	5171166.31	272.406
21653995.25	5171146.3	648.574
21654067.4	5171126.29	684.892
21654139.54	5171106.28	634.933
21654211.69	5171086.27	367.781
21654283.84	5171066.27	103.31
21654355.98	5171046.26	14.1283
21654428.13	5171026.25	48.065
21654500.28	5171006.24	150.154
21654572.42	5170986.23	504.286
21654644.57	5170966.23	605.543
21654716.72	5170946.22	202.854
21654788.86	5170926.21	25.2594
21654861.01	5170906.2	231.924
21654933.16	5170886.19	672.956
21655005.3	5170866.18	178.707
21655077.45	5170846.18	245.088
21655149.6	5170826.17	137.623
21655221.74	5170806.16	14.2
21655293.89	5170786.15	36.2192
21655366.04	5170766.14	98.0522
21655438.18	5170746.14	205.38
21655510.33	5170726.13	187.134
21655582.48	5170706.12	35.3546
21655654.62	5170686.11	34.6733
21655726.77	5170666.1	33.9893
21655798.92	5170646.1	34.4102
21655871.06	5170626.09	37.7965
21655943.21	5170606.08	63.2033
21656015.36	5170586.07	36.0744
21656087.5	5170566.06	1.35
21656159.65	5170546.06	31.875
21656231.8	5170526.05	36.749
21656303.94	5170506.04	46.95
21656376.09	5170486.03	33.9101
21656448.24	5170466.02	31.5627
21656520.38	5170446.02	31.156
21656592.53	5170426.01	29.1439
21656664.68	5170406	32.8899
21656736.82	5170385.99	7.56722
21656808.97	5170365.98	36.4194
21656881.12	5170345.98	35.7937
21656953.26	5170325.97	84.9994
21657025.41	5170305.96	382.318
21657097.56	5170285.95	446.576
21657169.7	5170265.94	199.808
21657241.85	5170245.94	366.565
21657314	5170225.93	535.198
21657386.14	5170205.92	712.888
21657458.29	5170185.91	536.412
21657530.44	5170165.9	148.099
21657602.58	5170145.9	225.692
21657674.73	5170125.89	740.154
21657746.88	5170105.88	690.343
21657819.02	5170085.87	623.561
21657891.17	5170065.86	452.966
21657963.32	5170045.85	37.2098
21658035.46	5170025.85	34.6972
21658107.61	5170005.84	18.9189
21658179.76	5169985.83	99.0394
21658251.9	5169965.82	77.5544
21658324.05	5169945.81	49.3811
21658396.2	5169925.81	104.043
21658468.34	5169905.8	181.02
21658540.49	5169885.79	85.3111
21658612.64	5169865.78	74.9839
21658684.78	5169845.77	113.47
21658756.93	5169825.77	231.714
21658829.08	5169805.76	34.5744
21658901.22	5169785.75	33.524
21658973.37	5169765.74	32.3267
21659045.52	5169745.73	31.7776
21653293.41	5171417.15	724.128
21653365.55	5171397.14	503.93
21653437.7	5171377.13	184.612
21653509.85	5171357.12	274.818
21653581.99	5171337.12	159.512
21653654.14	5171317.11	35.0557
21653726.29	5171297.1	37.3506
21653798.43	5171277.09	50.6811
21653870.58	5171257.08	27.3183
21653942.73	5171237.08	36.6155
21654014.87	5171217.07	484.859
21654087.02	5171197.06	726.058
21654159.17	5171177.05	545.186
21654231.32	5171157.04	175.238
21654303.46	5171137.04	37.1808
21654375.61	5171117.03	34.0274
21654447.76	5171097.02	11.8889
21654519.9	5171077.01	86.5333
21654592.05	5171057	518.827
21654664.2	5171037	590.494
21654736.34	5171016.99	245.949
21654808.49	5170996.98	260.541
21654880.64	5170976.97	560.973
21654952.78	5170956.96	673.559
21655024.93	5170936.96	449.859
21655097.08	5170916.95	360.927
21655169.22	5170896.94	309.264
21655241.37	5170876.93	99.49
21655313.52	5170856.92	33.672
21655385.66	5170836.92	32.7637
21655457.81	5170816.91	27.5356
21655529.96	5170796.9	250.821
21655602.1	5170776.89	35.7369
21655674.25	5170756.88	32.1077
21655746.4	5170736.88	35.0964
21655818.54	5170716.87	36.4144
21655890.69	5170696.86	35.4511
21655962.84	5170676.85	3.64056
21656034.98	5170656.84	6.10389
21656107.13	5170636.83	6.37556
21656179.28	5170616.83	34.9286
21656251.42	5170596.82	36.5001
21656323.57	5170576.81	93.2278
21656395.72	5170556.8	81.6322
21656467.86	5170536.79	34.3475
21656540.01	5170516.79	31.5225
21656612.16	5170496.78	30.4879
21656684.3	5170476.77	36.4479
21656756.45	5170456.76	20.2844
21656828.6	5170436.75	35.846
21656900.74	5170416.75	37.7715
21656972.89	5170396.74	68.5372
21657045.04	5170376.73	286.821
21657117.18	5170356.72	357.526
21657189.33	5170336.71	212.651
21657261.48	5170316.71	348.924
21657333.62	5170296.7	730.514
21657405.77	5170276.69	857.081
21657477.92	5170256.68	753.694
21657550.06	5170236.67	504.703
21657622.21	5170216.67	676.438
21657694.36	5170196.66	803.429
21657766.5	5170176.65	746.42
21657838.65	5170156.64	585.096
21657910.8	5170136.63	350.153
21657982.94	5170116.63	35.2444
21658055.09	5170096.62	36.4491
21658127.24	5170076.61	30.009
21658199.38	5170056.6	33.1669
21658271.53	5170036.59	35.7489
21658343.68	5170016.59	5.955
21658415.82	5169996.58	111.656
21658487.97	5169976.57	152.121
21658560.12	5169956.56	37.5566
21658632.26	5169936.55	34.8955
21658704.41	5169916.55	17.4744
21658776.56	5169896.54	31.4717
21658848.7	5169876.53	36.2262
21658920.85	5169856.52	36.33
21658993	5169836.51	33.6199
21659065.14	5169816.5	32.1419
21653313.03	5171487.92	451.12
21653385.18	5171467.91	155.131
21653457.33	5171447.9	34.3998
21653529.47	5171427.9	90.4539
21653601.62	5171407.89	192.946
21653673.77	5171387.88	91.5217
21653745.91	5171367.87	95.7156
21653818.06	5171347.86	36.8182
21653890.21	5171327.86	35.6984
21653962.35	5171307.85	16.7544
21654034.5	5171287.84	410.877
21654106.65	5171267.83	652.087
21654178.79	5171247.82	603.85
21654250.94	5171227.82	267.421
21654323.09	5171207.81	49.8189
21654395.23	5171187.8	34.1074
21654467.38	5171167.79	35.3776
21654539.53	5171147.78	39.5456
21654611.67	5171127.77	598.127
21654683.82	5171107.77	647.315
21654755.97	5171087.76	549.352
21654828.12	5171067.75	675.763
21654900.26	5171047.74	537.341
21654972.41	5171027.73	441.119
21655044.56	5171007.73	159.445
21655116.7	5170987.72	205.726
21655188.85	5170967.71	227.653
21655261	5170947.7	111.286
21655333.14	5170927.69	31.8239
21655405.29	5170907.69	33.0284
21655477.44	5170887.68	35.6771
21655549.58	5170867.67	200.075
21655621.73	5170847.66	129.285
21655693.88	5170827.65	40.6011
21655766.02	5170807.65	18.4678
21655838.17	5170787.64	10.5778
21655910.32	5170767.63	37.2926
21655982.46	5170747.62	12.8361
21656054.61	5170727.61	21.9528
21656126.76	5170707.61	112.005
21656198.9	5170687.6	120.584
21656271.05	5170667.59	36.6261
21656343.2	5170647.58	6.56
21656415.34	5170627.57	71.8461
21656487.49	5170607.57	36.3013
21656559.64	5170587.56	33.814
21656631.78	5170567.55	30.6787
21656703.93	5170547.54	452.646
21656776.08	5170527.53	392.804
21656848.22	5170507.53	37.2321
21656920.37	5170487.52	35.3758
21656992.52	5170467.51	30.0772
21657064.66	5170447.5	86.5522
21657136.81	5170427.49	85.1239
21657208.96	5170407.48	264.58
21657281.1	5170387.48	373.337
21657353.25	5170367.47	483.955
21657425.4	5170347.46	626.619
21657497.54	5170327.45	675.813
21657569.69	5170307.44	507.718
21657641.84	5170287.44	699.55
21657713.98	5170267.43	683.062
21657786.13	5170247.42	502.686
21657858.28	5170227.41	583.162
21657930.42	5170207.4	97.8483
21658002.57	5170187.4	37.2945
21658074.72	5170167.39	102.675
21658146.86	5170147.38	35.9321
21658219.01	5170127.37	37.4537
21658291.16	5170107.36	34.8726
21658363.3	5170087.36	78.7394
21658435.45	5170067.35	502.831
21658507.6	5170047.34	360.961
21658579.74	5170027.33	142.497
21658651.89	5170007.32	18.4811
21658724.04	5169987.32	61.2533
21658796.18	5169967.31	26.3911
21658868.33	5169947.3	29.6544
21658940.48	5169927.29	30.6554
21659012.62	5169907.28	33.0508
21659084.77	5169887.28	31.2676
21653260.51	5171578.7	541.401
21653332.66	5171558.69	365.951
21653404.81	5171538.68	92.8094
21653476.95	5171518.67	628.3
21653549.1	5171498.67	67.0672
21653621.25	5171478.66	29.2118
21653693.39	5171458.65	36.1986
21653765.54	5171438.64	109.329
21653837.69	5171418.63	9.51556
21653909.83	5171398.63	35.9645
21653981.98	5171378.62	33.3032
21654054.13	5171358.61	189.72
21654126.27	5171338.6	716.977
21654198.42	5171318.59	628.399
21654270.57	5171298.59	310.16
21654342.71	5171278.58	99.9978
21654414.86	5171258.57	36.9269
21654487.01	5171238.56	144.792
21654559.15	5171218.55	440.158
21654631.3	5171198.55	767.268
21654703.45	5171178.54	755.887
21654775.59	5171158.53	650.602
21654847.74	5171138.52	557.737
21654919.89	5171118.51	526.083
21654992.04	5171098.51	284.902
21655064.18	5171078.5	69.1189
21655136.33	5171058.49	218.351
21655208.48	5171038.48	349.653
21655280.62	5171018.47	153.662
21655352.77	5170998.47	69.3589
21655424.92	5170978.46	63.6589
21655497.06	5170958.45	112.805
21655569.21	5170938.44	183.512
21655641.36	5170918.43	181.883
21655713.5	5170898.42	162.147
21655785.65	5170878.42	150.669
21655857.8	5170858.41	132.408
21655929.94	5170838.4	105.691
21656002.09	5170818.39	29.0339
21656074.24	5170798.38	147.984
21656146.38	5170778.38	149.691
21656218.53	5170758.37	127.249
21656290.68	5170738.36	79.5261
21656362.82	5170718.35	70.4644
21656434.97	5170698.34	99.7267
21656507.12	5170678.34	35.1323
21656579.26	5170658.33	32.3075
21656651.41	5170638.32	145.145
21656723.56	5170618.31	469.801
21656795.7	5170598.3	85.2889
21656867.85	5170578.3	35.72
21656940	5170558.29	31.1613
21657012.14	5170538.28	33.8557
21657084.29	5170518.27	33.711
21657156.44	5170498.26	33.9901
21657228.58	5170478.26	37.3671
21657300.73	5170458.25	249.306
21657372.88	5170438.24	197.596
21657445.02	5170418.23	278.374
21657517.17	5170398.22	593.228
21657589.32	5170378.22	280.569
21657661.46	5170358.21	516.356
21657733.61	5170338.2	621.011
21657805.76	5170318.19	674.313
21657877.9	5170298.18	556.655
21657950.05	5170278.18	38.7983
21658022.2	5170258.17	17.7461
21658094.34	5170238.16	358.356
21658166.49	5170218.15	417.664
21658238.64	5170198.14	596.96
21658310.78	5170178.13	407.074
21658382.93	5170158.13	407.544
21658455.08	5170138.12	699.245
21658527.22	5170118.11	676.526
21658599.37	5170098.1	373.997
21658671.52	5170078.09	107.133
21658743.66	5170058.09	124.219
21658815.81	5170038.08	37.4917
21658887.96	5170018.07	32.8994
21658960.1	5169998.06	34.2161
21659032.25	5169978.05	31.9195
21659104.4	5169958.05	28.4958
21653280.14	5171649.47	525.845
21653352.29	5171629.46	388.841
21653424.43	5171609.45	234.327
21653496.58	5171589.45	544.006
21653568.73	5171569.44	515.419
21653640.87	5171549.43	22.4722
21653713.02	5171529.42	35.5932
21653785.17	5171509.41	36.1255
21653857.31	5171489.4	36.1574
21653929.46	5171469.4	96.3939
21654001.61	5171449.39	113.813
21654073.75	5171429.38	267.71
21654145.9	5171409.37	612.569
21654218.05	5171389.36	534.101
21654290.19	5171369.36	167.634
21654362.34	5171349.35	189.483
21654434.49	5171329.34	160.778
21654506.63	5171309.33	272.224
21654578.78	5171289.32	440.461
21654650.93	5171269.32	691.575
21654723.07	5171249.31	740.791
21654795.22	5171229.3	633.487
21654867.37	5171209.29	481.697
21654939.51	5171189.28	650.343
21655011.66	5171169.28	71.3939
21655083.81	5171149.27	35.5589
21655155.95	5171129.26	222.118
21655228.1	5171109.25	483.553
21655300.25	5171089.24	324.893
21655372.39	5171069.24	126.971
21655444.54	5171049.23	94.965
21655516.69	5171029.22	190.897
21655588.84	5171009.21	234.122
21655660.98	5170989.2	139.47
21655733.13	5170969.2	146.161
21655805.28	5170949.19	112.54
21655877.42	5170929.18	192.737
21655949.57	5170909.17	260.664
21656021.72	5170889.16	39.2283
21656093.86	5170869.16	83.6883
21656166.01	5170849.15	148.106
21656238.16	5170829.14	242.074
21656310.3	5170809.13	181.031
21656382.45	5170789.12	24.9772
21656454.6	5170769.11	36.9097
21656526.74	5170749.11	35.3253
21656598.89	5170729.1	54.9417
21656671.04	5170709.09	380.587
21656743.18	5170689.08	295.222
21656815.33	5170669.07	72.6389
21656887.48	5170649.07	32.5378
21656959.62	5170629.06	30.0043
21657031.77	5170609.05	31.9743
21657103.92	5170589.04	33.4596
21657176.06	5170569.03	28.0534
21657248.21	5170549.03	35.1308
21657320.36	5170529.02	56.3333
21657392.5	5170509.01	214.724
21657464.65	5170489	113.718
21657536.8	5170468.99	294.263
21657608.94	5170448.99	395.162
21657681.09	5170428.98	316.216
21657753.24	5170408.97	676.166
21657825.38	5170388.96	679.496
21657897.53	5170368.95	286.948
21657969.68	5170348.95	36.9327
21658041.82	5170328.94	19.3406
21658113.97	5170308.93	427.044
21658186.12	5170288.92	530.387
21658258.26	5170268.91	646.972
21658330.41	5170248.91	778.824
21658402.56	5170228.9	687.579
21658474.7	5170208.89	697.066
21658546.85	5170188.88	836.057
21658619	5170168.87	761.128
21658691.14	5170148.87	165.729
21658763.29	5170128.86	37.4719
21658835.44	5170108.85	31.3407
21658907.58	5170088.84	31.8302
21658979.73	5170068.83	34.1285
21659051.88	5170048.83	37.0977
21653299.77	5171720.24	444.676
21653371.91	5171700.23	464.593
21653444.06	5171680.22	654.854
21653516.21	5171660.22	737.356
21653588.35	5171640.21	764.7
21653660.5	5171620.2	379.407
21653732.65	5171600.19	113.18
21653804.79	5171580.18	36.969
21653876.94	5171560.18	35.2556
21653949.09	5171540.17	149.211
21654021.23	5171520.16	116.73
21654093.38	5171500.15	292.854
21654165.53	5171480.14	595.464
21654237.67	5171460.14	634.516
21654309.82	5171440.13	153.427
21654381.97	5171420.12	314.575
21654454.11	5171400.11	390.179
21654526.26	5171380.1	485.142
21654598.41	5171360.09	487.283
21654670.55	5171340.09	541.072
21654742.7	5171320.08	743.227
21654814.85	5171300.07	707.412
21654886.99	5171280.06	697.107
21654959.14	5171260.05	513.473
21655031.29	5171240.05	53.1011
21655103.43	5171220.04	57.7122
21655175.58	5171200.03	224.016
21655247.73	5171180.02	268.77
21655319.87	5171160.01	175.191
21655392.02	5171140.01	37.3994
21655464.17	5171120	178.523
21655536.31	5171099.99	619.658
21655608.46	5171079.98	629.234
21655680.61	5171059.97	211.724
21655752.76	5171039.97	168.033
21655824.9	5171019.96	55.0828
21655897.05	5170999.95	161.349
21655969.2	5170979.94	297.54
21656041.34	5170959.93	69.4028
21656113.49	5170939.93	22.6878
21656185.64	5170919.92	28.0372
21656257.78	5170899.91	35.8047
21656329.93	5170879.9	149.719
21656402.08	5170859.89	97.725
21656474.22	5170839.89	36.7285
21656546.37	5170819.88	36.7895
21656618.52	5170799.87	37.0102
21656690.66	5170779.86	53.0178
21656762.81	5170759.85	47.8178
21656834.96	5170739.85	16.6761
21656907.1	5170719.84	33.6087
21656979.25	5170699.83	32.3144
21657051.4	5170679.82	37.9573
21657123.54	5170659.81	83.6561
21657195.69	5170639.81	34.5666
21657267.84	5170619.8	29.1268
21657339.98	5170599.79	26.4694
21657412.13	5170579.78	295.165
21657484.28	5170559.77	147.601
21657556.42	5170539.76	195.377
21657628.57	5170519.76	660.658
21657700.72	5170499.75	653.956
21657772.86	5170479.74	733.676
21657845.01	5170459.73	671.392
21657917.16	5170439.72	288.858
21657989.3	5170419.72	128.523
21658061.45	5170399.71	36.0508
21658133.6	5170379.7	210.278
21658205.74	5170359.69	640.533
21658277.89	5170339.68	676.05
21658350.04	5170319.68	836.197
21658422.18	5170299.67	702.048
21658494.33	5170279.66	678.19
21658566.48	5170259.65	810.448
21658638.62	5170239.64	689.649
21658710.77	5170219.64	255.169
21658782.92	5170199.63	55.3483
21658855.06	5170179.62	32.6142
21658927.21	5170159.61	28.7399
21658999.36	5170139.6	29.4603
21659071.5	5170119.6	29.6374
21653247.25	5171811.02	207.863
21653319.39	5171791.01	296.218
21653391.54	5171771	468.371
21653463.69	5171750.99	605.481
21653535.83	5171730.99	732.268
21653607.98	5171710.98	668.993
21653680.13	5171690.97	492.598
21653752.27	5171670.96	124.654
21653824.42	5171650.95	37.5027
21653896.57	5171630.95	0.903889
21653968.71	5171610.94	94.32
21654040.86	5171590.93	61.4211
21654113.01	5171570.92	102.568
21654185.15	5171550.91	602.396
21654257.3	5171530.91	436.286
21654329.45	5171510.9	58.7211
21654401.59	5171490.89	63.5606
21654473.74	5171470.88	323.615
21654545.89	5171450.87	422.019
21654618.03	5171430.87	525.798
21654690.18	5171410.86	724.064
21654762.33	5171390.85	718.737
21654834.47	5171370.84	605.172
21654906.62	5171350.83	625.021
21654978.77	5171330.83	378.236
21655050.91	5171310.82	23.4272
21655123.06	5171290.81	52.1189
21655195.21	5171270.8	133.558
21655267.35	5171250.79	176.133
21655339.5	5171230.79	114.717
21655411.65	5171210.78	8.22
21655483.79	5171190.77	57.4783
21655555.94	5171170.76	166.613
21655628.09	5171150.75	245.074
21655700.23	5171130.74	274.061
21655772.38	5171110.74	208.81
21655844.53	5171090.73	62.9839
21655916.67	5171070.72	36.0431
21655988.82	5171050.71	43.3639
21656060.97	5171030.7	45.3439
21656133.11	5171010.7	35.5583
21656205.26	5170990.69	36.6558
21656277.41	5170970.68	35.6285
21656349.56	5170950.67	41.1122
21656421.7	5170930.66	106.157
21656493.85	5170910.66	72.0806
21656566	5170890.65	78.015
21656638.14	5170870.64	71.3722
21656710.29	5170850.63	106.552
21656782.44	5170830.62	16.8478
21656854.58	5170810.62	33.36
21656926.73	5170790.61	37.0648
21656998.88	5170770.6	34.266
21657071.02	5170750.59	2.04389
21657143.17	5170730.58	73.1172
21657215.32	5170710.58	17.0239
21657287.46	5170690.57	36.4084
21657359.61	5170670.56	59.7239
21657431.76	5170650.55	164.23
21657503.9	5170630.54	37.7596
21657576.05	5170610.54	37.7994
21657648.2	5170590.53	400.983
21657720.34	5170570.52	553.236
21657792.49	5170550.51	683.8
21657864.64	5170530.5	714.174
21657936.78	5170510.5	618.826
21658008.93	5170490.49	316.224
21658081.08	5170470.48	33.4258
21658153.22	5170450.47	33.258
21658225.37	5170430.46	234.381
21658297.52	5170410.46	592.451
21658369.66	5170390.45	708.774
21658441.81	5170370.44	568.66
21658513.96	5170350.43	656.871
21658586.1	5170330.42	618.163
21658658.25	5170310.41	701.199
21658730.4	5170290.41	37.6325
21658802.54	5170270.4	62.2278
21658874.69	5170250.39	37.0832
21658946.84	5170230.38	32.9155
21659018.98	5170210.37	28.3227
21659091.13	5170190.37	28.8943
21653266.87	5171881.79	253.685
21653339.02	5171861.78	300.348
21653411.17	5171841.77	451.071
21653483.31	5171821.77	695.357
21653555.46	5171801.76	803.409
21653627.61	5171781.75	812.891
21653699.75	5171761.74	669.87
21653771.9	5171741.73	318.183
21653844.05	5171721.73	47.2828
21653916.19	5171701.72	20.6411
21653988.34	5171681.71	72.84
21654060.49	5171661.7	9.72556
21654132.63	5171641.69	36.6911
21654204.78	5171621.68	408.151
21654276.93	5171601.68	363.314
21654349.07	5171581.67	86.9894
21654421.22	5171561.66	36.5036
21654493.37	5171541.65	249.842
21654565.51	5171521.64	438.341
21654637.66	5171501.64	530.229
21654709.81	5171481.63	796.317
21654781.95	5171461.62	788.054
21654854.1	5171441.61	540.679
21654926.25	5171421.6	438.457
21654998.39	5171401.6	417.672
21655070.54	5171381.59	34.1142
21655142.69	5171361.58	34.7551
21655214.83	5171341.57	56.4233
21655286.98	5171321.56	86.96
21655359.13	5171301.56	96.525
21655431.27	5171281.55	53.2144
21655503.42	5171261.54	106.963
21655575.57	5171241.53	291.148
21655647.71	5171221.52	180.784
21655719.86	5171201.52	206.486
21655792.01	5171181.51	94.2583
21655864.15	5171161.5	35.9002
21655936.3	5171141.49	21.0128
21656008.45	5171121.48	13.1183
21656080.59	5171101.48	36.0639
21656152.74	5171081.47	32.5314
21656224.89	5171061.46	34.8872
21656297.03	5171041.45	36.3979
21656369.18	5171021.44	141.738
21656441.33	5171001.44	47.535
21656513.48	5170981.43	65.9833
21656585.62	5170961.42	69.1728
21656657.77	5170941.41	109.395
21656729.91	5170921.4	199.662
21656802.06	5170901.39	302.021
21656874.21	5170881.39	69.7767
21656946.36	5170861.38	35.0764
21657018.5	5170841.37	36.2024
21657090.65	5170821.36	37.0018
21657162.8	5170801.35	33.4338
21657234.94	5170781.35	34.3289
21657307.09	5170761.34	37.3498
21657379.24	5170741.33	25.5122
21657451.38	5170721.32	66.2194
21657523.53	5170701.31	23.7217
21657595.68	5170681.31	7.87
21657667.82	5170661.3	107.562
21657739.97	5170641.29	459.511
21657812.12	5170621.28	554.996
21657884.26	5170601.27	660.772
21657956.41	5170581.27	754.416
21658028.56	5170561.26	797.148
21658100.7	5170541.25	520.432
21658172.85	5170521.24	220.619
21658245	5170501.23	92.4739
21658317.14	5170481.23	474.433
21658389.29	5170461.22	573.658
21658461.44	5170441.21	509.092
21658533.58	5170421.2	517.713
21658605.73	5170401.19	530.227
21658677.88	5170381.19	454.481
21658750.02	5170361.18	27.6383
21658822.17	5170341.17	18.1917
21658894.32	5170321.16	37.2127
21658966.46	5170301.15	35.6428
21659038.61	5170281.15	31.9086
21653286.5	5171952.56	452.541
21653358.65	5171932.55	369.786
21653430.79	5171912.54	476.574
21653502.94	5171892.54	466.577
21653575.09	5171872.53	653.464
21653647.23	5171852.52	676.263
21653719.38	5171832.51	718.734
21653791.53	5171812.5	370.012
21653863.67	5171792.5	234.961
21653935.82	5171772.49	77.6583
21654007.97	5171752.48	88.8694
21654080.11	5171732.47	36.1558
21654152.26	5171712.46	45.4617
21654224.41	5171692.46	585.026
21654296.55	5171672.45	356.561
21654368.7	5171652.44	21.5717
21654440.85	5171632.43	36.7105
21654512.99	5171612.42	87.4989
21654585.14	5171592.42	379.205
21654657.29	5171572.41	701.169
21654729.43	5171552.4	887.615
21654801.58	5171532.39	795.209
21654873.73	5171512.38	641.454
21654945.87	5171492.37	528.482
21655018.02	5171472.37	314.391
21655090.17	5171452.36	32.7839
21655162.31	5171432.35	29.5213
21655234.46	5171412.34	32.1842
21655306.61	5171392.33	37.9645
21655378.75	5171372.33	104.01
21655450.9	5171352.32	64.945
21655523.05	5171332.31	59.5744
21655595.19	5171312.3	151.992
21655667.34	5171292.29	174.679
21655739.49	5171272.29	37.275
21655811.63	5171252.28	34.403
21655883.78	5171232.27	32.6227
21655955.93	5171212.26	34.5212
21656028.07	5171192.25	34.0673
21656100.22	5171172.25	33.9379
21656172.37	5171152.24	32.4236
21656244.51	5171132.23	29.5696
21656316.66	5171112.22	34.5302
21656388.81	5171092.21	16.0861
21656460.95	5171072.21	119.071
21656533.1	5171052.2	209.384
21656605.25	5171032.19	156.874
21656677.39	5171012.18	129.362
21656749.54	5170992.17	67.6017
21656821.69	5170972.17	182.35
21656893.84	5170952.16	37.4657
21656965.98	5170932.15	36.1176
21657038.13	5170912.14	35.1046
21657110.27	5170892.13	33.8244
21657182.42	5170872.13	31.9562
21657254.57	5170852.12	28.4063
21657326.72	5170832.11	32.5214
21657398.86	5170812.1	37.0041
21657471.01	5170792.09	17.1228
21657543.16	5170772.09	37.4458
21657615.3	5170752.08	75.2889
21657687.45	5170732.07	106.364
21657759.6	5170712.06	653.268
21657831.74	5170692.05	413.153
21657903.89	5170672.04	581.903
21657976.04	5170652.04	613.407
21658048.18	5170632.03	692
21658120.33	5170612.02	655.283
21658192.48	5170592.01	495.264
21658264.62	5170572	144.458
21658336.77	5170552	226.424
21658408.92	5170531.99	644.248
21658481.06	5170511.98	561.059
21658553.21	5170491.97	871.699
21658625.36	5170471.96	668.089
21658697.5	5170451.96	486.015
21658769.65	5170431.95	307.527
21658841.8	5170411.94	56.525
21658913.94	5170391.93	37.5326
21658986.09	5170371.92	36.6233
21659058.24	5170351.92	35.141
21653306.13	5172023.33	406.238
21653378.27	5172003.32	420.922
21653450.42	5171983.31	442.127
21653522.57	5171963.31	590.275
21653594.71	5171943.3	640.446
21653666.86	5171923.29	535.097
21653739.01	5171903.28	618.501
21653811.15	5171883.27	436.799
21653883.3	5171863.27	340.557
21653955.45	5171843.26	99.4089
21654027.59	5171823.25	137.198
21654099.74	5171803.24	19.6478
21654171.89	5171783.23	77.1994
21654244.03	5171763.23	426.117
21654316.18	5171743.22	588.328
21654388.33	5171723.21	43.1294
21654460.47	5171703.2	35.0868
21654532.62	5171683.19	125.471
21654604.77	5171663.19	230.177
21654676.91	5171643.18	816.536
21654749.06	5171623.17	686.943
21654821.21	5171603.16	554.854
21654893.35	5171583.15	462.01
21654965.5	5171563.15	594.098
21655037.65	5171543.14	454.493
21655109.79	5171523.13	32.5884
21655181.94	5171503.12	31.3531
21655254.09	5171483.11	30.8039
21655326.23	5171463.11	10.4489
21655398.38	5171443.1	113.546
21655470.53	5171423.09	1.16111
21655542.67	5171403.08	36.427
21655614.82	5171383.07	16.1689
21655686.97	5171363.07	104.604
21655759.11	5171343.06	37.1006
21655831.26	5171323.05	35.7209
21655903.41	5171303.04	30.1682
21655975.55	5171283.03	31.3217
21656047.7	5171263.02	33.4512
21656119.85	5171243.02	30.8175
21656191.99	5171223.01	29.6059
21656264.14	5171203	30.8702
21656336.29	5171182.99	30.7627
21656408.43	5171162.98	32.7672
21656480.58	5171142.98	36.5401
21656552.73	5171122.97	37.3999
21656624.87	5171102.96	36.9998
21656697.02	5171082.95	28.6944
21656769.17	5171062.94	33.6404
21656841.31	5171042.94	36.4511
21656913.46	5171022.93	34.5379
21656985.61	5171002.92	33.0041
21657057.75	5170982.91	32.1359
21657129.9	5170962.9	29.4219
21657202.05	5170942.9	29.1308
21657274.19	5170922.89	28.71
21657346.34	5170902.88	31.1464
21657418.49	5170882.87	35.1846
21657490.64	5170862.86	36.7591
21657562.78	5170842.86	28.1111
21657634.93	5170822.85	160.672
21657707.08	5170802.84	182.876
21657779.22	5170782.83	383.336
21657851.37	5170762.82	470.822
21657923.52	5170742.82	670.794
21657995.66	5170722.81	803.723
21658067.81	5170702.8	777.185
21658139.96	5170682.79	555.865
21658212.1	5170662.78	426.531
21658284.25	5170642.78	192.89
21658356.4	5170622.77	300.371
21658428.54	5170602.76	691.187
21658500.69	5170582.75	771.865
21658572.84	5170562.74	739.192
21658644.98	5170542.74	821.969
21658717.13	5170522.73	737.348
21658789.28	5170502.72	282.694
21658861.42	5170482.71	20.84
21658933.57	5170462.7	37.7663
21659005.72	5170442.69	33.9165
21659077.86	5170422.69	36.3905
21653253.61	5172114.11	490.333
21653325.75	5172094.1	428.318
21653397.9	5172074.09	396.187
21653470.05	5172054.09	459.341
21653542.19	5172034.08	811.237
21653614.34	5172014.07	819.833
21653686.49	5171994.06	799.319
21653758.63	5171974.05	702.918
21653830.78	5171954.05	493.629
21653902.93	5171934.04	259.279
21653975.07	5171914.03	258.904
21654047.22	5171894.02	406.729
21654119.37	5171874.01	116.182
21654191.51	5171854	130.268
21654263.66	5171834	767.986
21654335.81	5171813.99	31.9736
21654407.95	5171793.98	32.3382
21654480.1	5171773.97	35.9357
21654552.25	5171753.96	37.9335
21654624.39	5171733.96	33.9352
21654696.54	5171713.95	387.74
21654768.69	5171693.94	463.827
21654840.83	5171673.93	427.302
21654912.98	5171653.92	490.249
21654985.13	5171633.92	372.025
21655057.27	5171613.91	205.513
21655129.42	5171593.9	28.6825
21655201.57	5171573.89	34.9833
21655273.71	5171553.88	35.2517
21655345.86	5171533.88	37.7061
21655418.01	5171513.87	35.6115
21655490.15	5171493.86	33.7218
21655562.3	5171473.85	32.3001
21655634.45	5171453.84	37.3207
21655706.59	5171433.84	79.4039
21655778.74	5171413.83	67.0361
21655850.89	5171393.82	34.7764
21655923.03	5171373.81	30.8041
21655995.18	5171353.8	30.3185
21656067.33	5171333.8	33.6337
21656139.47	5171313.79	34.2216
21656211.62	5171293.78	32.999
21656283.77	5171273.77	34.3382
21656355.91	5171253.76	28.231
21656428.06	5171233.76	28.6827
21656500.21	5171213.75	33.0269
21656572.35	5171193.74	36.0018
21656644.5	5171173.73	35.1242
21656716.65	5171153.72	32.021
21656788.79	5171133.72	30.3305
21656860.94	5171113.71	29.7635
21656933.09	5171093.7	28.684
21657005.23	5171073.69	29.2928
21657077.38	5171053.68	28.3123
21657149.53	5171033.67	27.0742
21657221.67	5171013.67	25.4105
21657293.82	5170993.66	22.7181
21657365.97	5170973.65	24.303
21657438.11	5170953.64	30.2537
21657510.26	5170933.63	34.3489
21657582.41	5170913.63	8.88278
21657654.55	5170893.62	145.461
21657726.7	5170873.61	353.912
21657798.85	5170853.6	552.403
21657870.99	5170833.59	549.243
21657943.14	5170813.59	727.559
21658015.29	5170793.58	832.007
21658087.44	5170773.57	786.424
21658159.58	5170753.56	411.934
21658231.73	5170733.55	413.549
21658303.88	5170713.55	316.068
21658376.02	5170693.54	249.319
21658448.17	5170673.53	537.818
21658520.32	5170653.52	638.372
21658592.46	5170633.51	615.867
21658664.61	5170613.51	691.41
21658736.76	5170593.5	648.783
21658808.9	5170573.49	302.281
21658881.05	5170553.48	37.8667
21658953.2	5170533.47	37.0169
21659025.34	5170513.47	34.6774
21659097.49	5170493.46	7.21222
21653273.23	5172184.88	444.923
21653345.38	5172164.87	456.354
21653417.53	5172144.86	411.4
21653489.67	5172124.86	282.765
21653561.82	5172104.85	747.686
21653633.97	5172084.84	825.148
21653706.11	5172064.83	669.234
21653778.26	5172044.82	543.281
21653850.41	5172024.82	168.389
21653922.55	5172004.81	102.046
21653994.7	5171984.8	119.966
21654066.85	5171964.79	228.801
21654138.99	5171944.78	106.336
21654211.14	5171924.78	210.338
21654283.29	5171904.77	710.079
21654355.43	5171884.76	37.4315
21654427.58	5171864.75	26.5495
21654499.73	5171844.74	19.6397
21654571.87	5171824.74	13.7477
21654644.02	5171804.73	16.4501
21654716.17	5171784.72	35.5028
21654788.31	5171764.71	142.568
21654860.46	5171744.7	181.527
21654932.61	5171724.7	198.736
21655004.75	5171704.69	150.818
21655076.9	5171684.68	124.197
21655149.05	5171664.67	29.9109
21655221.19	5171644.66	33.9742
21655293.34	5171624.65	32.8336
21655365.49	5171604.65	36.18
21655437.63	5171584.64	34.6108
21655509.78	5171564.63	36.0654
21655581.93	5171544.62	12.225
21655654.07	5171524.61	37.548
21655726.22	5171504.61	84.545
21655798.37	5171484.6	37.9691
21655870.51	5171464.59	30.3119
21655942.66	5171444.58	28.0431
21656014.81	5171424.57	32.1507
21656086.95	5171404.57	32.4865
21656159.1	5171384.56	32.5412
21656231.25	5171364.55	34.4849
21656303.39	5171344.54	33.1096
21656375.54	5171324.53	25.1631
21656447.69	5171304.53	22.2087
21656519.83	5171284.52	27.4147
21656591.98	5171264.51	37.1307
21656664.13	5171244.5	36.7801
21656736.27	5171224.49	34.5564
21656808.42	5171204.49	30.4396
21656880.57	5171184.48	30.1488
21656952.71	5171164.47	26.8925
21657024.86	5171144.46	26.2604
21657097.01	5171124.45	27.6035
21657169.15	5171104.45	25.1456
21657241.3	5171084.44	24.0505
21657313.45	5171064.43	21.5674
21657385.59	5171044.42	24.9306
21657457.74	5171024.41	26.8615
21657529.89	5171004.41	29.1403
21657602.03	5170984.4	34.4321
21657674.18	5170964.39	71.7011
21657746.33	5170944.38	249.494
21657818.47	5170924.37	629.693
21657890.62	5170904.36	557.219
21657962.77	5170884.36	674.692
21658034.91	5170864.35	823.997
21658107.06	5170844.34	748.592
21658179.21	5170824.33	436.946
21658251.36	5170804.32	687.694
21658323.5	5170784.32	491.381
21658395.65	5170764.31	391.507
21658467.8	5170744.3	601.976
21658539.94	5170724.29	778.568
21658612.09	5170704.28	708.898
21658684.24	5170684.28	479.049
21658756.38	5170664.27	745.551
21658828.53	5170644.26	457.47
21658900.68	5170624.25	55.8572
21658972.82	5170604.24	32.549
21659044.97	5170584.24	33.102
