21653307.22	5170346.33	289.864
21653379.37	5170326.32	242.876
21653451.52	5170306.31	28.0072
21653523.66	5170286.3	195.362
21653595.81	5170266.29	270.619
21653667.96	5170246.29	206.55
21653740.1	5170226.28	141.785
21653812.25	5170206.27	880.171
21653884.4	5170186.26	573.434
21653956.54	5170166.25	549.748
21654028.69	5170146.25	597.314
21654100.84	5170126.24	554.291
21654172.98	5170106.23	548.54
21654245.13	5170086.22	538.042
21654317.28	5170066.21	504.766
21654389.42	5170046.21	324.474
21654461.57	5170026.2	280.506
21654533.72	5170006.19	677.44
21654605.86	5169986.18	685.248
21654678.01	5169966.17	437.974
21654750.16	5169946.17	547.335
21654822.31	5169926.16	505.252
21654894.45	5169906.15	250.302
21654966.6	5169886.14	229.749
21655038.75	5169866.13	238.021
21655110.89	5169846.13	233.657
21655183.04	5169826.12	277.769
21655255.19	5169806.11	267.694
21655327.33	5169786.1	262.899
21655399.48	5169766.09	311.336
21653254.7	5170437.11	173.166
21653326.85	5170417.1	166.369
21653399	5170397.09	131.387
21653471.14	5170377.08	37.1302
21653543.29	5170357.07	99.2833
21653615.44	5170337.07	172.675
21653687.58	5170317.06	264.961
21653759.73	5170297.05	451.421
21653831.88	5170277.04	691.504
21653904.02	5170257.03	609.182
21653976.17	5170237.03	392.624
21654048.32	5170217.02	472.518
21654120.46	5170197.01	401.074
21654192.61	5170177	370.756
21654264.76	5170156.99	563.821
21654336.9	5170136.98	566.608
21654409.05	5170116.98	707.443
21654481.2	5170096.97	625.689
21654553.34	5170076.96	677.016
21654625.49	5170056.95	462.829
21654697.64	5170036.94	346.715
21654769.78	5170016.94	411.866
21654841.93	5169996.93	403.099
21654914.08	5169976.92	268.198
21654986.23	5169956.91	230.619
21655058.37	5169936.9	327.842
21655130.52	5169916.9	283.721
21655202.66	5169896.89	284.742
21655274.81	5169876.88	387.606
21655346.96	5169856.87	381.594
21655419.11	5169836.86	265.917
21655491.25	5169816.86	174.886
21655563.4	5169796.85	274.441
21655635.55	5169776.84	351.249
21655707.69	5169756.83	540.143
21655779.84	5169736.82	362.92
21655851.99	5169716.82	243.933
21655924.13	5169696.81	461.991
21655996.28	5169676.8	505.846
21656068.43	5169656.79	433.609
21656140.57	5169636.78	428.612
21656212.72	5169616.78	436.201
21656284.87	5169596.77	412.065
21656357.01	5169576.76	618.672
21656429.16	5169556.75	440.799
21656501.31	5169536.74	446.099
21656573.45	5169516.74	737.294
21656645.6	5169496.73	37.6449
21656717.75	5169476.72	30.9372
21656789.89	5169456.71	366.088
21656862.04	5169436.7	588.458
21656934.19	5169416.69	614.707
21657006.33	5169396.69	617.778
21657078.48	5169376.68	468.52
21657150.63	5169356.67	591.238
21657222.77	5169336.66	398.475
21657294.92	5169316.65	365.343
21657367.07	5169296.65	361.852
21657439.21	5169276.64	346.594
21657511.36	5169256.63	354.824
21657583.51	5169236.62	244.268
21657655.65	5169216.61	181.633
21657727.8	5169196.61	174.879
21657799.95	5169176.6	109.182
21657872.09	5169156.59	178.243
21657944.24	5169136.58	340.139
21658016.39	5169116.57	411.51
21658088.53	5169096.57	686.812
21658160.68	5169076.56	478.868
21658232.83	5169056.55	457.385
21658304.97	5169036.54	571.372
21658377.12	5169016.53	684.439
21658449.27	5168996.53	792.282
21658521.41	5168976.52	782.901
21658593.56	5168956.51	673.034
21658665.71	5168936.5	460.075
21658737.85	5168916.49	260.829
21658810	5168896.49	200.023
21658882.15	5168876.48	27.515
21658954.29	5168856.47	297.896
21659026.44	5168836.46	405.875
21659098.59	5168816.45	647.385
21653274.33	5170507.88	200.377
21653346.48	5170487.87	125.978
21653418.62	5170467.86	160.307
21653490.77	5170447.85	107.886
21653562.92	5170427.84	156.528
21653635.06	5170407.84	242.104
21653707.21	5170387.83	293.304
21653779.36	5170367.82	358.763
21653851.5	5170347.81	576.203
21653923.65	5170327.8	436.307
21653995.8	5170307.8	363.414
21654067.94	5170287.79	422.788
21654140.09	5170267.78	271.709
21654212.24	5170247.77	124.804
21654284.38	5170227.76	614.337
21654356.53	5170207.76	463.972
21654428.68	5170187.75	700.243
21654500.82	5170167.74	655.397
21654572.97	5170147.73	590.606
21654645.12	5170127.72	427.646
21654717.26	5170107.72	385.935
21654789.41	5170087.71	429.475
21654861.56	5170067.7	338.964
21654933.7	5170047.69	140.742
21655005.85	5170027.68	134.192
21655078	5170007.68	316.841
21655150.14	5169987.67	322.114
21655222.29	5169967.66	435.201
21655294.44	5169947.65	523.723
21655366.58	5169927.64	473.342
21655438.73	5169907.63	412.687
21655510.88	5169887.63	333.974
21655583.03	5169867.62	317.307
21655655.17	5169847.61	332.953
21655727.32	5169827.6	437.396
21655799.47	5169807.59	310.121
21655871.61	5169787.59	472.307
21655943.76	5169767.58	534.597
21656015.91	5169747.57	551.841
21656088.05	5169727.56	413.891
21656160.2	5169707.55	406.108
21656232.35	5169687.55	404.594
21656304.49	5169667.54	549.385
21656376.64	5169647.53	456.152
21656448.79	5169627.52	365.312
21656520.93	5169607.51	307.232
21656593.08	5169587.51	596.795
21656665.23	5169567.5	320.974
21656737.37	5169547.49	37.199
21656809.52	5169527.48	315.569
21656881.67	5169507.47	579.356
21656953.81	5169487.47	340.012
21657025.96	5169467.46	167.767
21657098.11	5169447.45	461.186
21657170.25	5169427.44	461.109
21657242.4	5169407.43	478.24
21657314.55	5169387.43	344.216
21657386.69	5169367.42	352.516
21657458.84	5169347.41	289.342
21657530.99	5169327.4	241.369
21657603.13	5169307.39	158.869
21657675.28	5169287.39	55.2756
21657747.43	5169267.38	106.631
21657819.57	5169247.37	134.397
21657891.72	5169227.36	170.484
21657963.87	5169207.35	350.004
21658036.01	5169187.34	447.241
21658108.16	5169167.34	686.812
21658180.31	5169147.33	306.921
21658252.45	5169127.32	193.152
21658324.6	5169107.31	360.622
21658396.75	5169087.3	584.927
21658468.89	5169067.3	696.48
21658541.04	5169047.29	714.946
21658613.19	5169027.28	501.654
21658685.33	5169007.27	287.528
21658757.48	5168987.26	111.568
21658829.63	5168967.26	37.3714
21658901.77	5168947.25	36.3194
21658973.92	5168927.24	94.0383
21659046.07	5168907.23	264.947
21653293.96	5170578.65	33.9189
21653366.1	5170558.64	10.8194
21653438.25	5170538.63	67.9039
21653510.4	5170518.62	233.929
21653582.54	5170498.61	358.919
21653654.69	5170478.61	347.147
21653726.84	5170458.6	176.769
21653798.98	5170438.59	146.45
21653871.13	5170418.58	572.703
21653943.28	5170398.57	341.064
21654015.42	5170378.57	439.966
21654087.57	5170358.56	610.193
21654159.72	5170338.55	303.579
21654231.86	5170318.54	35.3513
21654304.01	5170298.53	170.079
21654376.16	5170278.53	467.853
21654448.3	5170258.52	505.755
21654520.45	5170238.51	428.433
21654592.6	5170218.5	470.089
21654664.74	5170198.49	467.866
21654736.89	5170178.49	356.187
21654809.04	5170158.48	374.983
21654881.18	5170138.47	310.737
21654953.33	5170118.46	27.3828
21655025.48	5170098.45	149.913
21655097.62	5170078.45	270.513
21655169.77	5170058.44	233.372
21655241.92	5170038.43	411.72
21655314.06	5170018.42	344.786
21655386.21	5169998.41	194.539
21655458.36	5169978.41	389.987
21655530.5	5169958.4	517.354
21655602.65	5169938.39	434.992
21655674.8	5169918.38	343.547
21655746.95	5169898.37	439.308
21655819.09	5169878.37	468.679
21655891.24	5169858.36	580.398
21655963.38	5169838.35	620.763
21656035.53	5169818.34	554.255
21656107.68	5169798.33	410.623
21656179.83	5169778.32	361.172
21656251.97	5169758.32	361.747
21656324.12	5169738.31	744.148
21656396.27	5169718.3	459.773
21656468.41	5169698.29	304.107
21656540.56	5169678.28	301.711
21656612.71	5169658.28	498.716
21656684.85	5169638.27	457.881
21656757	5169618.26	425.188
21656829.15	5169598.25	363.769
21656901.29	5169578.24	395.84
21656973.44	5169558.24	52.8678
21657045.59	5169538.23	180.369
21657117.73	5169518.22	223.938
21657189.88	5169498.21	56.1456
21657262.03	5169478.2	543.153
21657334.17	5169458.2	564.52
21657406.32	5169438.19	499.843
21657478.47	5169418.18	279.992
21657550.61	5169398.17	148.784
21657622.76	5169378.16	146.24
21657694.91	5169358.16	146.664
21657767.05	5169338.15	140.056
21657839.2	5169318.14	266.217
21657911.35	5169298.13	429.796
21657983.49	5169278.12	595.017
21658055.64	5169258.12	669.334
21658127.79	5169238.11	477.239
21658199.93	5169218.1	33.2022
21658272.08	5169198.09	60.0383
21658344.23	5169178.08	45.49
21658416.37	5169158.08	270.169
21658488.52	5169138.07	406.406
21658560.67	5169118.06	543.622
21658632.81	5169098.05	372.534
21658704.96	5169078.04	30.475
21658777.11	5169058.03	37.5817
21658849.25	5169038.03	37.682
21658921.4	5169018.02	36.8081
21658993.55	5168998.01	35.1081
21659065.69	5168978	36.4007
21653313.58	5170649.42	164.493
21653385.73	5170629.41	26.7833
21653457.88	5170609.4	1.97444
21653530.02	5170589.39	77.0061
21653602.17	5170569.39	225.488
21653674.32	5170549.38	125.346
21653746.46	5170529.37	29.4861
21653818.61	5170509.36	279.378
21653890.76	5170489.35	564.127
21653962.9	5170469.35	490.106
21654035.05	5170449.34	663.411
21654107.2	5170429.33	385.062
21654179.34	5170409.32	366.855
21654251.49	5170389.31	34.3919
21654323.64	5170369.3	101.26
21654395.78	5170349.3	542.416
21654467.93	5170329.29	556.819
21654540.08	5170309.28	556.444
21654612.22	5170289.27	408.423
21654684.37	5170269.26	350.709
21654756.52	5170249.26	306.278
21654828.66	5170229.25	288.364
21654900.81	5170209.24	356.044
21654972.96	5170189.23	181.864
21655045.1	5170169.22	292.808
21655117.25	5170149.22	406.277
21655189.4	5170129.21	247.142
21655261.54	5170109.2	168.061
21655333.69	5170089.19	220.846
21655405.84	5170069.18	287.235
21655477.98	5170049.18	400.76
21655550.13	5170029.17	404.644
21655622.28	5170009.16	345.786
21655694.42	5169989.15	476.632
21655766.57	5169969.14	690.887
21655838.72	5169949.14	625.867
21655910.86	5169929.13	713.79
21655983.01	5169909.12	661.589
21656055.16	5169889.11	470.441
21656127.3	5169869.1	241.122
21656199.45	5169849.1	324.647
21656271.6	5169829.09	555.698
21656343.75	5169809.08	676.407
21656415.89	5169789.07	263.213
21656488.04	5169769.06	417.844
21656560.19	5169749.06	439.377
21656632.33	5169729.05	571.271
21656704.48	5169709.04	617.692
21656776.63	5169689.03	653.112
21656848.77	5169669.02	538.832
21656920.92	5169649.02	534.172
21656993.07	5169629.01	174.074
21657065.21	5169609	60.8339
21657137.36	5169588.99	80.3928
21657209.51	5169568.98	32.2748
21657281.65	5169548.97	37.5982
21657353.8	5169528.97	407.228
21657425.95	5169508.96	505.733
21657498.09	5169488.95	42.7894
21657570.24	5169468.94	180.816
21657642.39	5169448.93	111.7
21657714.53	5169428.93	104.13
21657786.68	5169408.92	218.439
21657858.83	5169388.91	518.099
21657930.97	5169368.9	698.057
21658003.12	5169348.89	610.726
21658075.27	5169328.89	400.418
21658147.41	5169308.88	85.0633
21658219.56	5169288.87	56.7794
21658291.71	5169268.86	36.8642
21658363.85	5169248.85	35.3269
21658436	5169228.85	36.9782
21658508.15	5169208.84	199.486
21658580.29	5169188.83	226.237
21658652.44	5169168.82	73.2361
21658724.59	5169148.81	33.5344
21658796.73	5169128.81	32.2301
21658868.88	5169108.8	35.4324
21658941.03	5169088.79	36.9811
21659013.17	5169068.78	36.2933
21659085.32	5169048.77	35.8012
21653261.06	5170740.2	304.444
21653333.21	5170720.19	187.61
21653405.36	5170700.18	25.8272
21653477.5	5170680.17	54.8056
21653549.65	5170660.16	132.731
21653621.8	5170640.16	225.743
21653693.94	5170620.15	259.217
21653766.09	5170600.14	90.7783
21653838.24	5170580.13	472.03
21653910.38	5170560.12	670.284
21653982.53	5170540.12	709.908
21654054.68	5170520.11	517.455
21654126.82	5170500.1	388.807
21654198.97	5170480.09	196.108
21654271.12	5170460.08	14.1394
21654343.26	5170440.08	37.9686
21654415.41	5170420.07	468.876
21654487.56	5170400.06	547.025
21654559.7	5170380.05	37.4101
21654631.85	5170360.04	118.846
21654704	5170340.04	292.307
21654776.14	5170320.03	237.906
21654848.29	5170300.02	72.6389
21654920.44	5170280.01	155.466
21654992.58	5170260	173.004
21655064.73	5170240	535.29
21655136.88	5170219.99	589.969
21655209.02	5170199.98	382.986
21655281.17	5170179.97	288.107
21655353.32	5170159.96	326.127
21655425.46	5170139.95	440.493
21655497.61	5170119.95	532.278
21655569.76	5170099.94	418.559
21655641.9	5170079.93	541.791
21655714.05	5170059.92	485.945
21655786.2	5170039.91	466.021
21655858.34	5170019.91	509.961
21655930.49	5169999.9	744.178
21656002.64	5169979.89	676.413
21656074.78	5169959.88	466.604
21656146.93	5169939.87	328.101
21656219.08	5169919.87	372.505
21656291.22	5169899.86	781.794
21656363.37	5169879.85	528.493
21656435.52	5169859.84	446.221
21656507.66	5169839.83	429.393
21656579.81	5169819.83	652.431
21656651.96	5169799.82	671.704
21656724.1	5169779.81	673.507
21656796.25	5169759.8	755.113
21656868.4	5169739.79	678.692
21656940.55	5169719.79	487.767
21657012.69	5169699.78	358.74
21657084.84	5169679.77	37.1295
21657156.99	5169659.76	37.1476
21657229.13	5169639.75	31.9028
21657301.28	5169619.75	28.6424
21657373.43	5169599.74	116.299
21657445.57	5169579.73	482.322
21657517.72	5169559.72	108.292
21657589.87	5169539.71	229.593
21657662.01	5169519.71	146.664
21657734.16	5169499.7	207.572
21657806.31	5169479.69	549.418
21657878.45	5169459.68	622.483
21657950.6	5169439.67	676.449
21658022.75	5169419.66	549.169
21658094.89	5169399.66	270.9
21658167.04	5169379.65	147.599
21658239.19	5169359.64	9.84556
21658311.33	5169339.63	34.8911
21658383.48	5169319.62	33.4529
21658455.63	5169299.62	32.3331
21658527.77	5169279.61	36.0404
21658599.92	5169259.6	29.9807
21658672.07	5169239.59	27.6396
21658744.21	5169219.58	33.917
21658816.36	5169199.58	116.819
21658888.51	5169179.57	33.2421
21658960.65	5169159.56	32.298
21659032.8	5169139.55	36.2121
21659104.95	5169119.54	37.5712
21653280.69	5170810.97	124.029
21653352.84	5170790.96	81.1889
21653424.98	5170770.95	23.7639
21653497.13	5170750.94	285.932
21653569.28	5170730.93	241.825
21653641.42	5170710.93	181.553
21653713.57	5170690.92	250.407
21653785.72	5170670.91	427.507
21653857.86	5170650.9	629.341
21653930.01	5170630.89	694.757
21654002.16	5170610.89	495.398
21654074.3	5170590.88	93.9783
21654146.45	5170570.87	116.865
21654218.6	5170550.86	367.546
21654290.74	5170530.85	280.867
21654362.89	5170510.85	48.1217
21654435.04	5170490.84	366.376
21654507.18	5170470.83	493.808
21654579.33	5170450.82	234.729
21654651.48	5170430.81	153.524
21654723.62	5170410.81	199.571
21654795.77	5170390.8	265.183
21654867.92	5170370.79	36.447
21654940.06	5170350.78	37.7531
21655012.21	5170330.77	121.189
21655084.36	5170310.77	426.291
21655156.5	5170290.76	528.34
21655228.65	5170270.75	539.206
21655300.8	5170250.74	487.594
21655372.94	5170230.73	382.537
21655445.09	5170210.73	382.717
21655517.24	5170190.72	645.322
21655589.38	5170170.71	396.766
21655661.53	5170150.7	522.837
21655733.68	5170130.69	442.786
21655805.82	5170110.69	309.826
21655877.97	5170090.68	358.613
21655950.12	5170070.67	514.844
21656022.26	5170050.66	522.976
21656094.41	5170030.65	312.314
21656166.56	5170010.65	204.908
21656238.7	5169990.64	189.371
21656310.85	5169970.63	694.416
21656383	5169950.62	526.574
21656455.14	5169930.61	541.82
21656527.29	5169910.6	525.774
21656599.44	5169890.6	637.553
21656671.58	5169870.59	586.282
21656743.73	5169850.58	469.956
21656815.88	5169830.57	674.048
21656888.02	5169810.56	700.306
21656960.17	5169790.56	540.473
21657032.32	5169770.55	585.641
21657104.47	5169750.54	18.0356
21657176.61	5169730.53	34.8473
21657248.76	5169710.52	32.6244
21657320.91	5169690.52	32.4427
21657393.05	5169670.51	35.1367
21657465.2	5169650.5	408.509
21657537.35	5169630.49	250.646
21657609.49	5169610.48	224.292
21657681.64	5169590.48	304.184
21657753.79	5169570.47	445.277
21657825.93	5169550.46	540.388
21657898.08	5169530.45	562.314
21657970.23	5169510.44	677.263
21658042.37	5169490.44	485.514
21658114.52	5169470.43	112.841
21658186.67	5169450.42	51.4117
21658258.81	5169430.41	177.54
21658330.96	5169410.4	173.456
21658403.11	5169390.4	93.2156
21658475.25	5169370.39	35.2495
21658547.4	5169350.38	30.8732
21658619.55	5169330.37	31.6959
21658691.69	5169310.36	33.5229
21658763.84	5169290.36	34.5624
21658835.99	5169270.35	44.2222
21658908.13	5169250.34	46.3611
21658980.28	5169230.33	35.9672
21659052.43	5169210.32	32.2373
21653300.32	5170881.74	114.088
21653372.46	5170861.73	148.735
21653444.61	5170841.72	268.721
21653516.76	5170821.71	519.082
21653588.9	5170801.71	407.483
21653661.05	5170781.7	73.6422
21653733.2	5170761.69	148.234
21653805.34	5170741.68	572.854
21653877.49	5170721.67	615.031
21653949.64	5170701.67	585.203
21654021.78	5170681.66	33.6305
21654093.93	5170661.65	0.5
21654166.08	5170641.64	361.373
21654238.22	5170621.63	421.772
21654310.37	5170601.63	311.485
21654382.52	5170581.62	172.613
21654454.66	5170561.61	562.266
21654526.81	5170541.6	678.623
21654598.96	5170521.59	565.651
21654671.1	5170501.58	263.055
21654743.25	5170481.58	86.53
21654815.4	5170461.57	35.3289
21654887.54	5170441.56	176.941
21654959.69	5170421.55	103.039
21655031.84	5170401.54	114.343
21655103.98	5170381.54	421.779
21655176.13	5170361.53	667.045
21655248.28	5170341.52	787.072
21655320.42	5170321.51	775.957
21655392.57	5170301.5	722.094
21655464.72	5170281.5	504.763
21655536.86	5170261.49	316.098
21655609.01	5170241.48	282.744
21655681.16	5170221.47	307.322
21655753.3	5170201.46	572.568
21655825.45	5170181.46	363.197
21655897.6	5170161.45	231.365
21655969.74	5170141.44	288.977
21656041.89	5170121.43	328.194
21656114.04	5170101.42	225.171
21656186.18	5170081.42	167.177
21656258.33	5170061.41	163.397
21656330.48	5170041.4	626.794
21656402.62	5170021.39	550.129
21656474.77	5170001.38	651.518
21656546.92	5169981.38	623.098
21656619.06	5169961.37	684.529
21656691.21	5169941.36	724.287
21656763.36	5169921.35	458.114
21656835.5	5169901.34	683.914
21656907.65	5169881.34	705.878
21656979.8	5169861.33	678.723
21657051.94	5169841.32	606.227
21657124.09	5169821.31	582.101
21657196.24	5169801.3	37.9497
21657268.38	5169781.3	78.6956
21657340.53	5169761.29	333.606
21657412.68	5169741.28	395.758
21657484.83	5169721.27	603.678
21657556.97	5169701.26	395.559
21657629.12	5169681.25	369.074
21657701.27	5169661.25	601.173
21657773.41	5169641.24	599.906
21657845.56	5169621.23	131.18
21657917.71	5169601.22	224.949
21657989.85	5169581.21	607.45
21658062	5169561.21	380.165
21658134.15	5169541.2	104.511
21658206.29	5169521.19	13.8517
21658278.44	5169501.18	229.9
21658350.59	5169481.17	332.303
21658422.73	5169461.17	249.486
21658494.88	5169441.16	109.709
21658567.03	5169421.15	32.3024
21658639.17	5169401.14	34.2759
21658711.32	5169381.13	29.5742
21658783.47	5169361.13	34.5723
21658855.61	5169341.12	35.5633
21658927.76	5169321.11	93.3122
21658999.91	5169301.1	62.5189
21659072.05	5169281.09	36.0722
21653247.8	5170972.52	160.662
21653319.94	5170952.51	122.139
21653392.09	5170932.5	163.104
21653464.24	5170912.49	266.274
21653536.38	5170892.48	290.356
21653608.53	5170872.48	385.609
21653680.68	5170852.47	111.282
21653752.82	5170832.46	143.437
21653824.97	5170812.45	421.004
21653897.12	5170792.44	637.836
21653969.26	5170772.44	37.0493
21654041.41	5170752.43	32.8598
21654113.56	5170732.42	88.7872
21654185.7	5170712.41	465.038
21654257.85	5170692.4	396.57
21654330	5170672.4	88.795
21654402.14	5170652.39	37.6035
21654474.29	5170632.38	275.918
21654546.44	5170612.37	581.578
21654618.58	5170592.36	505.634
21654690.73	5170572.36	636.928
21654762.88	5170552.35	28.393
21654835.02	5170532.34	33.7879
21654907.17	5170512.33	67.7217
21654979.32	5170492.32	223.274
21655051.46	5170472.32	502.084
21655123.61	5170452.31	498.486
21655195.76	5170432.3	718.546
21655267.9	5170412.29	761.623
21655340.05	5170392.28	737.646
21655412.2	5170372.28	568.339
21655484.34	5170352.27	415.627
21655556.49	5170332.26	601.399
21655628.64	5170312.25	151.548
21655700.78	5170292.24	333.847
21655772.93	5170272.23	663.645
21655845.08	5170252.23	422.816
21655917.22	5170232.22	203.884
21655989.37	5170212.21	160.512
21656061.52	5170192.2	34.2194
21656133.66	5170172.19	75.5928
21656205.81	5170152.19	259.356
21656277.96	5170132.18	174.549
21656350.1	5170112.17	280.665
21656422.25	5170092.16	698.126
21656494.4	5170072.15	621.466
21656566.54	5170052.15	544.245
21656638.69	5170032.14	666.141
21656710.84	5170012.13	760.461
21656782.98	5169992.12	742.487
21656855.13	5169972.11	686.272
21656927.28	5169952.11	645.937
21656999.42	5169932.1	620.678
21657071.57	5169912.09	556.476
21657143.72	5169892.08	456.613
21657215.86	5169872.07	329.907
21657288.01	5169852.07	95.1683
21657360.16	5169832.06	350.279
21657432.3	5169812.05	580.528
21657504.45	5169792.04	608.233
21657576.6	5169772.03	447.061
21657648.74	5169752.03	491.178
21657720.89	5169732.02	646.995
21657793.04	5169712.01	347.005
21657865.18	5169692	25.0164
21657937.33	5169671.99	1.20167
21658009.48	5169651.99	454.873
21658081.63	5169631.98	638.292
21658153.77	5169611.97	368.436
21658225.92	5169591.96	98.55
21658298.07	5169571.95	77.8628
21658370.21	5169551.94	115.681
21658442.36	5169531.94	198.826
21658514.51	5169511.93	99.7811
21658586.65	5169491.92	35.3517
21658658.8	5169471.91	183.411
21658730.95	5169451.9	35.7677
21658803.09	5169431.9	79.6139
21658875.24	5169411.89	11.5944
21658947.39	5169391.88	34.7404
21659019.53	5169371.87	33.1971
21659091.68	5169351.86	33.1592
21653267.42	5171043.29	140.382
21653339.57	5171023.28	120.159
21653411.72	5171003.27	114.768
21653483.86	5170983.26	114.486
21653556.01	5170963.26	194.026
21653628.16	5170943.25	161.482
21653700.3	5170923.24	178.953
21653772.45	5170903.23	284.866
21653844.6	5170883.22	439.212
21653916.74	5170863.21	531.034
21653988.89	5170843.21	355.212
21654061.04	5170823.2	268.019
21654133.18	5170803.19	349.654
21654205.33	5170783.18	460.387
21654277.48	5170763.17	388.236
21654349.62	5170743.17	243.893
21654421.77	5170723.16	102.674
21654493.92	5170703.15	82.5283
21654566.06	5170683.14	492.593
21654638.21	5170663.13	625.754
21654710.36	5170643.13	637.759
21654782.5	5170623.12	345.442
21654854.65	5170603.11	140.458
21654926.8	5170583.1	180.241
21654998.94	5170563.09	313.294
21655071.09	5170543.09	712.763
21655143.24	5170523.08	483.756
21655215.38	5170503.07	654.541
21655287.53	5170483.06	640.63
21655359.68	5170463.05	488.539
21655431.82	5170443.05	353.348
21655503.97	5170423.04	376.006
21655576.12	5170403.03	483.514
21655648.26	5170383.02	214.383
21655720.41	5170363.01	239.32
21655792.56	5170343.01	613.842
21655864.7	5170323	255.961
21655936.85	5170302.99	35.874
21656009	5170282.98	54.4839
21656081.14	5170262.97	35.3666
21656153.29	5170242.97	32.5858
21656225.44	5170222.96	22.6761
21656297.58	5170202.95	315.287
21656369.73	5170182.94	111.301
21656441.88	5170162.93	448.034
21656514.02	5170142.93	300.406
21656586.17	5170122.92	168.157
21656658.32	5170102.91	514.877
21656730.46	5170082.9	551.791
21656802.61	5170062.89	553.446
21656874.76	5170042.88	561.5
21656946.9	5170022.88	450.862
21657019.05	5170002.87	236.541
21657091.2	5169982.86	191.171
21657163.34	5169962.85	544.436
21657235.49	5169942.84	343.943
21657307.64	5169922.84	54.3811
21657379.78	5169902.83	86.505
21657451.93	5169882.82	628.337
21657524.08	5169862.81	635.736
21657596.22	5169842.8	595.862
21657668.37	5169822.8	558.752
21657740.52	5169802.79	644.972
21657812.66	5169782.78	75.5006
21657884.81	5169762.77	36.7231
21657956.96	5169742.76	167.976
21658029.1	5169722.76	435.478
21658101.25	5169702.75	556.637
21658173.4	5169682.74	361.593
21658245.54	5169662.73	75.7028
21658317.69	5169642.72	132.51
21658389.84	5169622.72	111.492
21658461.99	5169602.71	12.06
21658534.13	5169582.7	33.9304
21658606.28	5169562.69	32.231
21658678.43	5169542.68	45.1811
21658750.57	5169522.68	130.854
21658822.72	5169502.67	122.668
21658894.87	5169482.66	95.0117
21658967.01	5169462.65	23.0867
21659039.16	5169442.64	8.40667
21659111.31	5169422.64	35.8933
21653287.05	5171114.06	271.01
21653359.2	5171094.05	133.239
21653431.34	5171074.04	169.899
21653503.49	5171054.03	146.124
21653575.64	5171034.03	174.923
21653647.78	5171014.02	58.5761
21653719.93	5170994.01	35.1225
21653792.08	5170974	154.718
21653864.22	5170953.99	464.448
21653936.37	5170933.99	553.523
21654008.52	5170913.98	582.94
21654080.66	5170893.97	447.395
21654152.81	5170873.96	387.411
21654224.96	5170853.95	376.162
21654297.1	5170833.95	426.403
21654369.25	5170813.94	388.536
21654441.4	5170793.93	163.992
21654513.54	5170773.92	213.579
21654585.69	5170753.91	363.664
21654657.84	5170733.91	424.583
21654729.98	5170713.9	547.873
21654802.13	5170693.89	561.224
21654874.28	5170673.88	466.029
21654946.42	5170653.87	228.132
21655018.57	5170633.86	170.369
21655090.72	5170613.86	262.822
21655162.86	5170593.85	358.281
21655235.01	5170573.84	452.408
21655307.16	5170553.83	335.927
21655379.3	5170533.82	267.138
21655451.45	5170513.82	37.0838
21655523.6	5170493.81	451.579
21655595.74	5170473.8	234.649
21655667.89	5170453.79	36.9267
21655740.04	5170433.78	58.805
21655812.18	5170413.78	276.778
21655884.33	5170393.77	204.469
21655956.48	5170373.76	66.8778
21656028.62	5170353.75	36.4586
21656100.77	5170333.74	30.2227
21656172.92	5170313.74	33.7371
21656245.06	5170293.73	99.3461
21656317.21	5170273.72	311.691
21656389.36	5170253.71	200.768
21656461.5	5170233.7	563.606
21656533.65	5170213.7	263.722
21656605.8	5170193.69	295.727
21656677.94	5170173.68	322.762
21656750.09	5170153.67	462.02
21656822.24	5170133.66	417.555
21656894.38	5170113.66	321.026
21656966.53	5170093.65	195.098
21657038.68	5170073.64	63.6539
21657110.82	5170053.63	405.76
21657182.97	5170033.62	567.473
21657255.12	5170013.62	203.957
21657327.26	5169993.61	43.4794
21657399.41	5169973.6	147.625
21657471.56	5169953.59	754.535
21657543.7	5169933.58	659.212
21657615.85	5169913.57	462.615
21657688	5169893.57	280.934
21657760.14	5169873.56	561.312
21657832.29	5169853.55	105.039
21657904.44	5169833.54	35.2006
21657976.58	5169813.53	175.276
21658048.73	5169793.53	325.272
21658120.88	5169773.52	382.949
21658193.02	5169753.51	83.4583
21658265.17	5169733.5	88.46
21658337.32	5169713.49	397.528
21658409.46	5169693.49	313.35
21658481.61	5169673.48	266.607
21658553.76	5169653.47	174.464
21658625.91	5169633.46	37.0656
21658698.05	5169613.45	37.2148
21658770.2	5169593.45	148.192
21658842.35	5169573.44	264.702
21658914.49	5169553.43	273.803
21658986.64	5169533.42	256.581
21659058.79	5169513.41	183.409
21653306.68	5171184.83	437.046
21653378.82	5171164.82	251.286
21653450.97	5171144.81	68.9906
21653523.12	5171124.8	45.4861
21653595.26	5171104.8	271.583
21653667.41	5171084.79	115.632
21653739.56	5171064.78	24.2394
21653811.7	5171044.77	124.943
21653883.85	5171024.76	473.801
21653956	5171004.76	618.613
21654028.14	5170984.75	753.039
21654100.29	5170964.74	750.061
21654172.44	5170944.73	427.724
21654244.58	5170924.72	260.468
21654316.73	5170904.72	410.343
21654388.88	5170884.71	641.406
21654461.02	5170864.7	209.43
21654533.17	5170844.69	75.4394
21654605.32	5170824.68	306.46
21654677.46	5170804.68	327.673
21654749.61	5170784.67	457.678
21654821.76	5170764.66	619.236
21654893.9	5170744.65	566.153
21654966.05	5170724.64	324.956
21655038.2	5170704.64	174.014
21655110.34	5170684.63	359.301
21655182.49	5170664.62	420.829
21655254.64	5170644.61	418.538
21655326.78	5170624.6	188.601
21655398.93	5170604.6	186.691
21655471.08	5170584.59	77.7994
21655543.22	5170564.58	638.138
21655615.37	5170544.57	331.382
21655687.52	5170524.56	91.3872
21655759.66	5170504.56	90.9489
21655831.81	5170484.55	328.69
21655903.96	5170464.54	148.044
21655976.1	5170444.53	34.4948
21656048.25	5170424.52	33.7921
21656120.4	5170404.51	33.9272
21656192.54	5170384.51	7.42944
21656264.69	5170364.5	240.237
21656336.84	5170344.49	501.734
21656408.98	5170324.48	302.857
21656481.13	5170304.47	422.989
21656553.28	5170284.47	558.513
21656625.42	5170264.46	537.899
21656697.57	5170244.45	491.4
21656769.72	5170224.44	483.551
21656841.86	5170204.43	452.722
21656914.01	5170184.43	345.128
21656986.16	5170164.42	295.965
21657058.3	5170144.41	330.502
21657130.45	5170124.4	671.338
21657202.6	5170104.39	567.186
21657274.74	5170084.39	36.1011
21657346.89	5170064.38	4.62389
21657419.04	5170044.37	76.5439
21657491.18	5170024.36	470.384
21657563.33	5170004.35	708.958
21657635.48	5169984.35	493.231
21657707.62	5169964.34	238.985
21657779.77	5169944.33	621.266
21657851.92	5169924.32	214.729
21657924.06	5169904.31	6.11667
21657996.21	5169884.31	152.888
21658068.36	5169864.3	158.877
21658140.5	5169844.29	244.772
21658212.65	5169824.28	471.819
21658284.8	5169804.27	231.163
21658356.94	5169784.27	222.59
21658429.09	5169764.26	149.687
21658501.24	5169744.25	110.333
21658573.38	5169724.24	188.522
21658645.53	5169704.23	59.6156
21658717.68	5169684.22	30.7839
21658789.82	5169664.22	138.391
21658861.97	5169644.21	198.387
21658934.12	5169624.2	298.51
21659006.26	5169604.19	354.897
21659078.41	5169584.18	200.736
21653254.15	5171275.61	779.672
21653326.3	5171255.6	535.893
21653398.45	5171235.59	366.076
21653470.6	5171215.58	292.207
21653542.74	5171195.58	149.962
21653614.89	5171175.57	252.378
21653687.04	5171155.56	261.961
21653759.18	5171135.55	0.869444
21653831.33	5171115.54	46.2883
21653903.48	5171095.54	370.091
21653975.62	5171075.53	646.817
21654047.77	5171055.52	756.467
21654119.92	5171035.51	562.464
21654192.06	5171015.5	335.738
21654264.21	5170995.49	343.878
21654336.36	5170975.49	263.059
21654408.5	5170955.48	196.506
21654480.65	5170935.47	93.2922
21654552.8	5170915.46	95.5106
21654624.94	5170895.45	229.438
21654697.09	5170875.45	401.759
21654769.24	5170855.44	489.543
21654841.38	5170835.43	647.225
21654913.53	5170815.42	486.273
21654985.68	5170795.41	213.107
21655057.82	5170775.41	103.402
21655129.97	5170755.4	265.95
21655202.12	5170735.39	209.766
21655274.26	5170715.38	174.005
21655346.41	5170695.37	92.4361
21655418.56	5170675.37	108.643
21655490.7	5170655.36	149.01
21655562.85	5170635.35	496.989
21655635	5170615.34	484.637
21655707.14	5170595.33	179.757
21655779.29	5170575.33	36.1798
21655851.44	5170555.32	18.3989
21655923.58	5170535.31	39.8744
21655995.73	5170515.3	29.0084
21656067.88	5170495.29	28.856
21656140.02	5170475.29	32.6923
21656212.17	5170455.28	36.6752
21656284.32	5170435.27	246.677
21656356.46	5170415.26	493.393
21656428.61	5170395.25	335.854
21656500.76	5170375.25	357.661
21656572.9	5170355.24	562.137
21656645.05	5170335.23	717.164
21656717.2	5170315.22	672.447
21656789.34	5170295.21	523.598
21656861.49	5170275.21	570.286
21656933.64	5170255.2	647.573
21657005.78	5170235.19	545.732
21657077.93	5170215.18	504.689
21657150.08	5170195.17	703.599
21657222.22	5170175.16	385.316
21657294.37	5170155.16	35.9291
21657366.52	5170135.15	31.8761
21657438.66	5170115.14	27.9081
21657510.81	5170095.13	521.429
21657582.96	5170075.12	610.458
21657655.1	5170055.12	355.406
21657727.25	5170035.11	91.5889
21657799.4	5170015.1	165.471
21657871.54	5169995.09	383.238
21657943.69	5169975.08	289.949
21658015.84	5169955.08	282.933
21658087.98	5169935.07	111.879
21658160.13	5169915.06	282.084
21658232.28	5169895.05	600.747
21658304.42	5169875.04	515.459
21658376.57	5169855.04	118.658
21658448.72	5169835.03	14.3339
21658520.86	5169815.02	1.18389
21658593.01	5169795.01	113.397
21658665.16	5169775	242.798
21658737.3	5169755	270.289
21658809.45	5169734.99	348.339
21658881.6	5169714.98	491.131
21658953.74	5169694.97	443.182
21659025.89	5169674.96	453.234
21659098.04	5169654.96	215.273
21653273.78	5171346.38	803.249
21653345.93	5171326.37	567.193
21653418.07	5171306.36	475.229
21653490.22	5171286.35	390.952
21653562.37	5171266.35	267.407
21653634.51	5171246.34	158.822
21653706.66	5171226.33	163.648
21653778.81	5171206.32	168.247
21653850.96	5171186.31	195.556
21653923.1	5171166.31	336.187
21653995.25	5171146.3	523.528
21654067.4	5171126.29	704.146
21654139.54	5171106.28	296.598
21654211.69	5171086.27	64.3906
21654283.84	5171066.27	128.301
21654355.98	5171046.26	93.4228
21654428.13	5171026.25	54.7283
21654500.28	5171006.24	98.6033
21654572.42	5170986.23	113.414
21654644.57	5170966.23	338.146
21654716.72	5170946.22	579.374
21654788.86	5170926.21	638.302
21654861.01	5170906.2	551.309
21654933.16	5170886.19	303.557
21655005.3	5170866.18	38.9578
21655077.45	5170846.18	287.495
21655149.6	5170826.17	358.958
21655221.74	5170806.16	323.978
21655293.89	5170786.15	41.2022
21655366.04	5170766.14	155.806
21655438.18	5170746.14	277.92
21655510.33	5170726.13	306.747
21655582.48	5170706.12	461.029
21655654.62	5170686.11	394.602
21655726.77	5170666.1	185.754
21655798.92	5170646.1	33.8702
21655871.06	5170626.09	31.3822
21655943.21	5170606.08	32.9688
21656015.36	5170586.07	32.7632
21656087.5	5170566.06	26.7194
21656159.65	5170546.06	33.3084
21656231.8	5170526.05	32.6853
21656303.94	5170506.04	29.355
21656376.09	5170486.03	91.52
21656448.24	5170466.02	108.272
21656520.38	5170446.02	79.1306
21656592.53	5170426.01	73.1689
21656664.68	5170406	499.95
21656736.82	5170385.99	594.802
21656808.97	5170365.98	744.139
21656881.12	5170345.98	613.437
21656953.26	5170325.97	763.548
21657025.41	5170305.96	687.217
21657097.56	5170285.95	748.774
21657169.7	5170265.94	448.286
21657241.85	5170245.94	153.331
21657314	5170225.93	102.587
21657386.14	5170205.92	65.2139
21657458.29	5170185.91	37.3909
21657530.44	5170165.9	36.0625
21657602.58	5170145.9	590.792
21657674.73	5170125.89	502.126
21657746.88	5170105.88	163.752
21657819.02	5170085.87	422.386
21657891.17	5170065.86	626.827
21657963.32	5170045.85	646.586
21658035.46	5170025.85	452.221
21658107.61	5170005.84	331.299
21658179.76	5169985.83	375.821
21658251.9	5169965.82	463.893
21658324.05	5169945.81	649.329
21658396.2	5169925.81	283.553
21658468.34	5169905.8	90.6189
21658540.49	5169885.79	14.6144
21658612.64	5169865.78	6.04556
21658684.78	5169845.77	202.676
21658756.93	5169825.77	290.863
21658829.08	5169805.76	436.166
21658901.22	5169785.75	534.877
21658973.37	5169765.74	456.227
21659045.52	5169745.73	529.689
21653293.41	5171417.15	783.372
21653365.55	5171397.14	424.474
21653437.7	5171377.13	446.791
21653509.85	5171357.12	529.009
21653581.99	5171337.12	237.252
21653654.14	5171317.11	85.6544
21653726.29	5171297.1	146.382
21653798.43	5171277.09	176.456
21653870.58	5171257.08	208.29
21653942.73	5171237.08	444.51
21654014.87	5171217.07	644.139
21654087.02	5171197.06	654.272
21654159.17	5171177.05	368.564
21654231.32	5171157.04	103.52
21654303.46	5171137.04	129.452
21654375.61	5171117.03	86.2956
21654447.76	5171097.02	48.7883
21654519.9	5171077.01	280.285
21654592.05	5171057	349.494
21654664.2	5171037	495.441
21654736.34	5171016.99	526.544
21654808.49	5170996.98	528.578
21654880.64	5170976.97	496.845
21654952.78	5170956.96	368.822
21655024.93	5170936.96	256.263
21655097.08	5170916.95	217.036
21655169.22	5170896.94	347.677
21655241.37	5170876.93	324.226
21655313.52	5170856.92	48.5239
21655385.66	5170836.92	198.043
21655457.81	5170816.91	290.041
21655529.96	5170796.9	371.353
21655602.1	5170776.89	139.68
21655674.25	5170756.88	33.283
21655746.4	5170736.88	28.5521
21655818.54	5170716.87	24.3787
21655890.69	5170696.86	26.8906
21655962.84	5170676.85	28.5075
21656034.98	5170656.84	30.268
21656107.13	5170636.83	37.5112
21656179.28	5170616.83	37.5608
21656251.42	5170596.82	37.3216
21656323.57	5170576.81	32.9461
21656395.72	5170556.8	35.6397
21656467.86	5170536.79	17.2717
21656540.01	5170516.79	50.8428
21656612.16	5170496.78	34.3293
21656684.3	5170476.77	412.568
21656756.45	5170456.76	479.287
21656828.6	5170436.75	184.092
21656900.74	5170416.75	111.356
21656972.89	5170396.74	90.6639
21657045.04	5170376.73	606.407
21657117.18	5170356.72	651.573
21657189.33	5170336.71	460.361
21657261.48	5170316.71	210.417
21657333.62	5170296.7	297.193
21657405.77	5170276.69	363.354
21657477.92	5170256.68	403.782
21657550.06	5170236.67	354.179
21657622.21	5170216.67	759.314
21657694.36	5170196.66	677.692
21657766.5	5170176.65	595.37
21657838.65	5170156.64	526.871
21657910.8	5170136.63	711.752
21657982.94	5170116.63	635.4
21658055.09	5170096.62	385.462
21658127.24	5170076.61	240.723
21658199.38	5170056.6	246.567
21658271.53	5170036.59	55.0639
21658343.68	5170016.59	542.127
21658415.82	5169996.58	675.874
21658487.97	5169976.57	261.327
21658560.12	5169956.56	31.9911
21658632.26	5169936.55	33.123
21658704.41	5169916.55	36.6159
21658776.56	5169896.54	83.2733
21658848.7	5169876.53	183.598
21658920.85	5169856.52	314.343
21658993	5169836.51	389.555
21659065.14	5169816.5	487.517
21653313.03	5171487.92	667.509
21653385.18	5171467.91	312.248
21653457.33	5171447.9	410.058
21653529.47	5171427.9	661.718
21653601.62	5171407.89	715.136
21653673.77	5171387.88	422.757
21653745.91	5171367.87	331.721
21653818.06	5171347.86	210.654
21653890.21	5171327.86	106.371
21653962.35	5171307.85	217.723
21654034.5	5171287.84	311.911
21654106.65	5171267.83	405.758
21654178.79	5171247.82	469.688
21654250.94	5171227.82	197.269
21654323.09	5171207.81	147.493
21654395.23	5171187.8	106.134
21654467.38	5171167.79	144.756
21654539.53	5171147.78	376.832
21654611.67	5171127.77	372.122
21654683.82	5171107.77	439.696
21654755.97	5171087.76	580.549
21654828.12	5171067.75	397.052
21654900.26	5171047.74	236.211
21654972.41	5171027.73	379.196
21655044.56	5171007.73	124.176
21655116.7	5170987.72	129.259
21655188.85	5170967.71	36.9423
21655261	5170947.7	146.787
21655333.14	5170927.69	25.7867
21655405.29	5170907.69	236.467
21655477.44	5170887.68	195.854
21655549.58	5170867.67	126.843
21655621.73	5170847.66	31.8036
21655693.88	5170827.65	25.4273
21655766.02	5170807.65	461.287
21655838.17	5170787.64	102.225
21655910.32	5170767.63	37.3438
21655982.46	5170747.62	151.941
21656054.61	5170727.61	42.7333
21656126.76	5170707.61	222.35
21656198.9	5170687.6	412.801
21656271.05	5170667.59	396.631
21656343.2	5170647.58	83.3356
21656415.34	5170627.57	41.4817
21656487.49	5170607.57	311.682
21656559.64	5170587.56	274.109
21656631.78	5170567.55	217.901
21656703.93	5170547.54	521.441
21656776.08	5170527.53	196.174
21656848.22	5170507.53	35.5101
21656920.37	5170487.52	31.9716
21656992.52	5170467.51	32.8867
21657064.66	5170447.5	195.931
21657136.81	5170427.49	541.044
21657208.96	5170407.48	268.118
21657281.1	5170387.48	37.8524
21657353.25	5170367.47	290.474
21657425.4	5170347.46	391.51
21657497.54	5170327.45	218.864
21657569.69	5170307.44	215.031
21657641.84	5170287.44	198.378
21657713.98	5170267.43	563.897
21657786.13	5170247.42	640.152
21657858.28	5170227.41	522.164
21657930.42	5170207.4	273.536
21658002.57	5170187.4	262.493
21658074.72	5170167.39	82.6978
21658146.86	5170147.38	35.7733
21658219.01	5170127.37	37.801
21658291.16	5170107.36	102.378
21658363.3	5170087.36	571.185
21658435.45	5170067.35	689.733
21658507.6	5170047.34	391.81
21658579.74	5170027.33	316.186
21658651.89	5170007.32	91.1744
21658724.04	5169987.32	158.141
21658796.18	5169967.31	178.538
21658868.33	5169947.3	61.105
21658940.48	5169927.29	100.4
21659012.62	5169907.28	228.891
21659084.77	5169887.28	249.921
21653260.51	5171578.7	739.764
21653332.66	5171558.69	418.425
21653404.81	5171538.68	283.684
21653476.95	5171518.67	427.264
21653549.1	5171498.67	529.851
21653621.25	5171478.66	479.646
21653693.39	5171458.65	410.208
21653765.54	5171438.64	245.107
21653837.69	5171418.63	277.405
21653909.83	5171398.63	289.849
21653981.98	5171378.62	266.348
21654054.13	5171358.61	455.598
21654126.27	5171338.6	683.741
21654198.42	5171318.59	729.551
21654270.57	5171298.59	148.164
21654342.71	5171278.58	139.497
21654414.86	5171258.57	237.67
21654487.01	5171238.56	326.338
21654559.15	5171218.55	537.819
21654631.3	5171198.55	586.526
21654703.45	5171178.54	764.557
21654775.59	5171158.53	742.832
21654847.74	5171138.52	387.067
21654919.89	5171118.51	220.131
21654992.04	5171098.51	207.939
21655064.18	5171078.5	173.458
21655136.33	5171058.49	229.186
21655208.48	5171038.48	115.626
21655280.62	5171018.47	93.0961
21655352.77	5170998.47	53.0333
21655424.92	5170978.46	188.362
21655497.06	5170958.45	131.006
21655569.21	5170938.44	32.0741
21655641.36	5170918.43	25.4009
21655713.5	5170898.42	34.968
21655785.65	5170878.42	646.634
21655857.8	5170858.41	517.167
21655929.94	5170838.4	233.524
21656002.09	5170818.39	183.317
21656074.24	5170798.38	156.808
21656146.38	5170778.38	269.823
21656218.53	5170758.37	539.276
21656290.68	5170738.36	455.219
21656362.82	5170718.35	196.922
21656434.97	5170698.34	81.285
21656507.12	5170678.34	537.153
21656579.26	5170658.33	600.599
21656651.41	5170638.32	668.605
21656723.56	5170618.31	756.929
21656795.7	5170598.3	322.708
21656867.85	5170578.3	3.08889
21656940	5170558.29	29.8242
21657012.14	5170538.28	24.2814
21657084.29	5170518.27	74.2456
21657156.44	5170498.26	507.671
21657228.58	5170478.26	760.727
21657300.73	5170458.25	189.982
21657372.88	5170438.24	258.001
21657445.02	5170418.23	374.052
21657517.17	5170398.22	257.828
21657589.32	5170378.22	441.958
21657661.46	5170358.21	268.295
21657733.61	5170338.2	15.8872
21657805.76	5170318.19	599.729
21657877.9	5170298.18	670.924
21657950.05	5170278.18	250.264
21658022.2	5170258.17	225.685
21658094.34	5170238.16	222.382
21658166.49	5170218.15	382.201
21658238.64	5170198.14	132.125
21658310.78	5170178.13	351.859
21658382.93	5170158.13	562.081
21658455.08	5170138.12	520.942
21658527.22	5170118.11	434.178
21658599.37	5170098.1	451.421
21658671.52	5170078.09	138.386
21658743.66	5170058.09	245.146
21658815.81	5170038.08	129.34
21658887.96	5170018.07	96.32
21658960.1	5169998.06	118.857
21659032.25	5169978.05	196.226
21659104.4	5169958.05	129.27
21653280.14	5171649.47	743.437
21653352.29	5171629.46	635.536
21653424.43	5171609.45	315.453
21653496.58	5171589.45	314.77
21653568.73	5171569.44	349.611
21653640.87	5171549.43	250.934
21653713.02	5171529.42	264.959
21653785.17	5171509.41	310.328
21653857.31	5171489.4	262.109
21653929.46	5171469.4	351.372
21654001.61	5171449.39	311.855
21654073.75	5171429.38	191.602
21654145.9	5171409.37	542.599
21654218.05	5171389.36	641.792
21654290.19	5171369.36	437.191
21654362.34	5171349.35	332.423
21654434.49	5171329.34	386.585
21654506.63	5171309.33	521.36
21654578.78	5171289.32	515.902
21654650.93	5171269.32	607.659
21654723.07	5171249.31	701.37
21654795.22	5171229.3	685.159
21654867.37	5171209.29	519.984
21654939.51	5171189.28	287.269
21655011.66	5171169.28	163.043
21655083.81	5171149.27	206.936
21655155.95	5171129.26	208.213
21655228.1	5171109.25	70.4011
21655300.25	5171089.24	18.7172
21655372.39	5171069.24	37.9827
21655444.54	5171049.23	50.8467
21655516.69	5171029.22	36.1102
21655588.84	5171009.21	31.6812
21655660.98	5170989.2	159.172
21655733.13	5170969.2	601.82
21655805.28	5170949.19	778.098
21655877.42	5170929.18	630.518
21655949.57	5170909.17	357.676
21656021.72	5170889.16	258.283
21656093.86	5170869.16	94.47
21656166.01	5170849.15	281.082
21656238.16	5170829.14	534.582
21656310.3	5170809.13	382.198
21656382.45	5170789.12	454.35
21656454.6	5170769.11	492.282
21656526.74	5170749.11	607.377
21656598.89	5170729.1	524.208
21656671.04	5170709.09	512.318
21656743.18	5170689.08	626.081
21656815.33	5170669.07	652.949
21656887.48	5170649.07	449.906
21656959.62	5170629.06	95.8589
21657031.77	5170609.05	114.917
21657103.92	5170589.04	144.926
21657176.06	5170569.03	394.269
21657248.21	5170549.03	545.529
21657320.36	5170529.02	594.934
21657392.5	5170509.01	625.317
21657464.65	5170489	568.907
21657536.8	5170468.99	372.792
21657608.94	5170448.99	530.054
21657681.09	5170428.98	502.868
21657753.24	5170408.97	83.4911
21657825.38	5170388.96	639.472
21657897.53	5170368.95	464.826
21657969.68	5170348.95	286.321
21658041.82	5170328.94	307.321
21658113.97	5170308.93	647.412
21658186.12	5170288.92	393.418
21658258.26	5170268.91	343.219
21658330.41	5170248.91	475.445
21658402.56	5170228.9	579.319
21658474.7	5170208.89	624.337
21658546.85	5170188.88	604.526
21658619	5170168.87	505.636
21658691.14	5170148.87	295.303
21658763.29	5170128.86	428.833
21658835.44	5170108.85	437.258
21658907.58	5170088.84	411.578
21658979.73	5170068.83	381.516
21659051.88	5170048.83	161.24
21653299.77	5171720.24	783.574
21653371.91	5171700.23	545.569
21653444.06	5171680.22	548.076
21653516.21	5171660.22	261.763
21653588.35	5171640.21	157.104
21653660.5	5171620.2	151.451
21653732.65	5171600.19	283.879
21653804.79	5171580.18	482.779
21653876.94	5171560.18	176.002
21653949.09	5171540.17	334.114
21654021.23	5171520.16	354.236
21654093.38	5171500.15	352.513
21654165.53	5171480.14	142.168
21654237.67	5171460.14	666.566
21654309.82	5171440.13	805.895
21654381.97	5171420.12	656.887
21654454.11	5171400.11	554.919
21654526.26	5171380.1	367.161
21654598.41	5171360.09	329.944
21654670.55	5171340.09	424.998
21654742.7	5171320.08	687.397
21654814.85	5171300.07	530.939
21654886.99	5171280.06	277.311
21654959.14	5171260.05	581.718
21655031.29	5171240.05	334.704
21655103.43	5171220.04	197.331
21655175.58	5171200.03	230.218
21655247.73	5171180.02	149.194
21655319.87	5171160.01	80.1206
21655392.02	5171140.01	78.5456
21655464.17	5171120	117.508
21655536.31	5171099.99	66.5794
21655608.46	5171079.98	37.3861
21655680.61	5171059.97	363.772
21655752.76	5171039.97	741.44
21655824.9	5171019.96	650.958
21655897.05	5170999.95	595.838
21655969.2	5170979.94	490.659
21656041.34	5170959.93	390.471
21656113.49	5170939.93	340.387
21656185.64	5170919.92	619.216
21656257.78	5170899.91	629.319
21656329.93	5170879.9	660.379
21656402.08	5170859.89	654.027
21656474.22	5170839.89	551.889
21656546.37	5170819.88	660.854
21656618.52	5170799.87	514.603
21656690.66	5170779.86	252.168
21656762.81	5170759.85	235.522
21656834.96	5170739.85	480.951
21656907.1	5170719.84	530.404
21656979.25	5170699.83	436.589
21657051.4	5170679.82	400.327
21657123.54	5170659.81	511.736
21657195.69	5170639.81	630.153
21657267.84	5170619.8	715.866
21657339.98	5170599.79	729.657
21657412.13	5170579.78	724.971
21657484.28	5170559.77	737.539
21657556.42	5170539.76	393.083
21657628.57	5170519.76	305.172
21657700.72	5170499.75	424.683
21657772.86	5170479.74	571.756
21657845.01	5170459.73	635.984
21657917.16	5170439.72	244.934
21657989.3	5170419.72	21.0244
21658061.45	5170399.71	170.078
21658133.6	5170379.7	458.884
21658205.74	5170359.69	269.57
21658277.89	5170339.68	457.673
21658350.04	5170319.68	570.828
21658422.18	5170299.67	678.629
21658494.33	5170279.66	713.083
21658566.48	5170259.65	616.531
21658638.62	5170239.64	358.334
21658710.77	5170219.64	152.69
21658782.92	5170199.63	267.986
21658855.06	5170179.62	236.673
21658927.21	5170159.61	103.168
21658999.36	5170139.6	225.712
21659071.5	5170119.6	259.989
21653247.25	5171811.02	676.612
21653319.39	5171791.01	599.357
21653391.54	5171771	323.347
21653463.69	5171750.99	464.355
21653535.83	5171730.99	424.166
21653607.98	5171710.98	443.238
21653680.13	5171690.97	357.048
21653752.27	5171670.96	181.974
21653824.42	5171650.95	193.367
21653896.57	5171630.95	164.941
21653968.71	5171610.94	226.992
21654040.86	5171590.93	366.188
21654113.01	5171570.92	234.573
21654185.15	5171550.91	258.848
21654257.3	5171530.91	542.476
21654329.45	5171510.9	640.542
21654401.59	5171490.89	644.414
21654473.74	5171470.88	644.186
21654545.89	5171450.87	397.383
21654618.03	5171430.87	215.188
21654690.18	5171410.86	215.909
21654762.33	5171390.85	568.675
21654834.47	5171370.84	634.572
21654906.62	5171350.83	405.765
21654978.77	5171330.83	507.392
21655050.91	5171310.82	311.807
21655123.06	5171290.81	139.346
21655195.21	5171270.8	183.666
21655267.35	5171250.79	206.581
21655339.5	5171230.79	137.082
21655411.65	5171210.78	148.711
21655483.79	5171190.77	117.995
21655555.94	5171170.76	61.6961
21655628.09	5171150.75	37.7438
21655700.23	5171130.74	372.641
21655772.38	5171110.74	487.352
21655844.53	5171090.73	614.442
21655916.67	5171070.72	555.968
21655988.82	5171050.71	359.463
21656060.97	5171030.7	334.927
21656133.11	5171010.7	357.934
21656205.26	5170990.69	615.425
21656277.41	5170970.68	701.179
21656349.56	5170950.67	668.967
21656421.7	5170930.66	638.903
21656493.85	5170910.66	543.376
21656566	5170890.65	512.429
21656638.14	5170870.64	431.286
21656710.29	5170850.63	287.148
21656782.44	5170830.62	102.933
21656854.58	5170810.62	399.983
21656926.73	5170790.61	361.68
21656998.88	5170770.6	636.021
21657071.02	5170750.59	577.458
21657143.17	5170730.58	657.407
21657215.32	5170710.58	615.661
21657287.46	5170690.57	692.448
21657359.61	5170670.56	783.459
21657431.76	5170650.55	750.656
21657503.9	5170630.54	738.143
21657576.05	5170610.54	400.562
21657648.2	5170590.53	84.275
21657720.34	5170570.52	37.0377
21657792.49	5170550.51	413.092
21657864.64	5170530.5	563.977
21657936.78	5170510.5	452.138
21658008.93	5170490.49	335.401
21658081.08	5170470.48	223.082
21658153.22	5170450.47	191.218
21658225.37	5170430.46	18.7161
21658297.52	5170410.46	171.588
21658369.66	5170390.45	521.948
21658441.81	5170370.44	537.605
21658513.96	5170350.43	660.949
21658586.1	5170330.42	692.128
21658658.25	5170310.41	318.127
21658730.4	5170290.41	311.616
21658802.54	5170270.4	306.183
21658874.69	5170250.39	292.394
21658946.84	5170230.38	321.978
21659018.98	5170210.37	314.449
21659091.13	5170190.37	378.047
21653266.87	5171881.79	754.891
21653339.02	5171861.78	527.124
21653411.17	5171841.77	412.034
21653483.31	5171821.77	451.218
21653555.46	5171801.76	583.645
21653627.61	5171781.75	734.473
21653699.75	5171761.74	714.578
21653771.9	5171741.73	387.682
21653844.05	5171721.73	195.972
21653916.19	5171701.72	195.028
21653988.34	5171681.71	225.217
21654060.49	5171661.7	262.608
21654132.63	5171641.69	312.946
21654204.78	5171621.68	298.679
21654276.93	5171601.68	374.404
21654349.07	5171581.67	490.421
21654421.22	5171561.66	548.224
21654493.37	5171541.65	559.594
21654565.51	5171521.64	452.327
21654637.66	5171501.64	251.407
21654709.81	5171481.63	230.932
21654781.95	5171461.62	503.659
21654854.1	5171441.61	415.819
21654926.25	5171421.6	232.156
21654998.39	5171401.6	176.434
21655070.54	5171381.59	85.3311
21655142.69	5171361.58	64.5856
21655214.83	5171341.57	157.443
21655286.98	5171321.56	127.693
21655359.13	5171301.56	96.1733
21655431.27	5171281.55	34.3367
21655503.42	5171261.54	48.3817
21655575.57	5171241.53	135.862
21655647.71	5171221.52	53.3422
21655719.86	5171201.52	452.916
21655792.01	5171181.51	381.466
21655864.15	5171161.5	300.936
21655936.3	5171141.49	381.117
21656008.45	5171121.48	348.026
21656080.59	5171101.48	335.794
21656152.74	5171081.47	413.778
21656224.89	5171061.46	742.587
21656297.03	5171041.45	718.8
21656369.18	5171021.44	759.109
21656441.33	5171001.44	510.108
21656513.48	5170981.43	557.996
21656585.62	5170961.42	407.231
21656657.77	5170941.41	315.402
21656729.91	5170921.4	123.502
21656802.06	5170901.39	37.3179
21656874.21	5170881.39	75.8306
21656946.36	5170861.38	158.691
21657018.5	5170841.37	567.526
21657090.65	5170821.36	658.985
21657162.8	5170801.35	487.373
21657234.94	5170781.35	492.023
21657307.09	5170761.34	605.689
21657379.24	5170741.33	653.636
21657451.38	5170721.32	727.118
21657523.53	5170701.31	581.224
21657595.68	5170681.31	207.338
21657667.82	5170661.3	30.7281
21657739.97	5170641.29	24.6283
21657812.12	5170621.28	162.331
21657884.26	5170601.27	552.455
21657956.41	5170581.27	698.503
21658028.56	5170561.26	741.2
21658100.7	5170541.25	502.396
21658172.85	5170521.24	124.918
21658245	5170501.23	8.14
21658317.14	5170481.23	366.207
21658389.29	5170461.22	563.163
21658461.44	5170441.21	773.66
21658533.58	5170421.2	844.539
21658605.73	5170401.19	668.85
21658677.88	5170381.19	200.371
21658750.02	5170361.18	212.053
21658822.17	5170341.17	329.514
21658894.32	5170321.16	484.959
21658966.46	5170301.15	637.791
21659038.61	5170281.15	651.711
21653286.5	5171952.56	787.51
21653358.65	5171932.55	323.426
21653430.79	5171912.54	378.801
21653502.94	5171892.54	400.546
21653575.09	5171872.53	511.656
21653647.23	5171852.52	679.496
21653719.38	5171832.51	787.805
21653791.53	5171812.5	691.147
21653863.67	5171792.5	459.723
21653935.82	5171772.49	267.896
21654007.97	5171752.48	326.377
21654080.11	5171732.47	297.562
21654152.26	5171712.46	327.804
21654224.41	5171692.46	400.09
21654296.55	5171672.45	560.898
21654368.7	5171652.44	642.66
21654440.85	5171632.43	532.461
21654512.99	5171612.42	525.7
21654585.14	5171592.42	477.928
21654657.29	5171572.41	301.358
21654729.43	5171552.4	240.818
21654801.58	5171532.39	495.414
21654873.73	5171512.38	392.439
21654945.87	5171492.37	187.912
21655018.02	5171472.37	75.525
21655090.17	5171452.36	7.19444
21655162.31	5171432.35	37.9762
21655234.46	5171412.34	12.685
21655306.61	5171392.33	98.4183
21655378.75	5171372.33	154.46
21655450.9	5171352.32	65.7561
21655523.05	5171332.31	7.61222
21655595.19	5171312.3	37.6103
21655667.34	5171292.29	17.8411
21655739.49	5171272.29	371.662
21655811.63	5171252.28	507.414
21655883.78	5171232.27	478.425
21655955.93	5171212.26	153.958
21656028.07	5171192.25	203.116
21656100.22	5171172.25	305.562
21656172.37	5171152.24	478.793
21656244.51	5171132.23	520.649
21656316.66	5171112.22	634.432
21656388.81	5171092.21	658.822
21656460.95	5171072.21	671.56
21656533.1	5171052.2	642.823
21656605.25	5171032.19	512.783
21656677.39	5171012.18	294.079
21656749.54	5170992.17	90.3283
21656821.69	5170972.17	85.2772
21656893.84	5170952.16	37.9383
21656965.98	5170932.15	160.04
21657038.13	5170912.14	487.02
21657110.27	5170892.13	686.55
21657182.42	5170872.13	630.058
21657254.57	5170852.12	522.682
21657326.72	5170832.11	430.456
21657398.86	5170812.1	475.092
21657471.01	5170792.09	595.756
21657543.16	5170772.09	667.788
21657615.3	5170752.08	49.6617
21657687.45	5170732.07	26.8239
21657759.6	5170712.06	26.1845
21657831.74	5170692.05	31.6994
21657903.89	5170672.04	612.999
21657976.04	5170652.04	659.862
21658048.18	5170632.03	667.589
21658120.33	5170612.02	596.147
21658192.48	5170592.01	271.882
21658264.62	5170572	191.556
21658336.77	5170552	198.617
21658408.92	5170531.99	639.827
21658481.06	5170511.98	822.341
21658553.21	5170491.97	726.24
21658625.36	5170471.96	632.814
21658697.5	5170451.96	388.219
21658769.65	5170431.95	406.057
21658841.8	5170411.94	451.324
21658913.94	5170391.93	527.764
21658986.09	5170371.92	647.693
21659058.24	5170351.92	698.18
21653306.13	5172023.33	492.537
21653378.27	5172003.32	352.279
21653450.42	5171983.31	402.889
21653522.57	5171963.31	417.254
21653594.71	5171943.3	708.329
21653666.86	5171923.29	799.906
21653739.01	5171903.28	798.139
21653811.15	5171883.27	751.691
21653883.3	5171863.27	613.141
21653955.45	5171843.26	359.485
21654027.59	5171823.25	360.708
21654099.74	5171803.24	426.747
21654171.89	5171783.23	459.902
21654244.03	5171763.23	462.374
21654316.18	5171743.22	591.163
21654388.33	5171723.21	675.418
21654460.47	5171703.2	595.172
21654532.62	5171683.19	519.029
21654604.77	5171663.19	396.843
21654676.91	5171643.18	256.975
21654749.06	5171623.17	125.778
21654821.21	5171603.16	401.592
21654893.35	5171583.15	323.427
21654965.5	5171563.15	106.279
21655037.65	5171543.14	48.8033
21655109.79	5171523.13	13.9928
21655181.94	5171503.12	4.57167
21655254.09	5171483.11	37.9134
21655326.23	5171463.11	89.9933
21655398.38	5171443.1	96.5083
21655470.53	5171423.09	43.3156
21655542.67	5171403.08	35.3395
21655614.82	5171383.07	35.1777
21655686.97	5171363.07	32.5448
21655759.11	5171343.06	480.917
21655831.26	5171323.05	552.878
21655903.41	5171303.04	486.857
21655975.55	5171283.03	155.372
21656047.7	5171263.02	142.455
21656119.85	5171243.02	174.114
21656191.99	5171223.01	407.291
21656264.14	5171203	521.356
21656336.29	5171182.99	502.756
21656408.43	5171162.98	505.177
21656480.58	5171142.98	475.741
21656552.73	5171122.97	443.863
21656624.87	5171102.96	328.578
21656697.02	5171082.95	220.092
21656769.17	5171062.94	37.2472
21656841.31	5171042.94	37.137
21656913.46	5171022.93	32.8507
21656985.61	5171002.92	180.718
21657057.75	5170982.91	426.161
21657129.9	5170962.9	424.02
21657202.05	5170942.9	408.884
21657274.19	5170922.89	374.235
21657346.34	5170902.88	382.808
21657418.49	5170882.87	425.359
21657490.64	5170862.86	555.153
21657562.78	5170842.86	475.969
21657634.93	5170822.85	32.91
21657707.08	5170802.84	30.2381
21657779.22	5170782.83	33.6591
21657851.37	5170762.82	47.3589
21657923.52	5170742.82	425.595
21657995.66	5170722.81	621.227
21658067.81	5170702.8	547.706
21658139.96	5170682.79	321.484
21658212.1	5170662.78	293.574
21658284.25	5170642.78	104.086
21658356.4	5170622.77	65.145
21658428.54	5170602.76	670.243
21658500.69	5170582.75	637.023
21658572.84	5170562.74	696.821
21658644.98	5170542.74	686.243
21658717.13	5170522.73	579.738
21658789.28	5170502.72	469.337
21658861.42	5170482.71	476.521
21658933.57	5170462.7	563.342
21659005.72	5170442.69	552.042
21659077.86	5170422.69	675.33
21653253.61	5172114.11	462.336
21653325.75	5172094.1	301.034
21653397.9	5172074.09	395.443
21653470.05	5172054.09	474.461
21653542.19	5172034.08	463.882
21653614.34	5172014.07	679.043
21653686.49	5171994.06	612.011
21653758.63	5171974.05	627.965
21653830.78	5171954.05	688.932
21653902.93	5171934.04	564.161
21653975.07	5171914.03	446.648
21654047.22	5171894.02	432.817
21654119.37	5171874.01	465.131
21654191.51	5171854	510.994
21654263.66	5171834	547.38
21654335.81	5171813.99	634.063
21654407.95	5171793.98	666.433
21654480.1	5171773.97	523.208
21654552.25	5171753.96	375.292
21654624.39	5171733.96	235.241
21654696.54	5171713.95	215.166
21654768.69	5171693.94	222.074
21654840.83	5171673.93	414.901
21654912.98	5171653.92	315.436
21654985.13	5171633.92	61.99
21655057.27	5171613.91	46.86
21655129.42	5171593.9	37.4725
21655201.57	5171573.89	74.6367
21655273.71	5171553.88	59.4589
21655345.86	5171533.88	77.6078
21655418.01	5171513.87	37.0056
21655490.15	5171493.86	36.3074
21655562.3	5171473.85	33.5394
21655634.45	5171453.84	36.9687
21655706.59	5171433.84	41.7694
21655778.74	5171413.83	469.316
21655850.89	5171393.82	397.936
21655923.03	5171373.81	552.916
21655995.18	5171353.8	169.705
21656067.33	5171333.8	95.8022
21656139.47	5171313.79	157.079
21656211.62	5171293.78	523.141
21656283.77	5171273.77	650.565
21656355.91	5171253.76	388.731
21656428.06	5171233.76	313.9
21656500.21	5171213.75	172.679
21656572.35	5171193.74	138.763
21656644.5	5171173.73	35.8467
21656716.65	5171153.72	29.7092
21656788.79	5171133.72	30.3333
21656860.94	5171113.71	26.0228
21656933.09	5171093.7	23.0136
21657005.23	5171073.69	29.9194
21657077.38	5171053.68	151.612
21657149.53	5171033.67	161.673
21657221.67	5171013.67	53.6311
21657293.82	5170993.66	33.4417
21657365.97	5170973.65	8.93833
21657438.11	5170953.64	228.656
21657510.26	5170933.63	358.095
21657582.41	5170913.63	210.761
21657654.55	5170893.62	36.826
21657726.7	5170873.61	53.5883
21657798.85	5170853.6	127.542
21657870.99	5170833.59	211.257
21657943.14	5170813.59	553.589
21658015.29	5170793.58	504.37
21658087.44	5170773.57	394.783
21658159.58	5170753.56	262.031
21658231.73	5170733.55	222.056
21658303.88	5170713.55	93.995
21658376.02	5170693.54	117.843
21658448.17	5170673.53	462.047
21658520.32	5170653.52	654.397
21658592.46	5170633.51	712.683
21658664.61	5170613.51	730.826
21658736.76	5170593.5	577.622
21658808.9	5170573.49	535.001
21658881.05	5170553.48	472.509
21658953.2	5170533.47	523.94
21659025.34	5170513.47	535.538
21659097.49	5170493.46	666.33
21653273.23	5172184.88	333.7
21653345.38	5172164.87	343.364
21653417.53	5172144.86	321.976
21653489.67	5172124.86	273.344
21653561.82	5172104.85	578.511
21653633.97	5172084.84	616.049
21653706.11	5172064.83	447.483
21653778.26	5172044.82	316.078
21653850.41	5172024.82	362.968
21653922.55	5172004.81	447.968
21653994.7	5171984.8	535.697
21654066.85	5171964.79	524.017
21654138.99	5171944.78	353.459
21654211.14	5171924.78	400.783
21654283.29	5171904.77	547.772
21654355.43	5171884.76	701.248
21654427.58	5171864.75	619.309
21654499.73	5171844.74	437.72
21654571.87	5171824.74	265.906
21654644.02	5171804.73	94.8933
21654716.17	5171784.72	36.2631
21654788.31	5171764.71	21.9683
21654860.46	5171744.7	429.415
21654932.61	5171724.7	362.942
21655004.75	5171704.69	143.175
21655076.9	5171684.68	154.978
21655149.05	5171664.67	127.929
21655221.19	5171644.66	81.4289
21655293.34	5171624.65	53.6517
21655365.49	5171604.65	147.739
21655437.63	5171584.64	134.011
21655509.78	5171564.63	128.036
21655581.93	5171544.62	127.79
21655654.07	5171524.61	25.4072
21655726.22	5171504.61	147.635
21655798.37	5171484.6	584.759
21655870.51	5171464.59	540.393
21655942.66	5171444.58	564.705
21656014.81	5171424.57	84.0767
21656086.95	5171404.57	16.2828
21656159.1	5171384.56	23.3217
21656231.25	5171364.55	370.432
21656303.39	5171344.54	595.464
21656375.54	5171324.53	278.538
21656447.69	5171304.53	130.942
21656519.83	5171284.52	122.426
21656591.98	5171264.51	14.8928
21656664.13	5171244.5	36.8815
21656736.27	5171224.49	31.9538
21656808.42	5171204.49	25.7337
21656880.57	5171184.48	24.5143
21656952.71	5171164.47	21.6095
21657024.86	5171144.46	27.6622
21657097.01	5171124.45	34.0405
21657169.15	5171104.45	28.9718
21657241.3	5171084.44	25.2505
21657313.45	5171064.43	24.965
21657385.59	5171044.42	33.1131
21657457.74	5171024.41	36.9612
21657529.89	5171004.41	56.9011
21657602.03	5170984.4	162.892
21657674.18	5170964.39	33.5846
21657746.33	5170944.38	37.6465
21657818.47	5170924.37	80.6789
21657890.62	5170904.36	241.437
21657962.77	5170884.36	604.371
21658034.91	5170864.35	511.791
21658107.06	5170844.34	389.283
21658179.21	5170824.33	309.901
21658251.36	5170804.32	363.879
21658323.5	5170784.32	327.834
21658395.65	5170764.31	264.877
21658467.8	5170744.3	361.897
21658539.94	5170724.29	651.314
21658612.09	5170704.28	668.584
21658684.24	5170684.28	583.494
21658756.38	5170664.27	497.497
21658828.53	5170644.26	463.578
21658900.68	5170624.25	447.907
21658972.82	5170604.24	281.618
21659044.97	5170584.24	401.132
