21653307.22	5170346.33	9.50805
21653379.37	5170326.32	22.5582
21653451.52	5170306.31	23.5089
21653523.66	5170286.3	0.5
21653595.81	5170266.29	1.68615
21653667.96	5170246.29	0.5
21653740.1	5170226.28	0.5
21653812.25	5170206.27	19.7376
21653884.4	5170186.26	0.5
21653956.54	5170166.25	111.427
21654028.69	5170146.25	0.5
21654100.84	5170126.24	0.5
21654172.98	5170106.23	0.5
21654245.13	5170086.22	0.5
21654317.28	5170066.21	0.5
21654389.42	5170046.21	6.28031
21654461.57	5170026.2	13.6893
21654533.72	5170006.19	33.2359
21654605.86	5169986.18	37.4644
21654678.01	5169966.17	212.305
21654750.16	5169946.17	591.309
21654822.31	5169926.16	579.928
21654894.45	5169906.15	805.965
21654966.6	5169886.14	864.186
21655038.75	5169866.13	753.429
21655110.89	5169846.13	305.059
21655183.04	5169826.12	33.2167
21655255.19	5169806.11	37.6809
21655327.33	5169786.1	302.456
21655399.48	5169766.09	536.258
21653254.7	5170437.11	10.4715
21653326.85	5170417.1	11.3803
21653399	5170397.09	192.446
21653471.14	5170377.08	35.0133
21653543.29	5170357.07	0.5
21653615.44	5170337.07	0.5
21653687.58	5170317.06	0.5
21653759.73	5170297.05	26.8421
21653831.88	5170277.04	26.0735
21653904.02	5170257.03	27.7274
21653976.17	5170237.03	37.1839
21654048.32	5170217.02	37.779
21654120.46	5170197.01	0.5
21654192.61	5170177	0.5
21654264.76	5170156.99	0.5
21654336.9	5170136.98	0.5
21654409.05	5170116.98	0.5
21654481.2	5170096.97	0.5
21654553.34	5170076.96	25.7138
21654625.49	5170056.95	78.9694
21654697.64	5170036.94	268.321
21654769.78	5170016.94	563.383
21654841.93	5169996.93	686.653
21654914.08	5169976.92	652.215
21654986.23	5169956.91	547.221
21655058.37	5169936.9	642.673
21655130.52	5169916.9	425.634
21655202.66	5169896.89	36.0712
21655274.81	5169876.88	95.9239
21655346.96	5169856.87	356.298
21655419.11	5169836.86	546.313
21655491.25	5169816.86	520.033
21655563.4	5169796.85	348.57
21655635.55	5169776.84	95.0317
21655707.69	5169756.83	37.162
21655779.84	5169736.82	24.9414
21655851.99	5169716.82	0.5
21655924.13	5169696.81	0.5
21655996.28	5169676.8	0.5
21656068.43	5169656.79	0.5
21656140.57	5169636.78	0.5
21656212.72	5169616.78	0.5
21656284.87	5169596.77	0.5
21656357.01	5169576.76	30.8865
21656429.16	5169556.75	17.9035
21656501.31	5169536.74	23.7547
21656573.45	5169516.74	16.947
21656645.6	5169496.73	217.546
21656717.75	5169476.72	217.546
21656789.89	5169456.71	37.9598
21656862.04	5169436.7	44.32
21656934.19	5169416.69	519.588
21657006.33	5169396.69	208.654
21657078.48	5169376.68	37.6144
21657150.63	5169356.67	34.624
21657222.77	5169336.66	322.355
21657294.92	5169316.65	352.537
21657367.07	5169296.65	515.745
21657439.21	5169276.64	322.5
21657511.36	5169256.63	165.813
21657583.51	5169236.62	142.115
21657655.65	5169216.61	368.276
21657727.8	5169196.61	46.6717
21657799.95	5169176.6	23.9858
21657872.09	5169156.59	78.04
21657944.24	5169136.58	253.296
21658016.39	5169116.57	268.724
21658088.53	5169096.57	204.491
21658160.68	5169076.56	81.9328
21658232.83	5169056.55	81.9328
21658304.97	5169036.54	108.045
21658377.12	5169016.53	116.381
21658449.27	5168996.53	265.063
21658521.41	5168976.52	177.736
21658593.56	5168956.51	238.459
21658665.71	5168936.5	32.3302
21658737.85	5168916.49	34.7602
21658810	5168896.49	35.27
21658882.15	5168876.48	353.835
21658954.29	5168856.47	561.027
21659026.44	5168836.46	644.917
21659098.59	5168816.45	713.219
21653274.33	5170507.88	312.814
21653346.48	5170487.87	36.0084
21653418.62	5170467.86	298.631
21653490.77	5170447.85	206.645
21653562.92	5170427.84	0.5
21653635.06	5170407.84	0.5
21653707.21	5170387.83	20.9597
21653779.36	5170367.82	30.3732
21653851.5	5170347.81	29.2777
21653923.65	5170327.8	30.6103
21653995.8	5170307.8	12.0083
21654067.94	5170287.79	34.5313
21654140.09	5170267.78	0.5
21654212.24	5170247.77	0.5
21654284.38	5170227.76	0.5
21654356.53	5170207.76	0.5
21654428.68	5170187.75	0.5
21654500.82	5170167.74	0.5
21654572.97	5170147.73	38.325
21654645.12	5170127.72	210.648
21654717.26	5170107.72	421.313
21654789.41	5170087.71	485.558
21654861.56	5170067.7	751.351
21654933.7	5170047.69	382.558
21655005.85	5170027.68	636.907
21655078	5170007.68	676.981
21655150.14	5169987.67	208.594
21655222.29	5169967.66	238.346
21655294.44	5169947.65	162.012
21655366.58	5169927.64	285.889
21655438.73	5169907.63	453.213
21655510.88	5169887.63	466.169
21655583.03	5169867.62	217.217
21655655.17	5169847.61	92.8311
21655727.32	5169827.6	33.6731
21655799.47	5169807.59	30.9906
21655871.61	5169787.59	6.06342
21655943.76	5169767.58	0.5
21656015.91	5169747.57	0.5
21656088.05	5169727.56	0.5
21656160.2	5169707.55	0.5
21656232.35	5169687.55	0.5
21656304.49	5169667.54	0.5
21656376.64	5169647.53	17.6755
21656448.79	5169627.52	16.7312
21656520.93	5169607.51	18.7161
21656593.08	5169587.51	0.5
21656665.23	5169567.5	18.5752
21656737.37	5169547.49	150.444
21656809.52	5169527.48	14.0717
21656881.67	5169507.47	1.36944
21656953.81	5169487.47	225.028
21657025.96	5169467.46	503.866
21657098.11	5169447.45	254.044
21657170.25	5169427.44	462.013
21657242.4	5169407.43	382.467
21657314.55	5169387.43	187.881
21657386.69	5169367.42	244.927
21657458.84	5169347.41	259.981
21657530.99	5169327.4	34.6325
21657603.13	5169307.39	237.066
21657675.28	5169287.39	333.538
21657747.43	5169267.38	53.5467
21657819.57	5169247.37	37.5541
21657891.72	5169227.36	153.92
21657963.87	5169207.35	273.347
21658036.01	5169187.34	284.152
21658108.16	5169167.34	262.814
21658180.31	5169147.33	317.616
21658252.45	5169127.32	266.599
21658324.6	5169107.31	263.949
21658396.75	5169087.3	233.787
21658468.89	5169067.3	151.079
21658541.04	5169047.29	130.768
21658613.19	5169027.28	36.0486
21658685.33	5169007.27	32.8444
21658757.48	5168987.26	36.2965
21658829.63	5168967.26	103.379
21658901.77	5168947.25	367.852
21658973.92	5168927.24	508.867
21659046.07	5168907.23	593.142
21653293.96	5170578.65	618.839
21653366.1	5170558.64	551.322
21653438.25	5170538.63	364.04
21653510.4	5170518.62	177.816
21653582.54	5170498.61	29.4223
21653654.69	5170478.61	0.5
21653726.84	5170458.6	34.6188
21653798.98	5170438.59	31.6333
21653871.13	5170418.58	29.7131
21653943.28	5170398.57	26.4469
21654015.42	5170378.57	80.185
21654087.57	5170358.56	28.4106
21654159.72	5170338.55	25.2822
21654231.86	5170318.54	21.219
21654304.01	5170298.53	23.8296
21654376.16	5170278.53	112.624
21654448.3	5170258.52	178.605
21654520.45	5170238.51	83.5011
21654592.6	5170218.5	24.2133
21654664.74	5170198.49	222.701
21654736.89	5170178.49	272.12
21654809.04	5170158.48	631.353
21654881.18	5170138.47	845.663
21654953.33	5170118.46	873.571
21655025.48	5170098.45	817.398
21655097.62	5170078.45	474.978
21655169.77	5170058.44	32.1035
21655241.92	5170038.43	28.0677
21655314.06	5170018.42	325.756
21655386.21	5169998.41	414.326
21655458.36	5169978.41	602.646
21655530.5	5169958.4	702.437
21655602.65	5169938.39	147.305
21655674.8	5169918.38	140.381
21655746.95	5169898.37	164.206
21655819.09	5169878.37	123.91
21655891.24	5169858.36	0.5
21655963.38	5169838.35	0.5
21656035.53	5169818.34	0.5
21656107.68	5169798.33	0.5
21656179.83	5169778.32	0.5
21656251.97	5169758.32	0.5
21656324.12	5169738.31	0.5
21656396.27	5169718.3	10.9584
21656468.41	5169698.29	37.1043
21656540.56	5169678.28	0.5
21656612.71	5169658.28	0.5
21656684.85	5169638.27	0.5
21656757	5169618.26	37.9669
21656829.15	5169598.25	94.635
21656901.29	5169578.24	35.5732
21656973.44	5169558.24	37.5222
21657045.59	5169538.23	463.622
21657117.73	5169518.22	571.212
21657189.88	5169498.21	329.167
21657262.03	5169478.2	247.365
21657334.17	5169458.2	69.0261
21657406.32	5169438.19	37.0075
21657478.47	5169418.18	287.78
21657550.61	5169398.17	341.263
21657622.76	5169378.16	298.183
21657694.91	5169358.16	338.184
21657767.05	5169338.15	105.411
21657839.2	5169318.14	53.2567
21657911.35	5169298.13	302.393
21657983.49	5169278.12	198.948
21658055.64	5169258.12	217.95
21658127.79	5169238.11	241.477
21658199.93	5169218.1	368.632
21658272.08	5169198.09	404.701
21658344.23	5169178.08	399.573
21658416.37	5169158.08	394.007
21658488.52	5169138.07	186.784
21658560.67	5169118.06	36.9422
21658632.81	5169098.05	20.82
21658704.96	5169078.04	24.3794
21658777.11	5169058.03	83.6894
21658849.25	5169038.03	317.066
21658921.4	5169018.02	205.846
21658993.55	5168998.01	175.962
21659065.69	5168978	388.708
21653313.58	5170649.42	569.056
21653385.73	5170629.41	626.022
21653457.88	5170609.4	370.685
21653530.02	5170589.39	116.093
21653602.17	5170569.39	233.877
21653674.32	5170549.38	403.136
21653746.46	5170529.37	367.602
21653818.61	5170509.36	258.199
21653890.76	5170489.35	103.471
21653962.9	5170469.35	65.7728
21654035.05	5170449.34	357.486
21654107.2	5170429.33	419.054
21654179.34	5170409.32	46.3506
21654251.49	5170389.31	29.3771
21654323.64	5170369.3	37.3975
21654395.78	5170349.3	306.013
21654467.93	5170329.29	444.558
21654540.08	5170309.28	287.194
21654612.22	5170289.27	207.206
21654684.37	5170269.26	223.042
21654756.52	5170249.26	47.0356
21654828.66	5170229.25	511.162
21654900.81	5170209.24	895.732
21654972.96	5170189.23	901.642
21655045.1	5170169.22	655.446
21655117.25	5170149.22	138.994
21655189.4	5170129.21	17.0767
21655261.54	5170109.2	30.0189
21655333.69	5170089.19	117.078
21655405.84	5170069.18	254.883
21655477.98	5170049.18	433.488
21655550.13	5170029.17	435.746
21655622.28	5170009.16	102.956
21655694.42	5169989.15	49.6883
21655766.57	5169969.14	37.9585
21655838.72	5169949.14	35.1684
21655910.86	5169929.13	0.5
21655983.01	5169909.12	0.5
21656055.16	5169889.11	0.5
21656127.3	5169869.1	0.5
21656199.45	5169849.1	0.5
21656271.6	5169829.09	0.5
21656343.75	5169809.08	0.5
21656415.89	5169789.07	0.5
21656488.04	5169769.06	0.5
21656560.19	5169749.06	0.5
21656632.33	5169729.05	0.5
21656704.48	5169709.04	15.0744
21656776.63	5169689.03	46.3817
21656848.77	5169669.02	85.6122
21656920.92	5169649.02	33.0662
21656993.07	5169629.01	26.946
21657065.21	5169609	37.5828
21657137.36	5169588.99	333.039
21657209.51	5169568.98	304.713
21657281.65	5169548.97	27.4417
21657353.8	5169528.97	85.9778
21657425.95	5169508.96	103.548
21657498.09	5169488.95	307.059
21657570.24	5169468.94	263.616
21657642.39	5169448.93	256.609
21657714.53	5169428.93	279.353
21657786.68	5169408.92	223.259
21657858.83	5169388.91	153.546
21657930.97	5169368.9	44.1733
21658003.12	5169348.89	55.7944
21658075.27	5169328.89	182.088
21658147.41	5169308.88	197.262
21658219.56	5169288.87	298.877
21658291.71	5169268.86	382.745
21658363.85	5169248.85	574.238
21658436	5169228.85	528.872
21658508.15	5169208.84	280.147
21658580.29	5169188.83	30.661
21658652.44	5169168.82	21.606
21658724.59	5169148.81	34.3739
21658796.73	5169128.81	238.088
21658868.88	5169108.8	295.005
21658941.03	5169088.79	7.93278
21659013.17	5169068.78	37.7019
21659085.32	5169048.77	71.7022
21653261.06	5170740.2	554.401
21653333.21	5170720.19	404.716
21653405.36	5170700.18	356.072
21653477.5	5170680.17	496.933
21653549.65	5170660.16	396.171
21653621.8	5170640.16	577.088
21653693.94	5170620.15	676.412
21653766.09	5170600.14	353.041
21653838.24	5170580.13	338.945
21653910.38	5170560.12	522.018
21653982.53	5170540.12	452.963
21654054.68	5170520.11	618.875
21654126.82	5170500.1	725.776
21654198.97	5170480.09	628.491
21654271.12	5170460.08	520.567
21654343.26	5170440.08	585.924
21654415.41	5170420.07	584.171
21654487.56	5170400.06	633.085
21654559.7	5170380.05	365.259
21654631.85	5170360.04	346.762
21654704	5170340.04	318.922
21654776.14	5170320.03	187.442
21654848.29	5170300.02	459.371
21654920.44	5170280.01	590.456
21654992.58	5170260	678.934
21655064.73	5170240	391.577
21655136.88	5170219.99	32.234
21655209.02	5170199.98	19.2597
21655281.17	5170179.97	0.5
21655353.32	5170159.96	33.4329
21655425.46	5170139.95	76.0117
21655497.61	5170119.95	360.452
21655569.76	5170099.94	437.274
21655641.9	5170079.93	290.629
21655714.05	5170059.92	203.958
21655786.2	5170039.91	263.051
21655858.34	5170019.91	36.3346
21655930.49	5169999.9	212.145
21656002.64	5169979.89	30.0416
21656074.78	5169959.88	26.4722
21656146.93	5169939.87	27.1458
21656219.08	5169919.87	27.2109
21656291.22	5169899.86	0.5
21656363.37	5169879.85	0.5
21656435.52	5169859.84	0.5
21656507.66	5169839.83	0.5
21656579.81	5169819.83	0.5
21656651.96	5169799.82	33.1276
21656724.1	5169779.81	275.739
21656796.25	5169759.8	412.181
21656868.4	5169739.79	427.859
21656940.55	5169719.79	45.4183
21657012.69	5169699.78	23.5411
21657084.84	5169679.77	0.5
21657156.99	5169659.76	225.277
21657229.13	5169639.75	480.515
21657301.28	5169619.75	426.085
21657373.43	5169599.74	157.141
21657445.57	5169579.73	121.157
21657517.72	5169559.72	245.444
21657589.87	5169539.71	212.698
21657662.01	5169519.71	170.191
21657734.16	5169499.7	207.777
21657806.31	5169479.69	129.81
21657878.45	5169459.68	81.8106
21657950.6	5169439.67	76.5906
21658022.75	5169419.66	37.4365
21658094.89	5169399.66	55.1628
21658167.04	5169379.65	171.358
21658239.19	5169359.64	344.656
21658311.33	5169339.63	435.453
21658383.48	5169319.62	555.731
21658455.63	5169299.62	539.023
21658527.77	5169279.61	380.864
21658599.92	5169259.6	165.87
21658672.07	5169239.59	48.2556
21658744.21	5169219.58	185.945
21658816.36	5169199.58	303.204
21658888.51	5169179.57	147.068
21658960.65	5169159.56	37.9346
21659032.8	5169139.55	35.9725
21659104.95	5169119.54	36.1553
21653280.69	5170810.97	387.669
21653352.84	5170790.96	66.0844
21653424.98	5170770.95	139.713
21653497.13	5170750.94	456.507
21653569.28	5170730.93	614.247
21653641.42	5170710.93	623.357
21653713.57	5170690.92	574.108
21653785.72	5170670.91	377.236
21653857.86	5170650.9	635.058
21653930.01	5170630.89	543.388
21654002.16	5170610.89	505.811
21654074.3	5170590.88	373.795
21654146.45	5170570.87	560.089
21654218.6	5170550.86	811.742
21654290.74	5170530.85	864.055
21654362.89	5170510.85	792.236
21654435.04	5170490.84	686.739
21654507.18	5170470.83	620.706
21654579.33	5170450.82	350.248
21654651.48	5170430.81	281.028
21654723.62	5170410.81	388.481
21654795.77	5170390.8	610.938
21654867.92	5170370.79	349.542
21654940.06	5170350.78	363.778
21655012.21	5170330.77	330.8
21655084.36	5170310.77	154.386
21655156.5	5170290.76	213.932
21655228.65	5170270.75	33.7495
21655300.8	5170250.74	33.9408
21655372.94	5170230.73	3.26889
21655445.09	5170210.73	31.3874
21655517.24	5170190.72	31.4067
21655589.38	5170170.71	235.746
21655661.53	5170150.7	207.744
21655733.68	5170130.69	164.923
21655805.82	5170110.69	231.064
21655877.97	5170090.68	37.3622
21655950.12	5170070.67	125.598
21656022.26	5170050.66	35.6928
21656094.41	5170030.65	6.49833
21656166.56	5170010.65	35.8342
21656238.7	5169990.64	19.6728
21656310.85	5169970.63	0.5
21656383	5169950.62	33.2692
21656455.14	5169930.61	14.3428
21656527.29	5169910.6	62.68
21656599.44	5169890.6	32.8705
21656671.58	5169870.59	14.7356
21656743.73	5169850.58	386.257
21656815.88	5169830.57	454.72
21656888.02	5169810.56	407.227
21656960.17	5169790.56	204.273
21657032.32	5169770.55	27.9699
21657104.47	5169750.54	119.653
21657176.61	5169730.53	186.503
21657248.76	5169710.52	487.512
21657320.91	5169690.52	483.586
21657393.05	5169670.51	161.148
21657465.2	5169650.5	77.3556
21657537.35	5169630.49	183.612
21657609.49	5169610.48	188.129
21657681.64	5169590.48	258.407
21657753.79	5169570.47	204.177
21657825.93	5169550.46	85.6406
21657898.08	5169530.45	37.6846
21657970.23	5169510.44	3.82389
21658042.37	5169490.44	32.8503
21658114.52	5169470.43	32.0228
21658186.67	5169450.42	41.1317
21658258.81	5169430.41	227.521
21658330.96	5169410.4	350.291
21658403.11	5169390.4	439.466
21658475.25	5169370.39	324.062
21658547.4	5169350.38	282.841
21658619.55	5169330.37	448.264
21658691.69	5169310.36	409.552
21658763.84	5169290.36	272.521
21658835.99	5169270.35	387.933
21658908.13	5169250.34	70.865
21658980.28	5169230.33	59.9033
21659052.43	5169210.32	36.998
21653300.32	5170881.74	214.986
21653372.46	5170861.73	127.055
21653444.61	5170841.72	137.388
21653516.76	5170821.71	232.404
21653588.9	5170801.71	317.059
21653661.05	5170781.7	267.648
21653733.2	5170761.69	245.982
21653805.34	5170741.68	440.953
21653877.49	5170721.67	812.593
21653949.64	5170701.67	542.808
21654021.78	5170681.66	359.366
21654093.93	5170661.65	36.0296
21654166.08	5170641.64	36.9484
21654238.22	5170621.63	515.694
21654310.37	5170601.63	671.119
21654382.52	5170581.62	634.289
21654454.66	5170561.61	617.309
21654526.81	5170541.6	701.351
21654598.96	5170521.59	445.741
21654671.1	5170501.58	239.332
21654743.25	5170481.58	192.304
21654815.4	5170461.57	126.662
21654887.54	5170441.56	521.757
21654959.69	5170421.55	466.541
21655031.84	5170401.54	209.246
21655103.98	5170381.54	0.5
21655176.13	5170361.53	0.5
21655248.28	5170341.52	0.5
21655320.42	5170321.51	0.5
21655392.57	5170301.5	24.6208
21655464.72	5170281.5	0.5
21655536.86	5170261.49	0.5
21655609.01	5170241.48	195.894
21655681.16	5170221.47	37.4914
21655753.3	5170201.46	24.3769
21655825.45	5170181.46	0.5
21655897.6	5170161.45	24.2011
21655969.74	5170141.44	37.1483
21656041.89	5170121.43	33.3038
21656114.04	5170101.42	28.378
21656186.18	5170081.42	147.447
21656258.33	5170061.41	67.2778
21656330.48	5170041.4	0.5
21656402.62	5170021.39	26.2875
21656474.77	5170001.38	34.6609
21656546.92	5169981.38	37.7544
21656619.06	5169961.37	31.0291
21656691.21	5169941.36	27.2906
21656763.36	5169921.35	138.867
21656835.5	5169901.34	531.238
21656907.65	5169881.34	357.759
21656979.8	5169861.33	33.0685
21657051.94	5169841.32	32.4038
21657124.09	5169821.31	202.616
21657196.24	5169801.3	415.672
21657268.38	5169781.3	45.6744
21657340.53	5169761.29	177.476
21657412.68	5169741.28	206.664
21657484.83	5169721.27	183.222
21657556.97	5169701.26	114.262
21657629.12	5169681.25	28.7043
21657701.27	5169661.25	34.8681
21657773.41	5169641.24	70.2861
21657845.56	5169621.23	35.6643
21657917.71	5169601.22	23.0427
21657989.85	5169581.21	27.0246
21658062	5169561.21	32.777
21658134.15	5169541.2	33.9689
21658206.29	5169521.19	57.1844
21658278.44	5169501.18	37.6267
21658350.59	5169481.17	244.204
21658422.73	5169461.17	287.032
21658494.88	5169441.16	124.009
21658567.03	5169421.15	376.456
21658639.17	5169401.14	642.07
21658711.32	5169381.13	650.395
21658783.47	5169361.13	511.508
21658855.61	5169341.12	386.913
21658927.76	5169321.11	142.568
21658999.91	5169301.1	144.236
21659072.05	5169281.09	94.1306
21653247.8	5170972.52	520.736
21653319.94	5170952.51	374.946
21653392.09	5170932.5	347.301
21653464.24	5170912.49	403.487
21653536.38	5170892.48	192.273
21653608.53	5170872.48	36.9883
21653680.68	5170852.47	37.8406
21653752.82	5170832.46	138.947
21653824.97	5170812.45	432.022
21653897.12	5170792.44	596.709
21653969.26	5170772.44	428.082
21654041.41	5170752.43	272.432
21654113.56	5170732.42	41.0994
21654185.7	5170712.41	36.4169
21654257.85	5170692.4	418.416
21654330	5170672.4	539.712
21654402.14	5170652.39	586.073
21654474.29	5170632.38	551.786
21654546.44	5170612.37	515.385
21654618.58	5170592.36	274.72
21654690.73	5170572.36	54.06
21654762.88	5170552.35	36.0617
21654835.02	5170532.34	94.8756
21654907.17	5170512.33	489.277
21654979.32	5170492.32	389.118
21655051.46	5170472.32	0.5
21655123.61	5170452.31	33.4352
21655195.76	5170432.3	89.96
21655267.9	5170412.29	125.103
21655340.05	5170392.28	33.9798
21655412.2	5170372.28	157.293
21655484.34	5170352.27	186.089
21655556.49	5170332.26	308.804
21655628.64	5170312.25	319.888
21655700.78	5170292.24	114.473
21655772.93	5170272.23	37.336
21655845.08	5170252.23	6.37
21655917.22	5170232.22	26.2887
21655989.37	5170212.21	31.1754
21656061.52	5170192.2	0.5
21656133.66	5170172.19	23.9173
21656205.81	5170152.19	32.5972
21656277.96	5170132.18	32.5063
21656350.1	5170112.17	0.5
21656422.25	5170092.16	0.5
21656494.4	5170072.15	0.5
21656566.54	5170052.15	0.5
21656638.69	5170032.14	27.6386
21656710.84	5170012.13	0.5
21656782.98	5169992.12	148.347
21656855.13	5169972.11	482.929
21656927.28	5169952.11	352.438
21656999.42	5169932.1	29.5035
21657071.57	5169912.09	35.8789
21657143.72	5169892.08	149.558
21657215.86	5169872.07	252.002
21657288.01	5169852.07	36.4353
21657360.16	5169832.06	0.5
21657432.3	5169812.05	281.902
21657504.45	5169792.04	368.868
21657576.6	5169772.03	192.907
21657648.74	5169752.03	33.2192
21657720.89	5169732.02	46.4011
21657793.04	5169712.01	196.473
21657865.18	5169692	33.8883
21657937.33	5169671.99	24.5793
21658009.48	5169651.99	0.5
21658081.63	5169631.98	0.5
21658153.77	5169611.97	0.5
21658225.92	5169591.96	28.8471
21658298.07	5169571.95	35.5642
21658370.21	5169551.94	173.504
21658442.36	5169531.94	35.7224
21658514.51	5169511.93	28.5699
21658586.65	5169491.92	221.359
21658658.8	5169471.91	664.526
21658730.95	5169451.9	664.743
21658803.09	5169431.9	617.547
21658875.24	5169411.89	367.155
21658947.39	5169391.88	154.289
21659019.53	5169371.87	61.775
21659091.68	5169351.86	49.3456
21653267.42	5171043.29	556.892
21653339.57	5171023.28	551.683
21653411.72	5171003.27	484.305
21653483.86	5170983.26	532.75
21653556.01	5170963.26	289.223
21653628.16	5170943.25	35.1467
21653700.3	5170923.24	30.5411
21653772.45	5170903.23	52.0794
21653844.6	5170883.22	228.59
21653916.74	5170863.21	221.809
21653988.89	5170843.21	130.303
21654061.04	5170823.2	187.559
21654133.18	5170803.19	274.344
21654205.33	5170783.18	264.179
21654277.48	5170763.17	485.579
21654349.62	5170743.17	795.55
21654421.77	5170723.16	645.591
21654493.92	5170703.15	416.913
21654566.06	5170683.14	114.699
21654638.21	5170663.13	29.6426
21654710.36	5170643.13	27.8974
21654782.5	5170623.12	81.3817
21654854.65	5170603.11	324.196
21654926.8	5170583.1	474.118
21654998.94	5170563.09	447.418
21655071.09	5170543.09	104.821
21655143.24	5170523.08	35.4162
21655215.38	5170503.07	205.465
21655287.53	5170483.06	401.246
21655359.68	5170463.05	265.351
21655431.82	5170443.05	164.96
21655503.97	5170423.04	47.78
21655576.12	5170403.03	288.351
21655648.26	5170383.02	479.617
21655720.41	5170363.01	531.831
21655792.56	5170343.01	80.0161
21655864.7	5170323	154.592
21655936.85	5170302.99	248.402
21656009	5170282.98	13.9089
21656081.14	5170262.97	28.2802
21656153.29	5170242.97	26.4625
21656225.44	5170222.96	21.058
21656297.58	5170202.95	19.1661
21656369.73	5170182.94	0.5
21656441.88	5170162.93	35.8074
21656514.02	5170142.93	0.5
21656586.17	5170122.92	0.5
21656658.32	5170102.91	0.5
21656730.46	5170082.9	35.0798
21656802.61	5170062.89	32.0823
21656874.76	5170042.88	36.0468
21656946.9	5170022.88	31.9023
21657019.05	5170002.87	29.9867
21657091.2	5169982.86	191.032
21657163.34	5169962.85	225.722
21657235.49	5169942.84	179.76
21657307.64	5169922.84	321.168
21657379.78	5169902.83	211.628
21657451.93	5169882.82	298.92
21657524.08	5169862.81	387.171
21657596.22	5169842.8	499.766
21657668.37	5169822.8	223.404
21657740.52	5169802.79	382.583
21657812.66	5169782.78	656.035
21657884.81	5169762.77	522.353
21657956.96	5169742.76	27.4515
21658029.1	5169722.76	62.0861
21658101.25	5169702.75	0.5
21658173.4	5169682.74	33.2361
21658245.54	5169662.73	34.7846
21658317.69	5169642.72	154.157
21658389.84	5169622.72	261.647
21658461.99	5169602.71	32.5302
21658534.13	5169582.7	32.7848
21658606.28	5169562.69	148.017
21658678.43	5169542.68	525.441
21658750.57	5169522.68	590.039
21658822.72	5169502.67	485.712
21658894.87	5169482.66	488.613
21658967.01	5169462.65	138.452
21659039.16	5169442.64	0.674444
21659111.31	5169422.64	37.2745
21653287.05	5171114.06	741.505
21653359.2	5171094.05	552.023
21653431.34	5171074.04	368.561
21653503.49	5171054.03	328.719
21653575.64	5171034.03	163.557
21653647.78	5171014.02	37.7797
21653719.93	5170994.01	0.5
21653792.08	5170974	0.5
21653864.22	5170953.99	36.0621
21653936.37	5170933.99	211.05
21654008.52	5170913.98	131.05
21654080.66	5170893.97	219.048
21654152.81	5170873.96	275.239
21654224.96	5170853.95	172.642
21654297.1	5170833.95	287.318
21654369.25	5170813.94	574.586
21654441.4	5170793.93	570.153
21654513.54	5170773.92	464.327
21654585.69	5170753.91	32.0686
21654657.84	5170733.91	27.4312
21654729.98	5170713.9	28.8965
21654802.13	5170693.89	225.938
21654874.28	5170673.88	632.496
21654946.42	5170653.87	738.421
21655018.57	5170633.86	514.478
21655090.72	5170613.86	383.422
21655162.86	5170593.85	326.509
21655235.01	5170573.84	338.014
21655307.16	5170553.83	562.523
21655379.3	5170533.82	412.878
21655451.45	5170513.82	37.9697
21655523.6	5170493.81	36.555
21655595.74	5170473.8	145.888
21655667.89	5170453.79	307.471
21655740.04	5170433.78	304.586
21655812.18	5170413.78	36.345
21655884.33	5170393.77	85.6339
21655956.48	5170373.76	142.728
21656028.62	5170353.75	37.2066
21656100.77	5170333.74	34.3581
21656172.92	5170313.74	30.4471
21656245.06	5170293.73	26.1621
21656317.21	5170273.72	33.2325
21656389.36	5170253.71	249.254
21656461.5	5170233.7	207.536
21656533.65	5170213.7	0.5
21656605.8	5170193.69	36.0662
21656677.94	5170173.68	31.9754
21656750.09	5170153.67	37.1564
21656822.24	5170133.66	30.6087
21656894.38	5170113.66	27.411
21656966.53	5170093.65	22.8102
21657038.68	5170073.64	27.9515
21657110.82	5170053.63	107.031
21657182.97	5170033.62	139.981
21657255.12	5170013.62	67.065
21657327.26	5169993.61	138.817
21657399.41	5169973.6	288.202
21657471.56	5169953.59	300.332
21657543.7	5169933.58	314.004
21657615.85	5169913.57	386.88
21657688	5169893.57	477.835
21657760.14	5169873.56	633.265
21657832.29	5169853.55	742.461
21657904.44	5169833.54	692.365
21657976.58	5169813.53	254.098
21658048.73	5169793.53	180.597
21658120.88	5169773.52	76.6717
21658193.02	5169753.51	164.948
21658265.17	5169733.5	420.556
21658337.32	5169713.49	679.22
21658409.46	5169693.49	455.04
21658481.61	5169673.48	291.983
21658553.76	5169653.47	193.886
21658625.91	5169633.46	326.785
21658698.05	5169613.45	503.226
21658770.2	5169593.45	703.973
21658842.35	5169573.44	505.55
21658914.49	5169553.43	350.162
21658986.64	5169533.42	235.602
21659058.79	5169513.41	158.467
21653306.68	5171184.83	739.94
21653378.82	5171164.82	713.351
21653450.97	5171144.81	431.701
21653523.12	5171124.8	584.731
21653595.26	5171104.8	315.208
21653667.41	5171084.79	0.5
21653739.56	5171064.78	0.5
21653811.7	5171044.77	0.5
21653883.85	5171024.76	0.5
21653956	5171004.76	25.9868
21654028.14	5170984.75	37.1087
21654100.29	5170964.74	547.663
21654172.44	5170944.73	440.733
21654244.58	5170924.72	154.939
21654316.73	5170904.72	184.421
21654388.88	5170884.71	502.609
21654461.02	5170864.7	36.1761
21654533.17	5170844.69	35.807
21654605.32	5170824.68	34.8409
21654677.46	5170804.68	31.3501
21654749.61	5170784.67	4.69056
21654821.76	5170764.66	400.535
21654893.9	5170744.65	614.359
21654966.05	5170724.64	723.356
21655038.2	5170704.64	348.933
21655110.34	5170684.63	324.126
21655182.49	5170664.62	376.691
21655254.64	5170644.61	25.4279
21655326.78	5170624.6	29.3165
21655398.93	5170604.6	30.9329
21655471.08	5170584.59	237.063
21655543.22	5170564.58	365.745
21655615.37	5170544.57	436.083
21655687.52	5170524.56	37.5099
21655759.66	5170504.56	0.5
21655831.81	5170484.55	0.5
21655903.96	5170464.54	0.5
21655976.1	5170444.53	163.299
21656048.25	5170424.52	167.763
21656120.4	5170404.51	34.5875
21656192.54	5170384.51	32.153
21656264.69	5170364.5	29.0071
21656336.84	5170344.49	34.8517
21656408.98	5170324.48	199.842
21656481.13	5170304.47	170.867
21656553.28	5170284.47	109.314
21656625.42	5170264.46	174.469
21656697.57	5170244.45	189.302
21656769.72	5170224.44	28.9734
21656841.86	5170204.43	0.5
21656914.01	5170184.43	25.7477
21656986.16	5170164.42	29.2623
21657058.3	5170144.41	50.2528
21657130.45	5170124.4	73.2228
21657202.6	5170104.39	35.7093
21657274.74	5170084.39	34.1363
21657346.89	5170064.38	107.096
21657419.04	5170044.37	339.127
21657491.18	5170024.36	408.651
21657563.33	5170004.35	290.351
21657635.48	5169984.35	243.253
21657707.62	5169964.34	327.205
21657779.77	5169944.33	536.386
21657851.92	5169924.32	660.069
21657924.06	5169904.31	615.968
21657996.21	5169884.31	474.537
21658068.36	5169864.3	305.699
21658140.5	5169844.29	363.086
21658212.65	5169824.28	481.182
21658284.8	5169804.27	549.091
21658356.94	5169784.27	663.386
21658429.09	5169764.26	476.147
21658501.24	5169744.25	336.013
21658573.38	5169724.24	306.97
21658645.53	5169704.23	453.756
21658717.68	5169684.22	607.861
21658789.82	5169664.22	625.227
21658861.97	5169644.21	429.009
21658934.12	5169624.2	260.318
21659006.26	5169604.19	85.1461
21659078.41	5169584.18	38.2356
21653254.15	5171275.61	759.138
21653326.3	5171255.6	730.417
21653398.45	5171235.59	565.65
21653470.6	5171215.58	727.1
21653542.74	5171195.58	467.538
21653614.89	5171175.57	111.034
21653687.04	5171155.56	31.2142
21653759.18	5171135.55	29.9674
21653831.33	5171115.54	35.0736
21653903.48	5171095.54	26.66
21653975.62	5171075.53	26.6305
21654047.77	5171055.52	31.0538
21654119.92	5171035.51	210.606
21654192.06	5171015.5	161.789
21654264.21	5170995.49	219.117
21654336.36	5170975.49	144.061
21654408.5	5170955.48	35.3084
21654480.65	5170935.47	21.9501
21654552.8	5170915.46	0.5
21654624.94	5170895.45	138.697
21654697.09	5170875.45	142.771
21654769.24	5170855.44	315.004
21654841.38	5170835.43	449.883
21654913.53	5170815.42	704.687
21654985.68	5170795.41	732.508
21655057.82	5170775.41	501.296
21655129.97	5170755.4	555.947
21655202.12	5170735.39	497.678
21655274.26	5170715.38	310.172
21655346.41	5170695.37	308.646
21655418.56	5170675.37	427.492
21655490.7	5170655.36	349.436
21655562.85	5170635.35	554.394
21655635	5170615.34	387.526
21655707.14	5170595.33	31.031
21655779.29	5170575.33	0.5
21655851.44	5170555.32	0.5
21655923.58	5170535.31	23.1169
21655995.73	5170515.3	35.4591
21656067.88	5170495.29	292.873
21656140.02	5170475.29	4.68
21656212.17	5170455.28	30.3365
21656284.32	5170435.27	28.4039
21656356.46	5170415.26	227.007
21656428.61	5170395.25	189.743
21656500.76	5170375.25	100.641
21656572.9	5170355.24	100.526
21656645.05	5170335.23	219.087
21656717.2	5170315.22	202.707
21656789.34	5170295.21	34.197
21656861.49	5170275.21	29.9607
21656933.64	5170255.2	27.758
21657005.78	5170235.19	33.2552
21657077.93	5170215.18	97.5778
21657150.08	5170195.17	110.606
21657222.22	5170175.16	0.5
21657294.37	5170155.16	34.9394
21657366.52	5170135.15	126.717
21657438.66	5170115.14	11.5022
21657510.81	5170095.13	268.88
21657582.96	5170075.12	270.82
21657655.1	5170055.12	126.718
21657727.25	5170035.11	9.03722
21657799.4	5170015.1	330.188
21657871.54	5169995.09	408.955
21657943.69	5169975.08	361.547
21658015.84	5169955.08	401.729
21658087.98	5169935.07	194.438
21658160.13	5169915.06	332.572
21658232.28	5169895.05	504.119
21658304.42	5169875.04	183.294
21658376.57	5169855.04	294.901
21658448.72	5169835.03	453.921
21658520.86	5169815.02	423.472
21658593.01	5169795.01	383.673
21658665.16	5169775	392.565
21658737.3	5169755	477.835
21658809.45	5169734.99	489.487
21658881.6	5169714.98	419.078
21658953.74	5169694.97	205.134
21659025.89	5169674.96	100.146
21659098.04	5169654.96	83.4028
21653273.78	5171346.38	604.109
21653345.93	5171326.37	574.706
21653418.07	5171306.36	431.343
21653490.22	5171286.35	484.501
21653562.37	5171266.35	189.101
21653634.51	5171246.34	117.113
21653706.66	5171226.33	262.213
21653778.81	5171206.32	84.0283
21653850.96	5171186.31	286.132
21653923.1	5171166.31	25.0919
21653995.25	5171146.3	24.1033
21654067.4	5171126.29	0.5
21654139.54	5171106.28	28.2798
21654211.69	5171086.27	37.6629
21654283.84	5171066.27	35.7868
21654355.98	5171046.26	37.3377
21654428.13	5171026.25	35.0743
21654500.28	5171006.24	20.6879
21654572.42	5170986.23	107.087
21654644.57	5170966.23	117.389
21654716.72	5170946.22	242.09
21654788.86	5170926.21	512.662
21654861.01	5170906.2	165.231
21654933.16	5170886.19	425.071
21655005.3	5170866.18	678.643
21655077.45	5170846.18	620.896
21655149.6	5170826.17	212.158
21655221.74	5170806.16	325.578
21655293.89	5170786.15	477.579
21655366.04	5170766.14	729.849
21655438.18	5170746.14	744.745
21655510.33	5170726.13	301.301
21655582.48	5170706.12	352.04
21655654.62	5170686.11	111.131
21655726.77	5170666.1	31.9679
21655798.92	5170646.1	3.23111
21655871.06	5170626.09	32.354
21655943.21	5170606.08	0.5
21656015.36	5170586.07	0.5
21656087.5	5170566.06	209.028
21656159.65	5170546.06	35.1336
21656231.8	5170526.05	33.3688
21656303.94	5170506.04	32.3602
21656376.09	5170486.03	199.733
21656448.24	5170466.02	0.5
21656520.38	5170446.02	28.778
21656592.53	5170426.01	0.5
21656664.68	5170406	164.091
21656736.82	5170385.99	29.18
21656808.97	5170365.98	0.5
21656881.12	5170345.98	0.5
21656953.26	5170325.97	0.5
21657025.41	5170305.96	121.333
21657097.56	5170285.95	84.3933
21657169.7	5170265.94	27.0019
21657241.85	5170245.94	26.9262
21657314	5170225.93	26.709
21657386.14	5170205.92	26.1645
21657458.29	5170185.91	28.6221
21657530.44	5170165.9	36.2742
21657602.58	5170145.9	36.431
21657674.73	5170125.89	0.5
21657746.88	5170105.88	29.2466
21657819.02	5170085.87	37.3047
21657891.17	5170065.86	209.542
21657963.32	5170045.85	291.237
21658035.46	5170025.85	251.663
21658107.61	5170005.84	0.5
21658179.76	5169985.83	32.8585
21658251.9	5169965.82	38.2456
21658324.05	5169945.81	31.8876
21658396.2	5169925.81	18.9349
21658468.34	5169905.8	402.954
21658540.49	5169885.79	586.235
21658612.64	5169865.78	619.388
21658684.78	5169845.77	629.731
21658756.93	5169825.77	583.123
21658829.08	5169805.76	561.869
21658901.22	5169785.75	544.18
21658973.37	5169765.74	422.9
21659045.52	5169745.73	150.684
21653293.41	5171417.15	52.3317
21653365.55	5171397.14	51.465
21653437.7	5171377.13	31.2655
21653509.85	5171357.12	29.268
21653581.99	5171337.12	24.9645
21653654.14	5171317.11	250.355
21653726.29	5171297.1	636.924
21653798.43	5171277.09	675.46
21653870.58	5171257.08	278.82
21653942.73	5171237.08	36.9034
21654014.87	5171217.07	156.357
21654087.02	5171197.06	90.9483
21654159.17	5171177.05	69.3939
21654231.32	5171157.04	21.3839
21654303.46	5171137.04	36.0734
21654375.61	5171117.03	45.4944
21654447.76	5171097.02	160.22
21654519.9	5171077.01	35.6401
21654592.05	5171057	35.5145
21654664.2	5171037	224.986
21654736.34	5171016.99	202.127
21654808.49	5170996.98	127.222
21654880.64	5170976.97	33.911
21654952.78	5170956.96	234.237
21655024.93	5170936.96	535.325
21655097.08	5170916.95	458.673
21655169.22	5170896.94	291.972
21655241.37	5170876.93	205.31
21655313.52	5170856.92	301.719
21655385.66	5170836.92	458.514
21655457.81	5170816.91	396.05
21655529.96	5170796.9	94.7894
21655602.1	5170776.89	16.1528
21655674.25	5170756.88	30.4767
21655746.4	5170736.88	30.1133
21655818.54	5170716.87	120.746
21655890.69	5170696.86	126.151
21655962.84	5170676.85	21.6111
21656034.98	5170656.84	257.696
21656107.13	5170636.83	364.111
21656179.28	5170616.83	335.126
21656251.42	5170596.82	192.859
21656323.57	5170576.81	280.523
21656395.72	5170556.8	409.27
21656467.86	5170536.79	26.1838
21656540.01	5170516.79	0.5
21656612.16	5170496.78	83.5356
21656684.3	5170476.77	32.4512
21656756.45	5170456.76	0.5
21656828.6	5170436.75	0.5
21656900.74	5170416.75	33.3156
21656972.89	5170396.74	35.5561
21657045.04	5170376.73	37.9687
21657117.18	5170356.72	50.7044
21657189.33	5170336.71	26.938
21657261.48	5170316.71	27.4299
21657333.62	5170296.7	33.0717
21657405.77	5170276.69	10.545
21657477.92	5170256.68	295.802
21657550.06	5170236.67	37.0344
21657622.21	5170216.67	36.6825
21657694.36	5170196.66	29.2053
21657766.5	5170176.65	32.6383
21657838.65	5170156.64	37.3616
21657910.8	5170136.63	109.176
21657982.94	5170116.63	318.379
21658055.09	5170096.62	317.459
21658127.24	5170076.61	32.6418
21658199.38	5170056.6	37.8633
21658271.53	5170036.59	164.325
21658343.68	5170016.59	289.499
21658415.82	5169996.58	251.96
21658487.97	5169976.57	491.431
21658560.12	5169956.56	773.806
21658632.26	5169936.55	647.661
21658704.41	5169916.55	520.344
21658776.56	5169896.54	451.687
21658848.7	5169876.53	470.757
21658920.85	5169856.52	483.658
21658993	5169836.51	390.236
21659065.14	5169816.5	320.956
21653313.03	5171487.92	30.7215
21653385.18	5171467.91	21.0806
21653457.33	5171447.9	22.304
21653529.47	5171427.9	16.9127
21653601.62	5171407.89	0.5
21653673.77	5171387.88	0.5
21653745.91	5171367.87	239.099
21653818.06	5171347.86	75.4056
21653890.21	5171327.86	22.6275
21653962.35	5171307.85	35.579
21654034.5	5171287.84	57.1067
21654106.65	5171267.83	227.139
21654178.79	5171247.82	45.7861
21654250.94	5171227.82	99.9022
21654323.09	5171207.81	125.665
21654395.23	5171187.8	152.369
21654467.38	5171167.79	382.582
21654539.53	5171147.78	201.206
21654611.67	5171127.77	30.0526
21654683.82	5171107.77	58.5344
21654755.97	5171087.76	23.4939
21654828.12	5171067.75	29.5773
21654900.26	5171047.74	36.466
21654972.41	5171027.73	368.578
21655044.56	5171007.73	302.723
21655116.7	5170987.72	99.7378
21655188.85	5170967.71	31.9433
21655261	5170947.7	23.1368
21655333.14	5170927.69	17.0383
21655405.29	5170907.69	363.632
21655477.44	5170887.68	352.364
21655549.58	5170867.67	57.9444
21655621.73	5170847.66	24.2243
21655693.88	5170827.65	0.5
21655766.02	5170807.65	31.2646
21655838.17	5170787.64	124.119
21655910.32	5170767.63	176.538
21655982.46	5170747.62	25.8153
21656054.61	5170727.61	178.984
21656126.76	5170707.61	555.412
21656198.9	5170687.6	713.7
21656271.05	5170667.59	428.5
21656343.2	5170647.58	259.758
21656415.34	5170627.57	214.182
21656487.49	5170607.57	36.4685
21656559.64	5170587.56	0.5
21656631.78	5170567.55	220.427
21656703.93	5170547.54	30.7556
21656776.08	5170527.53	0.5
21656848.22	5170507.53	0.5
21656920.37	5170487.52	37.8945
21656992.52	5170467.51	37.1188
21657064.66	5170447.5	63.6928
21657136.81	5170427.49	86.3156
21657208.96	5170407.48	35.2763
21657281.1	5170387.48	37.4179
21657353.25	5170367.47	301.206
21657425.4	5170347.46	461.937
21657497.54	5170327.45	434.852
21657569.69	5170307.44	28.8972
21657641.84	5170287.44	35.607
21657713.98	5170267.43	24.2022
21657786.13	5170247.42	33.5926
21657858.28	5170227.41	232.707
21657930.42	5170207.4	556.272
21658002.57	5170187.4	543.821
21658074.72	5170167.39	331.033
21658146.86	5170147.38	55.6778
21658219.01	5170127.37	158.778
21658291.16	5170107.36	378.556
21658363.3	5170087.36	393.31
21658435.45	5170067.35	431.184
21658507.6	5170047.34	341.345
21658579.74	5170027.33	471.214
21658651.89	5170007.32	363.39
21658724.04	5169987.32	321.599
21658796.18	5169967.31	580.927
21658868.33	5169947.3	441.396
21658940.48	5169927.29	354.128
21659012.62	5169907.28	281.435
21659084.77	5169887.28	302.018
21653260.51	5171578.7	28.6836
21653332.66	5171558.69	24.865
21653404.81	5171538.68	21.4928
21653476.95	5171518.67	0.5
21653549.1	5171498.67	0.5
21653621.25	5171478.66	0.5
21653693.39	5171458.65	0.5
21653765.54	5171438.64	36.3264
21653837.69	5171418.63	28.9123
21653909.83	5171398.63	20.9795
21653981.98	5171378.62	0.5
21654054.13	5171358.61	0.5
21654126.27	5171338.6	0.5
21654198.42	5171318.59	28.7355
21654270.57	5171298.59	30.4578
21654342.71	5171278.58	37.4879
21654414.86	5171258.57	38.2506
21654487.01	5171238.56	244.762
21654559.15	5171218.55	11.88
21654631.3	5171198.55	0.5
21654703.45	5171178.54	33.8744
21654775.59	5171158.53	223.372
21654847.74	5171138.52	140.973
21654919.89	5171118.51	32.1721
21654992.04	5171098.51	35.2645
21655064.18	5171078.5	235.556
21655136.33	5171058.49	182.827
21655208.48	5171038.48	34.6791
21655280.62	5171018.47	49.9939
21655352.77	5170998.47	232.479
21655424.92	5170978.46	68.0917
21655497.06	5170958.45	176.222
21655569.21	5170938.44	262.404
21655641.36	5170918.43	34.5451
21655713.5	5170898.42	449.417
21655785.65	5170878.42	435.345
21655857.8	5170858.41	480.886
21655929.94	5170838.4	310.631
21656002.09	5170818.39	30.1343
21656074.24	5170798.38	86.2189
21656146.38	5170778.38	215.036
21656218.53	5170758.37	237.532
21656290.68	5170738.36	335.98
21656362.82	5170718.35	606.842
21656434.97	5170698.34	546.993
21656507.12	5170678.34	362.099
21656579.26	5170658.33	157.15
21656651.41	5170638.32	135.556
21656723.56	5170618.31	30.501
21656795.7	5170598.3	0.5
21656867.85	5170578.3	451.672
21656940	5170558.29	327.091
21657012.14	5170538.28	24.3451
21657084.29	5170518.27	27.4433
21657156.44	5170498.26	0.5
21657228.58	5170478.26	23.9904
21657300.73	5170458.25	33.8307
21657372.88	5170438.24	280.076
21657445.02	5170418.23	348.861
21657517.17	5170398.22	81.1444
21657589.32	5170378.22	13.6242
21657661.46	5170358.21	36.5213
21657733.61	5170338.2	26.2827
21657805.76	5170318.19	31.3502
21657877.9	5170298.18	65.4878
21657950.05	5170278.18	59.0289
21658022.2	5170258.17	35.8779
21658094.34	5170238.16	35.4579
21658166.49	5170218.15	144.559
21658238.64	5170198.14	72.79
21658310.78	5170178.13	380.966
21658382.93	5170158.13	380.288
21658455.08	5170138.12	381.524
21658527.22	5170118.11	239.13
21658599.37	5170098.1	299.989
21658671.52	5170078.09	306.169
21658743.66	5170058.09	393.979
21658815.81	5170038.08	689.771
21658887.96	5170018.07	194.598
21658960.1	5169998.06	285.414
21659032.25	5169978.05	291.312
21659104.4	5169958.05	374.981
21653280.14	5171649.47	28.4249
21653352.29	5171629.46	27.3373
21653424.43	5171609.45	22.7606
21653496.58	5171589.45	19.5838
21653568.73	5171569.44	35.2976
21653640.87	5171549.43	0.5
21653713.02	5171529.42	0.5
21653785.17	5171509.41	10.1439
21653857.31	5171489.4	27.4853
21653929.46	5171469.4	0.5
21654001.61	5171449.39	36.9548
21654073.75	5171429.38	25.8188
21654145.9	5171409.37	33.9341
21654218.05	5171389.36	82.3378
21654290.19	5171369.36	123.467
21654362.34	5171349.35	31.1401
21654434.49	5171329.34	35.9139
21654506.63	5171309.33	80.1106
21654578.78	5171289.32	0.5
21654650.93	5171269.32	24.8081
21654723.07	5171249.31	28.3467
21654795.22	5171229.3	126.457
21654867.37	5171209.29	174.437
21654939.51	5171189.28	28.4731
21655011.66	5171169.28	35.329
21655083.81	5171149.27	245.657
21655155.95	5171129.26	98.5056
21655228.1	5171109.25	32.1567
21655300.25	5171089.24	63.8767
21655372.39	5171069.24	244.541
21655444.54	5171049.23	182.648
21655516.69	5171029.22	278.578
21655588.84	5171009.21	404.152
21655660.98	5170989.2	468.101
21655733.13	5170969.2	582.15
21655805.28	5170949.19	587.864
21655877.42	5170929.18	576.808
21655949.57	5170909.17	37.0229
21656021.72	5170889.16	28.3462
21656093.86	5170869.16	37.6929
21656166.01	5170849.15	202.632
21656238.16	5170829.14	238.326
21656310.3	5170809.13	391.347
21656382.45	5170789.12	498.389
21656454.6	5170769.11	504.164
21656526.74	5170749.11	539.094
21656598.89	5170729.1	239.057
21656671.04	5170709.09	25.8006
21656743.18	5170689.08	0.5
21656815.33	5170669.07	223.77
21656887.48	5170649.07	562.479
21656959.62	5170629.06	394.278
21657031.77	5170609.05	27.2766
21657103.92	5170589.04	0.5
21657176.06	5170569.03	0.5
21657248.21	5170549.03	25.0372
21657320.36	5170529.02	25.1114
21657392.5	5170509.01	0.5
21657464.65	5170489	0.5
21657536.8	5170468.99	0.5
21657608.94	5170448.99	123.206
21657681.09	5170428.98	75.9561
21657753.24	5170408.97	0.5
21657825.38	5170388.96	0.5
21657897.53	5170368.95	0.5
21657969.68	5170348.95	0.5
21658041.82	5170328.94	25.3814
21658113.97	5170308.93	36.1889
21658186.12	5170288.92	128.102
21658258.26	5170268.91	135.644
21658330.41	5170248.91	198.046
21658402.56	5170228.9	257.653
21658474.7	5170208.89	37.0286
21658546.85	5170188.88	34.6165
21658619	5170168.87	117.43
21658691.14	5170148.87	251.058
21658763.29	5170128.86	299.177
21658835.44	5170108.85	264.622
21658907.58	5170088.84	34.5068
21658979.73	5170068.83	127.888
21659051.88	5170048.83	349.704
21653299.77	5171720.24	31.7549
21653371.91	5171700.23	23.4971
21653444.06	5171680.22	22.9367
21653516.21	5171660.22	23.5665
21653588.35	5171640.21	13.2283
21653660.5	5171620.2	102.673
21653732.65	5171600.19	0.5
21653804.79	5171580.18	168.453
21653876.94	5171560.18	25.7255
21653949.09	5171540.17	16.9544
21654021.23	5171520.16	128.175
21654093.38	5171500.15	136.607
21654165.53	5171480.14	352.802
21654237.67	5171460.14	444.064
21654309.82	5171440.13	330.91
21654381.97	5171420.12	32.987
21654454.11	5171400.11	67.4311
21654526.26	5171380.1	37.2868
21654598.41	5171360.09	28.2453
21654670.55	5171340.09	25.0537
21654742.7	5171320.08	32.2108
21654814.85	5171300.07	154.403
21654886.99	5171280.06	346.545
21654959.14	5171260.05	57.1622
21655031.29	5171240.05	156.071
21655103.43	5171220.04	665.622
21655175.58	5171200.03	250.449
21655247.73	5171180.02	22.4978
21655319.87	5171160.01	27.2107
21655392.02	5171140.01	230.506
21655464.17	5171120	479.934
21655536.31	5171099.99	474.322
21655608.46	5171079.98	383.565
21655680.61	5171059.97	92.9128
21655752.76	5171039.97	90.2189
21655824.9	5171019.96	289.208
21655897.05	5170999.95	306.149
21655969.2	5170979.94	30.1754
21656041.34	5170959.93	29.145
21656113.49	5170939.93	202.812
21656185.64	5170919.92	365.379
21656257.78	5170899.91	346.908
21656329.93	5170879.9	664.936
21656402.08	5170859.89	98.5172
21656474.22	5170839.89	34.4827
21656546.37	5170819.88	25.0706
21656618.52	5170799.87	37.1423
21656690.66	5170779.86	35.7716
21656762.81	5170759.85	0.5
21656834.96	5170739.85	96.2439
21656907.1	5170719.84	72.7456
21656979.25	5170699.83	116.678
21657051.4	5170679.82	30.295
21657123.54	5170659.81	5.55722
21657195.69	5170639.81	23.246
21657267.84	5170619.8	23.3548
21657339.98	5170599.79	0.5
21657412.13	5170579.78	0.5
21657484.28	5170559.77	0.5
21657556.42	5170539.76	0.5
21657628.57	5170519.76	28.8104
21657700.72	5170499.75	150.481
21657772.86	5170479.74	501.867
21657845.01	5170459.73	30.05
21657917.16	5170439.72	27.9378
21657989.3	5170419.72	0.5
21658061.45	5170399.71	28.0588
21658133.6	5170379.7	32.0975
21658205.74	5170359.69	4.10611
21658277.89	5170339.68	206.616
21658350.04	5170319.68	204.679
21658422.18	5170299.67	50.4089
21658494.33	5170279.66	35.1791
21658566.48	5170259.65	151.342
21658638.62	5170239.64	281.241
21658710.77	5170219.64	240.019
21658782.92	5170199.63	206.426
21658855.06	5170179.62	47.245
21658927.21	5170159.61	143.319
21658999.36	5170139.6	202.657
21659071.5	5170119.6	416.856
21653247.25	5171811.02	35.1563
21653319.39	5171791.01	32.543
21653391.54	5171771	25.4343
21653463.69	5171750.99	24.2134
21653535.83	5171730.99	29.3305
21653607.98	5171710.98	194.647
21653680.13	5171690.97	143.241
21653752.27	5171670.96	34.5111
21653824.42	5171650.95	68.8628
21653896.57	5171630.95	63.4578
21653968.71	5171610.94	181.593
21654040.86	5171590.93	260.248
21654113.01	5171570.92	319.049
21654185.15	5171550.91	385.036
21654257.3	5171530.91	514.731
21654329.45	5171510.9	423.747
21654401.59	5171490.89	185.026
21654473.74	5171470.88	183.451
21654545.89	5171450.87	36.5749
21654618.03	5171430.87	31.2442
21654690.18	5171410.86	28.0818
21654762.33	5171390.85	36.6959
21654834.47	5171370.84	515.763
21654906.62	5171350.83	354.788
21654978.77	5171330.83	345.645
21655050.91	5171310.82	346.354
21655123.06	5171290.81	855.208
21655195.21	5171270.8	274.838
21655267.35	5171250.79	25.5252
21655339.5	5171230.79	29.2113
21655411.65	5171210.78	213.279
21655483.79	5171190.77	335.294
21655555.94	5171170.76	327.267
21655628.09	5171150.75	162.145
21655700.23	5171130.74	32.9094
21655772.38	5171110.74	33.411
21655844.53	5171090.73	115.106
21655916.67	5171070.72	126.771
21655988.82	5171050.71	37.7239
21656060.97	5171030.7	31.1637
21656133.11	5171010.7	177.456
21656205.26	5170990.69	234.904
21656277.41	5170970.68	85.9794
21656349.56	5170950.67	93.1278
21656421.7	5170930.66	33.7636
21656493.85	5170910.66	23.4583
21656566	5170890.65	0.517222
21656638.14	5170870.64	28.195
21656710.29	5170850.63	25.3303
21656782.44	5170830.62	27.73
21656854.58	5170810.62	197.806
21656926.73	5170790.61	75.7706
21656998.88	5170770.6	37.6952
21657071.02	5170750.59	35.1408
21657143.17	5170730.58	37.9147
21657215.32	5170710.58	26.7582
21657287.46	5170690.57	23.2814
21657359.61	5170670.56	0.5
21657431.76	5170650.55	13.5998
21657503.9	5170630.54	13.1263
21657576.05	5170610.54	17.7912
21657648.2	5170590.53	31.9607
21657720.34	5170570.52	247.912
21657792.49	5170550.51	348.369
21657864.64	5170530.5	89.1933
21657936.78	5170510.5	37.6717
21658008.93	5170490.49	31.0337
21658081.08	5170470.48	26.6264
21658153.22	5170450.47	34.5359
21658225.37	5170430.46	70.4844
21658297.52	5170410.46	319.423
21658369.66	5170390.45	247.101
21658441.81	5170370.44	145.189
21658513.96	5170350.43	30.9158
21658586.1	5170330.42	155.792
21658658.25	5170310.41	319.667
21658730.4	5170290.41	369.938
21658802.54	5170270.4	373.042
21658874.69	5170250.39	448.335
21658946.84	5170230.38	582.468
21659018.98	5170210.37	482.259
21659091.13	5170190.37	623.278
21653266.87	5171881.79	33.5106
21653339.02	5171861.78	31.4126
21653411.17	5171841.77	27.2425
21653483.31	5171821.77	27.6311
21653555.46	5171801.76	36.0224
21653627.61	5171781.75	41.0394
21653699.75	5171761.74	101.584
21653771.9	5171741.73	62.5183
21653844.05	5171721.73	86.1483
21653916.19	5171701.72	125.236
21653988.34	5171681.71	197.123
21654060.49	5171661.7	155.704
21654132.63	5171641.69	308.26
21654204.78	5171621.68	491.471
21654276.93	5171601.68	459.994
21654349.07	5171581.67	413.431
21654421.22	5171561.66	215.083
21654493.37	5171541.65	189.821
21654565.51	5171521.64	34.472
21654637.66	5171501.64	31.677
21654709.81	5171481.63	29.2541
21654781.95	5171461.62	305.204
21654854.1	5171441.61	417.423
21654926.25	5171421.6	340.559
21654998.39	5171401.6	322.397
21655070.54	5171381.59	488.877
21655142.69	5171361.58	786.202
21655214.83	5171341.57	333.018
21655286.98	5171321.56	30.0905
21655359.13	5171301.56	26.5101
21655431.27	5171281.55	9.61333
21655503.42	5171261.54	190.711
21655575.57	5171241.53	181.481
21655647.71	5171221.52	101.001
21655719.86	5171201.52	26.3598
21655792.01	5171181.51	33.8316
21655864.15	5171161.5	33.0003
21655936.3	5171141.49	37.3422
21656008.45	5171121.48	55.1817
21656080.59	5171101.48	33.0738
21656152.74	5171081.47	311.552
21656224.89	5171061.46	164.247
21656297.03	5171041.45	37.5792
21656369.18	5171021.44	33.0256
21656441.33	5171001.44	33.8073
21656513.48	5170981.43	197.853
21656585.62	5170961.42	468.718
21656657.77	5170941.41	237.348
21656729.91	5170921.4	152.676
21656802.06	5170901.39	31.3396
21656874.21	5170881.39	64.2033
21656946.36	5170861.38	194.934
21657018.5	5170841.37	188.919
21657090.65	5170821.36	94.1667
21657162.8	5170801.35	51.9606
21657234.94	5170781.35	0.5
21657307.09	5170761.34	0.5
21657379.24	5170741.33	0.5
21657451.38	5170721.32	14.4021
21657523.53	5170701.31	15.377
21657595.68	5170681.31	28.4546
21657667.82	5170661.3	32.3923
21657739.97	5170641.29	372.066
21657812.12	5170621.28	309.968
21657884.26	5170601.27	122.168
21657956.41	5170581.27	144.833
21658028.56	5170561.26	94.6261
21658100.7	5170541.25	39.9317
21658172.85	5170521.24	32.7875
21658245	5170501.23	30.8664
21658317.14	5170481.23	112.561
21658389.29	5170461.22	307.417
21658461.44	5170441.21	37.1138
21658533.58	5170421.2	34.2405
21658605.73	5170401.19	219.851
21658677.88	5170381.19	265.392
21658750.02	5170361.18	593.655
21658822.17	5170341.17	517.956
21658894.32	5170321.16	456.775
21658966.46	5170301.15	419.686
21659038.61	5170281.15	491.151
21653286.5	5171952.56	33.8017
21653358.65	5171932.55	34.537
21653430.79	5171912.54	34.454
21653502.94	5171892.54	30.8395
21653575.09	5171872.53	11.6089
21653647.23	5171852.52	57.7011
21653719.38	5171832.51	87.7694
21653791.53	5171812.5	26.5528
21653863.67	5171792.5	36.2251
21653935.82	5171772.49	157.944
21654007.97	5171752.48	206.677
21654080.11	5171732.47	212.025
21654152.26	5171712.46	292.837
21654224.41	5171692.46	518.582
21654296.55	5171672.45	472.828
21654368.7	5171652.44	272.758
21654440.85	5171632.43	167.807
21654512.99	5171612.42	101.021
21654585.14	5171592.42	33.6838
21654657.29	5171572.41	35.4757
21654729.43	5171552.4	33.1312
21654801.58	5171532.39	284.406
21654873.73	5171512.38	348.879
21654945.87	5171492.37	369.521
21655018.02	5171472.37	96.8661
21655090.17	5171452.36	460.939
21655162.31	5171432.35	701.569
21655234.46	5171412.34	308.702
21655306.61	5171392.33	34.5415
21655378.75	5171372.33	36.026
21655450.9	5171352.32	36.2998
21655523.05	5171332.31	1.05667
21655595.19	5171312.3	35.5528
21655667.34	5171292.29	28.3496
21655739.49	5171272.29	25.2677
21655811.63	5171252.28	36.8345
21655883.78	5171232.27	52.0972
21655955.93	5171212.26	81.3956
21656028.07	5171192.25	31.3381
21656100.22	5171172.25	28.1994
21656172.37	5171152.24	203.906
21656244.51	5171132.23	121.86
21656316.66	5171112.22	33.5811
21656388.81	5171092.21	29.9582
21656460.95	5171072.21	27.2504
21656533.1	5171052.2	101.471
21656605.25	5171032.19	277.245
21656677.39	5171012.18	241.745
21656749.54	5170992.17	239.687
21656821.69	5170972.17	107.032
21656893.84	5170952.16	200.968
21656965.98	5170932.15	252.394
21657038.13	5170912.14	239.775
21657110.27	5170892.13	208.037
21657182.42	5170872.13	34.3945
21657254.57	5170852.12	0.5
21657326.72	5170832.11	0.5
21657398.86	5170812.1	0.5
21657471.01	5170792.09	16.1925
21657543.16	5170772.09	18.8207
21657615.3	5170752.08	0.5
21657687.45	5170732.07	226.258
21657759.6	5170712.06	462.526
21657831.74	5170692.05	169.544
21657903.89	5170672.04	130.935
21657976.04	5170652.04	85.4733
21658048.18	5170632.03	26.3789
21658120.33	5170612.02	36.6595
21658192.48	5170592.01	34.727
21658264.62	5170572	31.3125
21658336.77	5170552	79.1828
21658408.92	5170531.99	111.165
21658481.06	5170511.98	35.4118
21658553.21	5170491.97	51.2344
21658625.36	5170471.96	289.886
21658697.5	5170451.96	342.302
21658769.65	5170431.95	427.152
21658841.8	5170411.94	430.19
21658913.94	5170391.93	448.727
21658986.09	5170371.92	385.897
21659058.24	5170351.92	380.277
21653306.13	5172023.33	31.388
21653378.27	5172003.32	32.2876
21653450.42	5171983.31	31.0763
21653522.57	5171963.31	33.8707
21653594.71	5171943.3	37.9165
21653666.86	5171923.29	46.5172
21653739.01	5171903.28	120.554
21653811.15	5171883.27	99.1028
21653883.3	5171863.27	43.9889
21653955.45	5171843.26	134.988
21654027.59	5171823.25	304.499
21654099.74	5171803.24	292.653
21654171.89	5171783.23	293.276
21654244.03	5171763.23	329.97
21654316.18	5171743.22	410.458
21654388.33	5171723.21	322.464
21654460.47	5171703.2	266.496
21654532.62	5171683.19	313.82
21654604.77	5171663.19	36.9494
21654676.91	5171643.18	36.7613
21654749.06	5171623.17	35.8467
21654821.21	5171603.16	278.033
21654893.35	5171583.15	299.254
21654965.5	5171563.15	309.825
21655037.65	5171543.14	47.9406
21655109.79	5171523.13	114.017
21655181.94	5171503.12	480.354
21655254.09	5171483.11	351.621
21655326.23	5171463.11	15.1072
21655398.38	5171443.1	107.946
21655470.53	5171423.09	14.1356
21655542.67	5171403.08	37.1662
21655614.82	5171383.07	31.0379
21655686.97	5171363.07	29.8621
21655759.11	5171343.06	23.9301
21655831.26	5171323.05	33.6692
21655903.41	5171303.04	121.187
21655975.55	5171283.03	0.5
21656047.7	5171263.02	24.0119
21656119.85	5171243.02	23.2524
21656191.99	5171223.01	0.5
21656264.14	5171203	0.5
21656336.29	5171182.99	0.5
21656408.43	5171162.98	0.5
21656480.58	5171142.98	25.6985
21656552.73	5171122.97	27.9119
21656624.87	5171102.96	17.7828
21656697.02	5171082.95	113.704
21656769.17	5171062.94	127.371
21656841.31	5171042.94	48.4267
21656913.46	5171022.93	73.1939
21656985.61	5171002.92	309.636
21657057.75	5170982.91	338.983
21657129.9	5170962.9	177.896
21657202.05	5170942.9	28.2581
21657274.19	5170922.89	19.7931
21657346.34	5170902.88	29.174
21657418.49	5170882.87	0.5
21657490.64	5170862.86	0.5
21657562.78	5170842.86	197.752
21657634.93	5170822.85	355.889
21657707.08	5170802.84	333.968
21657779.22	5170782.83	501.052
21657851.37	5170762.82	253.891
21657923.52	5170742.82	288.349
21657995.66	5170722.81	202.161
21658067.81	5170702.8	115.405
21658139.96	5170682.79	37.5816
21658212.1	5170662.78	62.5161
21658284.25	5170642.78	31.3125
21658356.4	5170622.77	103.021
21658428.54	5170602.76	126.858
21658500.69	5170582.75	32.1919
21658572.84	5170562.74	33.72
21658644.98	5170542.74	255.186
21658717.13	5170522.73	365.562
21658789.28	5170502.72	424.765
21658861.42	5170482.71	413.91
21658933.57	5170462.7	329.516
21659005.72	5170442.69	315.218
21659077.86	5170422.69	350.421
21653253.61	5172114.11	31.7368
21653325.75	5172094.1	27.1075
21653397.9	5172074.09	24.6072
21653470.05	5172054.09	25.76
21653542.19	5172034.08	32.5495
21653614.34	5172014.07	37.0109
21653686.49	5171994.06	69.6267
21653758.63	5171974.05	166.063
21653830.78	5171954.05	118.34
21653902.93	5171934.04	121.671
21653975.07	5171914.03	162.304
21654047.22	5171894.02	252.302
21654119.37	5171874.01	274.192
21654191.51	5171854	249.874
21654263.66	5171834	286.642
21654335.81	5171813.99	391.696
21654407.95	5171793.98	298.848
21654480.1	5171773.97	388.226
21654552.25	5171753.96	398.024
21654624.39	5171733.96	91.3233
21654696.54	5171713.95	84.7533
21654768.69	5171693.94	22.5228
21654840.83	5171673.93	223.775
21654912.98	5171653.92	325.676
21654985.13	5171633.92	345.081
21655057.27	5171613.91	41.3461
21655129.42	5171593.9	185.184
21655201.57	5171573.89	313.559
21655273.71	5171553.88	119.546
21655345.86	5171533.88	36.7014
21655418.01	5171513.87	20.9178
21655490.15	5171493.86	14.4206
21655562.3	5171473.85	36.308
21655634.45	5171453.84	25.028
21655706.59	5171433.84	23.7616
21655778.74	5171413.83	20.8545
21655850.89	5171393.82	25.6984
21655923.03	5171373.81	0.5
21655995.18	5171353.8	0.5
21656067.33	5171333.8	0.5
21656139.47	5171313.79	0.5
21656211.62	5171293.78	0.5
21656283.77	5171273.77	0.5
21656355.91	5171253.76	0.5
21656428.06	5171233.76	0.5
21656500.21	5171213.75	19.1098
21656572.35	5171193.74	19.2106
21656644.5	5171173.73	32.3867
21656716.65	5171153.72	175.037
21656788.79	5171133.72	202.282
21656860.94	5171113.71	115.361
21656933.09	5171093.7	81.0411
21657005.23	5171073.69	185.153
21657077.38	5171053.68	291.266
21657149.53	5171033.67	293.815
21657221.67	5171013.67	35.3747
21657293.82	5170993.66	30.5092
21657365.97	5170973.65	37.128
21657438.11	5170953.64	0.5
21657510.26	5170933.63	0.5
21657582.41	5170913.63	313.55
21657654.55	5170893.62	395.126
21657726.7	5170873.61	458.381
21657798.85	5170853.6	487.648
21657870.99	5170833.59	292.093
21657943.14	5170813.59	349.735
21658015.29	5170793.58	340.984
21658087.44	5170773.57	288.193
21658159.58	5170753.56	153.413
21658231.73	5170733.55	133.83
21658303.88	5170713.55	196.032
21658376.02	5170693.54	341.442
21658448.17	5170673.53	279.647
21658520.32	5170653.52	34.2607
21658592.46	5170633.51	35.0259
21658664.61	5170613.51	324.804
21658736.76	5170593.5	397.107
21658808.9	5170573.49	371.453
21658881.05	5170553.48	287.04
21658953.2	5170533.47	274.513
21659025.34	5170513.47	376.347
21659097.49	5170493.46	341.657
21653273.23	5172184.88	23.6717
21653345.38	5172164.87	27.9077
21653417.53	5172144.86	25.2918
21653489.67	5172124.86	26.3694
21653561.82	5172104.85	37.0685
21653633.97	5172084.84	20.2961
21653706.11	5172064.83	35.4451
21653778.26	5172044.82	72.3917
21653850.41	5172024.82	63.5694
21653922.55	5172004.81	78.0256
21653994.7	5171984.8	137.328
21654066.85	5171964.79	248.256
21654138.99	5171944.78	313.849
21654211.14	5171924.78	243.407
21654283.29	5171904.77	361.853
21654355.43	5171884.76	326.696
21654427.58	5171864.75	279.456
21654499.73	5171844.74	215.411
21654571.87	5171824.74	203.249
21654644.02	5171804.73	64.9578
21654716.17	5171784.72	185.584
21654788.31	5171764.71	233.202
21654860.46	5171744.7	580.713
21654932.61	5171724.7	520.346
21655004.75	5171704.69	337.994
21655076.9	5171684.68	37.4212
21655149.05	5171664.67	165.847
21655221.19	5171644.66	186.656
21655293.34	5171624.65	69.7183
21655365.49	5171604.65	35.4134
21655437.63	5171584.64	90.1106
21655509.78	5171564.63	64.4494
21655581.93	5171544.62	35.9818
21655654.07	5171524.61	27.6752
21655726.22	5171504.61	19.3158
21655798.37	5171484.6	0.5
21655870.51	5171464.59	32.7646
21655942.66	5171444.58	31.5609
21656014.81	5171424.57	0.5
21656086.95	5171404.57	0.5
21656159.1	5171384.56	0.5
21656231.25	5171364.55	0.5
21656303.39	5171344.54	1.63527
21656375.54	5171324.53	0.5
21656447.69	5171304.53	0.5
21656519.83	5171284.52	13.8479
21656591.98	5171264.51	13.7854
21656664.13	5171244.5	35.9884
21656736.27	5171224.49	42.8844
21656808.42	5171204.49	177.299
21656880.57	5171184.48	78.6272
21656952.71	5171164.47	93.4139
21657024.86	5171144.46	261.418
21657097.01	5171124.45	362.378
21657169.15	5171104.45	452.733
21657241.3	5171084.44	161.4
21657313.45	5171064.43	35.3702
21657385.59	5171044.42	37.128
21657457.74	5171024.41	0.5
21657529.89	5171004.41	26.6244
21657602.03	5170984.4	328.252
21657674.18	5170964.39	482.633
21657746.33	5170944.38	670.009
21657818.47	5170924.37	734.84
21657890.62	5170904.36	479.902
21657962.77	5170884.36	338.804
21658034.91	5170864.35	265.729
21658107.06	5170844.34	275.577
21658179.21	5170824.33	202.593
21658251.36	5170804.32	162.745
21658323.5	5170784.32	283.679
21658395.65	5170764.31	403.238
21658467.8	5170744.3	178.895
21658539.94	5170724.29	33.7559
21658612.09	5170704.28	98.7922
21658684.24	5170684.28	375.228
21658756.38	5170664.27	469.276
21658828.53	5170644.26	420.364
21658900.68	5170624.25	287.04
21658972.82	5170604.24	291.773
21659044.97	5170584.24	220.948
