21653307.22	5170346.33	23.2822
21653379.37	5170326.32	30.2106
21653451.52	5170306.31	35.3745
21653523.66	5170286.3	104.854
21653595.81	5170266.29	49.8467
21653667.96	5170246.29	168.053
21653740.1	5170226.28	92.4883
21653812.25	5170206.27	138.734
21653884.4	5170186.26	814.631
21653956.54	5170166.25	1108.55
21654028.69	5170146.25	833.243
21654100.84	5170126.24	684.616
21654172.98	5170106.23	1044.61
21654245.13	5170086.22	951.339
21654317.28	5170066.21	751.901
21654389.42	5170046.21	566.03
21654461.57	5170026.2	532.189
21654533.72	5170006.19	94.1167
21654605.86	5169986.18	29.1257
21654678.01	5169966.17	18.3583
21654750.16	5169946.17	37.7112
21654822.31	5169926.16	398.505
21654894.45	5169906.15	471.411
21654966.6	5169886.14	567.736
21655038.75	5169866.13	392.798
21655110.89	5169846.13	277.998
21655183.04	5169826.12	277.998
21655255.19	5169806.11	59.8889
21655327.33	5169786.1	31.4247
21655399.48	5169766.09	61.0217
21653254.7	5170437.11	117.568
21653326.85	5170417.1	20.5039
21653399	5170397.09	37.4669
21653471.14	5170377.08	231.158
21653543.29	5170357.07	317.637
21653615.44	5170337.07	161.397
21653687.58	5170317.06	94.1311
21653759.73	5170297.05	30.4697
21653831.88	5170277.04	13.7711
21653904.02	5170257.03	882.666
21653976.17	5170237.03	793.147
21654048.32	5170217.02	675.113
21654120.46	5170197.01	843.291
21654192.61	5170177	919.978
21654264.76	5170156.99	836.294
21654336.9	5170136.98	595.311
21654409.05	5170116.98	454.774
21654481.2	5170096.97	498.348
21654553.34	5170076.96	94.1167
21654625.49	5170056.95	26.6591
21654697.64	5170036.94	17.0287
21654769.78	5170016.94	34.1032
21654841.93	5169996.93	153.961
21654914.08	5169976.92	236.767
21654986.23	5169956.91	32.7561
21655058.37	5169936.9	217.861
21655130.52	5169916.9	335.501
21655202.66	5169896.89	439.354
21655274.81	5169876.88	216.054
21655346.96	5169856.87	37.6498
21655419.11	5169836.86	227.624
21655491.25	5169816.86	334.854
21655563.4	5169796.85	31.2417
21655635.55	5169776.84	30.4073
21655707.69	5169756.83	34.1631
21655779.84	5169736.82	34.1631
21655851.99	5169716.82	23.2497
21655924.13	5169696.81	0.5
21655996.28	5169676.8	0.5
21656068.43	5169656.79	0.5
21656140.57	5169636.78	0.5
21656212.72	5169616.78	15.5
21656284.87	5169596.77	31.2811
21656357.01	5169576.76	34.5656
21656429.16	5169556.75	37.1816
21656501.31	5169536.74	3.11944
21656573.45	5169516.74	26.4282
21656645.6	5169496.73	23.8498
21656717.75	5169476.72	17.4128
21656789.89	5169456.71	0.5
21656862.04	5169436.7	0.5
21656934.19	5169416.69	8.83606
21657006.33	5169396.69	34.8197
21657078.48	5169376.68	112.242
21657150.63	5169356.67	38.2483
21657222.77	5169336.66	84.8506
21657294.92	5169316.65	167.871
21657367.07	5169296.65	305.784
21657439.21	5169276.64	521.442
21657511.36	5169256.63	577.559
21657583.51	5169236.62	564.027
21657655.65	5169216.61	405.648
21657727.8	5169196.61	57.1522
21657799.95	5169176.6	332.554
21657872.09	5169156.59	445.802
21657944.24	5169136.58	458.151
21658016.39	5169116.57	499.79
21658088.53	5169096.57	331.714
21658160.68	5169076.56	44.7833
21658232.83	5169056.55	44.7833
21658304.97	5169036.54	168.605
21658377.12	5169016.53	249.976
21658449.27	5168996.53	174.135
21658521.41	5168976.52	196.679
21658593.56	5168956.51	135.357
21658665.71	5168936.5	135.357
21658737.85	5168916.49	234.299
21658810	5168896.49	663.142
21658882.15	5168876.48	459.569
21658954.29	5168856.47	324.948
21659026.44	5168836.46	361.352
21659098.59	5168816.45	397.176
21653274.33	5170507.88	288.8
21653346.48	5170487.87	302.264
21653418.62	5170467.86	117.641
21653490.77	5170447.85	497.149
21653562.92	5170427.84	462.675
21653635.06	5170407.84	411.296
21653707.21	5170387.83	165.97
21653779.36	5170367.82	503.887
21653851.5	5170347.81	733.15
21653923.65	5170327.8	799.111
21653995.8	5170307.8	390.574
21654067.94	5170287.79	764.939
21654140.09	5170267.78	731.358
21654212.24	5170247.77	727.707
21654284.38	5170227.76	505.344
21654356.53	5170207.76	295.732
21654428.68	5170187.75	293.473
21654500.82	5170167.74	371.338
21654572.97	5170147.73	142.053
21654645.12	5170127.72	25.5445
21654717.26	5170107.72	37.2377
21654789.41	5170087.71	74.3417
21654861.56	5170067.7	151.919
21654933.7	5170047.69	81.3872
21655005.85	5170027.68	278.271
21655078	5170007.68	411.714
21655150.14	5169987.67	461.675
21655222.29	5169967.66	488.692
21655294.44	5169947.65	181.948
21655366.58	5169927.64	430.248
21655438.73	5169907.63	235.049
21655510.88	5169887.63	235.344
21655583.03	5169867.62	32.8929
21655655.17	5169847.61	37.0239
21655727.32	5169827.6	5.98889
21655799.47	5169807.59	216.527
21655871.61	5169787.59	178.264
21655943.76	5169767.58	37.3761
21656015.91	5169747.57	0.5
21656088.05	5169727.56	0.5
21656160.2	5169707.55	0.5
21656232.35	5169687.55	0.5
21656304.49	5169667.54	36.8174
21656376.64	5169647.53	19.0906
21656448.79	5169627.52	32.7144
21656520.93	5169607.51	34.3853
21656593.08	5169587.51	0.5
21656665.23	5169567.5	0.5
21656737.37	5169547.49	0.5
21656809.52	5169527.48	0.5
21656881.67	5169507.47	21.8087
21656953.81	5169487.47	32.1139
21657025.96	5169467.46	117.369
21657098.11	5169447.45	112.242
21657170.25	5169427.44	30.8226
21657242.4	5169407.43	30.47
21657314.55	5169387.43	111.622
21657386.69	5169367.42	24.8222
21657458.84	5169347.41	373.738
21657530.99	5169327.4	493.673
21657603.13	5169307.39	467.009
21657675.28	5169287.39	330.938
21657747.43	5169267.38	160.101
21657819.57	5169247.37	502.554
21657891.72	5169227.36	323.082
21657963.87	5169207.35	291.033
21658036.01	5169187.34	541.428
21658108.16	5169167.34	450.569
21658180.31	5169147.33	294.973
21658252.45	5169127.32	240.152
21658324.6	5169107.31	240.736
21658396.75	5169087.3	239.885
21658468.89	5169067.3	329.88
21658541.04	5169047.29	419.544
21658613.19	5169027.28	165.28
21658685.33	5169007.27	237.86
21658757.48	5168987.26	368.942
21658829.63	5168967.26	640.281
21658901.77	5168947.25	555.393
21658973.92	5168927.24	585.837
21659046.07	5168907.23	691.12
21653293.96	5170578.65	458.989
21653366.1	5170558.64	483.43
21653438.25	5170538.63	536.996
21653510.4	5170518.62	753.188
21653582.54	5170498.61	806.189
21653654.69	5170478.61	798.841
21653726.84	5170458.6	446.414
21653798.98	5170438.59	636.254
21653871.13	5170418.58	682.417
21653943.28	5170398.57	605.053
21654015.42	5170378.57	379.917
21654087.57	5170358.56	774.341
21654159.72	5170338.55	531.334
21654231.86	5170318.54	322.873
21654304.01	5170298.53	283.402
21654376.16	5170278.53	227.022
21654448.3	5170258.52	521.708
21654520.45	5170238.51	546.827
21654592.6	5170218.5	341.983
21654664.74	5170198.49	3.37833
21654736.89	5170178.49	62.1461
21654809.04	5170158.48	296.971
21654881.18	5170138.47	256.302
21654953.33	5170118.46	129.957
21655025.48	5170098.45	537.824
21655097.62	5170078.45	606.477
21655169.77	5170058.44	461.113
21655241.92	5170038.43	312.203
21655314.06	5170018.42	179.592
21655386.21	5169998.41	314.253
21655458.36	5169978.41	392.033
21655530.5	5169958.4	454.319
21655602.65	5169938.39	24.7302
21655674.8	5169918.38	194.629
21655746.95	5169898.37	370.656
21655819.09	5169878.37	465.329
21655891.24	5169858.36	277.436
21655963.38	5169838.35	33.9101
21656035.53	5169818.34	26.3661
21656107.68	5169798.33	36.0544
21656179.83	5169778.32	16.7239
21656251.97	5169758.32	0.5
21656324.12	5169738.31	0.5
21656396.27	5169718.3	18.3072
21656468.41	5169698.29	33.3924
21656540.56	5169678.28	0.5
21656612.71	5169658.28	19.9905
21656684.85	5169638.27	0.5
21656757	5169618.26	0.5
21656829.15	5169598.25	11.2303
21656901.29	5169578.24	15.6768
21656973.44	5169558.24	37.0443
21657045.59	5169538.23	288.665
21657117.73	5169518.22	334.181
21657189.88	5169498.21	37.0053
21657262.03	5169478.2	25.0488
21657334.17	5169458.2	35.7962
21657406.32	5169438.19	27.6244
21657478.47	5169418.18	218.082
21657550.61	5169398.17	531.537
21657622.76	5169378.16	445.976
21657694.91	5169358.16	196.762
21657767.05	5169338.15	332.558
21657839.2	5169318.14	541.038
21657911.35	5169298.13	705.43
21657983.49	5169278.12	488.403
21658055.64	5169258.12	556.312
21658127.79	5169238.11	359.709
21658199.93	5169218.1	349.795
21658272.08	5169198.09	282.768
21658344.23	5169178.08	213.572
21658416.37	5169158.08	268.143
21658488.52	5169138.07	419.875
21658560.67	5169118.06	419.544
21658632.81	5169098.05	92.7
21658704.96	5169078.04	317.518
21658777.11	5169058.03	665.108
21658849.25	5169038.03	754.73
21658921.4	5169018.02	696.933
21658993.55	5168998.01	642.869
21659065.69	5168978	706.771
21653313.58	5170649.42	519.585
21653385.73	5170629.41	674.83
21653457.88	5170609.4	658.829
21653530.02	5170589.39	631.116
21653602.17	5170569.39	808.273
21653674.32	5170549.38	777.251
21653746.46	5170529.37	561.699
21653818.61	5170509.36	505.808
21653890.76	5170489.35	477.504
21653962.9	5170469.35	501.964
21654035.05	5170449.34	595.925
21654107.2	5170429.33	599.376
21654179.34	5170409.32	296.97
21654251.49	5170389.31	24.5533
21654323.64	5170369.3	67.1917
21654395.78	5170349.3	206.237
21654467.93	5170329.29	453.363
21654540.08	5170309.28	412.721
21654612.22	5170289.27	377.913
21654684.37	5170269.26	284.936
21654756.52	5170249.26	187.061
21654828.66	5170229.25	280.214
21654900.81	5170209.24	368.027
21654972.96	5170189.23	440.139
21655045.1	5170169.22	662.632
21655117.25	5170149.22	575.881
21655189.4	5170129.21	635.468
21655261.54	5170109.2	440.23
21655333.69	5170089.19	355.278
21655405.84	5170069.18	223.206
21655477.98	5170049.18	328.248
21655550.13	5170029.17	528.656
21655622.28	5170009.16	437.716
21655694.42	5169989.15	520.38
21655766.57	5169969.14	398.254
21655838.72	5169949.14	167.303
21655910.86	5169929.13	34.9116
21655983.01	5169909.12	26.7831
21656055.16	5169889.11	33.8517
21656127.3	5169869.1	444.516
21656199.45	5169849.1	342.744
21656271.6	5169829.09	34.7411
21656343.75	5169809.08	0.5
21656415.89	5169789.07	0.5
21656488.04	5169769.06	0.5
21656560.19	5169749.06	0.5
21656632.33	5169729.05	23.1149
21656704.48	5169709.04	25.4538
21656776.63	5169689.03	27.9117
21656848.77	5169669.02	27.2663
21656920.92	5169649.02	26.2467
21656993.07	5169629.01	28.6742
21657065.21	5169609	124.738
21657137.36	5169588.99	318.021
21657209.51	5169568.98	198.639
21657281.65	5169548.97	28.4991
21657353.8	5169528.97	30.9503
21657425.95	5169508.96	167.205
21657498.09	5169488.95	386.571
21657570.24	5169468.94	515.149
21657642.39	5169448.93	515.499
21657714.53	5169428.93	430.794
21657786.68	5169408.92	349.758
21657858.83	5169388.91	447.269
21657930.97	5169368.9	509.141
21658003.12	5169348.89	699.602
21658075.27	5169328.89	568.243
21658147.41	5169308.88	327.482
21658219.56	5169288.87	400.773
21658291.71	5169268.86	318.403
21658363.85	5169248.85	312.182
21658436	5169228.85	368.359
21658508.15	5169208.84	494.299
21658580.29	5169188.83	440.482
21658652.44	5169168.82	94.2067
21658724.59	5169148.81	205.953
21658796.73	5169128.81	627.911
21658868.88	5169108.8	765.038
21658941.03	5169088.79	577.089
21659013.17	5169068.78	518.001
21659085.32	5169048.77	607.905
21653261.06	5170740.2	513.913
21653333.21	5170720.19	480.359
21653405.36	5170700.18	640.438
21653477.5	5170680.17	679.557
21653549.65	5170660.16	679.256
21653621.8	5170640.16	732.722
21653693.94	5170620.15	777.426
21653766.09	5170600.14	644.035
21653838.24	5170580.13	344.326
21653910.38	5170560.12	467.906
21653982.53	5170540.12	418.306
21654054.68	5170520.11	566.19
21654126.82	5170500.1	543.273
21654198.97	5170480.09	348.389
21654271.12	5170460.08	200.243
21654343.26	5170440.08	399.514
21654415.41	5170420.07	401.136
21654487.56	5170400.06	410.656
21654559.7	5170380.05	427.941
21654631.85	5170360.04	539.272
21654704	5170340.04	443.748
21654776.14	5170320.03	264.021
21654848.29	5170300.02	472.668
21654920.44	5170280.01	576.452
21654992.58	5170260	534.144
21655064.73	5170240	707.204
21655136.88	5170219.99	596.258
21655209.02	5170199.98	738.646
21655281.17	5170179.97	499.847
21655353.32	5170159.96	363.462
21655425.46	5170139.95	501.958
21655497.61	5170119.95	653.9
21655569.76	5170099.94	716.848
21655641.9	5170079.93	978.883
21655714.05	5170059.92	883.278
21655786.2	5170039.91	534.677
21655858.34	5170019.91	32.2046
21655930.49	5169999.9	0.5
21656002.64	5169979.89	27.5548
21656074.78	5169959.88	37.9441
21656146.93	5169939.87	578.073
21656219.08	5169919.87	585.339
21656291.22	5169899.86	156.633
21656363.37	5169879.85	0.5
21656435.52	5169859.84	0.5
21656507.66	5169839.83	0.5
21656579.81	5169819.83	0.5
21656651.96	5169799.82	31.5309
21656724.1	5169779.81	155.83
21656796.25	5169759.8	33.5545
21656868.4	5169739.79	37.626
21656940.55	5169719.79	255.741
21657012.69	5169699.78	270.892
21657084.84	5169679.77	373.788
21657156.99	5169659.76	447.677
21657229.13	5169639.75	410.109
21657301.28	5169619.75	184.338
21657373.43	5169599.74	74.97
21657445.57	5169579.73	90.0328
21657517.72	5169559.72	338.309
21657589.87	5169539.71	497.613
21657662.01	5169519.71	583.065
21657734.16	5169499.7	672.518
21657806.31	5169479.69	642.241
21657878.45	5169459.68	575.861
21657950.6	5169439.67	672.518
21658022.75	5169419.66	712.455
21658094.89	5169399.66	534.357
21658167.04	5169379.65	480.369
21658239.19	5169359.64	535.265
21658311.33	5169339.63	506.841
21658383.48	5169319.62	520.587
21658455.63	5169299.62	553.807
21658527.77	5169279.61	564.312
21658599.92	5169259.6	493.349
21658672.07	5169239.59	133.232
21658744.21	5169219.58	387.915
21658816.36	5169199.58	421.236
21658888.51	5169179.57	553.524
21658960.65	5169159.56	485.401
21659032.8	5169139.55	394.931
21659104.95	5169119.54	393.997
21653280.69	5170810.97	412.546
21653352.84	5170790.96	379.902
21653424.98	5170770.95	339.373
21653497.13	5170750.94	590.719
21653569.28	5170730.93	717.721
21653641.42	5170710.93	817.78
21653713.57	5170690.92	862.152
21653785.72	5170670.91	559.534
21653857.86	5170650.9	526.666
21653930.01	5170630.89	249.576
21654002.16	5170610.89	286.451
21654074.3	5170590.88	371.798
21654146.45	5170570.87	346.712
21654218.6	5170550.86	459.024
21654290.74	5170530.85	450.232
21654362.89	5170510.85	482.569
21654435.04	5170490.84	448.037
21654507.18	5170470.83	454.551
21654579.33	5170450.82	527.468
21654651.48	5170430.81	589.159
21654723.62	5170410.81	615.327
21654795.77	5170390.8	535.065
21654867.92	5170370.79	537.657
21654940.06	5170350.78	761.044
21655012.21	5170330.77	784.338
21655084.36	5170310.77	693.777
21655156.5	5170290.76	628.154
21655228.65	5170270.75	568.294
21655300.8	5170250.74	491.658
21655372.94	5170230.73	549.616
21655445.09	5170210.73	645.155
21655517.24	5170190.72	457.715
21655589.38	5170170.71	694.249
21655661.53	5170150.7	392.346
21655733.68	5170130.69	340.437
21655805.82	5170110.69	216.257
21655877.97	5170090.68	33.1147
21655950.12	5170070.67	25.5557
21656022.26	5170050.66	28.7761
21656094.41	5170030.65	32.6929
21656166.56	5170010.65	160.708
21656238.7	5169990.64	197.791
21656310.85	5169970.63	36.0205
21656383	5169950.62	0.5
21656455.14	5169930.61	0.5
21656527.29	5169910.6	0.5
21656599.44	5169890.6	0.5
21656671.58	5169870.59	31.2668
21656743.73	5169850.58	37.1805
21656815.88	5169830.57	26.965
21656888.02	5169810.56	28.9377
21656960.17	5169790.56	251.79
21657032.32	5169770.55	385.623
21657104.47	5169750.54	586.755
21657176.61	5169730.53	754.227
21657248.76	5169710.52	705.261
21657320.91	5169690.52	243.392
21657393.05	5169670.51	139.534
21657465.2	5169650.5	126.493
21657537.35	5169630.49	341.476
21657609.49	5169610.48	608.584
21657681.64	5169590.48	835.118
21657753.79	5169570.47	836.306
21657825.93	5169550.46	706.307
21657898.08	5169530.45	815.627
21657970.23	5169510.44	852.273
21658042.37	5169490.44	426.009
21658114.52	5169470.43	104.013
21658186.67	5169450.42	453.734
21658258.81	5169430.41	562.111
21658330.96	5169410.4	540.97
21658403.11	5169390.4	536.658
21658475.25	5169370.39	413.496
21658547.4	5169350.38	438.169
21658619.55	5169330.37	466.629
21658691.69	5169310.36	434.942
21658763.84	5169290.36	437.894
21658835.99	5169270.35	511.155
21658908.13	5169250.34	532.674
21658980.28	5169230.33	529.476
21659052.43	5169210.32	405.609
21653300.32	5170881.74	432.947
21653372.46	5170861.73	451.799
21653444.61	5170841.72	315.939
21653516.76	5170821.71	613.395
21653588.9	5170801.71	589.152
21653661.05	5170781.7	493.723
21653733.2	5170761.69	98.5128
21653805.34	5170741.68	511.833
21653877.49	5170721.67	374.041
21653949.64	5170701.67	145.833
21654021.78	5170681.66	363.278
21654093.93	5170661.65	36.3228
21654166.08	5170641.64	305.44
21654238.22	5170621.63	327.444
21654310.37	5170601.63	119.369
21654382.52	5170581.62	98.0289
21654454.66	5170561.61	441.317
21654526.81	5170541.6	387.162
21654598.96	5170521.59	519.305
21654671.1	5170501.58	779.223
21654743.25	5170481.58	669.25
21654815.4	5170461.57	688.919
21654887.54	5170441.56	616.003
21654959.69	5170421.55	812.864
21655031.84	5170401.54	826.551
21655103.98	5170381.54	278.048
21655176.13	5170361.53	601.913
21655248.28	5170341.52	744.074
21655320.42	5170321.51	299.314
21655392.57	5170301.5	416.198
21655464.72	5170281.5	694.437
21655536.86	5170261.49	829.237
21655609.01	5170241.48	407.452
21655681.16	5170221.47	347.526
21655753.3	5170201.46	170.778
21655825.45	5170181.46	60.7833
21655897.6	5170161.45	31.4459
21655969.74	5170141.44	34.4431
21656041.89	5170121.43	31.8647
21656114.04	5170101.42	26.1479
21656186.18	5170081.42	0.5
21656258.33	5170061.41	0.5
21656330.48	5170041.4	0.5
21656402.62	5170021.39	0.5
21656474.77	5170001.38	0.5
21656546.92	5169981.38	0.5
21656619.06	5169961.37	0.5
21656691.21	5169941.36	28.1595
21656763.36	5169921.35	26.9869
21656835.5	5169901.34	18.9297
21656907.65	5169881.34	19.8571
21656979.8	5169861.33	27.7654
21657051.94	5169841.32	0.5
21657124.09	5169821.31	418.844
21657196.24	5169801.3	970.064
21657268.38	5169781.3	728.291
21657340.53	5169761.29	310.655
21657412.68	5169741.28	226.249
21657484.83	5169721.27	274.831
21657556.97	5169701.26	382.527
21657629.12	5169681.25	593.984
21657701.27	5169661.25	807.701
21657773.41	5169641.24	652.663
21657845.56	5169621.23	486.3
21657917.71	5169601.22	883.443
21657989.85	5169581.21	812.185
21658062	5169561.21	225.596
21658134.15	5169541.2	153.79
21658206.29	5169521.19	545.727
21658278.44	5169501.18	558.932
21658350.59	5169481.17	482.677
21658422.73	5169461.17	448.401
21658494.88	5169441.16	282.121
21658567.03	5169421.15	388.699
21658639.17	5169401.14	527.332
21658711.32	5169381.13	695.501
21658783.47	5169361.13	630.019
21658855.61	5169341.12	594.288
21658927.76	5169321.11	642.614
21658999.91	5169301.1	633.077
21659072.05	5169281.09	576.981
21653247.8	5170972.52	327.453
21653319.94	5170952.51	444.188
21653392.09	5170932.5	490.354
21653464.24	5170912.49	559.777
21653536.38	5170892.48	689.345
21653608.53	5170872.48	509.743
21653680.68	5170852.47	188.569
21653752.82	5170832.46	33.2537
21653824.97	5170812.45	245.242
21653897.12	5170792.44	507.386
21653969.26	5170772.44	337.966
21654041.41	5170752.43	321.946
21654113.56	5170732.42	221.089
21654185.7	5170712.41	337.176
21654257.85	5170692.4	423.001
21654330	5170672.4	177.456
21654402.14	5170652.39	287.288
21654474.29	5170632.38	592.329
21654546.44	5170612.37	598.857
21654618.58	5170592.36	684.804
21654690.73	5170572.36	715.851
21654762.88	5170552.35	586.989
21654835.02	5170532.34	431.838
21654907.17	5170512.33	581.704
21654979.32	5170492.32	771.571
21655051.46	5170472.32	667.987
21655123.61	5170452.31	665.336
21655195.76	5170432.3	770.654
21655267.9	5170412.29	803.816
21655340.05	5170392.28	588.085
21655412.2	5170372.28	823.571
21655484.34	5170352.27	833.362
21655556.49	5170332.26	1040.6
21655628.64	5170312.25	931.432
21655700.78	5170292.24	717.307
21655772.93	5170272.23	481.563
21655845.08	5170252.23	382.839
21655917.22	5170232.22	321.086
21655989.37	5170212.21	25.1772
21656061.52	5170192.2	32.4552
21656133.66	5170172.19	34.2315
21656205.81	5170152.19	120.216
21656277.96	5170132.18	0.5
21656350.1	5170112.17	0.5
21656422.25	5170092.16	0.5
21656494.4	5170072.15	0.5
21656566.54	5170052.15	0.5
21656638.69	5170032.14	0.5
21656710.84	5170012.13	28.328
21656782.98	5169992.12	32.8051
21656855.13	5169972.11	24.8476
21656927.28	5169952.11	21.4956
21656999.42	5169932.1	27.0422
21657071.57	5169912.09	0.5
21657143.72	5169892.08	25.1791
21657215.86	5169872.07	63.5617
21657288.01	5169852.07	152.661
21657360.16	5169832.06	32.9546
21657432.3	5169812.05	419.301
21657504.45	5169792.04	484.788
21657576.6	5169772.03	317.543
21657648.74	5169752.03	567.091
21657720.89	5169732.02	778.681
21657793.04	5169712.01	563.893
21657865.18	5169692	299.446
21657937.33	5169671.99	604.869
21658009.48	5169651.99	705.097
21658081.63	5169631.98	500.191
21658153.77	5169611.97	362.68
21658225.92	5169591.96	379.858
21658298.07	5169571.95	407.827
21658370.21	5169551.94	171.336
21658442.36	5169531.94	335.656
21658514.51	5169511.93	368.605
21658586.65	5169491.92	341.393
21658658.8	5169471.91	377.767
21658730.95	5169451.9	632.587
21658803.09	5169431.9	688.41
21658875.24	5169411.89	635.457
21658947.39	5169391.88	643.403
21659019.53	5169371.87	520.236
21659091.68	5169351.86	504.454
21653267.42	5171043.29	465.257
21653339.57	5171023.28	420.793
21653411.72	5171003.27	499.496
21653483.86	5170983.26	559.039
21653556.01	5170963.26	705.063
21653628.16	5170943.25	693.445
21653700.3	5170923.24	214.141
21653772.45	5170903.23	34.8712
21653844.6	5170883.22	131.047
21653916.74	5170863.21	553
21653988.89	5170843.21	336.409
21654061.04	5170823.2	440.121
21654133.18	5170803.19	269.518
21654205.33	5170783.18	272.429
21654277.48	5170763.17	266.564
21654349.62	5170743.17	75.7778
21654421.77	5170723.16	602.079
21654493.92	5170703.15	743.099
21654566.06	5170683.14	745.305
21654638.21	5170663.13	722.481
21654710.36	5170643.13	555.992
21654782.5	5170623.12	355.5
21654854.65	5170603.11	291.398
21654926.8	5170583.1	534.768
21654998.94	5170563.09	776.946
21655071.09	5170543.09	720.527
21655143.24	5170523.08	560.056
21655215.38	5170503.07	601.774
21655287.53	5170483.06	772.11
21655359.68	5170463.05	668.684
21655431.82	5170443.05	781.774
21655503.97	5170423.04	682.251
21655576.12	5170403.03	842.761
21655648.26	5170383.02	693.653
21655720.41	5170363.01	645.445
21655792.56	5170343.01	582.299
21655864.7	5170323	247.811
21655936.85	5170302.99	207.344
21656009	5170282.98	154.892
21656081.14	5170262.97	181.628
21656153.29	5170242.97	288.686
21656225.44	5170222.96	514.998
21656297.58	5170202.95	581.867
21656369.73	5170182.94	26.777
21656441.88	5170162.93	0.5
21656514.02	5170142.93	35.6181
21656586.17	5170122.92	118.602
21656658.32	5170102.91	497.749
21656730.46	5170082.9	187.805
21656802.61	5170062.89	63.2789
21656874.76	5170042.88	576.665
21656946.9	5170022.88	33.3895
21657019.05	5170002.87	24.9357
21657091.2	5169982.86	32.5675
21657163.34	5169962.85	34.1984
21657235.49	5169942.84	156.699
21657307.64	5169922.84	530.215
21657379.78	5169902.83	495.071
21657451.93	5169882.82	563.511
21657524.08	5169862.81	518.869
21657596.22	5169842.8	384.637
21657668.37	5169822.8	389.346
21657740.52	5169802.79	639.313
21657812.66	5169782.78	577.609
21657884.81	5169762.77	668.128
21657956.96	5169742.76	710.022
21658029.1	5169722.76	628.89
21658101.25	5169702.75	627.581
21658173.4	5169682.74	532.318
21658245.54	5169662.73	466.995
21658317.69	5169642.72	530.174
21658389.84	5169622.72	575.157
21658461.99	5169602.71	672.275
21658534.13	5169582.7	703.267
21658606.28	5169562.69	620.647
21658678.43	5169542.68	627.052
21658750.57	5169522.68	597.746
21658822.72	5169502.67	527.487
21658894.87	5169482.66	546.966
21658967.01	5169462.65	544.252
21659039.16	5169442.64	415.697
21659111.31	5169422.64	394.104
21653287.05	5171114.06	471.061
21653359.2	5171094.05	524.094
21653431.34	5171074.04	519.613
21653503.49	5171054.03	557.068
21653575.64	5171034.03	569.667
21653647.78	5171014.02	197.436
21653719.93	5170994.01	33.9401
21653792.08	5170974	32.6897
21653864.22	5170953.99	447.278
21653936.37	5170933.99	709.662
21654008.52	5170913.98	516.601
21654080.66	5170893.97	547.406
21654152.81	5170873.96	235.086
21654224.96	5170853.95	348.921
21654297.1	5170833.95	359.942
21654369.25	5170813.94	575.858
21654441.4	5170793.93	645.599
21654513.54	5170773.92	613.597
21654585.69	5170753.91	586.122
21654657.84	5170733.91	533.669
21654729.98	5170713.9	310.027
21654802.13	5170693.89	308.621
21654874.28	5170673.88	368.553
21654946.42	5170653.87	395.794
21655018.57	5170633.86	596.61
21655090.72	5170613.86	783.258
21655162.86	5170593.85	693.973
21655235.01	5170573.84	729.188
21655307.16	5170553.83	829.348
21655379.3	5170533.82	630.205
21655451.45	5170513.82	687.844
21655523.6	5170493.81	356.153
21655595.74	5170473.8	555.939
21655667.89	5170453.79	526.678
21655740.04	5170433.78	413.595
21655812.18	5170413.78	37.8134
21655884.33	5170393.77	30.2397
21655956.48	5170373.76	23.3722
21656028.62	5170353.75	204.568
21656100.77	5170333.74	326.64
21656172.92	5170313.74	416.313
21656245.06	5170293.73	517.772
21656317.21	5170273.72	695.493
21656389.36	5170253.71	31.8825
21656461.5	5170233.7	31.7035
21656533.65	5170213.7	510.429
21656605.8	5170193.69	553.45
21656677.94	5170173.68	297.506
21656750.09	5170153.67	106.956
21656822.24	5170133.66	152.698
21656894.38	5170113.66	449.214
21656966.53	5170093.65	37.9818
21657038.68	5170073.64	28.6617
21657110.82	5170053.63	31.4312
21657182.97	5170033.62	43.2861
21657255.12	5170013.62	335.303
21657327.26	5169993.61	463.166
21657399.41	5169973.6	553.129
21657471.56	5169953.59	500.142
21657543.7	5169933.58	551.007
21657615.85	5169913.57	320.102
21657688	5169893.57	50.9883
21657760.14	5169873.56	494.947
21657832.29	5169853.55	607.509
21657904.44	5169833.54	735.672
21657976.58	5169813.53	721.702
21658048.73	5169793.53	665.238
21658120.88	5169773.52	444.638
21658193.02	5169753.51	533.417
21658265.17	5169733.5	541.973
21658337.32	5169713.49	539.803
21658409.46	5169693.49	516.59
21658481.61	5169673.48	651.167
21658553.76	5169653.47	708.923
21658625.91	5169633.46	572.079
21658698.05	5169613.45	496.472
21658770.2	5169593.45	607.671
21658842.35	5169573.44	464.066
21658914.49	5169553.43	335.326
21658986.64	5169533.42	211.696
21659058.79	5169513.41	213.853
21653306.68	5171184.83	256.802
21653378.82	5171164.82	444.055
21653450.97	5171144.81	467.91
21653523.12	5171124.8	441.115
21653595.26	5171104.8	515.457
21653667.41	5171084.79	94.0628
21653739.56	5171064.78	23.6542
21653811.7	5171044.77	208.289
21653883.85	5171024.76	928.768
21653956	5171004.76	749.11
21654028.14	5170984.75	535.473
21654100.29	5170964.74	734.201
21654172.44	5170944.73	534.041
21654244.58	5170924.72	375.349
21654316.73	5170904.72	830.449
21654388.88	5170884.71	816.607
21654461.02	5170864.7	510.276
21654533.17	5170844.69	571.752
21654605.32	5170824.68	549.518
21654677.46	5170804.68	508.691
21654749.61	5170784.67	374.012
21654821.76	5170764.66	354.351
21654893.9	5170744.65	418.586
21654966.05	5170724.64	545.267
21655038.2	5170704.64	256.479
21655110.34	5170684.63	456.713
21655182.49	5170664.62	748.451
21655254.64	5170644.61	560.004
21655326.78	5170624.6	603.314
21655398.93	5170604.6	569.855
21655471.08	5170584.59	398.354
21655543.22	5170564.58	516.711
21655615.37	5170544.57	571.231
21655687.52	5170524.56	150.463
21655759.66	5170504.56	251.899
21655831.81	5170484.55	36.5901
21655903.96	5170464.54	23.2446
21655976.1	5170444.53	37.8033
21656048.25	5170424.52	390.956
21656120.4	5170404.51	222.548
21656192.54	5170384.51	35.8962
21656264.69	5170364.5	208.217
21656336.84	5170344.49	257.943
21656408.98	5170324.48	377.85
21656481.13	5170304.47	291.316
21656553.28	5170284.47	222.511
21656625.42	5170264.46	33.4445
21656697.57	5170244.45	34.659
21656769.72	5170224.44	39.135
21656841.86	5170204.43	403.342
21656914.01	5170184.43	250.787
21656986.16	5170164.42	36.546
21657058.3	5170144.41	30.4978
21657130.45	5170124.4	26.1822
21657202.6	5170104.39	33.6549
21657274.74	5170084.39	55.7956
21657346.89	5170064.38	257.816
21657419.04	5170044.37	402.142
21657491.18	5170024.36	463.923
21657563.33	5170004.35	308.774
21657635.48	5169984.35	434.693
21657707.62	5169964.34	346.038
21657779.77	5169944.33	255.904
21657851.92	5169924.32	563.344
21657924.06	5169904.31	536.46
21657996.21	5169884.31	743.185
21658068.36	5169864.3	699.413
21658140.5	5169844.29	551.397
21658212.65	5169824.28	513.474
21658284.8	5169804.27	539.965
21658356.94	5169784.27	652.248
21658429.09	5169764.26	560.218
21658501.24	5169744.25	497.796
21658573.38	5169724.24	555.021
21658645.53	5169704.23	578.846
21658717.68	5169684.22	525.376
21658789.82	5169664.22	541.834
21658861.97	5169644.21	332.478
21658934.12	5169624.2	164.432
21659006.26	5169604.19	36.2946
21659078.41	5169584.18	34.9238
21653254.15	5171275.61	155.224
21653326.3	5171255.6	253.907
21653398.45	5171235.59	199.803
21653470.6	5171215.58	385.196
21653542.74	5171195.58	352.799
21653614.89	5171175.57	313.021
21653687.04	5171155.56	177.404
21653759.18	5171135.55	285.897
21653831.33	5171115.54	666.956
21653903.48	5171095.54	677.502
21653975.62	5171075.53	683.572
21654047.77	5171055.52	357.293
21654119.92	5171035.51	675.041
21654192.06	5171015.5	639.815
21654264.21	5170995.49	455.208
21654336.36	5170975.49	436.932
21654408.5	5170955.48	272.637
21654480.65	5170935.47	456.099
21654552.8	5170915.46	561.856
21654624.94	5170895.45	598.754
21654697.09	5170875.45	565.569
21654769.24	5170855.44	449.841
21654841.38	5170835.43	412.602
21654913.53	5170815.42	336.22
21654985.68	5170795.41	530.438
21655057.82	5170775.41	307.392
21655129.97	5170755.4	542.826
21655202.12	5170735.39	653.634
21655274.26	5170715.38	703.688
21655346.41	5170695.37	779.626
21655418.56	5170675.37	956.904
21655490.7	5170655.36	738.547
21655562.85	5170635.35	648.799
21655635	5170615.34	398.468
21655707.14	5170595.33	181.676
21655779.29	5170575.33	228.221
21655851.44	5170555.32	19.8969
21655923.58	5170535.31	0.5
21655995.73	5170515.3	145.061
21656067.88	5170495.29	415.178
21656140.02	5170475.29	180.793
21656212.17	5170455.28	36.0596
21656284.32	5170435.27	37.0967
21656356.46	5170415.26	303.007
21656428.61	5170395.25	468.843
21656500.76	5170375.25	319.598
21656572.9	5170355.24	35.2112
21656645.05	5170335.23	25.3835
21656717.2	5170315.22	25.4198
21656789.34	5170295.21	35.6203
21656861.49	5170275.21	124.743
21656933.64	5170255.2	36.1751
21657005.78	5170235.19	0.5
21657077.93	5170215.18	0.5
21657150.08	5170195.17	173.057
21657222.22	5170175.16	12.4483
21657294.37	5170155.16	73.7106
21657366.52	5170135.15	288.626
21657438.66	5170115.14	422.533
21657510.81	5170095.13	265.909
21657582.96	5170075.12	325.964
21657655.1	5170055.12	475.087
21657727.25	5170035.11	582.748
21657799.4	5170015.1	239.59
21657871.54	5169995.09	383.005
21657943.69	5169975.08	371.004
21658015.84	5169955.08	652.633
21658087.98	5169935.07	672.252
21658160.13	5169915.06	244.923
21658232.28	5169895.05	333.792
21658304.42	5169875.04	39.7856
21658376.57	5169855.04	583.98
21658448.72	5169835.03	669.251
21658520.86	5169815.02	432.868
21658593.01	5169795.01	495.071
21658665.16	5169775	713.302
21658737.3	5169755	753.987
21658809.45	5169734.99	653.354
21658881.6	5169714.98	280.434
21658953.74	5169694.97	87.0922
21659025.89	5169674.96	37.1745
21659098.04	5169654.96	37.0621
21653273.78	5171346.38	31.9178
21653345.93	5171326.37	33.955
21653418.07	5171306.36	32.5673
21653490.22	5171286.35	57.0344
21653562.37	5171266.35	292.318
21653634.51	5171246.34	199.154
21653706.66	5171226.33	105.619
21653778.81	5171206.32	305.042
21653850.96	5171186.31	800.161
21653923.1	5171166.31	399.839
21653995.25	5171146.3	312.698
21654067.4	5171126.29	450.609
21654139.54	5171106.28	698.395
21654211.69	5171086.27	679.919
21654283.84	5171066.27	210.533
21654355.98	5171046.26	33.9961
21654428.13	5171026.25	33.7576
21654500.28	5171006.24	37.488
21654572.42	5170986.23	367.658
21654644.57	5170966.23	577.088
21654716.72	5170946.22	574.967
21654788.86	5170926.21	388.088
21654861.01	5170906.2	354.281
21654933.16	5170886.19	357.402
21655005.3	5170866.18	589.992
21655077.45	5170846.18	376.079
21655149.6	5170826.17	187.622
21655221.74	5170806.16	494.646
21655293.89	5170786.15	506.016
21655366.04	5170766.14	780.767
21655438.18	5170746.14	990.898
21655510.33	5170726.13	642.42
21655582.48	5170706.12	91.5011
21655654.62	5170686.11	330.929
21655726.77	5170666.1	307.101
21655798.92	5170646.1	322.799
21655871.06	5170626.09	30.9074
21655943.21	5170606.08	27.1917
21656015.36	5170586.07	0.5
21656087.5	5170566.06	322.143
21656159.65	5170546.06	224.054
21656231.8	5170526.05	35.5463
21656303.94	5170506.04	32.2739
21656376.09	5170486.03	233.986
21656448.24	5170466.02	124.657
21656520.38	5170446.02	33.9578
21656592.53	5170426.01	26.6771
21656664.68	5170406	25.8137
21656736.82	5170385.99	0.5
21656808.97	5170365.98	27.27
21656881.12	5170345.98	28.3916
21656953.26	5170325.97	133.742
21657025.41	5170305.96	35.6752
21657097.56	5170285.95	30.7123
21657169.7	5170265.94	155.811
21657241.85	5170245.94	349.631
21657314	5170225.93	634.901
21657386.14	5170205.92	716.686
21657458.29	5170185.91	765.611
21657530.44	5170165.9	816.987
21657602.58	5170145.9	644.772
21657674.73	5170125.89	382.078
21657746.88	5170105.88	462.432
21657819.02	5170085.87	428.231
21657891.17	5170065.86	360.201
21657963.32	5170045.85	483.363
21658035.46	5170025.85	430.926
21658107.61	5170005.84	680.912
21658179.76	5169985.83	465.743
21658251.9	5169965.82	437.6
21658324.05	5169945.81	473.447
21658396.2	5169925.81	408.809
21658468.34	5169905.8	679.509
21658540.49	5169885.79	657.725
21658612.64	5169865.78	802.564
21658684.78	5169845.77	1026.13
21658756.93	5169825.77	836.946
21658829.08	5169805.76	791.849
21658901.22	5169785.75	627.146
21658973.37	5169765.74	455.527
21659045.52	5169745.73	141.938
21653293.41	5171417.15	30.1562
21653365.55	5171397.14	24.8816
21653437.7	5171377.13	28.3682
21653509.85	5171357.12	32.1593
21653581.99	5171337.12	61.005
21653654.14	5171317.11	441.738
21653726.29	5171297.1	588.089
21653798.43	5171277.09	731.603
21653870.58	5171257.08	951.677
21653942.73	5171237.08	36.802
21654014.87	5171217.07	42.0694
21654087.02	5171197.06	348.166
21654159.17	5171177.05	670.102
21654231.32	5171157.04	502.458
21654303.46	5171137.04	98.2933
21654375.61	5171117.03	26.8193
21654447.76	5171097.02	90.0461
21654519.9	5171077.01	148.965
21654592.05	5171057	185.859
21654664.2	5171037	280.561
21654736.34	5171016.99	568.672
21654808.49	5170996.98	471.491
21654880.64	5170976.97	384.564
21654952.78	5170956.96	471.419
21655024.93	5170936.96	561.633
21655097.08	5170916.95	364.772
21655169.22	5170896.94	225.038
21655241.37	5170876.93	248.002
21655313.52	5170856.92	336.717
21655385.66	5170836.92	558.247
21655457.81	5170816.91	594.403
21655529.96	5170796.9	242.624
21655602.1	5170776.89	32.4094
21655674.25	5170756.88	31.182
21655746.4	5170736.88	37.397
21655818.54	5170716.87	296.758
21655890.69	5170696.86	186.856
21655962.84	5170676.85	32.8405
21656034.98	5170656.84	85.4894
21656107.13	5170636.83	235.251
21656179.28	5170616.83	319.202
21656251.42	5170596.82	251.42
21656323.57	5170576.81	411.682
21656395.72	5170556.8	235.801
21656467.86	5170536.79	6.80111
21656540.01	5170516.79	24.6285
21656612.16	5170496.78	25.5941
21656684.3	5170476.77	0.5
21656756.45	5170456.76	0.5
21656828.6	5170436.75	0.5
21656900.74	5170416.75	0.5
21656972.89	5170396.74	23.1575
21657045.04	5170376.73	27.8601
21657117.18	5170356.72	24.3941
21657189.33	5170336.71	22.2654
21657261.48	5170316.71	23.948
21657333.62	5170296.7	129.644
21657405.77	5170276.69	456.018
21657477.92	5170256.68	834.361
21657550.06	5170236.67	917.803
21657622.21	5170216.67	986.942
21657694.36	5170196.66	684.121
21657766.5	5170176.65	695.674
21657838.65	5170156.64	557.737
21657910.8	5170136.63	444.069
21657982.94	5170116.63	595.397
21658055.09	5170096.62	558.133
21658127.24	5170076.61	661.761
21658199.38	5170056.6	763.639
21658271.53	5170036.59	685.038
21658343.68	5170016.59	745.737
21658415.82	5169996.58	750.995
21658487.97	5169976.57	632.036
21658560.12	5169956.56	623.576
21658632.26	5169936.55	731.164
21658704.41	5169916.55	864.507
21658776.56	5169896.54	881.131
21658848.7	5169876.53	775.416
21658920.85	5169856.52	719.629
21658993	5169836.51	542.543
21659065.14	5169816.5	434.836
21653313.03	5171487.92	122.442
21653385.18	5171467.91	28.6
21653457.33	5171447.9	35.1399
21653529.47	5171427.9	32.0609
21653601.62	5171407.89	35.1527
21653673.77	5171387.88	558.714
21653745.91	5171367.87	761.408
21653818.06	5171347.86	909.693
21653890.21	5171327.86	937.113
21653962.35	5171307.85	192.374
21654034.5	5171287.84	83.2528
21654106.65	5171267.83	235.778
21654178.79	5171247.82	449.773
21654250.94	5171227.82	320.068
21654323.09	5171207.81	35.9422
21654395.23	5171187.8	131.216
21654467.38	5171167.79	589.198
21654539.53	5171147.78	218.512
21654611.67	5171127.77	153.364
21654683.82	5171107.77	599.808
21654755.97	5171087.76	588.361
21654828.12	5171067.75	169.621
21654900.26	5171047.74	467.726
21654972.41	5171027.73	330.108
21655044.56	5171007.73	261.973
21655116.7	5170987.72	34.0842
21655188.85	5170967.71	134.106
21655261	5170947.7	345.91
21655333.14	5170927.69	403.984
21655405.29	5170907.69	744.1
21655477.44	5170887.68	789.331
21655549.58	5170867.67	286.25
21655621.73	5170847.66	33.3192
21655693.88	5170827.65	27.3959
21655766.02	5170807.65	37.4107
21655838.17	5170787.64	213.478
21655910.32	5170767.63	225.2
21655982.46	5170747.62	30.096
21656054.61	5170727.61	27.6168
21656126.76	5170707.61	374.491
21656198.9	5170687.6	514.958
21656271.05	5170667.59	289.909
21656343.2	5170647.58	403.958
21656415.34	5170627.57	186.542
21656487.49	5170607.57	36.3302
21656559.64	5170587.56	27.6649
21656631.78	5170567.55	88.2306
21656703.93	5170547.54	0.5
21656776.08	5170527.53	0.5
21656848.22	5170507.53	0.5
21656920.37	5170487.52	0.5
21656992.52	5170467.51	25.8545
21657064.66	5170447.5	33.051
21657136.81	5170427.49	32.494
21657208.96	5170407.48	27.0777
21657281.1	5170387.48	19.7745
21657353.25	5170367.47	21.6725
21657425.4	5170347.46	50.1394
21657497.54	5170327.45	374.019
21657569.69	5170307.44	555.541
21657641.84	5170287.44	633.743
21657713.98	5170267.43	862.795
21657786.13	5170247.42	833.899
21657858.28	5170227.41	832.477
21657930.42	5170207.4	685.705
21658002.57	5170187.4	781.396
21658074.72	5170167.39	862.499
21658146.86	5170147.38	764.307
21658219.01	5170127.37	706.198
21658291.16	5170107.36	621.274
21658363.3	5170087.36	760.258
21658435.45	5170067.35	896.505
21658507.6	5170047.34	642.579
21658579.74	5170027.33	565.095
21658651.89	5170007.32	655.374
21658724.04	5169987.32	823.783
21658796.18	5169967.31	837.116
21658868.33	5169947.3	556.796
21658940.48	5169927.29	524.918
21659012.62	5169907.28	437.162
21659084.77	5169887.28	484.88
21653260.51	5171578.7	171.301
21653332.66	5171558.69	175.86
21653404.81	5171538.68	261.088
21653476.95	5171518.67	358.632
21653549.1	5171498.67	289.745
21653621.25	5171478.66	264.018
21653693.39	5171458.65	446.344
21653765.54	5171438.64	342.215
21653837.69	5171418.63	329.053
21653909.83	5171398.63	482.597
21653981.98	5171378.62	371.274
21654054.13	5171358.61	457.671
21654126.27	5171338.6	423.749
21654198.42	5171318.59	452.534
21654270.57	5171298.59	325.617
21654342.71	5171278.58	341.654
21654414.86	5171258.57	359.337
21654487.01	5171238.56	595.277
21654559.15	5171218.55	621.762
21654631.3	5171198.55	321.246
21654703.45	5171178.54	386.401
21654775.59	5171158.53	350.632
21654847.74	5171138.52	396.624
21654919.89	5171118.51	405.756
21654992.04	5171098.51	128.888
21655064.18	5171078.5	295.881
21655136.33	5171058.49	316.317
21655208.48	5171038.48	36.5164
21655280.62	5171018.47	421.554
21655352.77	5170998.47	682.774
21655424.92	5170978.46	756.784
21655497.06	5170958.45	769.533
21655569.21	5170938.44	577.228
21655641.36	5170918.43	24.1439
21655713.5	5170898.42	30.4456
21655785.65	5170878.42	209.688
21655857.8	5170858.41	235.883
21655929.94	5170838.4	208.521
21656002.09	5170818.39	37.7906
21656074.24	5170798.38	29.7215
21656146.38	5170778.38	371.848
21656218.53	5170758.37	485.359
21656290.68	5170738.36	220.172
21656362.82	5170718.35	208.063
21656434.97	5170698.34	32.1256
21656507.12	5170678.34	28.2624
21656579.26	5170658.33	25.9671
21656651.41	5170638.32	36.4619
21656723.56	5170618.31	34.3299
21656795.7	5170598.3	25.0713
21656867.85	5170578.3	0.5
21656940	5170558.29	0.5
21657012.14	5170538.28	0.5
21657084.29	5170518.27	34.8527
21657156.44	5170498.26	32.6363
21657228.58	5170478.26	30.6173
21657300.73	5170458.25	27.8879
21657372.88	5170438.24	28.928
21657445.02	5170418.23	29.7332
21657517.17	5170398.22	97.0789
21657589.32	5170378.22	603.802
21657661.46	5170358.21	734.885
21657733.61	5170338.2	986.091
21657805.76	5170318.19	955.429
21657877.9	5170298.18	802.882
21657950.05	5170278.18	782.123
21658022.2	5170258.17	772.576
21658094.34	5170238.16	856.65
21658166.49	5170218.15	830.294
21658238.64	5170198.14	749.194
21658310.78	5170178.13	532.852
21658382.93	5170158.13	656.396
21658455.08	5170138.12	876.928
21658527.22	5170118.11	666.621
21658599.37	5170098.1	633.637
21658671.52	5170078.09	859.478
21658743.66	5170058.09	876.032
21658815.81	5170038.08	914.473
21658887.96	5170018.07	564.247
21658960.1	5169998.06	545.977
21659032.25	5169978.05	558.158
21659104.4	5169958.05	649.108
21653280.14	5171649.47	139.662
21653352.29	5171629.46	158.426
21653424.43	5171609.45	261.647
21653496.58	5171589.45	492.907
21653568.73	5171569.44	468.772
21653640.87	5171549.43	330.829
21653713.02	5171529.42	338.448
21653785.17	5171509.41	529.036
21653857.31	5171489.4	507.781
21653929.46	5171469.4	508.073
21654001.61	5171449.39	8.96722
21654073.75	5171429.38	143.794
21654145.9	5171409.37	214.798
21654218.05	5171389.36	272.067
21654290.19	5171369.36	421.608
21654362.34	5171349.35	524.855
21654434.49	5171329.34	533.291
21654506.63	5171309.33	715.125
21654578.78	5171289.32	533.152
21654650.93	5171269.32	386.23
21654723.07	5171249.31	292.781
21654795.22	5171229.3	299.452
21654867.37	5171209.29	252.691
21654939.51	5171189.28	244.043
21655011.66	5171169.28	186.367
21655083.81	5171149.27	167.878
21655155.95	5171129.26	56.875
21655228.1	5171109.25	31.0515
21655300.25	5171089.24	15.605
21655372.39	5171069.24	572.797
21655444.54	5171049.23	665.726
21655516.69	5171029.22	558.977
21655588.84	5171009.21	515.467
21655660.98	5170989.2	153.163
21655733.13	5170969.2	329.612
21655805.28	5170949.19	36.956
21655877.42	5170929.18	114.274
21655949.57	5170909.17	156.264
21656021.72	5170889.16	19.7117
21656093.86	5170869.16	131.732
21656166.01	5170849.15	249.944
21656238.16	5170829.14	182.637
21656310.3	5170809.13	114.637
21656382.45	5170789.12	19.7794
21656454.6	5170769.11	34.319
21656526.74	5170749.11	21.05
21656598.89	5170729.1	27.4175
21656671.04	5170709.09	74.5156
21656743.18	5170689.08	119.063
21656815.33	5170669.07	26.2141
21656887.48	5170649.07	0.5
21656959.62	5170629.06	0.5
21657031.77	5170609.05	0.5
21657103.92	5170589.04	0.5
21657176.06	5170569.03	0.5
21657248.21	5170549.03	0.5
21657320.36	5170529.02	27.7804
21657392.5	5170509.01	34.2445
21657464.65	5170489	35.7023
21657536.8	5170468.99	207.269
21657608.94	5170448.99	523.924
21657681.09	5170428.98	618.628
21657753.24	5170408.97	737.693
21657825.38	5170388.96	802.971
21657897.53	5170368.95	745.017
21657969.68	5170348.95	826.929
21658041.82	5170328.94	774.317
21658113.97	5170308.93	562.304
21658186.12	5170288.92	495.568
21658258.26	5170268.91	396.465
21658330.41	5170248.91	401.249
21658402.56	5170228.9	660.061
21658474.7	5170208.89	814.152
21658546.85	5170188.88	505.984
21658619	5170168.87	601.496
21658691.14	5170148.87	823.566
21658763.29	5170128.86	871.843
21658835.44	5170108.85	866.121
21658907.58	5170088.84	613.249
21658979.73	5170068.83	414.183
21659051.88	5170048.83	769.06
21653299.77	5171720.24	208.962
21653371.91	5171700.23	33.8481
21653444.06	5171680.22	22.2172
21653516.21	5171660.22	139.705
21653588.35	5171640.21	324.058
21653660.5	5171620.2	382.652
21653732.65	5171600.19	406.848
21653804.79	5171580.18	716.888
21653876.94	5171560.18	658.256
21653949.09	5171540.17	720.671
21654021.23	5171520.16	289.632
21654093.38	5171500.15	202.342
21654165.53	5171480.14	309.908
21654237.67	5171460.14	477.983
21654309.82	5171440.13	583.809
21654381.97	5171420.12	538.088
21654454.11	5171400.11	464.462
21654526.26	5171380.1	591.494
21654598.41	5171360.09	513.524
21654670.55	5171340.09	339.329
21654742.7	5171320.08	197.085
21654814.85	5171300.07	37.1115
21654886.99	5171280.06	176.446
21654959.14	5171260.05	524.346
21655031.29	5171240.05	517.006
21655103.43	5171220.04	240.052
21655175.58	5171200.03	31.7662
21655247.73	5171180.02	31.1461
21655319.87	5171160.01	29.5142
21655392.02	5171140.01	401.201
21655464.17	5171120	561.416
21655536.31	5171099.99	438.947
21655608.46	5171079.98	493.277
21655680.61	5171059.97	112.958
21655752.76	5171039.97	41.1478
21655824.9	5171019.96	41.9994
21655897.05	5170999.95	30.5042
21655969.2	5170979.94	105.223
21656041.34	5170959.93	306.884
21656113.49	5170939.93	231.834
21656185.64	5170919.92	449.798
21656257.78	5170899.91	177.534
21656329.93	5170879.9	0.5
21656402.08	5170859.89	0.5
21656474.22	5170839.89	0.5
21656546.37	5170819.88	13
21656618.52	5170799.87	0.5
21656690.66	5170779.86	32.4528
21656762.81	5170759.85	36.8316
21656834.96	5170739.85	30.2833
21656907.1	5170719.84	36.8271
21656979.25	5170699.83	0.5
21657051.4	5170679.82	0.5
21657123.54	5170659.81	0.5
21657195.69	5170639.81	0.5
21657267.84	5170619.8	0.5
21657339.98	5170599.79	22.3705
21657412.13	5170579.78	33.0148
21657484.28	5170559.77	37.7501
21657556.42	5170539.76	278.728
21657628.57	5170519.76	62.8967
21657700.72	5170499.75	334.238
21657772.86	5170479.74	550.958
21657845.01	5170459.73	587.789
21657917.16	5170439.72	655.311
21657989.3	5170419.72	95.1928
21658061.45	5170399.71	529.057
21658133.6	5170379.7	486.221
21658205.74	5170359.69	504.498
21658277.89	5170339.68	545.068
21658350.04	5170319.68	606.477
21658422.18	5170299.67	523.007
21658494.33	5170279.66	768.672
21658566.48	5170259.65	525.632
21658638.62	5170239.64	456.262
21658710.77	5170219.64	595.719
21658782.92	5170199.63	668.379
21658855.06	5170179.62	640.632
21658927.21	5170159.61	398.653
21658999.36	5170139.6	577.589
21659071.5	5170119.6	877.336
21653247.25	5171811.02	291.473
21653319.39	5171791.01	138.874
21653391.54	5171771	32.2138
21653463.69	5171750.99	31.556
21653535.83	5171730.99	78.0506
21653607.98	5171710.98	278.267
21653680.13	5171690.97	225.811
21653752.27	5171670.96	329.968
21653824.42	5171650.95	602.936
21653896.57	5171630.95	530.57
21653968.71	5171610.94	523.914
21654040.86	5171590.93	435.587
21654113.01	5171570.92	287.325
21654185.15	5171550.91	305.391
21654257.3	5171530.91	535.399
21654329.45	5171510.9	492.876
21654401.59	5171490.89	309.046
21654473.74	5171470.88	373.557
21654545.89	5171450.87	447.629
21654618.03	5171430.87	496.688
21654690.18	5171410.86	550.697
21654762.33	5171390.85	398.458
21654834.47	5171370.84	153.763
21654906.62	5171350.83	134.084
21654978.77	5171330.83	340.506
21655050.91	5171310.82	563.583
21655123.06	5171290.81	577.552
21655195.21	5171270.8	330.079
21655267.35	5171250.79	272.023
21655339.5	5171230.79	219.907
21655411.65	5171210.78	545.296
21655483.79	5171190.77	584.883
21655555.94	5171170.76	413.293
21655628.09	5171150.75	313.381
21655700.23	5171130.74	376.449
21655772.38	5171110.74	258.391
21655844.53	5171090.73	36.3695
21655916.67	5171070.72	176.077
21655988.82	5171050.71	246.198
21656060.97	5171030.7	369.519
21656133.11	5171010.7	317.473
21656205.26	5170990.69	292.307
21656277.41	5170970.68	96.2139
21656349.56	5170950.67	34.2167
21656421.7	5170930.66	25.6587
21656493.85	5170910.66	25.7047
21656566	5170890.65	16.6938
21656638.14	5170870.64	0.5
21656710.29	5170850.63	0.5
21656782.44	5170830.62	37.9762
21656854.58	5170810.62	37.7866
21656926.73	5170790.61	34.3052
21656998.88	5170770.6	16.9924
21657071.02	5170750.59	0.5
21657143.17	5170730.58	27.9362
21657215.32	5170710.58	30.4554
21657287.46	5170690.57	20.0493
21657359.61	5170670.56	22.6564
21657431.76	5170650.55	30.4727
21657503.9	5170630.54	87.0428
21657576.05	5170610.54	419.844
21657648.2	5170590.53	15.4906
21657720.34	5170570.52	264.745
21657792.49	5170550.51	280.518
21657864.64	5170530.5	438.323
21657936.78	5170510.5	465.579
21658008.93	5170490.49	3.41778
21658081.08	5170470.48	194.547
21658153.22	5170450.47	440.734
21658225.37	5170430.46	497.579
21658297.52	5170410.46	625.878
21658369.66	5170390.45	805.293
21658441.81	5170370.44	727.292
21658513.96	5170350.43	715.48
21658586.1	5170330.42	566.799
21658658.25	5170310.41	562.107
21658730.4	5170290.41	571.224
21658802.54	5170270.4	723.63
21658874.69	5170250.39	579.693
21658946.84	5170230.38	524.615
21659018.98	5170210.37	839.591
21659091.13	5170190.37	1049.6
21653266.87	5171881.79	207.179
21653339.02	5171861.78	86.5022
21653411.17	5171841.77	34.5442
21653483.31	5171821.77	35.3027
21653555.46	5171801.76	36.2894
21653627.61	5171781.75	34.111
21653699.75	5171761.74	68.6689
21653771.9	5171741.73	161.689
21653844.05	5171721.73	333.217
21653916.19	5171701.72	526.945
21653988.34	5171681.71	573.081
21654060.49	5171661.7	272.478
21654132.63	5171641.69	296.896
21654204.78	5171621.68	418.876
21654276.93	5171601.68	440.552
21654349.07	5171581.67	402.752
21654421.22	5171561.66	193.353
21654493.37	5171541.65	215.628
21654565.51	5171521.64	302.882
21654637.66	5171501.64	239.056
21654709.81	5171481.63	162.091
21654781.95	5171461.62	170.139
21654854.1	5171441.61	110.953
21654926.25	5171421.6	25.2539
21654998.39	5171401.6	279.968
21655070.54	5171381.59	520.916
21655142.69	5171361.58	610.31
21655214.83	5171341.57	495.859
21655286.98	5171321.56	385.233
21655359.13	5171301.56	436.322
21655431.27	5171281.55	579.044
21655503.42	5171261.54	608.513
21655575.57	5171241.53	397.543
21655647.71	5171221.52	239.481
21655719.86	5171201.52	183.412
21655792.01	5171181.51	260.643
21655864.15	5171161.5	157.007
21655936.3	5171141.49	384.275
21656008.45	5171121.48	486.221
21656080.59	5171101.48	502.62
21656152.74	5171081.47	648.459
21656224.89	5171061.46	434.414
21656297.03	5171041.45	223.819
21656369.18	5171021.44	84.6189
21656441.33	5171001.44	36.5301
21656513.48	5170981.43	34.3689
21656585.62	5170961.42	25.799
21656657.77	5170941.41	19.9608
21656729.91	5170921.4	24.2786
21656802.06	5170901.39	0.5
21656874.21	5170881.39	23.8252
21656946.36	5170861.38	25.1406
21657018.5	5170841.37	21.0515
21657090.65	5170821.36	0.5
21657162.8	5170801.35	31.1214
21657234.94	5170781.35	36.5836
21657307.09	5170761.34	35.1561
21657379.24	5170741.33	31.2579
21657451.38	5170721.32	31.6109
21657523.53	5170701.31	156.646
21657595.68	5170681.31	246.594
21657667.82	5170661.3	330.507
21657739.97	5170641.29	369.833
21657812.12	5170621.28	481.701
21657884.26	5170601.27	391.923
21657956.41	5170581.27	351.741
21658028.56	5170561.26	54.5011
21658100.7	5170541.25	213.444
21658172.85	5170521.24	516.303
21658245	5170501.23	697.717
21658317.14	5170481.23	763.953
21658389.29	5170461.22	913.564
21658461.44	5170441.21	750.762
21658533.58	5170421.2	523.443
21658605.73	5170401.19	509.493
21658677.88	5170381.19	559.404
21658750.02	5170361.18	716.331
21658822.17	5170341.17	829.647
21658894.32	5170321.16	768.75
21658966.46	5170301.15	843.077
21659038.61	5170281.15	1052.62
21653286.5	5171952.56	206.127
21653358.65	5171932.55	229.31
21653430.79	5171912.54	216.483
21653502.94	5171892.54	14.6328
21653575.09	5171872.53	31.0278
21653647.23	5171852.52	33.6149
21653719.38	5171832.51	36.9011
21653791.53	5171812.5	36.8595
21653863.67	5171792.5	35.4669
21653935.82	5171772.49	456.041
21654007.97	5171752.48	623.944
21654080.11	5171732.47	193.762
21654152.26	5171712.46	236.962
21654224.41	5171692.46	454.572
21654296.55	5171672.45	401.517
21654368.7	5171652.44	172.624
21654440.85	5171632.43	40.7444
21654512.99	5171612.42	51.1633
21654585.14	5171592.42	145.779
21654657.29	5171572.41	216.866
21654729.43	5171552.4	102.009
21654801.58	5171532.39	152.577
21654873.73	5171512.38	45.37
21654945.87	5171492.37	9.65167
21655018.02	5171472.37	150.034
21655090.17	5171452.36	362.237
21655162.31	5171432.35	563.754
21655234.46	5171412.34	534.106
21655306.61	5171392.33	465.676
21655378.75	5171372.33	482.886
21655450.9	5171352.32	433.554
21655523.05	5171332.31	485.131
21655595.19	5171312.3	372.477
21655667.34	5171292.29	178.931
21655739.49	5171272.29	230.579
21655811.63	5171252.28	303.817
21655883.78	5171232.27	436.463
21655955.93	5171212.26	460.354
21656028.07	5171192.25	385.507
21656100.22	5171172.25	448.132
21656172.37	5171152.24	549.604
21656244.51	5171132.23	424.504
21656316.66	5171112.22	221.347
21656388.81	5171092.21	31.7811
21656460.95	5171072.21	31.1844
21656533.1	5171052.2	31.7169
21656605.25	5171032.19	24.3377
21656677.39	5171012.18	22.3194
21656749.54	5170992.17	26.4675
21656821.69	5170972.17	0.5
21656893.84	5170952.16	0.5
21656965.98	5170932.15	0.5
21657038.13	5170912.14	0.5
21657110.27	5170892.13	26.7127
21657182.42	5170872.13	28.3714
21657254.57	5170852.12	31.2097
21657326.72	5170832.11	32.8318
21657398.86	5170812.1	35.3616
21657471.01	5170792.09	32.0685
21657543.16	5170772.09	107.794
21657615.3	5170752.08	357.719
21657687.45	5170732.07	315.054
21657759.6	5170712.06	466.099
21657831.74	5170692.05	468.879
21657903.89	5170672.04	428.521
21657976.04	5170652.04	404.781
21658048.18	5170632.03	197.18
21658120.33	5170612.02	145.775
21658192.48	5170592.01	421.054
21658264.62	5170572	583.157
21658336.77	5170552	649.648
21658408.92	5170531.99	779.532
21658481.06	5170511.98	657.162
21658553.21	5170491.97	476.346
21658625.36	5170471.96	619.464
21658697.5	5170451.96	631.827
21658769.65	5170431.95	680.514
21658841.8	5170411.94	785.84
21658913.94	5170391.93	840.789
21658986.09	5170371.92	712.248
21659058.24	5170351.92	883.481
21653306.13	5172023.33	112.897
21653378.27	5172003.32	131.417
21653450.42	5171983.31	58.9322
21653522.57	5171963.31	36.1691
21653594.71	5171943.3	29.2911
21653666.86	5171923.29	31.904
21653739.01	5171903.28	37.2162
21653811.15	5171883.27	36.7156
21653883.3	5171863.27	33.7766
21653955.45	5171843.26	209.656
21654027.59	5171823.25	492.597
21654099.74	5171803.24	198.709
21654171.89	5171783.23	169.861
21654244.03	5171763.23	197.232
21654316.18	5171743.22	286.057
21654388.33	5171723.21	191.132
21654460.47	5171703.2	128.937
21654532.62	5171683.19	188.416
21654604.77	5171663.19	217.08
21654676.91	5171643.18	191.058
21654749.06	5171623.17	64.9106
21654821.21	5171603.16	167.111
21654893.35	5171583.15	7.69278
21654965.5	5171563.15	112.319
21655037.65	5171543.14	145.976
21655109.79	5171523.13	170.06
21655181.94	5171503.12	351.653
21655254.09	5171483.11	423.628
21655326.23	5171463.11	547.286
21655398.38	5171443.1	474.124
21655470.53	5171423.09	395.347
21655542.67	5171403.08	423.71
21655614.82	5171383.07	293.075
21655686.97	5171363.07	221.342
21655759.11	5171343.06	234.062
21655831.26	5171323.05	298.439
21655903.41	5171303.04	497.733
21655975.55	5171283.03	380.898
21656047.7	5171263.02	261.784
21656119.85	5171243.02	132.894
21656191.99	5171223.01	112.985
21656264.14	5171203	37.8517
21656336.29	5171182.99	28.1803
21656408.43	5171162.98	28.3785
21656480.58	5171142.98	32.0739
21656552.73	5171122.97	25.8053
21656624.87	5171102.96	19.7672
21656697.02	5171082.95	23.8977
21656769.17	5171062.94	24.2422
21656841.31	5171042.94	27.2894
21656913.46	5171022.93	0.5
21656985.61	5171002.92	0.5
21657057.75	5170982.91	0.5
21657129.9	5170962.9	33.3337
21657202.05	5170942.9	30.3783
21657274.19	5170922.89	30.164
21657346.34	5170902.88	34.1369
21657418.49	5170882.87	36.4468
21657490.64	5170862.86	55.3022
21657562.78	5170842.86	459.709
21657634.93	5170822.85	537.496
21657707.08	5170802.84	468.224
21657779.22	5170782.83	559.022
21657851.37	5170762.82	595.646
21657923.52	5170742.82	740.597
21657995.66	5170722.81	553.02
21658067.81	5170702.8	406.323
21658139.96	5170682.79	299.438
21658212.1	5170662.78	299.438
21658284.25	5170642.78	583.157
21658356.4	5170622.77	687.446
21658428.54	5170602.76	687.446
21658500.69	5170582.75	465.052
21658572.84	5170562.74	367.009
21658644.98	5170542.74	617.31
21658717.13	5170522.73	693.468
21658789.28	5170502.72	757.747
21658861.42	5170482.71	795.176
21658933.57	5170462.7	773.266
21659005.72	5170442.69	596.494
21659077.86	5170422.69	655.627
21653253.61	5172114.11	131.63
21653325.75	5172094.1	34.3345
21653397.9	5172074.09	28.1465
21653470.05	5172054.09	29.4525
21653542.19	5172034.08	27.8643
21653614.34	5172014.07	27.3463
21653686.49	5171994.06	32.9526
21653758.63	5171974.05	19.4417
21653830.78	5171954.05	35.7587
21653902.93	5171934.04	35.707
21653975.07	5171914.03	143.839
21654047.22	5171894.02	353.504
21654119.37	5171874.01	110.233
21654191.51	5171854	48.7978
21654263.66	5171834	83.6378
21654335.81	5171813.99	229.518
21654407.95	5171793.98	125.636
21654480.1	5171773.97	252.581
21654552.25	5171753.96	319.31
21654624.39	5171733.96	370.831
21654696.54	5171713.95	339.676
21654768.69	5171693.94	211.731
21654840.83	5171673.93	98.27
21654912.98	5171653.92	25.6456
21654985.13	5171633.92	62.0528
21655057.27	5171613.91	83.6461
21655129.42	5171593.9	171.973
21655201.57	5171573.89	187.972
21655273.71	5171553.88	241.839
21655345.86	5171533.88	449.701
21655418.01	5171513.87	431.236
21655490.15	5171493.86	321.762
21655562.3	5171473.85	325.429
21655634.45	5171453.84	111.379
21655706.59	5171433.84	108.504
21655778.74	5171413.83	240.017
21655850.89	5171393.82	348.067
21655923.03	5171373.81	360.877
21655995.18	5171353.8	210.502
21656067.33	5171333.8	35.1889
21656139.47	5171313.79	48.6489
21656211.62	5171293.78	33.6679
21656283.77	5171273.77	25.4353
21656355.91	5171253.76	19.4208
21656428.06	5171233.76	28.1737
21656500.21	5171213.75	25.1042
21656572.35	5171193.74	16.3365
21656644.5	5171173.73	19.2217
21656716.65	5171153.72	7.65056
21656788.79	5171133.72	11.7072
21656860.94	5171113.71	34.0606
21656933.09	5171093.7	0.5
21657005.23	5171073.69	0.5
21657077.38	5171053.68	0.5
21657149.53	5171033.67	22.9611
21657221.67	5171013.67	54.3261
21657293.82	5170993.66	2.65389
21657365.97	5170973.65	37.5004
21657438.11	5170953.64	114.029
21657510.26	5170933.63	350.468
21657582.41	5170913.63	564.986
21657654.55	5170893.62	596.397
21657726.7	5170873.61	581.915
21657798.85	5170853.6	582.275
21657870.99	5170833.59	759.446
21657943.14	5170813.59	783.993
21658015.29	5170793.58	788.48
21658087.44	5170773.57	728.509
21658159.58	5170753.56	608.994
21658231.73	5170733.55	651.566
21658303.88	5170713.55	654.284
21658376.02	5170693.54	602.755
21658448.17	5170673.53	570.589
21658520.32	5170653.52	453.732
21658592.46	5170633.51	389.533
21658664.61	5170613.51	563.981
21658736.76	5170593.5	755.592
21658808.9	5170573.49	741.546
21658881.05	5170553.48	686.153
21658953.2	5170533.47	668.072
21659025.34	5170513.47	578.824
21659097.49	5170493.46	575.912
21653273.23	5172184.88	150.492
21653345.38	5172164.87	34.1822
21653417.53	5172144.86	29.5461
21653489.67	5172124.86	30.7187
21653561.82	5172104.85	29.9154
21653633.97	5172084.84	30.2742
21653706.11	5172064.83	23.8492
21653778.26	5172044.82	32.1745
21653850.41	5172024.82	31.1089
21653922.55	5172004.81	31.2919
21653994.7	5171984.8	99.9344
21654066.85	5171964.79	310.562
21654138.99	5171944.78	105.099
21654211.14	5171924.78	17.9706
21654283.29	5171904.77	160.949
21654355.43	5171884.76	132.711
21654427.58	5171864.75	82.8067
21654499.73	5171844.74	41.4733
21654571.87	5171824.74	206.584
21654644.02	5171804.73	334.976
21654716.17	5171784.72	512.702
21654788.31	5171764.71	544.797
21654860.46	5171744.7	465.931
21654932.61	5171724.7	250.509
21655004.75	5171704.69	162.075
21655076.9	5171684.68	135.845
21655149.05	5171664.67	106.977
21655221.19	5171644.66	26.6822
21655293.34	5171624.65	191.168
21655365.49	5171604.65	367.287
21655437.63	5171584.64	384.675
21655509.78	5171564.63	308.601
21655581.93	5171544.62	250.253
21655654.07	5171524.61	88.3239
21655726.22	5171504.61	55.9067
21655798.37	5171484.6	60.2044
21655870.51	5171464.59	126.707
21655942.66	5171444.58	229.482
21656014.81	5171424.57	56.8333
21656086.95	5171404.57	29.2703
21656159.1	5171384.56	31.2177
21656231.25	5171364.55	27.7195
21656303.39	5171344.54	27.4719
21656375.54	5171324.53	30.5182
21656447.69	5171304.53	29.5606
21656519.83	5171284.52	18.6653
21656591.98	5171264.51	15.5
21656664.13	5171244.5	0.5
21656736.27	5171224.49	34.3166
21656808.42	5171204.49	0.5
21656880.57	5171184.48	32.1792
21656952.71	5171164.47	0.5
21657024.86	5171144.46	0.5
21657097.01	5171124.45	0.5
21657169.15	5171104.45	114.724
21657241.3	5171084.44	84.5256
21657313.45	5171064.43	2.65389
21657385.59	5171044.42	19.2956
21657457.74	5171024.41	212.726
21657529.89	5171004.41	487.129
21657602.03	5170984.4	606.914
21657674.18	5170964.39	687.304
21657746.33	5170944.38	738.065
21657818.47	5170924.37	757.953
21657890.62	5170904.36	818.375
21657962.77	5170884.36	786.988
21658034.91	5170864.35	721.597
21658107.06	5170844.34	754.381
21658179.21	5170824.33	699.168
21658251.36	5170804.32	713.211
21658323.5	5170784.32	654.284
21658395.65	5170764.31	581.744
21658467.8	5170744.3	400.377
21658539.94	5170724.29	400.377
21658612.09	5170704.28	452.529
21658684.24	5170684.28	612.952
21658756.38	5170664.27	816.878
21658828.53	5170644.26	764.999
21658900.68	5170624.25	736.575
21658972.82	5170604.24	605.066
21659044.97	5170584.24	414.954
