21653307.22	5170346.33	35.1371
21653379.37	5170326.32	31.3855
21653451.52	5170306.31	36.0331
21653523.66	5170286.3	76.9122
21653595.81	5170266.29	35.195
21653667.96	5170246.29	76.5922
21653740.1	5170226.28	295.329
21653812.25	5170206.27	673.371
21653884.4	5170186.26	449.851
21653956.54	5170166.25	621.022
21654028.69	5170146.25	691.261
21654100.84	5170126.24	568.31
21654172.98	5170106.23	473.993
21654245.13	5170086.22	377.834
21654317.28	5170066.21	259.114
21654389.42	5170046.21	65.2694
21654461.57	5170026.2	0.5
21654533.72	5170006.19	32.298
21654605.86	5169986.18	22.7678
21654678.01	5169966.17	32.2749
21654750.16	5169946.17	32.1939
21654822.31	5169926.16	204.049
21654894.45	5169906.15	207.554
21654966.6	5169886.14	255.374
21655038.75	5169866.13	33.1462
21655110.89	5169846.13	0.5
21655183.04	5169826.12	31.4099
21655255.19	5169806.11	37.9775
21655327.33	5169786.1	3.79
21655399.48	5169766.09	124.515
21653254.7	5170437.11	34.7984
21653326.85	5170417.1	33.286
21653399	5170397.09	34.7882
21653471.14	5170377.08	39.0494
21653543.29	5170357.07	110.694
21653615.44	5170337.07	184.923
21653687.58	5170317.06	312.568
21653759.73	5170297.05	379.537
21653831.88	5170277.04	640.758
21653904.02	5170257.03	484.076
21653976.17	5170237.03	478.382
21654048.32	5170217.02	506.823
21654120.46	5170197.01	473.961
21654192.61	5170177	380.772
21654264.76	5170156.99	268.608
21654336.9	5170136.98	190.419
21654409.05	5170116.98	54.4394
21654481.2	5170096.97	34.9971
21654553.34	5170076.96	78.1239
21654625.49	5170056.95	59.7233
21654697.64	5170036.94	30.243
21654769.78	5170016.94	31.9791
21654841.93	5169996.93	78.395
21654914.08	5169976.92	122.698
21654986.23	5169956.91	34.948
21655058.37	5169936.9	27.909
21655130.52	5169916.9	21.6311
21655202.66	5169896.89	104.128
21655274.81	5169876.88	14.6383
21655346.96	5169856.87	17.6267
21655419.11	5169836.86	35.4324
21655491.25	5169816.86	31.0359
21655563.4	5169796.85	32.3722
21655635.55	5169776.84	35.9133
21655707.69	5169756.83	33.2654
21655779.84	5169736.82	22.3436
21655851.99	5169716.82	0.5
21655924.13	5169696.81	0.5
21655996.28	5169676.8	0.5
21656068.43	5169656.79	6.97389
21656140.57	5169636.78	37.3343
21656212.72	5169616.78	29.6714
21656284.87	5169596.77	31.8233
21656357.01	5169576.76	31.8648
21656429.16	5169556.75	30.6077
21656501.31	5169536.74	28.9807
21656573.45	5169516.74	22.8406
21656645.6	5169496.73	0.5
21656717.75	5169476.72	8.22495
21656789.89	5169456.71	0.5
21656862.04	5169436.7	0.5
21656934.19	5169416.69	0.5
21657006.33	5169396.69	19.2241
21657078.48	5169376.68	0.5
21657150.63	5169356.67	16.0139
21657222.77	5169336.66	18.5662
21657294.92	5169316.65	23.8578
21657367.07	5169296.65	28.2189
21657439.21	5169276.64	30.1713
21657511.36	5169256.63	0.5
21657583.51	5169236.62	0.5
21657655.65	5169216.61	0.5
21657727.8	5169196.61	0.5
21657799.95	5169176.6	0.5
21657872.09	5169156.59	0.5
21657944.24	5169136.58	0.5
21658016.39	5169116.57	0.5
21658088.53	5169096.57	0.5
21658160.68	5169076.56	8.83336
21658232.83	5169056.55	13
21658304.97	5169036.54	17.2505
21658377.12	5169016.53	18.4663
21658449.27	5168996.53	19.1051
21658521.41	5168976.52	0.5
21658593.56	5168956.51	0.5
21658665.71	5168936.5	0.5
21658737.85	5168916.49	0.5
21658810	5168896.49	0.5
21658882.15	5168876.48	15.187
21658954.29	5168856.47	17.3009
21659026.44	5168836.46	0.5
21659098.59	5168816.45	0.5
21653274.33	5170507.88	37.4072
21653346.48	5170487.87	37.5346
21653418.62	5170467.86	37.5082
21653490.77	5170447.85	194.719
21653562.92	5170427.84	166.906
21653635.06	5170407.84	129.307
21653707.21	5170387.83	136.439
21653779.36	5170367.82	280.899
21653851.5	5170347.81	446.406
21653923.65	5170327.8	422.253
21653995.8	5170307.8	270.605
21654067.94	5170287.79	240.954
21654140.09	5170267.78	313.909
21654212.24	5170247.77	153.568
21654284.38	5170227.76	46.5589
21654356.53	5170207.76	212.995
21654428.68	5170187.75	37.7449
21654500.82	5170167.74	27.8902
21654572.97	5170147.73	80.4117
21654645.12	5170127.72	49.0117
21654717.26	5170107.72	32.1944
21654789.41	5170087.71	32.5209
21654861.56	5170067.7	35.6239
21654933.7	5170047.69	20.0156
21655005.85	5170027.68	27.8789
21655078	5170007.68	26.247
21655150.14	5169987.67	0.5
21655222.29	5169967.66	58.375
21655294.44	5169947.65	200.148
21655366.58	5169927.64	200.078
21655438.73	5169907.63	27.4911
21655510.88	5169887.63	28.2792
21655583.03	5169867.62	32.3716
21655655.17	5169847.61	35.6398
21655727.32	5169827.6	0.5
21655799.47	5169807.59	0.5
21655871.61	5169787.59	0.5
21655943.76	5169767.58	0.5
21656015.91	5169747.57	36.4717
21656088.05	5169727.56	35.1797
21656160.2	5169707.55	37.8121
21656232.35	5169687.55	17.2861
21656304.49	5169667.54	31.5456
21656376.64	5169647.53	31.4944
21656448.79	5169627.52	29.4989
21656520.93	5169607.51	29.5906
21656593.08	5169587.51	27.8708
21656665.23	5169567.5	8.32024
21656737.37	5169547.49	0.5
21656809.52	5169527.48	0.5
21656881.67	5169507.47	0.5
21656953.81	5169487.47	0.5
21657025.96	5169467.46	21.3166
21657098.11	5169447.45	13.9507
21657170.25	5169427.44	0.5
21657242.4	5169407.43	20.4026
21657314.55	5169387.43	28.2345
21657386.69	5169367.42	28.5509
21657458.84	5169347.41	26.0243
21657530.99	5169327.4	0.5
21657603.13	5169307.39	0.5
21657675.28	5169287.39	0.5
21657747.43	5169267.38	0.5
21657819.57	5169247.37	0.5
21657891.72	5169227.36	0.5
21657963.87	5169207.35	0.5
21658036.01	5169187.34	0.5
21658108.16	5169167.34	0.5
21658180.31	5169147.33	9.27499
21658252.45	5169127.32	22.4375
21658324.6	5169107.31	22.7819
21658396.75	5169087.3	22.7753
21658468.89	5169067.3	19.1159
21658541.04	5169047.29	0.5
21658613.19	5169027.28	0.5
21658685.33	5169007.27	0.5
21658757.48	5168987.26	0.5
21658829.63	5168967.26	0.5
21658901.77	5168947.25	0.5
21658973.92	5168927.24	11.4836
21659046.07	5168907.23	12.1203
21653293.96	5170578.65	90.8361
21653366.1	5170558.64	133.631
21653438.25	5170538.63	119.824
21653510.4	5170518.62	232.88
21653582.54	5170498.61	148.801
21653654.69	5170478.61	139.407
21653726.84	5170458.6	36.6016
21653798.98	5170438.59	53.1167
21653871.13	5170418.58	205.697
21653943.28	5170398.57	222.671
21654015.42	5170378.57	30.6346
21654087.57	5170358.56	33.4838
21654159.72	5170338.55	66.2778
21654231.86	5170318.54	29.0773
21654304.01	5170298.53	31.3249
21654376.16	5170278.53	270.808
21654448.3	5170258.52	117.599
21654520.45	5170238.51	37.162
21654592.6	5170218.5	37.8493
21654664.74	5170198.49	36.857
21654736.89	5170178.49	35.1929
21654809.04	5170158.48	36.6109
21654881.18	5170138.47	77.9539
21654953.33	5170118.46	37.2428
21655025.48	5170098.45	26.8239
21655097.62	5170078.45	30.7111
21655169.77	5170058.44	0.5
21655241.92	5170038.43	35.7408
21655314.06	5170018.42	212.022
21655386.21	5169998.41	169.444
21655458.36	5169978.41	26.4885
21655530.5	5169958.4	0.5
21655602.65	5169938.39	167.164
21655674.8	5169918.38	12.8106
21655746.95	5169898.37	0.5
21655819.09	5169878.37	0.5
21655891.24	5169858.36	0.5
21655963.38	5169838.35	30.8353
21656035.53	5169818.34	34.028
21656107.68	5169798.33	5.48444
21656179.83	5169778.32	37.6513
21656251.97	5169758.32	32.4385
21656324.12	5169738.31	29.7501
21656396.27	5169718.3	28.7974
21656468.41	5169698.29	32.5447
21656540.56	5169678.28	27.9608
21656612.71	5169658.28	26.3305
21656684.85	5169638.27	0.5
21656757	5169618.26	0.5
21656829.15	5169598.25	0.5
21656901.29	5169578.24	0.5
21656973.44	5169558.24	0.5
21657045.59	5169538.23	20.5634
21657117.73	5169518.22	0.5
21657189.88	5169498.21	0.5
21657262.03	5169478.2	31.7948
21657334.17	5169458.2	35.6753
21657406.32	5169438.19	34.1356
21657478.47	5169418.18	27.6977
21657550.61	5169398.17	0.5
21657622.76	5169378.16	0.5
21657694.91	5169358.16	0.5
21657767.05	5169338.15	0.5
21657839.2	5169318.14	0.5
21657911.35	5169298.13	0.5
21657983.49	5169278.12	0.5
21658055.64	5169258.12	0.5
21658127.79	5169238.11	0.5
21658199.93	5169218.1	0.5
21658272.08	5169198.09	26.8384
21658344.23	5169178.08	29.2129
21658416.37	5169158.08	31.146
21658488.52	5169138.07	24.7645
21658560.67	5169118.06	0.5
21658632.81	5169098.05	0.5
21658704.96	5169078.04	0.5
21658777.11	5169058.03	0.5
21658849.25	5169038.03	0.5
21658921.4	5169018.02	0.5
21658993.55	5168998.01	0.5
21659065.69	5168978	0.5
21653313.58	5170649.42	148.845
21653385.73	5170629.41	239.887
21653457.88	5170609.4	226.933
21653530.02	5170589.39	198.728
21653602.17	5170569.39	205.979
21653674.32	5170549.38	175.144
21653746.46	5170529.37	64.3472
21653818.61	5170509.36	0.5
21653890.76	5170489.35	92.23
21653962.9	5170469.35	129.968
21654035.05	5170449.34	35.9558
21654107.2	5170429.33	30.9564
21654179.34	5170409.32	29.5049
21654251.49	5170389.31	31.9881
21654323.64	5170369.3	32.5407
21654395.78	5170349.3	37.0485
21654467.93	5170329.29	137.989
21654540.08	5170309.28	37.6297
21654612.22	5170289.27	37.1152
21654684.37	5170269.26	61.0339
21654756.52	5170249.26	118.833
21654828.66	5170229.25	122.602
21654900.81	5170209.24	160.875
21654972.96	5170189.23	35.6264
21655045.1	5170169.22	30.872
21655117.25	5170149.22	129.869
21655189.4	5170129.21	110.054
21655261.54	5170109.2	35.819
21655333.69	5170089.19	36.3473
21655405.84	5170069.18	34.6137
21655477.98	5170049.18	0.5
21655550.13	5170029.17	26.3756
21655622.28	5170009.16	93.7978
21655694.42	5169989.15	90.0456
21655766.57	5169969.14	27.5478
21655838.72	5169949.14	41.8078
21655910.86	5169929.13	34.9985
21655983.01	5169909.12	28.1942
21656055.16	5169889.11	30.4375
21656127.3	5169869.1	28.3411
21656199.45	5169849.1	52.7217
21656271.6	5169829.09	28.1496
21656343.75	5169809.08	28.4682
21656415.89	5169789.07	35.5494
21656488.04	5169769.06	51.8017
21656560.19	5169749.06	23.4322
21656632.33	5169729.05	25.9132
21656704.48	5169709.04	26.9053
21656776.63	5169689.03	22.0795
21656848.77	5169669.02	0.5
21656920.92	5169649.02	0.5
21656993.07	5169629.01	0.5
21657065.21	5169609	0.5
21657137.36	5169588.99	0.5
21657209.51	5169568.98	0.5
21657281.65	5169548.97	29.8598
21657353.8	5169528.97	34.2675
21657425.95	5169508.96	35.3218
21657498.09	5169488.95	28.1123
21657570.24	5169468.94	25.3699
21657642.39	5169448.93	0.5
21657714.53	5169428.93	0.5
21657786.68	5169408.92	0.5
21657858.83	5169388.91	0.5
21657930.97	5169368.9	0.5
21658003.12	5169348.89	0.5
21658075.27	5169328.89	0.5
21658147.41	5169308.88	0.5
21658219.56	5169288.87	0.5
21658291.71	5169268.86	28.3297
21658363.85	5169248.85	35.8424
21658436	5169228.85	35.0617
21658508.15	5169208.84	30.1301
21658580.29	5169188.83	26.7561
21658652.44	5169168.82	21.3087
21658724.59	5169148.81	0.5
21658796.73	5169128.81	0.5
21658868.88	5169108.8	0.5
21658941.03	5169088.79	0.5
21659013.17	5169068.78	0.5
21659085.32	5169048.77	0.5
21653261.06	5170740.2	178.522
21653333.21	5170720.19	161.344
21653405.36	5170700.18	262.972
21653477.5	5170680.17	312.147
21653549.65	5170660.16	310.683
21653621.8	5170640.16	248.936
21653693.94	5170620.15	206.766
21653766.09	5170600.14	123.613
21653838.24	5170580.13	10.2217
21653910.38	5170560.12	188.608
21653982.53	5170540.12	218.986
21654054.68	5170520.11	67.0861
21654126.82	5170500.1	36.1877
21654198.97	5170480.09	33.2407
21654271.12	5170460.08	32.3537
21654343.26	5170440.08	33.4105
21654415.41	5170420.07	35.3456
21654487.56	5170400.06	36.2067
21654559.7	5170380.05	11.8094
21654631.85	5170360.04	31.1582
21654704	5170340.04	126.094
21654776.14	5170320.03	166.424
21654848.29	5170300.02	128.703
21654920.44	5170280.01	35.8834
21654992.58	5170260	31.6134
21655064.73	5170240	34.8367
21655136.88	5170219.99	185.171
21655209.02	5170199.98	158.675
21655281.17	5170179.97	37.0093
21655353.32	5170159.96	37.3545
21655425.46	5170139.95	15.2339
21655497.61	5170119.95	126.164
21655569.76	5170099.94	50.7856
21655641.9	5170079.93	81.6439
21655714.05	5170059.92	121.255
21655786.2	5170039.91	74.4244
21655858.34	5170019.91	0.5
21655930.49	5169999.9	28.8179
21656002.64	5169979.89	32.9358
21656074.78	5169959.88	107.545
21656146.93	5169939.87	51.0472
21656219.08	5169919.87	34.9494
21656291.22	5169899.86	27.3727
21656363.37	5169879.85	27.7463
21656435.52	5169859.84	27.4924
21656507.66	5169839.83	26.2069
21656579.81	5169819.83	24.142
21656651.96	5169799.82	25.4115
21656724.1	5169779.81	27.6215
21656796.25	5169759.8	26.743
21656868.4	5169739.79	29.2587
21656940.55	5169719.79	29.004
21657012.69	5169699.78	0.5
21657084.84	5169679.77	0.5
21657156.99	5169659.76	0.5
21657229.13	5169639.75	27.1805
21657301.28	5169619.75	36.009
21657373.43	5169599.74	35.7015
21657445.57	5169579.73	27.0461
21657517.72	5169559.72	25.7521
21657589.87	5169539.71	24.5777
21657662.01	5169519.71	21.8335
21657734.16	5169499.7	22.9113
21657806.31	5169479.69	21.7209
21657878.45	5169459.68	21.4783
21657950.6	5169439.67	0.5
21658022.75	5169419.66	0.5
21658094.89	5169399.66	0.5
21658167.04	5169379.65	0.5
21658239.19	5169359.64	0.5
21658311.33	5169339.63	31.1758
21658383.48	5169319.62	33.7745
21658455.63	5169299.62	33.3141
21658527.77	5169279.61	30.4906
21658599.92	5169259.6	0.5
21658672.07	5169239.59	23.2987
21658744.21	5169219.58	0.5
21658816.36	5169199.58	0.5
21658888.51	5169179.57	0.5
21658960.65	5169159.56	0.5
21659032.8	5169139.55	0.5
21659104.95	5169119.54	0.5
21653280.69	5170810.97	142.429
21653352.84	5170790.96	154.078
21653424.98	5170770.95	135.488
21653497.13	5170750.94	294.222
21653569.28	5170730.93	361.332
21653641.42	5170710.93	343.555
21653713.57	5170690.92	350.707
21653785.72	5170670.91	359.46
21653857.86	5170650.9	295.204
21653930.01	5170630.89	270.622
21654002.16	5170610.89	275.219
21654074.3	5170590.88	212.165
21654146.45	5170570.87	34.8507
21654218.6	5170550.86	30.7451
21654290.74	5170530.85	0.5
21654362.89	5170510.85	30.9977
21654435.04	5170490.84	35.5877
21654507.18	5170470.83	34.8415
21654579.33	5170450.82	35.3901
21654651.48	5170430.81	31.0282
21654723.62	5170410.81	97.755
21654795.77	5170390.8	269.837
21654867.92	5170370.79	98.3583
21654940.06	5170350.78	27.7821
21655012.21	5170330.77	26.0234
21655084.36	5170310.77	37.9486
21655156.5	5170290.76	111.226
21655228.65	5170270.75	0.5
21655300.8	5170250.74	36.2195
21655372.94	5170230.73	229.083
21655445.09	5170210.73	282.539
21655517.24	5170190.72	337.779
21655589.38	5170170.71	100.529
21655661.53	5170150.7	106.06
21655733.68	5170130.69	137.749
21655805.82	5170110.69	46.055
21655877.97	5170090.68	0.5
21655950.12	5170070.67	28.7939
21656022.26	5170050.66	186.966
21656094.41	5170030.65	165.459
21656166.56	5170010.65	107.57
21656238.7	5169990.64	33.6059
21656310.85	5169970.63	29.2066
21656383	5169950.62	30.2058
21656455.14	5169930.61	31.9991
21656527.29	5169910.6	29.9715
21656599.44	5169890.6	27.3782
21656671.58	5169870.59	25.2324
21656743.73	5169850.58	24.8347
21656815.88	5169830.57	24.0049
21656888.02	5169810.56	26.0056
21656960.17	5169790.56	31.4122
21657032.32	5169770.55	37.2293
21657104.47	5169750.54	54.2794
21657176.61	5169730.53	96.54
21657248.76	5169710.52	43.4172
21657320.91	5169690.52	31.6817
21657393.05	5169670.51	35.3138
21657465.2	5169650.5	24.606
21657537.35	5169630.49	25.8436
21657609.49	5169610.48	26.792
21657681.64	5169590.48	26.7255
21657753.79	5169570.47	24.6766
21657825.93	5169550.46	22.3484
21657898.08	5169530.45	22.6007
21657970.23	5169510.44	0.5
21658042.37	5169490.44	0.5
21658114.52	5169470.43	24.3864
21658186.67	5169450.42	28.3832
21658258.81	5169430.41	29.4414
21658330.96	5169410.4	31.6493
21658403.11	5169390.4	31.9512
21658475.25	5169370.39	27.9756
21658547.4	5169350.38	0.5
21658619.55	5169330.37	0.5
21658691.69	5169310.36	22.3021
21658763.84	5169290.36	21.2976
21658835.99	5169270.35	23.8649
21658908.13	5169250.34	0.5
21658980.28	5169230.33	0.5
21659052.43	5169210.32	0.5
21653300.32	5170881.74	149.402
21653372.46	5170861.73	202.792
21653444.61	5170841.72	144.943
21653516.76	5170821.71	400.07
21653588.9	5170801.71	281.35
21653661.05	5170781.7	287.534
21653733.2	5170761.69	361.307
21653805.34	5170741.68	467.21
21653877.49	5170721.67	712.422
21653949.64	5170701.67	183.481
21654021.78	5170681.66	164.932
21654093.93	5170661.65	122.197
21654166.08	5170641.64	31.41
21654238.22	5170621.63	28.9419
21654310.37	5170601.63	26.2774
21654382.52	5170581.62	24.1174
21654454.66	5170561.61	30.1808
21654526.81	5170541.6	35.695
21654598.96	5170521.59	33.0669
21654671.1	5170501.58	29.4291
21654743.25	5170481.58	33.1373
21654815.4	5170461.57	89.6133
21654887.54	5170441.56	178.276
21654959.69	5170421.55	36.8327
21655031.84	5170401.54	29.7486
21655103.98	5170381.54	119.724
21655176.13	5170361.53	37.3632
21655248.28	5170341.52	31.1933
21655320.42	5170321.51	34.4846
21655392.57	5170301.5	106.383
21655464.72	5170281.5	11.1778
21655536.86	5170261.49	52.9861
21655609.01	5170241.48	0.5
21655681.16	5170221.47	16.3461
21655753.3	5170201.46	41.0289
21655825.45	5170181.46	33.9357
21655897.6	5170161.45	0.5
21655969.74	5170141.44	37.2346
21656041.89	5170121.43	99.4211
21656114.04	5170101.42	99.2606
21656186.18	5170081.42	102.219
21656258.33	5170061.41	97.1456
21656330.48	5170041.4	30.4361
21656402.62	5170021.39	29.9155
21656474.77	5170001.38	31.3924
21656546.92	5169981.38	27.0413
21656619.06	5169961.37	25.5189
21656691.21	5169941.36	24.3271
21656763.36	5169921.35	23.6496
21656835.5	5169901.34	0.5
21656907.65	5169881.34	26.2276
21656979.8	5169861.33	33.889
21657051.94	5169841.32	67.4956
21657124.09	5169821.31	18.2522
21657196.24	5169801.3	129.138
21657268.38	5169781.3	139.429
21657340.53	5169761.29	37.5503
21657412.68	5169741.28	140.306
21657484.83	5169721.27	2.14611
21657556.97	5169701.26	30.011
21657629.12	5169681.25	28.3508
21657701.27	5169661.25	25.9086
21657773.41	5169641.24	0.5
21657845.56	5169621.23	0.5
21657917.71	5169601.22	0.5
21657989.85	5169581.21	0.5
21658062	5169561.21	0.5
21658134.15	5169541.2	25.5056
21658206.29	5169521.19	29.9469
21658278.44	5169501.18	29.2965
21658350.59	5169481.17	28.6142
21658422.73	5169461.17	28.796
21658494.88	5169441.16	0.5
21658567.03	5169421.15	0.5
21658639.17	5169401.14	0.5
21658711.32	5169381.13	27.4792
21658783.47	5169361.13	26.1758
21658855.61	5169341.12	24.0545
21658927.76	5169321.11	23.9315
21658999.91	5169301.1	0.5
21659072.05	5169281.09	0.5
21653247.8	5170972.52	11.3811
21653319.94	5170952.51	77.1683
21653392.09	5170932.5	111.478
21653464.24	5170912.49	154.539
21653536.38	5170892.48	211.213
21653608.53	5170872.48	156.305
21653680.68	5170852.47	180.409
21653752.82	5170832.46	169.861
21653824.97	5170812.45	108.774
21653897.12	5170792.44	20.5867
21653969.26	5170772.44	35.9534
21654041.41	5170752.43	36.3711
21654113.56	5170732.42	32.5378
21654185.7	5170712.41	35.1125
21654257.85	5170692.4	36.7346
21654330	5170672.4	32.4841
21654402.14	5170652.39	29.705
21654474.29	5170632.38	33.4763
21654546.44	5170612.37	37.1305
21654618.58	5170592.36	35.9247
21654690.73	5170572.36	29.8197
21654762.88	5170552.35	27.7992
21654835.02	5170532.34	31.1515
21654907.17	5170512.33	74.4378
21654979.32	5170492.32	142.141
21655051.46	5170472.32	7.27722
21655123.61	5170452.31	36.8842
21655195.76	5170432.3	33.3826
21655267.9	5170412.29	34.1657
21655340.05	5170392.28	32.1661
21655412.2	5170372.28	165.302
21655484.34	5170352.27	98.8756
21655556.49	5170332.26	248.464
21655628.64	5170312.25	258.444
21655700.78	5170292.24	146.845
21655772.93	5170272.23	38.785
21655845.08	5170252.23	0.5
21655917.22	5170232.22	0.5
21655989.37	5170212.21	0.5
21656061.52	5170192.2	0.5
21656133.66	5170172.19	0.5
21656205.81	5170152.19	0.5
21656277.96	5170132.18	0.5
21656350.1	5170112.17	26.4652
21656422.25	5170092.16	27.8947
21656494.4	5170072.15	0.5
21656566.54	5170052.15	27.2626
21656638.69	5170032.14	24.9934
21656710.84	5170012.13	25.226
21656782.98	5169992.12	25.4509
21656855.13	5169972.11	0.5
21656927.28	5169952.11	0.5
21656999.42	5169932.1	34.1591
21657071.57	5169912.09	54.7811
21657143.72	5169892.08	19.0256
21657215.86	5169872.07	28.41
21657288.01	5169852.07	26.9507
21657360.16	5169832.06	0.5
21657432.3	5169812.05	135.902
21657504.45	5169792.04	175.524
21657576.6	5169772.03	33.376
21657648.74	5169752.03	29.6466
21657720.89	5169732.02	0.5
21657793.04	5169712.01	0.5
21657865.18	5169692	0.5
21657937.33	5169671.99	0.5
21658009.48	5169651.99	0.5
21658081.63	5169631.98	0.5
21658153.77	5169611.97	25.4005
21658225.92	5169591.96	27.1818
21658298.07	5169571.95	25.8323
21658370.21	5169551.94	25.7628
21658442.36	5169531.94	0.5
21658514.51	5169511.93	0.5
21658586.65	5169491.92	0.5
21658658.8	5169471.91	0.5
21658730.95	5169451.9	0.5
21658803.09	5169431.9	24.5868
21658875.24	5169411.89	25.2159
21658947.39	5169391.88	25.7994
21659019.53	5169371.87	23.295
21659091.68	5169351.86	13.2415
21653267.42	5171043.29	47.1044
21653339.57	5171023.28	37.7969
21653411.72	5171003.27	14.7428
21653483.86	5170983.26	28.7978
21653556.01	5170963.26	160.053
21653628.16	5170943.25	192.982
21653700.3	5170923.24	184.378
21653772.45	5170903.23	26.7728
21653844.6	5170883.22	0.5
21653916.74	5170863.21	0.5
21653988.89	5170843.21	30.5292
21654061.04	5170823.2	54.6456
21654133.18	5170803.19	109.556
21654205.33	5170783.18	55.9989
21654277.48	5170763.17	36.7674
21654349.62	5170743.17	36.8114
21654421.77	5170723.16	34.8794
21654493.92	5170703.15	34.1668
21654566.06	5170683.14	36.1391
21654638.21	5170663.13	35.2775
21654710.36	5170643.13	122.33
21654782.5	5170623.12	31.8651
21654854.65	5170603.11	23.825
21654926.8	5170583.1	75.0689
21654998.94	5170563.09	261.566
21655071.09	5170543.09	36.947
21655143.24	5170523.08	28.5695
21655215.38	5170503.07	30.0232
21655287.53	5170483.06	26.2611
21655359.68	5170463.05	36.1515
21655431.82	5170443.05	147.939
21655503.97	5170423.04	280.48
21655576.12	5170403.03	416.37
21655648.26	5170383.02	388.43
21655720.41	5170363.01	316.767
21655792.56	5170343.01	71.9628
21655864.7	5170323	0.5
21655936.85	5170302.99	0.5
21656009	5170282.98	0.5
21656081.14	5170262.97	0.5
21656153.29	5170242.97	36.2776
21656225.44	5170222.96	36.8118
21656297.58	5170202.95	85.1494
21656369.73	5170182.94	28.5534
21656441.88	5170162.93	27.9837
21656514.02	5170142.93	0.5
21656586.17	5170122.92	27.9804
21656658.32	5170102.91	27.4149
21656730.46	5170082.9	27.2654
21656802.61	5170062.89	28.1038
21656874.76	5170042.88	32.4285
21656946.9	5170022.88	27.2022
21657019.05	5170002.87	0.5
21657091.2	5169982.86	0.5
21657163.34	5169962.85	33.8901
21657235.49	5169942.84	29.7501
21657307.64	5169922.84	31.3834
21657379.78	5169902.83	69.725
21657451.93	5169882.82	107.256
21657524.08	5169862.81	76.6656
21657596.22	5169842.8	36.4668
21657668.37	5169822.8	25.3394
21657740.52	5169802.79	0.5
21657812.66	5169782.78	0.5
21657884.81	5169762.77	0.5
21657956.96	5169742.76	0.5
21658029.1	5169722.76	0.5
21658101.25	5169702.75	0.5
21658173.4	5169682.74	0.5
21658245.54	5169662.73	0.5
21658317.69	5169642.72	0.5
21658389.84	5169622.72	0.5
21658461.99	5169602.71	0.5
21658534.13	5169582.7	0.5
21658606.28	5169562.69	0.5
21658678.43	5169542.68	0.5
21658750.57	5169522.68	25.8536
21658822.72	5169502.67	20.4488
21658894.87	5169482.66	22.7596
21658967.01	5169462.65	23.5143
21659039.16	5169442.64	21.6205
21659111.31	5169422.64	14.5803
21653287.05	5171114.06	43.9789
21653359.2	5171094.05	34.5228
21653431.34	5171074.04	36.9959
21653503.49	5171054.03	48.4967
21653575.64	5171034.03	126.691
21653647.78	5171014.02	26.7922
21653719.93	5170994.01	37.8161
21653792.08	5170974	33.2216
21653864.22	5170953.99	0.5
21653936.37	5170933.99	0.5
21654008.52	5170913.98	0.5
21654080.66	5170893.97	90.4289
21654152.81	5170873.96	102.521
21654224.96	5170853.95	11.4878
21654297.1	5170833.95	32.9291
21654369.25	5170813.94	35.8469
21654441.4	5170793.93	34.478
21654513.54	5170773.92	30.6914
21654585.69	5170753.91	28.3253
21654657.84	5170733.91	26.3545
21654729.98	5170713.9	16.6672
21654802.13	5170693.89	28.3711
21654874.28	5170673.88	24.9227
21654946.42	5170653.87	32.3916
21655018.57	5170633.86	193.238
21655090.72	5170613.86	189.574
21655162.86	5170593.85	32.8186
21655235.01	5170573.84	29.5286
21655307.16	5170553.83	37.0549
21655379.3	5170533.82	1.015
21655451.45	5170513.82	186.052
21655523.6	5170493.81	208.787
21655595.74	5170473.8	259.326
21655667.89	5170453.79	321.517
21655740.04	5170433.78	107.127
21655812.18	5170413.78	143.882
21655884.33	5170393.77	32.3211
21655956.48	5170373.76	0.5
21656028.62	5170353.75	6.30667
21656100.77	5170333.74	35.7631
21656172.92	5170313.74	8.15389
21656245.06	5170293.73	35.6034
21656317.21	5170273.72	26.7332
21656389.36	5170253.71	30.1465
21656461.5	5170233.7	28.3725
21656533.65	5170213.7	0.5
21656605.8	5170193.69	26.3319
21656677.94	5170173.68	25.2985
21656750.09	5170153.67	27.192
21656822.24	5170133.66	27.989
21656894.38	5170113.66	29.489
21656966.53	5170093.65	28.1995
21657038.68	5170073.64	0.5
21657110.82	5170053.63	0.5
21657182.97	5170033.62	34.668
21657255.12	5170013.62	30.9735
21657327.26	5169993.61	27.7684
21657399.41	5169973.6	30.3783
21657471.56	5169953.59	32.8181
21657543.7	5169933.58	0.5
21657615.85	5169913.57	0.5
21657688	5169893.57	0.5
21657760.14	5169873.56	0.5
21657832.29	5169853.55	0.5
21657904.44	5169833.54	0.5
21657976.58	5169813.53	0.5
21658048.73	5169793.53	0.5
21658120.88	5169773.52	0.5
21658193.02	5169753.51	0.5
21658265.17	5169733.5	0.5
21658337.32	5169713.49	0.5
21658409.46	5169693.49	0.5
21658481.61	5169673.48	0.5
21658553.76	5169653.47	0.5
21658625.91	5169633.46	0.5
21658698.05	5169613.45	0.5
21658770.2	5169593.45	26.6477
21658842.35	5169573.44	22.5624
21658914.49	5169553.43	19.0136
21658986.64	5169533.42	16.8518
21659058.79	5169513.41	19.6559
21653306.68	5171184.83	36.7999
21653378.82	5171164.82	36.8022
21653450.97	5171144.81	44.0422
21653523.12	5171124.8	111.699
21653595.26	5171104.8	239.306
21653667.41	5171084.79	35.5108
21653739.56	5171064.78	10.2744
21653811.7	5171044.77	34.712
21653883.85	5171024.76	285.961
21653956	5171004.76	195.738
21654028.14	5170984.75	106.386
21654100.29	5170964.74	116.373
21654172.44	5170944.73	1.80833
21654244.58	5170924.72	30.8009
21654316.73	5170904.72	29.3409
21654388.88	5170884.71	32.5295
21654461.02	5170864.7	33.2334
21654533.17	5170844.69	26.5543
21654605.32	5170824.68	31.2534
21654677.46	5170804.68	33.4189
21654749.61	5170784.67	28.1227
21654821.76	5170764.66	26.403
21654893.9	5170744.65	24.9958
21654966.05	5170724.64	32.7505
21655038.2	5170704.64	35.6298
21655110.34	5170684.63	63.5522
21655182.49	5170664.62	138.244
21655254.64	5170644.61	31.0043
21655326.78	5170624.6	37.6377
21655398.93	5170604.6	68.9744
21655471.08	5170584.59	429.649
21655543.22	5170564.58	265.153
21655615.37	5170544.57	81.8806
21655687.52	5170524.56	27.9549
21655759.66	5170504.56	0.5
21655831.81	5170484.55	28.751
21655903.96	5170464.54	28.7427
21655976.1	5170444.53	0.5
21656048.25	5170424.52	0.5
21656120.4	5170404.51	35.6803
21656192.54	5170384.51	37.8116
21656264.69	5170364.5	35.3113
21656336.84	5170344.49	27.781
21656408.98	5170324.48	27.4409
21656481.13	5170304.47	29.4703
21656553.28	5170284.47	0.5
21656625.42	5170264.46	23.5695
21656697.57	5170244.45	23.8082
21656769.72	5170224.44	23.6617
21656841.86	5170204.43	26.7229
21656914.01	5170184.43	27.9253
21656986.16	5170164.42	26.4601
21657058.3	5170144.41	0.5
21657130.45	5170124.4	0.5
21657202.6	5170104.39	23.2961
21657274.74	5170084.39	36.0375
21657346.89	5170064.38	27.7913
21657419.04	5170044.37	28.2979
21657491.18	5170024.36	30.6302
21657563.33	5170004.35	82.415
21657635.48	5169984.35	34.7405
21657707.62	5169964.34	0.5
21657779.77	5169944.33	0.5
21657851.92	5169924.32	0.5
21657924.06	5169904.31	0.5
21657996.21	5169884.31	0.5
21658068.36	5169864.3	0.5
21658140.5	5169844.29	0.5
21658212.65	5169824.28	0.5
21658284.8	5169804.27	0.5
21658356.94	5169784.27	0.5
21658429.09	5169764.26	0.5
21658501.24	5169744.25	23.0646
21658573.38	5169724.24	19.5869
21658645.53	5169704.23	0.5
21658717.68	5169684.22	0.5
21658789.82	5169664.22	22.6355
21658861.97	5169644.21	20.1962
21658934.12	5169624.2	0.5
21659006.26	5169604.19	13
21659078.41	5169584.18	13
21653254.15	5171275.61	136.855
21653326.3	5171255.6	111.083
21653398.45	5171235.59	130.02
21653470.6	5171215.58	244.258
21653542.74	5171195.58	307.611
21653614.89	5171175.57	375.117
21653687.04	5171155.56	341.327
21653759.18	5171135.55	116.216
21653831.33	5171115.54	30.9628
21653903.48	5171095.54	238.814
21653975.62	5171075.53	255.366
21654047.77	5171055.52	204.609
21654119.92	5171035.51	159.156
21654192.06	5171015.5	22.3972
21654264.21	5170995.49	15.9644
21654336.36	5170975.49	33.5545
21654408.5	5170955.48	24.1156
21654480.65	5170935.47	26.1386
21654552.8	5170915.46	25.2949
21654624.94	5170895.45	29.2465
21654697.09	5170875.45	32.7059
21654769.24	5170855.44	32.9513
21654841.38	5170835.43	31.6789
21654913.53	5170815.42	30.8675
21654985.68	5170795.41	30.8659
21655057.82	5170775.41	31.8884
21655129.97	5170755.4	93.1278
21655202.12	5170735.39	157.323
21655274.26	5170715.38	37.7657
21655346.41	5170695.37	37.0104
21655418.56	5170675.37	297.708
21655490.7	5170655.36	398.074
21655562.85	5170635.35	206.824
21655635	5170615.34	11.8361
21655707.14	5170595.33	32.7897
21655779.29	5170575.33	33.454
21655851.44	5170555.32	30.0066
21655923.58	5170535.31	35.3078
21655995.73	5170515.3	53.7394
21656067.88	5170495.29	8.27
21656140.02	5170475.29	27.7657
21656212.17	5170455.28	30.1925
21656284.32	5170435.27	31.4984
21656356.46	5170415.26	30.8938
21656428.61	5170395.25	26.6802
21656500.76	5170375.25	24.5847
21656572.9	5170355.24	28.1819
21656645.05	5170335.23	37.2902
21656717.2	5170315.22	23.8497
21656789.34	5170295.21	25.7315
21656861.49	5170275.21	30.7647
21656933.64	5170255.2	28.393
21657005.78	5170235.19	26.7481
21657077.93	5170215.18	14.4761
21657150.08	5170195.17	35.9717
21657222.22	5170175.16	31.9298
21657294.37	5170155.16	92.3567
21657366.52	5170135.15	36.1708
21657438.66	5170115.14	26.2251
21657510.81	5170095.13	51.83
21657582.96	5170075.12	153.113
21657655.1	5170055.12	0.5
21657727.25	5170035.11	0.5
21657799.4	5170015.1	0.5
21657871.54	5169995.09	0.5
21657943.69	5169975.08	0.5
21658015.84	5169955.08	0.5
21658087.98	5169935.07	0.5
21658160.13	5169915.06	0.5
21658232.28	5169895.05	0.5
21658304.42	5169875.04	0.5
21658376.57	5169855.04	20.3309
21658448.72	5169835.03	26.1116
21658520.86	5169815.02	23.0343
21658593.01	5169795.01	24.4683
21658665.16	5169775	0.5
21658737.3	5169755	0.5
21658809.45	5169734.99	0.5
21658881.6	5169714.98	0.5
21658953.74	5169694.97	0.5
21659025.89	5169674.96	0.5
21659098.04	5169654.96	0.5
21653273.78	5171346.38	205.897
21653345.93	5171326.37	235.577
21653418.07	5171306.36	227.808
21653490.22	5171286.35	316.589
21653562.37	5171266.35	357.853
21653634.51	5171246.34	486.269
21653706.66	5171226.33	505.837
21653778.81	5171206.32	285.362
21653850.96	5171186.31	115.087
21653923.1	5171166.31	237.098
21653995.25	5171146.3	254.718
21654067.4	5171126.29	261.247
21654139.54	5171106.28	104.275
21654211.69	5171086.27	36.3351
21654283.84	5171066.27	26.9783
21654355.98	5171046.26	33.86
21654428.13	5171026.25	36.5778
21654500.28	5171006.24	27.3207
21654572.42	5170986.23	27.4452
21654644.57	5170966.23	27.5539
21654716.72	5170946.22	29.764
21654788.86	5170926.21	36.9125
21654861.01	5170906.2	28.2386
21654933.16	5170886.19	36.4688
21655005.3	5170866.18	35.1765
21655077.45	5170846.18	35.7691
21655149.6	5170826.17	36.3209
21655221.74	5170806.16	151.632
21655293.89	5170786.15	34.6167
21655366.04	5170766.14	37.2781
21655438.18	5170746.14	256.881
21655510.33	5170726.13	255.086
21655582.48	5170706.12	44.3122
21655654.62	5170686.11	34.7865
21655726.77	5170666.1	17.4844
21655798.92	5170646.1	32.1439
21655871.06	5170626.09	35.0106
21655943.21	5170606.08	117.173
21656015.36	5170586.07	145.063
21656087.5	5170566.06	99.8417
21656159.65	5170546.06	30.9923
21656231.8	5170526.05	29.8868
21656303.94	5170506.04	29.7357
21656376.09	5170486.03	28.3724
21656448.24	5170466.02	0.5
21656520.38	5170446.02	0.5
21656592.53	5170426.01	26.5242
21656664.68	5170406	19.0678
21656736.82	5170385.99	0.5
21656808.97	5170365.98	28.6612
21656881.12	5170345.98	33.2002
21656953.26	5170325.97	60.8161
21657025.41	5170305.96	0.5
21657097.56	5170285.95	37.5639
21657169.7	5170265.94	32.2449
21657241.85	5170245.94	27.2624
21657314	5170225.93	67.2861
21657386.14	5170205.92	21.34
21657458.29	5170185.91	27.6563
21657530.44	5170165.9	34.8592
21657602.58	5170145.9	36.0746
21657674.73	5170125.89	0.5
21657746.88	5170105.88	0.5
21657819.02	5170085.87	0.5
21657891.17	5170065.86	0.5
21657963.32	5170045.85	0.5
21658035.46	5170025.85	0.5
21658107.61	5170005.84	0.5
21658179.76	5169985.83	0.5
21658251.9	5169965.82	0.5
21658324.05	5169945.81	0.5
21658396.2	5169925.81	0.5
21658468.34	5169905.8	0.5
21658540.49	5169885.79	0.5
21658612.64	5169865.78	0.5
21658684.78	5169845.77	0.5
21658756.93	5169825.77	0.5
21658829.08	5169805.76	0.5
21658901.22	5169785.75	0.5
21658973.37	5169765.74	0.5
21659045.52	5169745.73	0.5
21653293.41	5171417.15	255.844
21653365.55	5171397.14	279.988
21653437.7	5171377.13	299.898
21653509.85	5171357.12	347.52
21653581.99	5171337.12	386.345
21653654.14	5171317.11	472.008
21653726.29	5171297.1	441.238
21653798.43	5171277.09	355.973
21653870.58	5171257.08	142.821
21653942.73	5171237.08	222.823
21654014.87	5171217.07	145.505
21654087.02	5171197.06	30.008
21654159.17	5171177.05	28.7134
21654231.32	5171157.04	29.7374
21654303.46	5171137.04	27.8302
21654375.61	5171117.03	26.5949
21654447.76	5171097.02	29.8082
21654519.9	5171077.01	24.3196
21654592.05	5171057	24.7899
21654664.2	5171037	26.7556
21654736.34	5171016.99	28.1672
21654808.49	5170996.98	31.8423
21654880.64	5170976.97	33.2116
21654952.78	5170956.96	34.3747
21655024.93	5170936.96	34.0086
21655097.08	5170916.95	33.872
21655169.22	5170896.94	44.875
21655241.37	5170876.93	117.036
21655313.52	5170856.92	28.4459
21655385.66	5170836.92	38.8061
21655457.81	5170816.91	156.944
21655529.96	5170796.9	118.842
21655602.1	5170776.89	33.5956
21655674.25	5170756.88	30.1118
21655746.4	5170736.88	30.0734
21655818.54	5170716.87	33.0387
21655890.69	5170696.86	34.6523
21655962.84	5170676.85	119.396
21656034.98	5170656.84	133.382
21656107.13	5170636.83	6.98333
21656179.28	5170616.83	27.7025
21656251.42	5170596.82	26.2243
21656323.57	5170576.81	25.5748
21656395.72	5170556.8	0.5
21656467.86	5170536.79	12.4028
21656540.01	5170516.79	23.9914
21656612.16	5170496.78	29.1558
21656684.3	5170476.77	35.8327
21656756.45	5170456.76	31.4716
21656828.6	5170436.75	33.0184
21656900.74	5170416.75	36.7548
21656972.89	5170396.74	16.0067
21657045.04	5170376.73	4.11333
21657117.18	5170356.72	37.2894
21657189.33	5170336.71	33.6838
21657261.48	5170316.71	25.4189
21657333.62	5170296.7	13.0417
21657405.77	5170276.69	117.818
21657477.92	5170256.68	214.993
21657550.06	5170236.67	104.026
21657622.21	5170216.67	0.5
21657694.36	5170196.66	0.5
21657766.5	5170176.65	19.2461
21657838.65	5170156.64	0.5
21657910.8	5170136.63	3.61399
21657982.94	5170116.63	0.5
21658055.09	5170096.62	0.5
21658127.24	5170076.61	0.5
21658199.38	5170056.6	0.5
21658271.53	5170036.59	0.5
21658343.68	5170016.59	0.5
21658415.82	5169996.58	0.5
21658487.97	5169976.57	0.5
21658560.12	5169956.56	0.5
21658632.26	5169936.55	0.5
21658704.41	5169916.55	0.5
21658776.56	5169896.54	0.5
21658848.7	5169876.53	0.5
21658920.85	5169856.52	0.5
21658993	5169836.51	0.5
21659065.14	5169816.5	0.5
21653313.03	5171487.92	375.298
21653385.18	5171467.91	342.666
21653457.33	5171447.9	343.389
21653529.47	5171427.9	384.486
21653601.62	5171407.89	377.003
21653673.77	5171387.88	399.282
21653745.91	5171367.87	429.908
21653818.06	5171347.86	475.177
21653890.21	5171327.86	426.492
21653962.35	5171307.85	167.782
21654034.5	5171287.84	28.9689
21654106.65	5171267.83	85.6722
21654178.79	5171247.82	33.418
21654250.94	5171227.82	37.1821
21654323.09	5171207.81	9.73389
21654395.23	5171187.8	28.7169
21654467.38	5171167.79	30.3424
21654539.53	5171147.78	25.0285
21654611.67	5171127.77	23.7347
21654683.82	5171107.77	0.5
21654755.97	5171087.76	23.8894
21654828.12	5171067.75	26.3386
21654900.26	5171047.74	30.9392
21654972.41	5171027.73	31.1439
21655044.56	5171007.73	27.7861
21655116.7	5170987.72	22.4654
21655188.85	5170967.71	53.0322
21655261	5170947.7	46.555
21655333.14	5170927.69	36.0294
21655405.29	5170907.69	88.88
21655477.44	5170887.68	150.633
21655549.58	5170867.67	116.952
21655621.73	5170847.66	30.4694
21655693.88	5170827.65	29.8836
21655766.02	5170807.65	27.6404
21655838.17	5170787.64	28.3296
21655910.32	5170767.63	33.811
21655982.46	5170747.62	78.2461
21656054.61	5170727.61	0.5
21656126.76	5170707.61	23.0299
21656198.9	5170687.6	24.1954
21656271.05	5170667.59	0.5
21656343.2	5170647.58	25.4088
21656415.34	5170627.57	29.1755
21656487.49	5170607.57	30.5714
21656559.64	5170587.56	27.3892
21656631.78	5170567.55	0.5
21656703.93	5170547.54	44.4494
21656776.08	5170527.53	36.5281
21656848.22	5170507.53	55.0406
21656920.37	5170487.52	28.9228
21656992.52	5170467.51	113.491
21657064.66	5170447.5	57.1728
21657136.81	5170427.49	33.0512
21657208.96	5170407.48	0.5
21657281.1	5170387.48	23.7451
21657353.25	5170367.47	28.7222
21657425.4	5170347.46	156.813
21657497.54	5170327.45	177.377
21657569.69	5170307.44	37.375
21657641.84	5170287.44	23.7913
21657713.98	5170267.43	20.9949
21657786.13	5170247.42	21.028
21657858.28	5170227.41	27.3319
21657930.42	5170207.4	0.5
21658002.57	5170187.4	0.5
21658074.72	5170167.39	0.5
21658146.86	5170147.38	0.5
21658219.01	5170127.37	0.5
21658291.16	5170107.36	0.5
21658363.3	5170087.36	0.5
21658435.45	5170067.35	21.6515
21658507.6	5170047.34	0.5
21658579.74	5170027.33	0.5
21658651.89	5170007.32	0.5
21658724.04	5169987.32	0.5
21658796.18	5169967.31	0.5
21658868.33	5169947.3	0.5
21658940.48	5169927.29	0.5
21659012.62	5169907.28	0.5
21659084.77	5169887.28	0.5
21653260.51	5171578.7	450.322
21653332.66	5171558.69	461.712
21653404.81	5171538.68	486.738
21653476.95	5171518.67	511.789
21653549.1	5171498.67	496.736
21653621.25	5171478.66	431.976
21653693.39	5171458.65	301.553
21653765.54	5171438.64	212.823
21653837.69	5171418.63	409.288
21653909.83	5171398.63	556.253
21653981.98	5171378.62	212.506
21654054.13	5171358.61	4.225
21654126.27	5171338.6	35.2428
21654198.42	5171318.59	174.369
21654270.57	5171298.59	101.852
21654342.71	5171278.58	8.05167
21654414.86	5171258.57	26.3888
21654487.01	5171238.56	31.3471
21654559.15	5171218.55	30.5162
21654631.3	5171198.55	24.7046
21654703.45	5171178.54	29.3537
21654775.59	5171158.53	35.0606
21654847.74	5171138.52	26.4587
21654919.89	5171118.51	31.8216
21654992.04	5171098.51	32.6908
21655064.18	5171078.5	33.5615
21655136.33	5171058.49	32.0124
21655208.48	5171038.48	122.921
21655280.62	5171018.47	181.09
21655352.77	5170998.47	33.9476
21655424.92	5170978.46	87.4078
21655497.06	5170958.45	190.877
21655569.21	5170938.44	133.308
21655641.36	5170918.43	31.1871
21655713.5	5170898.42	29.9562
21655785.65	5170878.42	30.1971
21655857.8	5170858.41	30.0935
21655929.94	5170838.4	30.3666
21656002.09	5170818.39	40.9206
21656074.24	5170798.38	4.65
21656146.38	5170778.38	27.9229
21656218.53	5170758.37	25.3395
21656290.68	5170738.36	28.1816
21656362.82	5170718.35	29.2524
21656434.97	5170698.34	27.7372
21656507.12	5170678.34	28.364
21656579.26	5170658.33	29.0378
21656651.41	5170638.32	26.9703
21656723.56	5170618.31	22.5456
21656795.7	5170598.3	9.12
21656867.85	5170578.3	115.129
21656940	5170558.29	144.926
21657012.14	5170538.28	108.131
21657084.29	5170518.27	72.7267
21657156.44	5170498.26	0.5
21657228.58	5170478.26	0.5
21657300.73	5170458.25	36.7536
21657372.88	5170438.24	51.0506
21657445.02	5170418.23	50.3833
21657517.17	5170398.22	95.0233
21657589.32	5170378.22	30.8235
21657661.46	5170358.21	0.5
21657733.61	5170338.2	0.5
21657805.76	5170318.19	0.5
21657877.9	5170298.18	26.4752
21657950.05	5170278.18	0.5
21658022.2	5170258.17	0.5
21658094.34	5170238.16	0.5
21658166.49	5170218.15	0.5
21658238.64	5170198.14	0.5
21658310.78	5170178.13	0.5
21658382.93	5170158.13	0.5
21658455.08	5170138.12	0.5
21658527.22	5170118.11	0.5
21658599.37	5170098.1	0.5
21658671.52	5170078.09	0.5
21658743.66	5170058.09	0.5
21658815.81	5170038.08	0.5
21658887.96	5170018.07	0.5
21658960.1	5169998.06	0.5
21659032.25	5169978.05	0.5
21659104.4	5169958.05	0.5
21653280.14	5171649.47	476.3
21653352.29	5171629.46	489.74
21653424.43	5171609.45	517.003
21653496.58	5171589.45	582.535
21653568.73	5171569.44	498.024
21653640.87	5171549.43	290.521
21653713.02	5171529.42	36.8308
21653785.17	5171509.41	32.9664
21653857.31	5171489.4	156.689
21653929.46	5171469.4	193.879
21654001.61	5171449.39	51.5478
21654073.75	5171429.38	21.1639
21654145.9	5171409.37	29.9083
21654218.05	5171389.36	40.0917
21654290.19	5171369.36	75.1222
21654362.34	5171349.35	32.0217
21654434.49	5171329.34	31.7542
21654506.63	5171309.33	28.7253
21654578.78	5171289.32	25.6819
21654650.93	5171269.32	32.2217
21654723.07	5171249.31	34.8428
21654795.22	5171229.3	24.0829
21654867.37	5171209.29	24.1282
21654939.51	5171189.28	27.2109
21655011.66	5171169.28	29.5335
21655083.81	5171149.27	30.171
21655155.95	5171129.26	32.995
21655228.1	5171109.25	70.6483
21655300.25	5171089.24	147.087
21655372.39	5171069.24	53.0639
21655444.54	5171049.23	40.9128
21655516.69	5171029.22	110.758
21655588.84	5171009.21	55.1389
21655660.98	5170989.2	30.0146
21655733.13	5170969.2	30.3335
21655805.28	5170949.19	26.711
21655877.42	5170929.18	28.7312
21655949.57	5170909.17	29.4438
21656021.72	5170889.16	128.036
21656093.86	5170869.16	176.487
21656166.01	5170849.15	36.2196
21656238.16	5170829.14	28.0318
21656310.3	5170809.13	28.6232
21656382.45	5170789.12	0.5
21656454.6	5170769.11	28.91
21656526.74	5170749.11	30.1027
21656598.89	5170729.1	34.0585
21656671.04	5170709.09	34.7828
21656743.18	5170689.08	21.3756
21656815.33	5170669.07	75.4928
21656887.48	5170649.07	63.1444
21656959.62	5170629.06	93.0811
21657031.77	5170609.05	36.1144
21657103.92	5170589.04	16.1544
21657176.06	5170569.03	0.5
21657248.21	5170549.03	5.51
21657320.36	5170529.02	10.9439
21657392.5	5170509.01	35.7567
21657464.65	5170489	34.4734
21657536.8	5170468.99	36.9239
21657608.94	5170448.99	0.5
21657681.09	5170428.98	0.5
21657753.24	5170408.97	0.5
21657825.38	5170388.96	0.5
21657897.53	5170368.95	0.5
21657969.68	5170348.95	0.5
21658041.82	5170328.94	0.5
21658113.97	5170308.93	0.5
21658186.12	5170288.92	0.5
21658258.26	5170268.91	0.5
21658330.41	5170248.91	0.5
21658402.56	5170228.9	0.5
21658474.7	5170208.89	0.5
21658546.85	5170188.88	0.5
21658619	5170168.87	0.5
21658691.14	5170148.87	0.5
21658763.29	5170128.86	0.5
21658835.44	5170108.85	0.5
21658907.58	5170088.84	0.5
21658979.73	5170068.83	0.5
21659051.88	5170048.83	0.5
21653299.77	5171720.24	514.241
21653371.91	5171700.23	415.645
21653444.06	5171680.22	448.738
21653516.21	5171660.22	452.62
21653588.35	5171640.21	465.763
21653660.5	5171620.2	281.154
21653732.65	5171600.19	32.5189
21653804.79	5171580.18	28.554
21653876.94	5171560.18	45.7461
21653949.09	5171540.17	157.931
21654021.23	5171520.16	31.342
21654093.38	5171500.15	37.9378
21654165.53	5171480.14	0.5
21654237.67	5171460.14	71.9394
21654309.82	5171440.13	112.281
21654381.97	5171420.12	84.3211
21654454.11	5171400.11	74.9106
21654526.26	5171380.1	122.194
21654598.41	5171360.09	7.49778
21654670.55	5171340.09	0.5
21654742.7	5171320.08	0.5
21654814.85	5171300.07	25.6481
21654886.99	5171280.06	25.636
21654959.14	5171260.05	37.6455
21655031.29	5171240.05	164.869
21655103.43	5171220.04	92.0167
21655175.58	5171200.03	31.5958
21655247.73	5171180.02	25.6811
21655319.87	5171160.01	29.8339
21655392.02	5171140.01	75.0267
21655464.17	5171120	151.286
21655536.31	5171099.99	22.2144
21655608.46	5171079.98	109.041
21655680.61	5171059.97	29.3439
21655752.76	5171039.97	25.7737
21655824.9	5171019.96	25.9489
21655897.05	5170999.95	25.1327
21655969.2	5170979.94	33.5605
21656041.34	5170959.93	158.161
21656113.49	5170939.93	91.8128
21656185.64	5170919.92	63.9617
21656257.78	5170899.91	32.8623
21656329.93	5170879.9	0.5
21656402.08	5170859.89	0.5
21656474.22	5170839.89	0.5
21656546.37	5170819.88	28.8445
21656618.52	5170799.87	30.1568
21656690.66	5170779.86	23.9417
21656762.81	5170759.85	115.643
21656834.96	5170739.85	109.386
21656907.1	5170719.84	122.9
21656979.25	5170699.83	33.8143
21657051.4	5170679.82	52.4939
21657123.54	5170659.81	155.036
21657195.69	5170639.81	127.18
21657267.84	5170619.8	178.922
21657339.98	5170599.79	125.072
21657412.13	5170579.78	35.7107
21657484.28	5170559.77	33.3071
21657556.42	5170539.76	25.0181
21657628.57	5170519.76	0.5
21657700.72	5170499.75	0.5
21657772.86	5170479.74	32.1045
21657845.01	5170459.73	28.4753
21657917.16	5170439.72	27.4487
21657989.3	5170419.72	0.5
21658061.45	5170399.71	0.5
21658133.6	5170379.7	0.5
21658205.74	5170359.69	0.5
21658277.89	5170339.68	0.5
21658350.04	5170319.68	0.5
21658422.18	5170299.67	0.5
21658494.33	5170279.66	0.5
21658566.48	5170259.65	27.1964
21658638.62	5170239.64	27.7296
21658710.77	5170219.64	0.5
21658782.92	5170199.63	0.5
21658855.06	5170179.62	0.5
21658927.21	5170159.61	0.5
21658999.36	5170139.6	5.33597
21659071.5	5170119.6	0.5
21653247.25	5171811.02	526.799
21653319.39	5171791.01	502.748
21653391.54	5171771	395.213
21653463.69	5171750.99	377.313
21653535.83	5171730.99	458.886
21653607.98	5171710.98	521.958
21653680.13	5171690.97	456.931
21653752.27	5171670.96	286.341
21653824.42	5171650.95	33.1278
21653896.57	5171630.95	70.4244
21653968.71	5171610.94	130.319
21654040.86	5171590.93	118.848
21654113.01	5171570.92	122.236
21654185.15	5171550.91	117.791
21654257.3	5171530.91	0.5
21654329.45	5171510.9	171.574
21654401.59	5171490.89	67.8411
21654473.74	5171470.88	89.5806
21654545.89	5171450.87	105.033
21654618.03	5171430.87	40.4889
21654690.18	5171410.86	34.926
21654762.33	5171390.85	34.415
21654834.47	5171370.84	36.9781
21654906.62	5171350.83	33.7266
21654978.77	5171330.83	105.923
21655050.91	5171310.82	309.598
21655123.06	5171290.81	479.782
21655195.21	5171270.8	67.5511
21655267.35	5171250.79	29.3258
21655339.5	5171230.79	27.455
21655411.65	5171210.78	87.0417
21655483.79	5171190.77	118.765
21655555.94	5171170.76	34.5976
21655628.09	5171150.75	32.6855
21655700.23	5171130.74	27.9446
21655772.38	5171110.74	26.8006
21655844.53	5171090.73	29.4441
21655916.67	5171070.72	30.6977
21655988.82	5171050.71	30.9236
21656060.97	5171030.7	83.405
21656133.11	5171010.7	37.7817
21656205.26	5170990.69	34.7987
21656277.41	5170970.68	0.5
21656349.56	5170950.67	0.5
21656421.7	5170930.66	0.5
21656493.85	5170910.66	0.5
21656566	5170890.65	25.0189
21656638.14	5170870.64	26.084
21656710.29	5170850.63	30.8429
21656782.44	5170830.62	108.972
21656854.58	5170810.62	68.7822
21656926.73	5170790.61	85.2572
21656998.88	5170770.6	31.5172
21657071.02	5170750.59	22.73
21657143.17	5170730.58	150.193
21657215.32	5170710.58	189.062
21657287.46	5170690.57	158.163
21657359.61	5170670.56	160.001
21657431.76	5170650.55	36.7556
21657503.9	5170630.54	27.4186
21657576.05	5170610.54	0.5
21657648.2	5170590.53	0.5
21657720.34	5170570.52	27.2956
21657792.49	5170550.51	32.6013
21657864.64	5170530.5	29.09
21657936.78	5170510.5	28.4594
21658008.93	5170490.49	0.5
21658081.08	5170470.48	0.5
21658153.22	5170450.47	0.5
21658225.37	5170430.46	0.5
21658297.52	5170410.46	0.5
21658369.66	5170390.45	0.5
21658441.81	5170370.44	0.5
21658513.96	5170350.43	24.9104
21658586.1	5170330.42	29.8242
21658658.25	5170310.41	28.6447
21658730.4	5170290.41	28.4431
21658802.54	5170270.4	0.5
21658874.69	5170250.39	0.5
21658946.84	5170230.38	0.5
21659018.98	5170210.37	4.87615
21659091.13	5170190.37	0.5
21653266.87	5171881.79	471.607
21653339.02	5171861.78	445.352
21653411.17	5171841.77	376.896
21653483.31	5171821.77	387.661
21653555.46	5171801.76	406.587
21653627.61	5171781.75	375.713
21653699.75	5171761.74	375.96
21653771.9	5171741.73	311.871
21653844.05	5171721.73	201.632
21653916.19	5171701.72	149.249
21653988.34	5171681.71	143.656
21654060.49	5171661.7	83.8894
21654132.63	5171641.69	143.341
21654204.78	5171621.68	220.076
21654276.93	5171601.68	198.529
21654349.07	5171581.67	128.989
21654421.22	5171561.66	60.0033
21654493.37	5171541.65	41.3217
21654565.51	5171521.64	64.7239
21654637.66	5171501.64	37.9515
21654709.81	5171481.63	32.8739
21654781.95	5171461.62	33.806
21654854.1	5171441.61	35.9794
21654926.25	5171421.6	36.3976
21654998.39	5171401.6	98.4122
21655070.54	5171381.59	287.078
21655142.69	5171361.58	389.505
21655214.83	5171341.57	270.597
21655286.98	5171321.56	113.316
21655359.13	5171301.56	37.3319
21655431.27	5171281.55	37.7235
21655503.42	5171261.54	96.2728
21655575.57	5171241.53	36.0294
21655647.71	5171221.52	28.3263
21655719.86	5171201.52	26.2946
21655792.01	5171181.51	27.4491
21655864.15	5171161.5	27.9247
21655936.3	5171141.49	30.4849
21656008.45	5171121.48	31.4394
21656080.59	5171101.48	13.8544
21656152.74	5171081.47	0.5
21656224.89	5171061.46	0.5
21656297.03	5171041.45	0.5
21656369.18	5171021.44	0.5
21656441.33	5171001.44	0.5
21656513.48	5170981.43	21.3354
21656585.62	5170961.42	21.2828
21656657.77	5170941.41	24.4956
21656729.91	5170921.4	30.1241
21656802.06	5170901.39	126.994
21656874.21	5170881.39	111.241
21656946.36	5170861.38	149.161
21657018.5	5170841.37	110.629
21657090.65	5170821.36	107.268
21657162.8	5170801.35	187.369
21657234.94	5170781.35	244.106
21657307.09	5170761.34	149.65
21657379.24	5170741.33	59.1844
21657451.38	5170721.32	35.6133
21657523.53	5170701.31	33.8195
21657595.68	5170681.31	0.5
21657667.82	5170661.3	7.57943
21657739.97	5170641.29	19.0414
21657812.12	5170621.28	0.5
21657884.26	5170601.27	0.5
21657956.41	5170581.27	29.3715
21658028.56	5170561.26	28.7904
21658100.7	5170541.25	0.5
21658172.85	5170521.24	0.5
21658245	5170501.23	0.5
21658317.14	5170481.23	0.5
21658389.29	5170461.22	0.5
21658461.44	5170441.21	0.5
21658533.58	5170421.2	22.2627
21658605.73	5170401.19	22.7956
21658677.88	5170381.19	21.3328
21658750.02	5170361.18	26.4958
21658822.17	5170341.17	0.5
21658894.32	5170321.16	0.5
21658966.46	5170301.15	0.5
21659038.61	5170281.15	0.5
21653286.5	5171952.56	440.684
21653358.65	5171932.55	461.963
21653430.79	5171912.54	464.719
21653502.94	5171892.54	379.152
21653575.09	5171872.53	319.244
21653647.23	5171852.52	327.328
21653719.38	5171832.51	313.434
21653791.53	5171812.5	229.003
21653863.67	5171792.5	119.618
21653935.82	5171772.49	163.249
21654007.97	5171752.48	148.145
21654080.11	5171732.47	121.164
21654152.26	5171712.46	144.925
21654224.41	5171692.46	252.753
21654296.55	5171672.45	215.882
21654368.7	5171652.44	75.375
21654440.85	5171632.43	2.19778
21654512.99	5171612.42	37.3286
21654585.14	5171592.42	37.9954
21654657.29	5171572.41	8.865
21654729.43	5171552.4	33.9352
21654801.58	5171532.39	35.7569
21654873.73	5171512.38	35.4654
21654945.87	5171492.37	36.2507
21655018.02	5171472.37	50.7839
21655090.17	5171452.36	174.126
21655162.31	5171432.35	287.462
21655234.46	5171412.34	234.241
21655306.61	5171392.33	120.06
21655378.75	5171372.33	59.2639
21655450.9	5171352.32	37.3484
21655523.05	5171332.31	25.1783
21655595.19	5171312.3	37.2358
21655667.34	5171292.29	25.0465
21655739.49	5171272.29	26.3984
21655811.63	5171252.28	27.5749
21655883.78	5171232.27	29.115
21655955.93	5171212.26	29.2617
21656028.07	5171192.25	28.6168
21656100.22	5171172.25	33.8471
21656172.37	5171152.24	0.5
21656244.51	5171132.23	0.5
21656316.66	5171112.22	0.5
21656388.81	5171092.21	0.5
21656460.95	5171072.21	0.5
21656533.1	5171052.2	21.4142
21656605.25	5171032.19	21.2454
21656677.39	5171012.18	24.2377
21656749.54	5170992.17	36.2823
21656821.69	5170972.17	89.9294
21656893.84	5170952.16	150.539
21656965.98	5170932.15	191.857
21657038.13	5170912.14	199.974
21657110.27	5170892.13	221.489
21657182.42	5170872.13	130.269
21657254.57	5170852.12	100.57
21657326.72	5170832.11	36.9844
21657398.86	5170812.1	16.3167
21657471.01	5170792.09	34.4104
21657543.16	5170772.09	31.2225
21657615.3	5170752.08	0.5
21657687.45	5170732.07	0.5
21657759.6	5170712.06	8.42911
21657831.74	5170692.05	0.5
21657903.89	5170672.04	0.5
21657976.04	5170652.04	22.2961
21658048.18	5170632.03	22.0795
21658120.33	5170612.02	21.0022
21658192.48	5170592.01	12.8803
21658264.62	5170572	0.5
21658336.77	5170552	6.83983
21658408.92	5170531.99	0.5
21658481.06	5170511.98	19.6794
21658553.21	5170491.97	19.0902
21658625.36	5170471.96	21.9741
21658697.5	5170451.96	21.5161
21658769.65	5170431.95	22.4611
21658841.8	5170411.94	17.2814
21658913.94	5170391.93	10.9558
21658986.09	5170371.92	8.43616
21659058.24	5170351.92	0.5
21653306.13	5172023.33	351.371
21653378.27	5172003.32	376.345
21653450.42	5171983.31	359.603
21653522.57	5171963.31	321.727
21653594.71	5171943.3	264.698
21653666.86	5171923.29	274.561
21653739.01	5171903.28	284.166
21653811.15	5171883.27	231.362
21653883.3	5171863.27	147.033
21653955.45	5171843.26	147.469
21654027.59	5171823.25	212.423
21654099.74	5171803.24	169.351
21654171.89	5171783.23	141.513
21654244.03	5171763.23	141.257
21654316.18	5171743.22	171.387
21654388.33	5171723.21	103.687
21654460.47	5171703.2	54.8878
21654532.62	5171683.19	63.2294
21654604.77	5171663.19	56.9883
21654676.91	5171643.18	19.9367
21654749.06	5171623.17	34.8029
21654821.21	5171603.16	0.5
21654893.35	5171583.15	35.8472
21654965.5	5171563.15	15.2961
21655037.65	5171543.14	44.7733
21655109.79	5171523.13	53.4161
21655181.94	5171503.12	132.423
21655254.09	5171483.11	133.97
21655326.23	5171463.11	162.21
21655398.38	5171443.1	71.1017
21655470.53	5171423.09	37.8136
21655542.67	5171403.08	4.17722
21655614.82	5171383.07	32.1083
21655686.97	5171363.07	23.8472
21655759.11	5171343.06	24.5974
21655831.26	5171323.05	26.0557
21655903.41	5171303.04	29.597
21655975.55	5171283.03	28.6676
21656047.7	5171263.02	23.9294
21656119.85	5171243.02	32.0499
21656191.99	5171223.01	0.5
21656264.14	5171203	0.5
21656336.29	5171182.99	0.5
21656408.43	5171162.98	0.5
21656480.58	5171142.98	0.5
21656552.73	5171122.97	0.5
21656624.87	5171102.96	20.6533
21656697.02	5171082.95	23.8627
21656769.17	5171062.94	31.732
21656841.31	5171042.94	1.00833
21656913.46	5171022.93	66.0272
21656985.61	5171002.92	246.416
21657057.75	5170982.91	255.477
21657129.9	5170962.9	235.171
21657202.05	5170942.9	141.847
21657274.19	5170922.89	57.7494
21657346.34	5170902.88	54.2378
21657418.49	5170882.87	37.3472
21657490.64	5170862.86	4.67667
21657562.78	5170842.86	0.5
21657634.93	5170822.85	0.5
21657707.08	5170802.84	0.5
21657779.22	5170782.83	0.5
21657851.37	5170762.82	0.5
21657923.52	5170742.82	16.1491
21657995.66	5170722.81	27.1932
21658067.81	5170702.8	25.3781
21658139.96	5170682.79	22.8915
21658212.1	5170662.78	15.4277
21658284.25	5170642.78	0.5
21658356.4	5170622.77	0.5
21658428.54	5170602.76	12.9307
21658500.69	5170582.75	17.0597
21658572.84	5170562.74	17.0029
21658644.98	5170542.74	20.6187
21658717.13	5170522.73	23.3496
21658789.28	5170502.72	22.8229
21658861.42	5170482.71	17.7733
21658933.57	5170462.7	11.002
21659005.72	5170442.69	9.40825
21659077.86	5170422.69	0.5
21653253.61	5172114.11	321.238
21653325.75	5172094.1	247.414
21653397.9	5172074.09	208.882
21653470.05	5172054.09	226.187
21653542.19	5172034.08	218.191
21653614.34	5172014.07	211.057
21653686.49	5171994.06	244.521
21653758.63	5171974.05	273.558
21653830.78	5171954.05	214.883
21653902.93	5171934.04	175.055
21653975.07	5171914.03	157.278
21654047.22	5171894.02	175.826
21654119.37	5171874.01	155.274
21654191.51	5171854	105.991
21654263.66	5171834	100.806
21654335.81	5171813.99	152.318
21654407.95	5171793.98	78.1194
21654480.1	5171773.97	118.652
21654552.25	5171753.96	129.41
21654624.39	5171733.96	140.617
21654696.54	5171713.95	113.157
21654768.69	5171693.94	42.4317
21654840.83	5171673.93	37.3522
21654912.98	5171653.92	36.2539
21654985.13	5171633.92	37.1136
21655057.27	5171613.91	2.62389
21655129.42	5171593.9	35.345
21655201.57	5171573.89	17.9361
21655273.71	5171553.88	15.9178
21655345.86	5171533.88	93.0983
21655418.01	5171513.87	50.3617
21655490.15	5171493.86	36.5051
21655562.3	5171473.85	36.1736
21655634.45	5171453.84	25.9527
21655706.59	5171433.84	20.9367
21655778.74	5171413.83	23.8372
21655850.89	5171393.82	26.0168
21655923.03	5171373.81	26.3632
21655995.18	5171353.8	20.0308
21656067.33	5171333.8	0.5
21656139.47	5171313.79	0.5
21656211.62	5171293.78	0.5
21656283.77	5171273.77	0.5
21656355.91	5171253.76	0.5
21656428.06	5171233.76	0.5
21656500.21	5171213.75	0.5
21656572.35	5171193.74	0.5
21656644.5	5171173.73	0.5
21656716.65	5171153.72	27.1808
21656788.79	5171133.72	36.2234
21656860.94	5171113.71	41.885
21656933.09	5171093.7	45.9906
21657005.23	5171073.69	147.556
21657077.38	5171053.68	266.85
21657149.53	5171033.67	282.536
21657221.67	5171013.67	256.036
21657293.82	5170993.66	162.769
21657365.97	5170973.65	35.8292
21657438.11	5170953.64	34.0623
21657510.26	5170933.63	23.1472
21657582.41	5170913.63	0.5
21657654.55	5170893.62	88.5439
21657726.7	5170873.61	0.5
21657798.85	5170853.6	0.5
21657870.99	5170833.59	0.5
21657943.14	5170813.59	24.1432
21658015.29	5170793.58	32.1953
21658087.44	5170773.57	0.5
21658159.58	5170753.56	27.3431
21658231.73	5170733.55	27.3344
21658303.88	5170713.55	0.5
21658376.02	5170693.54	0.5
21658448.17	5170673.53	11.6103
21658520.32	5170653.52	17.1655
21658592.46	5170633.51	17.879
21658664.61	5170613.51	19.2505
21658736.76	5170593.5	23.1455
21658808.9	5170573.49	19.7582
21658881.05	5170553.48	17.6514
21658953.2	5170533.47	14.4322
21659025.34	5170513.47	0.5
21659097.49	5170493.46	0.5
21653273.23	5172184.88	301.706
21653345.38	5172164.87	215.51
21653417.53	5172144.86	184.787
21653489.67	5172124.86	200.078
21653561.82	5172104.85	197.864
21653633.97	5172084.84	197.492
21653706.11	5172064.83	137.917
21653778.26	5172044.82	188.079
21653850.41	5172024.82	161.479
21653922.55	5172004.81	134.072
21653994.7	5171984.8	131.007
21654066.85	5171964.79	166.946
21654138.99	5171944.78	177.052
21654211.14	5171924.78	99.7861
21654283.29	5171904.77	144.374
21654355.43	5171884.76	104.931
21654427.58	5171864.75	59.0028
21654499.73	5171844.74	30.6872
21654571.87	5171824.74	104.023
21654644.02	5171804.73	131.301
21654716.17	5171784.72	214.981
21654788.31	5171764.71	233.013
21654860.46	5171744.7	177.604
21654932.61	5171724.7	136.855
21655004.75	5171704.69	26.1339
21655076.9	5171684.68	7.88556
21655149.05	5171664.67	37.1249
21655221.19	5171644.66	34.5917
21655293.34	5171624.65	36.8207
21655365.49	5171604.65	42.8556
21655437.63	5171584.64	30.0367
21655509.78	5171564.63	36.5519
21655581.93	5171544.62	34.4595
21655654.07	5171524.61	28.4995
21655726.22	5171504.61	19.6255
21655798.37	5171484.6	20.9144
21655870.51	5171464.59	21.2765
21655942.66	5171444.58	24.2576
21656014.81	5171424.57	23.4683
21656086.95	5171404.57	0.5
21656159.1	5171384.56	0.5
21656231.25	5171364.55	0.5
21656303.39	5171344.54	0.5
21656375.54	5171324.53	0.5
21656447.69	5171304.53	0.5
21656519.83	5171284.52	0.5
21656591.98	5171264.51	0.5
21656664.13	5171244.5	0.5
21656736.27	5171224.49	0.5
21656808.42	5171204.49	0.5
21656880.57	5171184.48	26.9789
21656952.71	5171164.47	58.3111
21657024.86	5171144.46	220.507
21657097.01	5171124.45	266.69
21657169.15	5171104.45	53.1239
21657241.3	5171084.44	33.1661
21657313.45	5171064.43	30.3681
21657385.59	5171044.42	0.5
21657457.74	5171024.41	0.5
21657529.89	5171004.41	0.5
21657602.03	5170984.4	25.3279
21657674.18	5170964.39	140.948
21657746.33	5170944.38	29.6813
21657818.47	5170924.37	0.5
21657890.62	5170904.36	0.5
21657962.77	5170884.36	23.0501
21658034.91	5170864.35	30.1742
21658107.06	5170844.34	29.9642
21658179.21	5170824.33	25.6607
21658251.36	5170804.32	21.6194
21658323.5	5170784.32	26.3301
21658395.65	5170764.31	29.0637
21658467.8	5170744.3	0.5
21658539.94	5170724.29	19.5446
21658612.09	5170704.28	19.7964
21658684.24	5170684.28	13.0003
21658756.38	5170664.27	15.597
21658828.53	5170644.26	0.5
21658900.68	5170624.25	0.5
21658972.82	5170604.24	0.5
21659044.97	5170584.24	12.5038
