21653307.22	5170346.33	34.464
21653379.37	5170326.32	28.9821
21653451.52	5170306.31	35.6891
21653523.66	5170286.3	145.643
21653595.81	5170266.29	343.351
21653667.96	5170246.29	589.934
21653740.1	5170226.28	603.377
21653812.25	5170206.27	437.42
21653884.4	5170186.26	743.018
21653956.54	5170166.25	1151.43
21654028.69	5170146.25	1203.72
21654100.84	5170126.24	1151.88
21654172.98	5170106.23	1026.64
21654245.13	5170086.22	887.872
21654317.28	5170066.21	687.529
21654389.42	5170046.21	597.344
21654461.57	5170026.2	541.761
21654533.72	5170006.19	449.251
21654605.86	5169986.18	391.468
21654678.01	5169966.17	352.23
21654750.16	5169946.17	796.232
21654822.31	5169926.16	380.8
21654894.45	5169906.15	375.992
21654966.6	5169886.14	426.3
21655038.75	5169866.13	286.332
21655110.89	5169846.13	34.8189
21655183.04	5169826.12	26.6777
21655255.19	5169806.11	33.1335
21655327.33	5169786.1	39.7067
21655399.48	5169766.09	297.639
21653254.7	5170437.11	34.3646
21653326.85	5170417.1	32.7475
21653399	5170397.09	34.3833
21653471.14	5170377.08	94.3694
21653543.29	5170357.07	180.009
21653615.44	5170337.07	343.351
21653687.58	5170317.06	576.491
21653759.73	5170297.05	619.857
21653831.88	5170277.04	575.747
21653904.02	5170257.03	910.407
21653976.17	5170237.03	1022.02
21654048.32	5170217.02	1100.93
21654120.46	5170197.01	1044.65
21654192.61	5170177	880.046
21654264.76	5170156.99	730.778
21654336.9	5170136.98	644.637
21654409.05	5170116.98	522.127
21654481.2	5170096.97	486.177
21654553.34	5170076.96	507.033
21654625.49	5170056.95	489.457
21654697.64	5170036.94	360.962
21654769.78	5170016.94	732.652
21654841.93	5169996.93	374.122
21654914.08	5169976.92	242.04
21654986.23	5169956.91	174.093
21655058.37	5169936.9	146.363
21655130.52	5169916.9	110.725
21655202.66	5169896.89	66.7256
21655274.81	5169876.88	39.36
21655346.96	5169856.87	148.027
21655419.11	5169836.86	267.323
21655491.25	5169816.86	282.639
21655563.4	5169796.85	227.358
21655635.55	5169776.84	163.395
21655707.69	5169756.83	65.8133
21655779.84	5169736.82	65.8133
21655851.99	5169716.82	297.014
21655924.13	5169696.81	30.7092
21655996.28	5169676.8	28.6611
21656068.43	5169656.79	34.9966
21656140.57	5169636.78	86.69
21656212.72	5169616.78	170.078
21656284.87	5169596.77	396.998
21656357.01	5169576.76	419.76
21656429.16	5169556.75	169.92
21656501.31	5169536.74	464.839
21656573.45	5169516.74	464.839
21656645.6	5169496.73	197.161
21656717.75	5169476.72	197.161
21656789.89	5169456.71	509.239
21656862.04	5169436.7	700.642
21656934.19	5169416.69	803.093
21657006.33	5169396.69	738.527
21657078.48	5169376.68	601.499
21657150.63	5169356.67	432.743
21657222.77	5169336.66	302.922
21657294.92	5169316.65	288.133
21657367.07	5169296.65	407.727
21657439.21	5169276.64	496.846
21657511.36	5169256.63	347.696
21657583.51	5169236.62	32.4822
21657655.65	5169216.61	35.5548
21657727.8	5169196.61	30.8768
21657799.95	5169176.6	35.8266
21657872.09	5169156.59	233.967
21657944.24	5169136.58	185.753
21658016.39	5169116.57	36.2751
21658088.53	5169096.57	26.8758
21658160.68	5169076.56	23.1815
21658232.83	5169056.55	23.1815
21658304.97	5169036.54	30.1644
21658377.12	5169016.53	32.9009
21658449.27	5168996.53	22.4528
21658521.41	5168976.52	22.4528
21658593.56	5168956.51	25.5086
21658665.71	5168936.5	25.5086
21658737.85	5168916.49	24.1219
21658810	5168896.49	26.8071
21658882.15	5168876.48	31.6587
21658954.29	5168856.47	33.466
21659026.44	5168836.46	35.6355
21659098.59	5168816.45	1.24889
21653274.33	5170507.88	37.2358
21653346.48	5170487.87	17.7372
21653418.62	5170467.86	35.1514
21653490.77	5170447.85	357.575
21653562.92	5170427.84	279.504
21653635.06	5170407.84	268.845
21653707.21	5170387.83	399.924
21653779.36	5170367.82	642.606
21653851.5	5170347.81	694.288
21653923.65	5170327.8	932.394
21653995.8	5170307.8	839.206
21654067.94	5170287.79	860.378
21654140.09	5170267.78	855.895
21654212.24	5170247.77	700.406
21654284.38	5170227.76	633.123
21654356.53	5170207.76	636.308
21654428.68	5170187.75	586.62
21654500.82	5170167.74	488.036
21654572.97	5170147.73	591.944
21654645.12	5170127.72	686.862
21654717.26	5170107.72	616.346
21654789.41	5170087.71	445.884
21654861.56	5170067.7	202.925
21654933.7	5170047.69	81.8606
21655005.85	5170027.68	146.258
21655078	5170007.68	184.765
21655150.14	5169987.67	72.475
21655222.29	5169967.66	191.214
21655294.44	5169947.65	291.668
21655366.58	5169927.64	245.143
21655438.73	5169907.63	187.107
21655510.88	5169887.63	206.901
21655583.03	5169867.62	46.3156
21655655.17	5169847.61	81.3417
21655727.32	5169827.6	140.742
21655799.47	5169807.59	302.531
21655871.61	5169787.59	297.014
21655943.76	5169767.58	219.654
21656015.91	5169747.57	161.585
21656088.05	5169727.56	75.8383
21656160.2	5169707.55	59.6739
21656232.35	5169687.55	193.128
21656304.49	5169667.54	368.972
21656376.64	5169647.53	378.854
21656448.79	5169627.52	94.1217
21656520.93	5169607.51	267.242
21656593.08	5169587.51	92.575
21656665.23	5169567.5	534.758
21656737.37	5169547.49	461.347
21656809.52	5169527.48	551.358
21656881.67	5169507.47	732.397
21656953.81	5169487.47	746.194
21657025.96	5169467.46	773.543
21657098.11	5169447.45	633.227
21657170.25	5169427.44	462.653
21657242.4	5169407.43	303.747
21657314.55	5169387.43	220.174
21657386.69	5169367.42	232.544
21657458.84	5169347.41	286.982
21657530.99	5169327.4	147.512
21657603.13	5169307.39	36.5504
21657675.28	5169287.39	33.6507
21657747.43	5169267.38	35.211
21657819.57	5169247.37	108.506
21657891.72	5169227.36	92.2289
21657963.87	5169207.35	1.34167
21658036.01	5169187.34	36.2751
21658108.16	5169167.34	34.3586
21658180.31	5169147.33	17.7475
21658252.45	5169127.32	34.995
21658324.6	5169107.31	35.6
21658396.75	5169087.3	36.1663
21658468.89	5169067.3	12.25
21658541.04	5169047.29	36.833
21658613.19	5169027.28	30.1552
21658685.33	5169007.27	26.8818
21658757.48	5168987.26	27.31
21658829.63	5168967.26	25.9342
21658901.77	5168947.25	28.606
21658973.92	5168927.24	31.049
21659046.07	5168907.23	33.2468
21653293.96	5170578.65	71.5994
21653366.1	5170558.64	22.5411
21653438.25	5170538.63	110.115
21653510.4	5170518.62	548.366
21653582.54	5170498.61	433.815
21653654.69	5170478.61	452.326
21653726.84	5170458.6	291.938
21653798.98	5170438.59	384.091
21653871.13	5170418.58	649.574
21653943.28	5170398.57	784.113
21654015.42	5170378.57	713.026
21654087.57	5170358.56	828.072
21654159.72	5170338.55	719.057
21654231.86	5170318.54	677.669
21654304.01	5170298.53	731.836
21654376.16	5170278.53	746.385
21654448.3	5170258.52	625.714
21654520.45	5170238.51	502.968
21654592.6	5170218.5	429.515
21654664.74	5170198.49	698.39
21654736.89	5170178.49	692.438
21654809.04	5170158.48	610.95
21654881.18	5170138.47	446.633
21654953.33	5170118.46	372.26
21655025.48	5170098.45	380.228
21655097.62	5170078.45	344.265
21655169.77	5170058.44	220.453
21655241.92	5170038.43	189.922
21655314.06	5170018.42	380.611
21655386.21	5169998.41	383.725
21655458.36	5169978.41	333.857
21655530.5	5169958.4	473.192
21655602.65	5169938.39	309.149
21655674.8	5169918.38	72.6983
21655746.95	5169898.37	277.942
21655819.09	5169878.37	469.836
21655891.24	5169858.36	393.697
21655963.38	5169838.35	295.172
21656035.53	5169818.34	130.157
21656107.68	5169798.33	168.024
21656179.83	5169778.32	98.61
21656251.97	5169758.32	110.851
21656324.12	5169738.31	284.278
21656396.27	5169718.3	306.405
21656468.41	5169698.29	292.718
21656540.56	5169678.28	422.205
21656612.71	5169658.28	539.196
21656684.85	5169638.27	608.169
21656757	5169618.26	572.166
21656829.15	5169598.25	480.272
21656901.29	5169578.24	643.215
21656973.44	5169558.24	760.202
21657045.59	5169538.23	903.053
21657117.73	5169518.22	770.629
21657189.88	5169498.21	359.629
21657262.03	5169478.2	122.382
21657334.17	5169458.2	96.6822
21657406.32	5169438.19	164.135
21657478.47	5169418.18	195.438
21657550.61	5169398.17	148.833
21657622.76	5169378.16	33.6816
21657694.91	5169358.16	33.968
21657767.05	5169338.15	35.4054
21657839.2	5169318.14	256.906
21657911.35	5169298.13	416.324
21657983.49	5169278.12	141.171
21658055.64	5169258.12	35.7453
21658127.79	5169238.11	32.4422
21658199.93	5169218.1	0.5
21658272.08	5169198.09	35.573
21658344.23	5169178.08	36.3451
21658416.37	5169158.08	133.023
21658488.52	5169138.07	54.5456
21658560.67	5169118.06	36.833
21658632.81	5169098.05	33.4286
21658704.96	5169078.04	25.4949
21658777.11	5169058.03	28.4454
21658849.25	5169038.03	30.1351
21658921.4	5169018.02	28.319
21658993.55	5168998.01	27.0943
21659065.69	5168978	29.892
21653313.58	5170649.42	61.465
21653385.73	5170629.41	269.608
21653457.88	5170609.4	338.051
21653530.02	5170589.39	425.673
21653602.17	5170569.39	577.346
21653674.32	5170549.38	618.294
21653746.46	5170529.37	316.081
21653818.61	5170509.36	248.376
21653890.76	5170489.35	552.823
21653962.9	5170469.35	641.161
21654035.05	5170449.34	694.334
21654107.2	5170429.33	791.114
21654179.34	5170409.32	833.419
21654251.49	5170389.31	757.876
21654323.64	5170369.3	718.403
21654395.78	5170349.3	729.278
21654467.93	5170329.29	623.038
21654540.08	5170309.28	412.988
21654612.22	5170289.27	388.223
21654684.37	5170269.26	550.492
21654756.52	5170249.26	610.561
21654828.66	5170229.25	585.659
21654900.81	5170209.24	665.088
21654972.96	5170189.23	566.2
21655045.1	5170169.22	511.051
21655117.25	5170149.22	594.734
21655189.4	5170129.21	576.202
21655261.54	5170109.2	398.267
21655333.69	5170089.19	334.237
21655405.84	5170069.18	258.777
21655477.98	5170049.18	344.407
21655550.13	5170029.17	517.064
21655622.28	5170009.16	451.388
21655694.42	5169989.15	466.344
21655766.57	5169969.14	485.932
21655838.72	5169949.14	472.26
21655910.86	5169929.13	449.049
21655983.01	5169909.12	300.057
21656055.16	5169889.11	252.467
21656127.3	5169869.1	401.418
21656199.45	5169849.1	437.984
21656271.6	5169829.09	350.182
21656343.75	5169809.08	334.583
21656415.89	5169789.07	269.769
21656488.04	5169769.06	294.066
21656560.19	5169749.06	305.13
21656632.33	5169729.05	493.638
21656704.48	5169709.04	597.876
21656776.63	5169689.03	493.279
21656848.77	5169669.02	430.712
21656920.92	5169649.02	510.783
21656993.07	5169629.01	580.229
21657065.21	5169609	691.363
21657137.36	5169588.99	707.734
21657209.51	5169568.98	492.65
21657281.65	5169548.97	220.971
21657353.8	5169528.97	101.128
21657425.95	5169508.96	229.222
21657498.09	5169488.95	290.78
21657570.24	5169468.94	258.122
21657642.39	5169448.93	37.159
21657714.53	5169428.93	34.4258
21657786.68	5169408.92	34.494
21657858.83	5169388.91	10.6383
21657930.97	5169368.9	366.829
21658003.12	5169348.89	161.656
21658075.27	5169328.89	34.7167
21658147.41	5169308.88	32.4198
21658219.56	5169288.87	0.5
21658291.71	5169268.86	35.4252
21658363.85	5169248.85	37.4567
21658436	5169228.85	149.081
21658508.15	5169208.84	349.27
21658580.29	5169188.83	245.633
21658652.44	5169168.82	20.9361
21658724.59	5169148.81	29.0536
21658796.73	5169128.81	33.7761
21658868.88	5169108.8	35.4622
21658941.03	5169088.79	27.7663
21659013.17	5169068.78	25.4507
21659085.32	5169048.77	26.6587
21653261.06	5170740.2	108.929
21653333.21	5170720.19	11.5294
21653405.36	5170700.18	148.936
21653477.5	5170680.17	387.779
21653549.65	5170660.16	555.116
21653621.8	5170640.16	587.928
21653693.94	5170620.15	616.372
21653766.09	5170600.14	498.277
21653838.24	5170580.13	364.954
21653910.38	5170560.12	489.146
21653982.53	5170540.12	584.642
21654054.68	5170520.11	605.849
21654126.82	5170500.1	765.262
21654198.97	5170480.09	947.68
21654271.12	5170460.08	795.863
21654343.26	5170440.08	925.952
21654415.41	5170420.07	828.193
21654487.56	5170400.06	633.77
21654559.7	5170380.05	421.611
21654631.85	5170360.04	248.857
21654704	5170340.04	505.231
21654776.14	5170320.03	527.737
21654848.29	5170300.02	559.109
21654920.44	5170280.01	441.263
21654992.58	5170260	339.642
21655064.73	5170240	415.151
21655136.88	5170219.99	648.124
21655209.02	5170199.98	778.705
21655281.17	5170179.97	455.885
21655353.32	5170159.96	172.008
21655425.46	5170139.95	220.467
21655497.61	5170119.95	427.468
21655569.76	5170099.94	510.319
21655641.9	5170079.93	331.705
21655714.05	5170059.92	321.656
21655786.2	5170039.91	727.184
21655858.34	5170019.91	630.756
21655930.49	5169999.9	448.493
21656002.64	5169979.89	294.911
21656074.78	5169959.88	400.101
21656146.93	5169939.87	544.033
21656219.08	5169919.87	576.589
21656291.22	5169899.86	550.463
21656363.37	5169879.85	499.022
21656435.52	5169859.84	390.616
21656507.66	5169839.83	362.266
21656579.81	5169819.83	345.546
21656651.96	5169799.82	580.456
21656724.1	5169779.81	698.778
21656796.25	5169759.8	546.111
21656868.4	5169739.79	469.598
21656940.55	5169719.79	407.435
21657012.69	5169699.78	521.515
21657084.84	5169679.77	638.003
21657156.99	5169659.76	570.172
21657229.13	5169639.75	550.505
21657301.28	5169619.75	491.556
21657373.43	5169599.74	383.698
21657445.57	5169579.73	307.599
21657517.72	5169559.72	332.589
21657589.87	5169539.71	316.652
21657662.01	5169519.71	270.75
21657734.16	5169499.7	75.0494
21657806.31	5169479.69	36.7462
21657878.45	5169459.68	17.9583
21657950.6	5169439.67	104.068
21658022.75	5169419.66	37.8278
21658094.89	5169399.66	35.2887
21658167.04	5169379.65	31.2713
21658239.19	5169359.64	0.5
21658311.33	5169339.63	35.87
21658383.48	5169319.62	33.7552
21658455.63	5169299.62	43.1244
21658527.77	5169279.61	430.766
21658599.92	5169259.6	470.13
21658672.07	5169239.59	324.088
21658744.21	5169219.58	288.287
21658816.36	5169199.58	152.507
21658888.51	5169179.57	36.3687
21658960.65	5169159.56	29.7311
21659032.8	5169139.55	25.4828
21659104.95	5169119.54	24.5383
21653280.69	5170810.97	137.716
21653352.84	5170790.96	56.3394
21653424.98	5170770.95	146.096
21653497.13	5170750.94	260.211
21653569.28	5170730.93	504.154
21653641.42	5170710.93	509.309
21653713.57	5170690.92	613.573
21653785.72	5170670.91	702.404
21653857.86	5170650.9	554.937
21653930.01	5170630.89	523.166
21654002.16	5170610.89	490.072
21654074.3	5170590.88	328.993
21654146.45	5170570.87	429.423
21654218.6	5170550.86	642.882
21654290.74	5170530.85	627.739
21654362.89	5170510.85	497.655
21654435.04	5170490.84	812.59
21654507.18	5170470.83	681.583
21654579.33	5170450.82	546.832
21654651.48	5170430.81	387.976
21654723.62	5170410.81	369.786
21654795.77	5170390.8	479.855
21654867.92	5170370.79	479.712
21654940.06	5170350.78	413.781
21655012.21	5170330.77	139.681
21655084.36	5170310.77	319.654
21655156.5	5170290.76	528.051
21655228.65	5170270.75	571.675
21655300.8	5170250.74	358.379
21655372.94	5170230.73	165.992
21655445.09	5170210.73	368.78
21655517.24	5170190.72	537.126
21655589.38	5170170.71	448.419
21655661.53	5170150.7	324.817
21655733.68	5170130.69	361.071
21655805.82	5170110.69	624.437
21655877.97	5170090.68	653.587
21655950.12	5170070.67	35.5152
21656022.26	5170050.66	102.423
21656094.41	5170030.65	347.594
21656166.56	5170010.65	617.376
21656238.7	5169990.64	694.991
21656310.85	5169970.63	733.989
21656383	5169950.62	705.257
21656455.14	5169930.61	716.763
21656527.29	5169910.6	667.603
21656599.44	5169890.6	613.171
21656671.58	5169870.59	713.611
21656743.73	5169850.58	695.385
21656815.88	5169830.57	355.853
21656888.02	5169810.56	403.666
21656960.17	5169790.56	605.177
21657032.32	5169770.55	674.003
21657104.47	5169750.54	795.681
21657176.61	5169730.53	486.009
21657248.76	5169710.52	538.773
21657320.91	5169690.52	590.734
21657393.05	5169670.51	580.499
21657465.2	5169650.5	435.785
21657537.35	5169630.49	311.819
21657609.49	5169610.48	345.262
21657681.64	5169590.48	514.414
21657753.79	5169570.47	170.029
21657825.93	5169550.46	47.0294
21657898.08	5169530.45	37.1724
21657970.23	5169510.44	37.7861
21658042.37	5169490.44	78.4483
21658114.52	5169470.43	35.0301
21658186.67	5169450.42	28.7854
21658258.81	5169430.41	0.5
21658330.96	5169410.4	0.5
21658403.11	5169390.4	24.8265
21658475.25	5169370.39	35.0611
21658547.4	5169350.38	148.799
21658619.55	5169330.37	279.053
21658691.69	5169310.36	438.641
21658763.84	5169290.36	361.777
21658835.99	5169270.35	378.251
21658908.13	5169250.34	37.7279
21658980.28	5169230.33	34.3298
21659052.43	5169210.32	27.3245
21653300.32	5170881.74	278.092
21653372.46	5170861.73	278.71
21653444.61	5170841.72	168.957
21653516.76	5170821.71	263.078
21653588.9	5170801.71	363.421
21653661.05	5170781.7	403.938
21653733.2	5170761.69	447.614
21653805.34	5170741.68	721.504
21653877.49	5170721.67	685.683
21653949.64	5170701.67	281.581
21654021.78	5170681.66	197.005
21654093.93	5170661.65	31.8771
21654166.08	5170641.64	37.4511
21654238.22	5170621.63	349.393
21654310.37	5170601.63	259.153
21654382.52	5170581.62	114.329
21654454.66	5170561.61	493.547
21654526.81	5170541.6	808.175
21654598.96	5170521.59	703.552
21654671.1	5170501.58	343.582
21654743.25	5170481.58	30.2233
21654815.4	5170461.57	451.978
21654887.54	5170441.56	634.828
21654959.69	5170421.55	638.862
21655031.84	5170401.54	484.639
21655103.98	5170381.54	330.831
21655176.13	5170361.53	524.029
21655248.28	5170341.52	645.103
21655320.42	5170321.51	308.103
21655392.57	5170301.5	156.305
21655464.72	5170281.5	629.281
21655536.86	5170261.49	466.938
21655609.01	5170241.48	342.664
21655681.16	5170221.47	271.663
21655753.3	5170201.46	201.976
21655825.45	5170181.46	288.286
21655897.6	5170161.45	153.092
21655969.74	5170141.44	211.087
21656041.89	5170121.43	216.939
21656114.04	5170101.42	361.212
21656186.18	5170081.42	633.682
21656258.33	5170061.41	909.046
21656330.48	5170041.4	932.253
21656402.62	5170021.39	868.26
21656474.77	5170001.38	887.828
21656546.92	5169981.38	768.454
21656619.06	5169961.37	668.179
21656691.21	5169941.36	756.731
21656763.36	5169921.35	713.52
21656835.5	5169901.34	202.702
21656907.65	5169881.34	411.082
21656979.8	5169861.33	593.612
21657051.94	5169841.32	767.675
21657124.09	5169821.31	897.132
21657196.24	5169801.3	891.611
21657268.38	5169781.3	197.184
21657340.53	5169761.29	80.8889
21657412.68	5169741.28	348.619
21657484.83	5169721.27	64.9839
21657556.97	5169701.26	124.92
21657629.12	5169681.25	32.9417
21657701.27	5169661.25	236.472
21657773.41	5169641.24	164.539
21657845.56	5169621.23	106.455
21657917.71	5169601.22	32.7813
21657989.85	5169581.21	32.1977
21658062	5169561.21	35.9179
21658134.15	5169541.2	36.6402
21658206.29	5169521.19	28.8871
21658278.44	5169501.18	38.5322
21658350.59	5169481.17	364.532
21658422.73	5169461.17	162.106
21658494.88	5169441.16	30.8418
21658567.03	5169421.15	32.2892
21658639.17	5169401.14	37.9094
21658711.32	5169381.13	170.606
21658783.47	5169361.13	501.837
21658855.61	5169341.12	432.414
21658927.76	5169321.11	248.527
21658999.91	5169301.1	37.1945
21659072.05	5169281.09	34.8484
21653247.8	5170972.52	255.626
21653319.94	5170952.51	379.649
21653392.09	5170932.5	470.301
21653464.24	5170912.49	537.789
21653536.38	5170892.48	586.523
21653608.53	5170872.48	497.619
21653680.68	5170852.47	565.947
21653752.82	5170832.46	752.919
21653824.97	5170812.45	685.436
21653897.12	5170792.44	680.901
21653969.26	5170772.44	490.554
21654041.41	5170752.43	141.267
21654113.56	5170732.42	26.7061
21654185.7	5170712.41	29.9611
21654257.85	5170692.4	201.274
21654330	5170672.4	294.895
21654402.14	5170652.39	448.021
21654474.29	5170632.38	644.68
21654546.44	5170612.37	766.453
21654618.58	5170592.36	719.976
21654690.73	5170572.36	459.285
21654762.88	5170552.35	316.984
21654835.02	5170532.34	276.145
21654907.17	5170512.33	492.63
21654979.32	5170492.32	633.777
21655051.46	5170472.32	688.992
21655123.61	5170452.31	532.396
21655195.76	5170432.3	617.053
21655267.9	5170412.29	653.47
21655340.05	5170392.28	597.977
21655412.2	5170372.28	549.607
21655484.34	5170352.27	684.367
21655556.49	5170332.26	690.851
21655628.64	5170312.25	657.137
21655700.78	5170292.24	471.733
21655772.93	5170272.23	126.243
21655845.08	5170252.23	360.418
21655917.22	5170232.22	250.154
21655989.37	5170212.21	399.988
21656061.52	5170192.2	396.585
21656133.66	5170172.19	490.82
21656205.81	5170152.19	662.869
21656277.96	5170132.18	1021.5
21656350.1	5170112.17	863.727
21656422.25	5170092.16	708.288
21656494.4	5170072.15	770.231
21656566.54	5170052.15	886.432
21656638.69	5170032.14	892.978
21656710.84	5170012.13	879.464
21656782.98	5169992.12	905.274
21656855.13	5169972.11	548.747
21656927.28	5169952.11	449.553
21656999.42	5169932.1	520.377
21657071.57	5169912.09	603.437
21657143.72	5169892.08	587.738
21657215.86	5169872.07	634.919
21657288.01	5169852.07	135.274
21657360.16	5169832.06	29.6269
21657432.3	5169812.05	0.5
21657504.45	5169792.04	36.7785
21657576.6	5169772.03	0.5
21657648.74	5169752.03	26.4769
21657720.89	5169732.02	99.7156
21657793.04	5169712.01	28.6736
21657865.18	5169692	36.2402
21657937.33	5169671.99	30.2156
21658009.48	5169651.99	36.022
21658081.63	5169631.98	37.6067
21658153.77	5169611.97	32.0274
21658225.92	5169591.96	26.8862
21658298.07	5169571.95	34.0533
21658370.21	5169551.94	440.407
21658442.36	5169531.94	510.872
21658514.51	5169511.93	17.1545
21658586.65	5169491.92	26.558
21658658.8	5169471.91	31.0426
21658730.95	5169451.9	32.2583
21658803.09	5169431.9	237.868
21658875.24	5169411.89	278.806
21658947.39	5169391.88	290.976
21659019.53	5169371.87	51.1917
21659091.68	5169351.86	31.3588
21653267.42	5171043.29	363.625
21653339.57	5171023.28	371.195
21653411.72	5171003.27	506.396
21653483.86	5170983.26	662.764
21653556.01	5170963.26	736.619
21653628.16	5170943.25	698.148
21653700.3	5170923.24	630.311
21653772.45	5170903.23	628.757
21653844.6	5170883.22	772.721
21653916.74	5170863.21	813.026
21653988.89	5170843.21	522.414
21654061.04	5170823.2	128.774
21654133.18	5170803.19	33.9345
21654205.33	5170783.18	32.6958
21654277.48	5170763.17	185.337
21654349.62	5170743.17	321.351
21654421.77	5170723.16	524.903
21654493.92	5170703.15	634.387
21654566.06	5170683.14	583.152
21654638.21	5170663.13	536.334
21654710.36	5170643.13	651.069
21654782.5	5170623.12	462.628
21654854.65	5170603.11	280.493
21654926.8	5170583.1	306.526
21654998.94	5170563.09	495.739
21655071.09	5170543.09	537.342
21655143.24	5170523.08	398.461
21655215.38	5170503.07	476.245
21655287.53	5170483.06	649.052
21655359.68	5170463.05	568.17
21655431.82	5170443.05	416.201
21655503.97	5170423.04	647.789
21655576.12	5170403.03	810.729
21655648.26	5170383.02	775.994
21655720.41	5170363.01	699.148
21655792.56	5170343.01	682.687
21655864.7	5170323	548.499
21655936.85	5170302.99	517.095
21656009	5170282.98	556.108
21656081.14	5170262.97	540.981
21656153.29	5170242.97	597.487
21656225.44	5170222.96	689.231
21656297.58	5170202.95	852.744
21656369.73	5170182.94	851.116
21656441.88	5170162.93	619.162
21656514.02	5170142.93	277.155
21656586.17	5170122.92	631.304
21656658.32	5170102.91	767.614
21656730.46	5170082.9	761.124
21656802.61	5170062.89	707.696
21656874.76	5170042.88	609.494
21656946.9	5170022.88	405.537
21657019.05	5170002.87	145.389
21657091.2	5169982.86	209.838
21657163.34	5169962.85	311.064
21657235.49	5169942.84	375.414
21657307.64	5169922.84	147.848
21657379.78	5169902.83	0.5
21657451.93	5169882.82	125.724
21657524.08	5169862.81	35.3549
21657596.22	5169842.8	29.0703
21657668.37	5169822.8	27.8024
21657740.52	5169802.79	28.3887
21657812.66	5169782.78	25.2002
21657884.81	5169762.77	17.4762
21657956.96	5169742.76	37.3908
21658029.1	5169722.76	51.4033
21658101.25	5169702.75	28.3497
21658173.4	5169682.74	36.0742
21658245.54	5169662.73	32.3234
21658317.69	5169642.72	27.2013
21658389.84	5169622.72	35.0547
21658461.99	5169602.71	338.967
21658534.13	5169582.7	9.85643
21658606.28	5169562.69	0.5
21658678.43	5169542.68	26.7605
21658750.57	5169522.68	30.1547
21658822.72	5169502.67	34.1151
21658894.87	5169482.66	37.9824
21658967.01	5169462.65	40.8878
21659039.16	5169442.64	37.0847
21659111.31	5169422.64	12.0522
21653287.05	5171114.06	310.789
21653359.2	5171094.05	226.996
21653431.34	5171074.04	369.41
21653503.49	5171054.03	478.387
21653575.64	5171034.03	543.623
21653647.78	5171014.02	561.073
21653719.93	5170994.01	255.778
21653792.08	5170974	431.469
21653864.22	5170953.99	511.388
21653936.37	5170933.99	518.841
21654008.52	5170913.98	446.454
21654080.66	5170893.97	255.059
21654152.81	5170873.96	49.8767
21654224.96	5170853.95	87.9978
21654297.1	5170833.95	267.048
21654369.25	5170813.94	379.491
21654441.4	5170793.93	489.712
21654513.54	5170773.92	559.734
21654585.69	5170753.91	411.308
21654657.84	5170733.91	328.681
21654729.98	5170713.9	533.476
21654802.13	5170693.89	487.263
21654874.28	5170673.88	375.223
21654946.42	5170653.87	136.232
21655018.57	5170633.86	396.484
21655090.72	5170613.86	397.626
21655162.86	5170593.85	339.489
21655235.01	5170573.84	414.412
21655307.16	5170553.83	718.719
21655379.3	5170533.82	628.012
21655451.45	5170513.82	523.066
21655523.6	5170493.81	542.716
21655595.74	5170473.8	564.954
21655667.89	5170453.79	665.549
21655740.04	5170433.78	649.648
21655812.18	5170413.78	384.96
21655884.33	5170393.77	260.913
21655956.48	5170373.76	383.119
21656028.62	5170353.75	505.759
21656100.77	5170333.74	468.323
21656172.92	5170313.74	615.386
21656245.06	5170293.73	637.602
21656317.21	5170273.72	678.709
21656389.36	5170253.71	482.224
21656461.5	5170233.7	501.571
21656533.65	5170213.7	142.27
21656605.8	5170193.69	584.246
21656677.94	5170173.68	656.582
21656750.09	5170153.67	706.353
21656822.24	5170133.66	665.698
21656894.38	5170113.66	625.166
21656966.53	5170093.65	505.807
21657038.68	5170073.64	321.157
21657110.82	5170053.63	238.777
21657182.97	5170033.62	326.792
21657255.12	5170013.62	555.117
21657327.26	5169993.61	393.553
21657399.41	5169973.6	233.478
21657471.56	5169953.59	180.768
21657543.7	5169933.58	35.5443
21657615.85	5169913.57	28.5752
21657688	5169893.57	25.9434
21657760.14	5169873.56	29.3002
21657832.29	5169853.55	30.7185
21657904.44	5169833.54	32.1636
21657976.58	5169813.53	36.6693
21658048.73	5169793.53	61.7922
21658120.88	5169773.52	37.2879
21658193.02	5169753.51	33.6377
21658265.17	5169733.5	31.0565
21658337.32	5169713.49	36.4159
21658409.46	5169693.49	31.6449
21658481.61	5169673.48	32.1212
21658553.76	5169653.47	0.5
21658625.91	5169633.46	0.5
21658698.05	5169613.45	37.3247
21658770.2	5169593.45	102.362
21658842.35	5169573.44	31.2944
21658914.49	5169553.43	23.7365
21658986.64	5169533.42	21.0866
21659058.79	5169513.41	25.3909
21653306.68	5171184.83	68.8356
21653378.82	5171164.82	129.342
21653450.97	5171144.81	325.899
21653523.12	5171124.8	316.363
21653595.26	5171104.8	315.984
21653667.41	5171084.79	340.673
21653739.56	5171064.78	31.6228
21653811.7	5171044.77	308.513
21653883.85	5171024.76	633.322
21653956	5171004.76	145.037
21654028.14	5170984.75	351.756
21654100.29	5170964.74	363.472
21654172.44	5170944.73	329.216
21654244.58	5170924.72	425.391
21654316.73	5170904.72	512.576
21654388.88	5170884.71	210.305
21654461.02	5170864.7	103.223
21654533.17	5170844.69	579.649
21654605.32	5170824.68	529.953
21654677.46	5170804.68	536.157
21654749.61	5170784.67	349.322
21654821.76	5170764.66	483.294
21654893.9	5170744.65	553.572
21654966.05	5170724.64	200.436
21655038.2	5170704.64	332.411
21655110.34	5170684.63	661.041
21655182.49	5170664.62	478.482
21655254.64	5170644.61	273.335
21655326.78	5170624.6	643.977
21655398.93	5170604.6	582.761
21655471.08	5170584.59	519.2
21655543.22	5170564.58	665.137
21655615.37	5170544.57	598.699
21655687.52	5170524.56	413.864
21655759.66	5170504.56	383.159
21655831.81	5170484.55	442.232
21655903.96	5170464.54	43.5406
21655976.1	5170444.53	88.7106
21656048.25	5170424.52	447.522
21656120.4	5170404.51	221.202
21656192.54	5170384.51	169.128
21656264.69	5170364.5	551.46
21656336.84	5170344.49	555.937
21656408.98	5170324.48	481.092
21656481.13	5170304.47	432.567
21656553.28	5170284.47	146.518
21656625.42	5170264.46	522.074
21656697.57	5170244.45	651.499
21656769.72	5170224.44	560.022
21656841.86	5170204.43	613.787
21656914.01	5170184.43	420.249
21656986.16	5170164.42	565.227
21657058.3	5170144.41	433.814
21657130.45	5170124.4	346.111
21657202.6	5170104.39	398.221
21657274.74	5170084.39	508.824
21657346.89	5170064.38	503.001
21657419.04	5170044.37	467.642
21657491.18	5170024.36	398.502
21657563.33	5170004.35	136.345
21657635.48	5169984.35	30.8122
21657707.62	5169964.34	29.1478
21657779.77	5169944.33	32.9654
21657851.92	5169924.32	36.8319
21657924.06	5169904.31	35.964
21657996.21	5169884.31	62.1339
21658068.36	5169864.3	37.4961
21658140.5	5169844.29	37.135
21658212.65	5169824.28	31.3943
21658284.8	5169804.27	29.5126
21658356.94	5169784.27	37.588
21658429.09	5169764.26	31.5914
21658501.24	5169744.25	27.6857
21658573.38	5169724.24	33.5216
21658645.53	5169704.23	0.5
21658717.68	5169684.22	141.789
21658789.82	5169664.22	123.346
21658861.97	5169644.21	33.652
21658934.12	5169624.2	16.4273
21659006.26	5169604.19	15.5
21659078.41	5169584.18	15.5
21653254.15	5171275.61	74.4111
21653326.3	5171255.6	78.4994
21653398.45	5171235.59	156.384
21653470.6	5171215.58	346.616
21653542.74	5171195.58	417.018
21653614.89	5171175.57	478.132
21653687.04	5171155.56	608.894
21653759.18	5171135.55	349.421
21653831.33	5171115.54	287.196
21653903.48	5171095.54	317.653
21653975.62	5171075.53	18.3017
21654047.77	5171055.52	622.62
21654119.92	5171035.51	409.854
21654192.06	5171015.5	253.329
21654264.21	5170995.49	325.271
21654336.36	5170975.49	270.042
21654408.5	5170955.48	17.5944
21654480.65	5170935.47	34.572
21654552.8	5170915.46	336.616
21654624.94	5170895.45	447.529
21654697.09	5170875.45	561.457
21654769.24	5170855.44	295.749
21654841.38	5170835.43	186.596
21654913.53	5170815.42	473.493
21654985.68	5170795.41	462.507
21655057.82	5170775.41	475.661
21655129.97	5170755.4	552.57
21655202.12	5170735.39	495.838
21655274.26	5170715.38	463.73
21655346.41	5170695.37	575.614
21655418.56	5170675.37	592.754
21655490.7	5170655.36	635.681
21655562.85	5170635.35	611.607
21655635	5170615.34	537.346
21655707.14	5170595.33	460.662
21655779.29	5170575.33	497.846
21655851.44	5170555.32	355.361
21655923.58	5170535.31	70.9272
21655995.73	5170515.3	215.943
21656067.88	5170495.29	493.691
21656140.02	5170475.29	328.976
21656212.17	5170455.28	135.871
21656284.32	5170435.27	549.276
21656356.46	5170415.26	636.893
21656428.61	5170395.25	393.114
21656500.76	5170375.25	132.603
21656572.9	5170355.24	133
21656645.05	5170335.23	475.66
21656717.2	5170315.22	642.957
21656789.34	5170295.21	596.616
21656861.49	5170275.21	432.048
21656933.64	5170255.2	57.2572
21657005.78	5170235.19	431.658
21657077.93	5170215.18	444.678
21657150.08	5170195.17	517.913
21657222.22	5170175.16	552.908
21657294.37	5170155.16	515.334
21657366.52	5170135.15	492.392
21657438.66	5170115.14	418.628
21657510.81	5170095.13	533.444
21657582.96	5170075.12	510.517
21657655.1	5170055.12	87.9683
21657727.25	5170035.11	35.7017
21657799.4	5170015.1	17.6889
21657871.54	5169995.09	25.1317
21657943.69	5169975.08	33.3949
21658015.84	5169955.08	42.9594
21658087.98	5169935.07	34.3672
21658160.13	5169915.06	35.0588
21658232.28	5169895.05	32.9891
21658304.42	5169875.04	25.7073
21658376.57	5169855.04	0.5
21658448.72	5169835.03	26.2039
21658520.86	5169815.02	27.1987
21658593.01	5169795.01	36.1027
21658665.16	5169775	36.1157
21658737.3	5169755	0.5
21658809.45	5169734.99	0.5
21658881.6	5169714.98	0.5
21658953.74	5169694.97	15.5
21659025.89	5169674.96	15.5
21659098.04	5169654.96	0.5
21653273.78	5171346.38	37.38
21653345.93	5171326.37	21.245
21653418.07	5171306.36	18.5783
21653490.22	5171286.35	185.237
21653562.37	5171266.35	305.47
21653634.51	5171246.34	444.201
21653706.66	5171226.33	616.566
21653778.81	5171206.32	556.482
21653850.96	5171186.31	512.762
21653923.1	5171166.31	371.214
21653995.25	5171146.3	17.8533
21654067.4	5171126.29	639.258
21654139.54	5171106.28	472.016
21654211.69	5171086.27	354.768
21654283.84	5171066.27	185.922
21654355.98	5171046.26	158.801
21654428.13	5171026.25	87.5828
21654500.28	5171006.24	33.8424
21654572.42	5170986.23	328.334
21654644.57	5170966.23	554.641
21654716.72	5170946.22	592.527
21654788.86	5170926.21	762.827
21654861.01	5170906.2	255.109
21654933.16	5170886.19	181.994
21655005.3	5170866.18	670.786
21655077.45	5170846.18	681.644
21655149.6	5170826.17	649.723
21655221.74	5170806.16	517.466
21655293.89	5170786.15	412.703
21655366.04	5170766.14	552.436
21655438.18	5170746.14	631.739
21655510.33	5170726.13	700.954
21655582.48	5170706.12	664.642
21655654.62	5170686.11	169.848
21655726.77	5170666.1	256.743
21655798.92	5170646.1	412.354
21655871.06	5170626.09	395.507
21655943.21	5170606.08	472.767
21656015.36	5170586.07	578.504
21656087.5	5170566.06	438.862
21656159.65	5170546.06	335.751
21656231.8	5170526.05	303.672
21656303.94	5170506.04	440.542
21656376.09	5170486.03	569.033
21656448.24	5170466.02	375.948
21656520.38	5170446.02	36.2228
21656592.53	5170426.01	34.6338
21656664.68	5170406	37.7705
21656736.82	5170385.99	454.847
21656808.97	5170365.98	600.118
21656881.12	5170345.98	241.189
21656953.26	5170325.97	15.6333
21657025.41	5170305.96	399.938
21657097.56	5170285.95	513.994
21657169.7	5170265.94	661.289
21657241.85	5170245.94	657.669
21657314	5170225.93	308.231
21657386.14	5170205.92	52.6878
21657458.29	5170185.91	286.552
21657530.44	5170165.9	648.211
21657602.58	5170145.9	640.018
21657674.73	5170125.89	541.033
21657746.88	5170105.88	250.621
21657819.02	5170085.87	37.7702
21657891.17	5170065.86	33.5264
21657963.32	5170045.85	32.1101
21658035.46	5170025.85	34.0612
21658107.61	5170005.84	37.6287
21658179.76	5169985.83	33.8231
21658251.9	5169965.82	30.7066
21658324.05	5169945.81	0.5
21658396.2	5169925.81	0.5
21658468.34	5169905.8	17.3453
21658540.49	5169885.79	0.5
21658612.64	5169865.78	31.2263
21658684.78	5169845.77	36.8459
21658756.93	5169825.77	30.7916
21658829.08	5169805.76	0.5
21658901.22	5169785.75	0.5
21658973.37	5169765.74	0.5
21659045.52	5169745.73	0.5
21653293.41	5171417.15	32.8693
21653365.55	5171397.14	33.6007
21653437.7	5171377.13	34.6429
21653509.85	5171357.12	36.4581
21653581.99	5171337.12	95.0472
21653654.14	5171317.11	192.717
21653726.29	5171297.1	495.263
21653798.43	5171277.09	748.158
21653870.58	5171257.08	534.856
21653942.73	5171237.08	115.498
21654014.87	5171217.07	0.5
21654087.02	5171197.06	213.599
21654159.17	5171177.05	530.749
21654231.32	5171157.04	591.622
21654303.46	5171137.04	423.007
21654375.61	5171117.03	332.202
21654447.76	5171097.02	102.126
21654519.9	5171077.01	77.8133
21654592.05	5171057	479.554
21654664.2	5171037	645.366
21654736.34	5171016.99	688.721
21654808.49	5170996.98	663.723
21654880.64	5170976.97	461.044
21654952.78	5170956.96	204.487
21655024.93	5170936.96	686.048
21655097.08	5170916.95	697.088
21655169.22	5170896.94	698.045
21655241.37	5170876.93	492.516
21655313.52	5170856.92	427.359
21655385.66	5170836.92	432.059
21655457.81	5170816.91	536.761
21655529.96	5170796.9	569.907
21655602.1	5170776.89	603.858
21655674.25	5170756.88	269.967
21655746.4	5170736.88	26.0206
21655818.54	5170716.87	300.816
21655890.69	5170696.86	468.986
21655962.84	5170676.85	481.444
21656034.98	5170656.84	569.834
21656107.13	5170636.83	425.096
21656179.28	5170616.83	386.794
21656251.42	5170596.82	423.579
21656323.57	5170576.81	474.165
21656395.72	5170556.8	383.081
21656467.86	5170536.79	362.733
21656540.01	5170516.79	169.719
21656612.16	5170496.78	115.775
21656684.3	5170476.77	15.9022
21656756.45	5170456.76	122.338
21656828.6	5170436.75	399.287
21656900.74	5170416.75	400.397
21656972.89	5170396.74	353.676
21657045.04	5170376.73	299.887
21657117.18	5170356.72	303.233
21657189.33	5170336.71	378.169
21657261.48	5170316.71	443.337
21657333.62	5170296.7	189.043
21657405.77	5170276.69	10.3778
21657477.92	5170256.68	399.877
21657550.06	5170236.67	744.743
21657622.21	5170216.67	685.821
21657694.36	5170196.66	557.495
21657766.5	5170176.65	526.213
21657838.65	5170156.64	302.331
21657910.8	5170136.63	31.6399
21657982.94	5170116.63	33.3671
21658055.09	5170096.62	102.021
21658127.24	5170076.61	29.62
21658199.38	5170056.6	35.5463
21658271.53	5170036.59	28.5168
21658343.68	5170016.59	24.8065
21658415.82	5169996.58	0.5
21658487.97	5169976.57	0.5
21658560.12	5169956.56	0.5
21658632.26	5169936.55	0.5
21658704.41	5169916.55	28.4114
21658776.56	5169896.54	24.2924
21658848.7	5169876.53	0.5
21658920.85	5169856.52	0.5
21658993	5169836.51	0.5
21659065.14	5169816.5	0.5
21653313.03	5171487.92	34.5653
21653385.18	5171467.91	30.7279
21653457.33	5171447.9	27.8679
21653529.47	5171427.9	30.75
21653601.62	5171407.89	63.915
21653673.77	5171387.88	175.128
21653745.91	5171367.87	462.193
21653818.06	5171347.86	642.921
21653890.21	5171327.86	778.094
21653962.35	5171307.85	37.7089
21654034.5	5171287.84	31.2741
21654106.65	5171267.83	136.553
21654178.79	5171247.82	372.845
21654250.94	5171227.82	512.844
21654323.09	5171207.81	519.671
21654395.23	5171187.8	488.921
21654467.38	5171167.79	447.197
21654539.53	5171147.78	70.3333
21654611.67	5171127.77	427.697
21654683.82	5171107.77	620.296
21654755.97	5171087.76	733.612
21654828.12	5171067.75	619.564
21654900.26	5171047.74	658.226
21654972.41	5171027.73	687.414
21655044.56	5171007.73	375.081
21655116.7	5170987.72	305.397
21655188.85	5170967.71	826.991
21655261	5170947.7	461.008
21655333.14	5170927.69	405.95
21655405.29	5170907.69	521.157
21655477.44	5170887.68	610.181
21655549.58	5170867.67	648.914
21655621.73	5170847.66	575.836
21655693.88	5170827.65	523.127
21655766.02	5170807.65	265.972
21655838.17	5170787.64	179.242
21655910.32	5170767.63	482.919
21655982.46	5170747.62	371.848
21656054.61	5170727.61	466.602
21656126.76	5170707.61	489.142
21656198.9	5170687.6	519.382
21656271.05	5170667.59	498.427
21656343.2	5170647.58	534.629
21656415.34	5170627.57	572.533
21656487.49	5170607.57	522.183
21656559.64	5170587.56	366.444
21656631.78	5170567.55	473.838
21656703.93	5170547.54	147.08
21656776.08	5170527.53	128.433
21656848.22	5170507.53	539.483
21656920.37	5170487.52	526.761
21656992.52	5170467.51	291.886
21657064.66	5170447.5	489.615
21657136.81	5170427.49	465.223
21657208.96	5170407.48	590.891
21657281.1	5170387.48	610.558
21657353.25	5170367.47	630.251
21657425.4	5170347.46	123.489
21657497.54	5170327.45	98.9778
21657569.69	5170307.44	645.855
21657641.84	5170287.44	520.676
21657713.98	5170267.43	313.488
21657786.13	5170247.42	362.967
21657858.28	5170227.41	573.629
21657930.42	5170207.4	259.185
21658002.57	5170187.4	72.5011
21658074.72	5170167.39	175.321
21658146.86	5170147.38	8.25722
21658219.01	5170127.37	93.4667
21658291.16	5170107.36	283.423
21658363.3	5170087.36	175.594
21658435.45	5170067.35	129.132
21658507.6	5170047.34	31.7547
21658579.74	5170027.33	37.2228
21658651.89	5170007.32	37.132
21658724.04	5169987.32	54.8656
21658796.18	5169967.31	31.6504
21658868.33	5169947.3	26.8937
21658940.48	5169927.29	0.5
21659012.62	5169907.28	0.5
21659084.77	5169887.28	0.5
21653260.51	5171578.7	28.8128
21653332.66	5171558.69	32.9267
21653404.81	5171538.68	37.6705
21653476.95	5171518.67	50.7694
21653549.1	5171498.67	5.06778
21653621.25	5171478.66	26.8863
21653693.39	5171458.65	34.881
21653765.54	5171438.64	155.128
21653837.69	5171418.63	489.551
21653909.83	5171398.63	769.427
21653981.98	5171378.62	571.31
21654054.13	5171358.61	429.556
21654126.27	5171338.6	83.5172
21654198.42	5171318.59	285.489
21654270.57	5171298.59	458.162
21654342.71	5171278.58	413.633
21654414.86	5171258.57	413.352
21654487.01	5171238.56	561.469
21654559.15	5171218.55	24.6033
21654631.3	5171198.55	33.8427
21654703.45	5171178.54	112.538
21654775.59	5171158.53	178.076
21654847.74	5171138.52	262.028
21654919.89	5171118.51	507.056
21654992.04	5171098.51	653.911
21655064.18	5171078.5	179.316
21655136.33	5171058.49	138.953
21655208.48	5171038.48	441.156
21655280.62	5171018.47	435.037
21655352.77	5170998.47	225.269
21655424.92	5170978.46	659.798
21655497.06	5170958.45	792.261
21655569.21	5170938.44	658.802
21655641.36	5170918.43	490.051
21655713.5	5170898.42	507.824
21655785.65	5170878.42	400.793
21655857.8	5170858.41	342.677
21655929.94	5170838.4	386.744
21656002.09	5170818.39	361.22
21656074.24	5170798.38	405.371
21656146.38	5170778.38	348.881
21656218.53	5170758.37	341.573
21656290.68	5170738.36	409.327
21656362.82	5170718.35	603.152
21656434.97	5170698.34	446.162
21656507.12	5170678.34	538.633
21656579.26	5170658.33	511.083
21656651.41	5170638.32	468.709
21656723.56	5170618.31	208.488
21656795.7	5170598.3	34.0957
21656867.85	5170578.3	167.819
21656940	5170558.29	545.143
21657012.14	5170538.28	37.2165
21657084.29	5170518.27	33.9273
21657156.44	5170498.26	429.598
21657228.58	5170478.26	619.133
21657300.73	5170458.25	704.331
21657372.88	5170438.24	667.702
21657445.02	5170418.23	187.789
21657517.17	5170398.22	170.372
21657589.32	5170378.22	547.776
21657661.46	5170358.21	505.019
21657733.61	5170338.2	47.1883
21657805.76	5170318.19	33.46
21657877.9	5170298.18	414.756
21657950.05	5170278.18	162.611
21658022.2	5170258.17	23.334
21658094.34	5170238.16	114.412
21658166.49	5170218.15	377.422
21658238.64	5170198.14	561.249
21658310.78	5170178.13	504.601
21658382.93	5170158.13	373.502
21658455.08	5170138.12	370.191
21658527.22	5170118.11	127.603
21658599.37	5170098.1	88.6367
21658671.52	5170078.09	130.132
21658743.66	5170058.09	284.428
21658815.81	5170038.08	36.5392
21658887.96	5170018.07	27.4566
21658960.1	5169998.06	0.5
21659032.25	5169978.05	0.5
21659104.4	5169958.05	0.5
21653280.14	5171649.47	37.3514
21653352.29	5171629.46	37.6639
21653424.43	5171609.45	72.8617
21653496.58	5171589.45	190.448
21653568.73	5171569.44	308.141
21653640.87	5171549.43	224.034
21653713.02	5171529.42	296.724
21653785.17	5171509.41	492.066
21653857.31	5171489.4	371.512
21653929.46	5171469.4	35.6361
21654001.61	5171449.39	526.356
21654073.75	5171429.38	243.978
21654145.9	5171409.37	194.351
21654218.05	5171389.36	187.386
21654290.19	5171369.36	573.177
21654362.34	5171349.35	296.262
21654434.49	5171329.34	310.337
21654506.63	5171309.33	443.22
21654578.78	5171289.32	58.9228
21654650.93	5171269.32	23.7011
21654723.07	5171249.31	30.0071
21654795.22	5171229.3	35.9777
21654867.37	5171209.29	170.631
21654939.51	5171189.28	432.294
21655011.66	5171169.28	660.809
21655083.81	5171149.27	246.653
21655155.95	5171129.26	81.4594
21655228.1	5171109.25	482.288
21655300.25	5171089.24	466.252
21655372.39	5171069.24	344.897
21655444.54	5171049.23	487.756
21655516.69	5171029.22	483.615
21655588.84	5171009.21	453.383
21655660.98	5170989.2	450.627
21655733.13	5170969.2	410.906
21655805.28	5170949.19	237.688
21655877.42	5170929.18	251.703
21655949.57	5170909.17	296.801
21656021.72	5170889.16	253.933
21656093.86	5170869.16	378.55
21656166.01	5170849.15	477.762
21656238.16	5170829.14	505.306
21656310.3	5170809.13	421.283
21656382.45	5170789.12	477.606
21656454.6	5170769.11	404.054
21656526.74	5170749.11	454.028
21656598.89	5170729.1	473.419
21656671.04	5170709.09	371.522
21656743.18	5170689.08	254.911
21656815.33	5170669.07	97.3739
21656887.48	5170649.07	36.5648
21656959.62	5170629.06	301.149
21657031.77	5170609.05	335.649
21657103.92	5170589.04	109.702
21657176.06	5170569.03	34.4316
21657248.21	5170549.03	186.056
21657320.36	5170529.02	549.508
21657392.5	5170509.01	488.498
21657464.65	5170489	125.472
21657536.8	5170468.99	36.6071
21657608.94	5170448.99	555.277
21657681.09	5170428.98	763.409
21657753.24	5170408.97	516.85
21657825.38	5170388.96	146.206
21657897.53	5170368.95	254.647
21657969.68	5170348.95	21.9844
21658041.82	5170328.94	25.0798
21658113.97	5170308.93	27.2874
21658186.12	5170288.92	36.9343
21658258.26	5170268.91	115.794
21658330.41	5170248.91	69.1261
21658402.56	5170228.9	184.337
21658474.7	5170208.89	208.706
21658546.85	5170188.88	99.9011
21658619	5170168.87	183.862
21658691.14	5170148.87	304.952
21658763.29	5170128.86	288.132
21658835.44	5170108.85	57.4278
21658907.58	5170088.84	20.6099
21658979.73	5170068.83	0.5
21659051.88	5170048.83	27.8534
21653299.77	5171720.24	84.3867
21653371.91	5171700.23	33.734
21653444.06	5171680.22	34.418
21653516.21	5171660.22	2.85889
21653588.35	5171640.21	193.093
21653660.5	5171620.2	532.134
21653732.65	5171600.19	698.208
21653804.79	5171580.18	543.651
21653876.94	5171560.18	430.941
21653949.09	5171540.17	30.8234
21654021.23	5171520.16	432.484
21654093.38	5171500.15	382.851
21654165.53	5171480.14	350.619
21654237.67	5171460.14	487.827
21654309.82	5171440.13	455.011
21654381.97	5171420.12	37.8869
21654454.11	5171400.11	201.025
21654526.26	5171380.1	785.687
21654598.41	5171360.09	638.161
21654670.55	5171340.09	137.51
21654742.7	5171320.08	35.336
21654814.85	5171300.07	32.6508
21654886.99	5171280.06	253.144
21654959.14	5171260.05	556.446
21655031.29	5171240.05	525.513
21655103.43	5171220.04	163.389
21655175.58	5171200.03	176.446
21655247.73	5171180.02	307.004
21655319.87	5171160.01	36.7759
21655392.02	5171140.01	377.388
21655464.17	5171120	488.718
21655536.31	5171099.99	393.649
21655608.46	5171079.98	266.087
21655680.61	5171059.97	142.699
21655752.76	5171039.97	218.033
21655824.9	5171019.96	76.8117
21655897.05	5170999.95	100.596
21655969.2	5170979.94	32.1013
21656041.34	5170959.93	36.0818
21656113.49	5170939.93	148.617
21656185.64	5170919.92	418.79
21656257.78	5170899.91	653.257
21656329.93	5170879.9	415.919
21656402.08	5170859.89	494.667
21656474.22	5170839.89	238.81
21656546.37	5170819.88	227.949
21656618.52	5170799.87	280.579
21656690.66	5170779.86	190.178
21656762.81	5170759.85	237.287
21656834.96	5170739.85	340.184
21656907.1	5170719.84	182.473
21656979.25	5170699.83	34.7929
21657051.4	5170679.82	59.9111
21657123.54	5170659.81	222.144
21657195.69	5170639.81	18.095
21657267.84	5170619.8	83.4717
21657339.98	5170599.79	246.031
21657412.13	5170579.78	289.297
21657484.28	5170559.77	271.471
21657556.42	5170539.76	142.516
21657628.57	5170519.76	418.955
21657700.72	5170499.75	669.34
21657772.86	5170479.74	360.374
21657845.01	5170459.73	1.35167
21657917.16	5170439.72	130.563
21657989.3	5170419.72	373.125
21658061.45	5170399.71	44.6044
21658133.6	5170379.7	77.4411
21658205.74	5170359.69	53.7261
21658277.89	5170339.68	36.7011
21658350.04	5170319.68	111.411
21658422.18	5170299.67	0.607222
21658494.33	5170279.66	78.7667
21658566.48	5170259.65	35.9762
21658638.62	5170239.64	163.395
21658710.77	5170219.64	322.612
21658782.92	5170199.63	206.885
21658855.06	5170179.62	32.973
21658927.21	5170159.61	30.6396
21658999.36	5170139.6	29.5158
21659071.5	5170119.6	30.7462
21653247.25	5171811.02	190.974
21653319.39	5171791.01	101.431
21653391.54	5171771	30.2012
21653463.69	5171750.99	23.9812
21653535.83	5171730.99	28.2612
21653607.98	5171710.98	33.8627
21653680.13	5171690.97	36.9642
21653752.27	5171670.96	274.401
21653824.42	5171650.95	649.677
21653896.57	5171630.95	266.927
21653968.71	5171610.94	37.6114
21654040.86	5171590.93	288.483
21654113.01	5171570.92	518.756
21654185.15	5171550.91	537.454
21654257.3	5171530.91	589.939
21654329.45	5171510.9	455.043
21654401.59	5171490.89	37.5584
21654473.74	5171470.88	148.023
21654545.89	5171450.87	438.713
21654618.03	5171430.87	417.575
21654690.18	5171410.86	231.028
21654762.33	5171390.85	43.7278
21654834.47	5171370.84	35.81
21654906.62	5171350.83	222.263
21654978.77	5171330.83	274.936
21655050.91	5171310.82	307.449
21655123.06	5171290.81	233.664
21655195.21	5171270.8	106.139
21655267.35	5171250.79	261.972
21655339.5	5171230.79	101.76
21655411.65	5171210.78	422.879
21655483.79	5171190.77	531.09
21655555.94	5171170.76	427.361
21655628.09	5171150.75	92.0917
21655700.23	5171130.74	281.821
21655772.38	5171110.74	310.671
21655844.53	5171090.73	25.0561
21655916.67	5171070.72	36.2761
21655988.82	5171050.71	47.3356
21656060.97	5171030.7	81.6972
21656133.11	5171010.7	18.8939
21656205.26	5170990.69	18.2989
21656277.41	5170970.68	429.961
21656349.56	5170950.67	429.736
21656421.7	5170930.66	457.396
21656493.85	5170910.66	95.3367
21656566	5170890.65	36.7216
21656638.14	5170870.64	37.88
21656710.29	5170850.63	37.8958
21656782.44	5170830.62	244.844
21656854.58	5170810.62	630.918
21656926.73	5170790.61	314.255
21656998.88	5170770.6	289.806
21657071.02	5170750.59	177.143
21657143.17	5170730.58	229.151
21657215.32	5170710.58	199.52
21657287.46	5170690.57	196.232
21657359.61	5170670.56	294.214
21657431.76	5170650.55	291.732
21657503.9	5170630.54	276.016
21657576.05	5170610.54	445.936
21657648.2	5170590.53	417.124
21657720.34	5170570.52	483.802
21657792.49	5170550.51	186.382
21657864.64	5170530.5	34.0591
21657936.78	5170510.5	354.147
21658008.93	5170490.49	660.395
21658081.08	5170470.48	399.205
21658153.22	5170450.47	108.021
21658225.37	5170430.46	100.354
21658297.52	5170410.46	87.2183
21658369.66	5170390.45	315.543
21658441.81	5170370.44	93.2278
21658513.96	5170350.43	30.9318
21658586.1	5170330.42	31.6403
21658658.25	5170310.41	305.955
21658730.4	5170290.41	124.669
21658802.54	5170270.4	68.245
21658874.69	5170250.39	33.9711
21658946.84	5170230.38	37.3726
21659018.98	5170210.37	35.5092
21659091.13	5170190.37	17.6772
21653266.87	5171881.79	128.801
21653339.02	5171861.78	57.4067
21653411.17	5171841.77	33.71
21653483.31	5171821.77	24.6221
21653555.46	5171801.76	24.6677
21653627.61	5171781.75	23.4348
21653699.75	5171761.74	24.9062
21653771.9	5171741.73	32.1368
21653844.05	5171721.73	188.169
21653916.19	5171701.72	36.9712
21653988.34	5171681.71	17.6144
21654060.49	5171661.7	112.602
21654132.63	5171641.69	390.886
21654204.78	5171621.68	571.693
21654276.93	5171601.68	513.839
21654349.07	5171581.67	310.706
21654421.22	5171561.66	33.3956
21654493.37	5171541.65	99.4117
21654565.51	5171521.64	246.904
21654637.66	5171501.64	144.168
21654709.81	5171481.63	44.8883
21654781.95	5171461.62	33.8824
21654854.1	5171441.61	7.01444
21654926.25	5171421.6	222.681
21654998.39	5171401.6	206.551
21655070.54	5171381.59	233.727
21655142.69	5171361.58	225.937
21655214.83	5171341.57	110.111
21655286.98	5171321.56	83.9744
21655359.13	5171301.56	101.984
21655431.27	5171281.55	246.463
21655503.42	5171261.54	464.44
21655575.57	5171241.53	304.217
21655647.71	5171221.52	56.7433
21655719.86	5171201.52	300.416
21655792.01	5171181.51	249.742
21655864.15	5171161.5	47.7544
21655936.3	5171141.49	122.716
21656008.45	5171121.48	247.823
21656080.59	5171101.48	363.97
21656152.74	5171081.47	201.279
21656224.89	5171061.46	23.9972
21656297.03	5171041.45	350.969
21656369.18	5171021.44	382.226
21656441.33	5171001.44	435.797
21656513.48	5170981.43	126.118
21656585.62	5170961.42	104.874
21656657.77	5170941.41	39.5978
21656729.91	5170921.4	51.4483
21656802.06	5170901.39	105.026
21656874.21	5170881.39	126.821
21656946.36	5170861.38	488.484
21657018.5	5170841.37	517.356
21657090.65	5170821.36	420.348
21657162.8	5170801.35	368.05
21657234.94	5170781.35	211.324
21657307.09	5170761.34	36.055
21657379.24	5170741.33	192.599
21657451.38	5170721.32	294.499
21657523.53	5170701.31	505.283
21657595.68	5170681.31	419.398
21657667.82	5170661.3	425.733
21657739.97	5170641.29	448.443
21657812.12	5170621.28	280.686
21657884.26	5170601.27	503.305
21657956.41	5170581.27	672.373
21658028.56	5170561.26	828.551
21658100.7	5170541.25	726.069
21658172.85	5170521.24	433.045
21658245	5170501.23	436.334
21658317.14	5170481.23	394.657
21658389.29	5170461.22	197.148
21658461.44	5170441.21	32.9467
21658533.58	5170421.2	23.9377
21658605.73	5170401.19	29.7924
21658677.88	5170381.19	25.2859
21658750.02	5170361.18	30.1577
21658822.17	5170341.17	42.4278
21658894.32	5170321.16	107.184
21658966.46	5170301.15	34.9198
21659038.61	5170281.15	37.5644
21653286.5	5171952.56	129.252
21653358.65	5171932.55	144.586
21653430.79	5171912.54	8.515
21653502.94	5171892.54	25.407
21653575.09	5171872.53	21.5275
21653647.23	5171852.52	22.1477
21653719.38	5171832.51	21.8173
21653791.53	5171812.5	23.1065
21653863.67	5171792.5	27.0439
21653935.82	5171772.49	36.6313
21654007.97	5171752.48	37.4035
21654080.11	5171732.47	83.3039
21654152.26	5171712.46	255.9
21654224.41	5171692.46	507.236
21654296.55	5171672.45	458.219
21654368.7	5171652.44	81.685
21654440.85	5171632.43	29.8099
21654512.99	5171612.42	20.8572
21654585.14	5171592.42	112.334
21654657.29	5171572.41	162.882
21654729.43	5171552.4	35.9216
21654801.58	5171532.39	32.8936
21654873.73	5171512.38	31.9477
21654945.87	5171492.37	22.6972
21655018.02	5171472.37	53.8806
21655090.17	5171452.36	86.4583
21655162.31	5171432.35	173.697
21655234.46	5171412.34	120.674
21655306.61	5171392.33	215.732
21655378.75	5171372.33	163.437
21655450.9	5171352.32	170.942
21655523.05	5171332.31	336.961
21655595.19	5171312.3	100.811
21655667.34	5171292.29	35.4459
21655739.49	5171272.29	170.84
21655811.63	5171252.28	292.813
21655883.78	5171232.27	279.106
21655955.93	5171212.26	270.133
21656028.07	5171192.25	185.782
21656100.22	5171172.25	261.826
21656172.37	5171152.24	179.059
21656244.51	5171132.23	4.71
21656316.66	5171112.22	287.768
21656388.81	5171092.21	304.777
21656460.95	5171072.21	308.546
21656533.1	5171052.2	163.719
21656605.25	5171032.19	46.0061
21656677.39	5171012.18	44.0517
21656749.54	5170992.17	74.4989
21656821.69	5170972.17	26.1122
21656893.84	5170952.16	104.224
21656965.98	5170932.15	447.279
21657038.13	5170912.14	594.454
21657110.27	5170892.13	558.126
21657182.42	5170872.13	347.441
21657254.57	5170852.12	201.888
21657326.72	5170832.11	32.8517
21657398.86	5170812.1	205.983
21657471.01	5170792.09	269.511
21657543.16	5170772.09	448.461
21657615.3	5170752.08	437.593
21657687.45	5170732.07	470.868
21657759.6	5170712.06	576.786
21657831.74	5170692.05	547.439
21657903.89	5170672.04	599.812
21657976.04	5170652.04	582.104
21658048.18	5170632.03	660.671
21658120.33	5170612.02	595.703
21658192.48	5170592.01	456.909
21658264.62	5170572	391.664
21658336.77	5170552	294.248
21658408.92	5170531.99	108.768
21658481.06	5170511.98	32.9617
21658553.21	5170491.97	33.9196
21658625.36	5170471.96	27.8125
21658697.5	5170451.96	22.6172
21658769.65	5170431.95	24.9566
21658841.8	5170411.94	36.4246
21658913.94	5170391.93	71.94
21658986.09	5170371.92	113.337
21659058.24	5170351.92	33.1314
21653306.13	5172023.33	51.4694
21653378.27	5172003.32	60.1789
21653450.42	5171983.31	37.6544
21653522.57	5171963.31	24.3486
21653594.71	5171943.3	20.5924
21653666.86	5171923.29	20.6835
21653739.01	5171903.28	22.4342
21653811.15	5171883.27	21.6412
21653883.3	5171863.27	29.7991
21653955.45	5171843.26	33.7447
21654027.59	5171823.25	47.16
21654099.74	5171803.24	99.0139
21654171.89	5171783.23	162.826
21654244.03	5171763.23	255.862
21654316.18	5171743.22	340.656
21654388.33	5171723.21	55.3656
21654460.47	5171703.2	31.7089
21654532.62	5171683.19	43.2394
21654604.77	5171663.19	188.386
21654676.91	5171643.18	154.234
21654749.06	5171623.17	35.1048
21654821.21	5171603.16	29.2182
21654893.35	5171583.15	27.7605
21654965.5	5171563.15	49.2644
21655037.65	5171543.14	11.7878
21655109.79	5171523.13	36.7543
21655181.94	5171503.12	44.7611
21655254.09	5171483.11	118.567
21655326.23	5171463.11	255.271
21655398.38	5171443.1	194.504
21655470.53	5171423.09	174.654
21655542.67	5171403.08	269.408
21655614.82	5171383.07	6.75111
21655686.97	5171363.07	33.5308
21655759.11	5171343.06	214.138
21655831.26	5171323.05	266.045
21655903.41	5171303.04	391.161
21655975.55	5171283.03	282.997
21656047.7	5171263.02	160.25
21656119.85	5171243.02	71.9461
21656191.99	5171223.01	37.0611
21656264.14	5171203	30.5022
21656336.29	5171182.99	35.5136
21656408.43	5171162.98	96.0167
21656480.58	5171142.98	267.264
21656552.73	5171122.97	37.3942
21656624.87	5171102.96	35.6735
21656697.02	5171082.95	10.3633
21656769.17	5171062.94	27.8839
21656841.31	5171042.94	1.26722
21656913.46	5171022.93	31.1667
21656985.61	5171002.92	258.593
21657057.75	5170982.91	614.901
21657129.9	5170962.9	591.516
21657202.05	5170942.9	417.739
21657274.19	5170922.89	114.389
21657346.34	5170902.88	37.2387
21657418.49	5170882.87	352.046
21657490.64	5170862.86	447.102
21657562.78	5170842.86	538.04
21657634.93	5170822.85	416.442
21657707.08	5170802.84	454.392
21657779.22	5170782.83	627.35
21657851.37	5170762.82	664.996
21657923.52	5170742.82	762.859
21657995.66	5170722.81	716.125
21658067.81	5170702.8	677.519
21658139.96	5170682.79	567.207
21658212.1	5170662.78	545.846
21658284.25	5170642.78	391.664
21658356.4	5170622.77	191.427
21658428.54	5170602.76	88.605
21658500.69	5170582.75	35.655
21658572.84	5170562.74	29.0659
21658644.98	5170542.74	30.9923
21658717.13	5170522.73	25.5224
21658789.28	5170502.72	25.9742
21658861.42	5170482.71	37.4266
21658933.57	5170462.7	37.661
21659005.72	5170442.69	32.9455
21659077.86	5170422.69	30.8353
21653253.61	5172114.11	69.1589
21653325.75	5172094.1	35.146
21653397.9	5172074.09	30.5337
21653470.05	5172054.09	27.5088
21653542.19	5172034.08	20.7542
21653614.34	5172014.07	19.7085
21653686.49	5171994.06	21.8884
21653758.63	5171974.05	23.4177
21653830.78	5171954.05	25.7799
21653902.93	5171934.04	59.0233
21653975.07	5171914.03	34.5793
21654047.22	5171894.02	17.5372
21654119.37	5171874.01	41.4483
21654191.51	5171854	56.2589
21654263.66	5171834	134.724
21654335.81	5171813.99	267.104
21654407.95	5171793.98	33.8415
21654480.1	5171773.97	34.8012
21654552.25	5171753.96	236.989
21654624.39	5171733.96	326.499
21654696.54	5171713.95	284.513
21654768.69	5171693.94	68.6278
21654840.83	5171673.93	29.598
21654912.98	5171653.92	30.6377
21654985.13	5171633.92	3.98611
21655057.27	5171613.91	37.0243
21655129.42	5171593.9	6.95444
21655201.57	5171573.89	37.083
21655273.71	5171553.88	21.8311
21655345.86	5171533.88	207.234
21655418.01	5171513.87	212.013
21655490.15	5171493.86	121.464
21655562.3	5171473.85	173.922
21655634.45	5171453.84	34.8797
21655706.59	5171433.84	30.9688
21655778.74	5171413.83	174.69
21655850.89	5171393.82	295.304
21655923.03	5171373.81	306.981
21655995.18	5171353.8	178.448
21656067.33	5171333.8	35.2502
21656139.47	5171313.79	0.5
21656211.62	5171293.78	0.5
21656283.77	5171273.77	25.0027
21656355.91	5171253.76	37.8238
21656428.06	5171233.76	35.1446
21656500.21	5171213.75	180.929
21656572.35	5171193.74	30.8063
21656644.5	5171173.73	33.2579
21656716.65	5171153.72	74.4128
21656788.79	5171133.72	97.6661
21656860.94	5171113.71	51.3028
21656933.09	5171093.7	44.9589
21657005.23	5171073.69	194.598
21657077.38	5171053.68	597.097
21657149.53	5171033.67	653.257
21657221.67	5171013.67	614.817
21657293.82	5170993.66	286.768
21657365.97	5170973.65	112.376
21657438.11	5170953.64	410.12
21657510.26	5170933.63	511.767
21657582.41	5170913.63	590.539
21657654.55	5170893.62	434.913
21657726.7	5170873.61	531.873
21657798.85	5170853.6	658.065
21657870.99	5170833.59	835.225
21657943.14	5170813.59	910.909
21658015.29	5170793.58	908.421
21658087.44	5170773.57	841.879
21658159.58	5170753.56	661.21
21658231.73	5170733.55	613.422
21658303.88	5170713.55	568.98
21658376.02	5170693.54	436.665
21658448.17	5170673.53	41.7028
21658520.32	5170653.52	37.7435
21658592.46	5170633.51	35.3136
21658664.61	5170613.51	35.1153
21658736.76	5170593.5	30.4984
21658808.9	5170573.49	26.1124
21658881.05	5170553.48	34.5591
21658953.2	5170533.47	35.2248
21659025.34	5170513.47	34.2196
21659097.49	5170493.46	29.2982
21653273.23	5172184.88	88.2078
21653345.38	5172164.87	35.1726
21653417.53	5172144.86	32.0015
21653489.67	5172124.86	28.7126
21653561.82	5172104.85	22.1068
21653633.97	5172084.84	21.715
21653706.11	5172064.83	17.0534
21653778.26	5172044.82	21.2871
21653850.41	5172024.82	26.641
21653922.55	5172004.81	88.7994
21653994.7	5171984.8	158.362
21654066.85	5171964.79	50.025
21654138.99	5171944.78	29.9794
21654211.14	5171924.78	32.6194
21654283.29	5171904.77	174.959
21654355.43	5171884.76	172.36
21654427.58	5171864.75	3.56278
21654499.73	5171844.74	28.7318
21654571.87	5171824.74	176.497
21654644.02	5171804.73	299.253
21654716.17	5171784.72	415.353
21654788.31	5171764.71	209.737
21654860.46	5171744.7	4.73722
21654932.61	5171724.7	36.2193
21655004.75	5171704.69	45.3911
21655076.9	5171684.68	23.5544
21655149.05	5171664.67	37.2266
21655221.19	5171644.66	34.3649
21655293.34	5171624.65	19.2128
21655365.49	5171604.65	177.752
21655437.63	5171584.64	198.017
21655509.78	5171564.63	136.288
21655581.93	5171544.62	95.78
21655654.07	5171524.61	29.1423
21655726.22	5171504.61	26.7999
21655798.37	5171484.6	38.675
21655870.51	5171464.59	114.314
21655942.66	5171444.58	212.264
21656014.81	5171424.57	102.569
21656086.95	5171404.57	35.9774
21656159.1	5171384.56	17.4454
21656231.25	5171364.55	7.30488
21656303.39	5171344.54	25.8258
21656375.54	5171324.53	35.3886
21656447.69	5171304.53	29.5606
21656519.83	5171284.52	26.5484
21656591.98	5171264.51	23.9433
21656664.13	5171244.5	30.0564
21656736.27	5171224.49	37.1822
21656808.42	5171204.49	96.79
21656880.57	5171184.48	43.7633
21656952.71	5171164.47	39.2722
21657024.86	5171144.46	133.805
21657097.01	5171124.45	472.867
21657169.15	5171104.45	473.394
21657241.3	5171084.44	614.817
21657313.45	5171064.43	286.768
21657385.59	5171044.42	112.376
21657457.74	5171024.41	410.12
21657529.89	5171004.41	520.879
21657602.03	5170984.4	529.991
21657674.18	5170964.39	463.84
21657746.33	5170944.38	745.536
21657818.47	5170924.37	847.967
21657890.62	5170904.36	876.065
21657962.77	5170884.36	854.998
21658034.91	5170864.35	783.356
21658107.06	5170844.34	799.794
21658179.21	5170824.33	693.398
21658251.36	5170804.32	631.226
21658323.5	5170784.32	524.538
21658395.65	5170764.31	436.665
21658467.8	5170744.3	277.999
21658539.94	5170724.29	119.333
21658612.09	5170704.28	109.998
21658684.24	5170684.28	141.148
21658756.38	5170664.27	161.491
21658828.53	5170644.26	26.1124
21658900.68	5170624.25	194.881
21658972.82	5170604.24	36.934
21659044.97	5170584.24	24.5076
