21653307.22	5170346.33	600.59
21653379.37	5170326.32	386.025
21653451.52	5170306.31	30.9662
21653523.66	5170286.3	260.722
21653595.81	5170266.29	158.731
21653667.96	5170246.29	11.9673
21653740.1	5170226.28	0.5
21653812.25	5170206.27	929.018
21653884.4	5170186.26	464.129
21653956.54	5170166.25	534.638
21654028.69	5170146.25	29.5107
21654100.84	5170126.24	23.154
21654172.98	5170106.23	326.26
21654245.13	5170086.22	0.5
21654317.28	5170066.21	558.229
21654389.42	5170046.21	574.588
21654461.57	5170026.2	156.923
21654533.72	5170006.19	102.373
21654605.86	5169986.18	246.962
21654678.01	5169966.17	253.021
21654750.16	5169946.17	281.181
21654822.31	5169926.16	747.947
21654894.45	5169906.15	562.484
21654966.6	5169886.14	492.644
21655038.75	5169866.13	524.026
21655110.89	5169846.13	534.803
21655183.04	5169826.12	800.274
21655255.19	5169806.11	820.308
21655327.33	5169786.1	631.546
21655399.48	5169766.09	544.765
21653254.7	5170437.11	471.872
21653326.85	5170417.1	442.649
21653399	5170397.09	277.653
21653471.14	5170377.08	29.2187
21653543.29	5170357.07	31.1348
21653615.44	5170337.07	31.8417
21653687.58	5170317.06	33.9347
21653759.73	5170297.05	0.5
21653831.88	5170277.04	32.9511
21653904.02	5170257.03	29.5611
21653976.17	5170237.03	36.7458
21654048.32	5170217.02	20.3541
21654120.46	5170197.01	16.264
21654192.61	5170177	0.5
21654264.76	5170156.99	0.5
21654336.9	5170136.98	502.973
21654409.05	5170116.98	481.982
21654481.2	5170096.97	33.9225
21654553.34	5170076.96	33.6793
21654625.49	5170056.95	81.1689
21654697.64	5170036.94	417.524
21654769.78	5170016.94	530.833
21654841.93	5169996.93	616.129
21654914.08	5169976.92	670.297
21654986.23	5169956.91	640.002
21655058.37	5169936.9	734.916
21655130.52	5169916.9	548.609
21655202.66	5169896.89	822.229
21655274.81	5169876.88	880.141
21655346.96	5169856.87	739.082
21655419.11	5169836.86	385.516
21655491.25	5169816.86	30.1337
21655563.4	5169796.85	24.6754
21655635.55	5169776.84	33.9313
21655707.69	5169756.83	197.001
21655779.84	5169736.82	19.1842
21655851.99	5169716.82	19.5895
21655924.13	5169696.81	0.5
21655996.28	5169676.8	438.192
21656068.43	5169656.79	34.0918
21656140.57	5169636.78	24.7215
21656212.72	5169616.78	40.9361
21656284.87	5169596.77	29.0064
21656357.01	5169576.76	23.2152
21656429.16	5169556.75	37.8842
21656501.31	5169536.74	16.6172
21656573.45	5169516.74	507.062
21656645.6	5169496.73	33.0697
21656717.75	5169476.72	21.3974
21656789.89	5169456.71	32.6101
21656862.04	5169436.7	33.5211
21656934.19	5169416.69	19.0615
21657006.33	5169396.69	17.1787
21657078.48	5169376.68	21.5117
21657150.63	5169356.67	614.051
21657222.77	5169336.66	780.242
21657294.92	5169316.65	500.507
21657367.07	5169296.65	566.897
21657439.21	5169276.64	615.872
21657511.36	5169256.63	796.384
21657583.51	5169236.62	764.49
21657655.65	5169216.61	719.402
21657727.8	5169196.61	82.6561
21657799.95	5169176.6	32.4306
21657872.09	5169156.59	522.847
21657944.24	5169136.58	740.644
21658016.39	5169116.57	665.071
21658088.53	5169096.57	644.622
21658160.68	5169076.56	507.711
21658232.83	5169056.55	410.19
21658304.97	5169036.54	550.306
21658377.12	5169016.53	680.582
21658449.27	5168996.53	491.597
21658521.41	5168976.52	447.756
21658593.56	5168956.51	255.027
21658665.71	5168936.5	362.908
21658737.85	5168916.49	607.092
21658810	5168896.49	291.099
21658882.15	5168876.48	226.827
21658954.29	5168856.47	240.921
21659026.44	5168836.46	294.179
21659098.59	5168816.45	695.313
21653274.33	5170507.88	18.1433
21653346.48	5170487.87	23.3337
21653418.62	5170467.86	31.0315
21653490.77	5170447.85	36.653
21653562.92	5170427.84	33.1506
21653635.06	5170407.84	26.4048
21653707.21	5170387.83	184.614
21653779.36	5170367.82	260.964
21653851.5	5170347.81	524.858
21653923.65	5170327.8	31.2992
21653995.8	5170307.8	31.2514
21654067.94	5170287.79	118.303
21654140.09	5170267.78	18.0062
21654212.24	5170247.77	0.5
21654284.38	5170227.76	0.5
21654356.53	5170207.76	0.5
21654428.68	5170187.75	0.5
21654500.82	5170167.74	61.3128
21654572.97	5170147.73	411.223
21654645.12	5170127.72	536.719
21654717.26	5170107.72	709.274
21654789.41	5170087.71	673.667
21654861.56	5170067.7	568.747
21654933.7	5170047.69	550.066
21655005.85	5170027.68	617.196
21655078	5170007.68	643.224
21655150.14	5169987.67	728.274
21655222.29	5169967.66	706.458
21655294.44	5169947.65	822.968
21655366.58	5169927.64	838.827
21655438.73	5169907.63	596.317
21655510.88	5169887.63	264.202
21655583.03	5169867.62	237.76
21655655.17	5169847.61	129.586
21655727.32	5169827.6	566.582
21655799.47	5169807.59	36.1326
21655871.61	5169787.59	0.5
21655943.76	5169767.58	11.1473
21656015.91	5169747.57	36.5261
21656088.05	5169727.56	387.095
21656160.2	5169707.55	242.813
21656232.35	5169687.55	64.3467
21656304.49	5169667.54	33.4889
21656376.64	5169647.53	10.3888
21656448.79	5169627.52	32.0924
21656520.93	5169607.51	35.156
21656593.08	5169587.51	59.8956
21656665.23	5169567.5	19.3659
21656737.37	5169547.49	10.6422
21656809.52	5169527.48	17.4433
21656881.67	5169507.47	34.2237
21656953.81	5169487.47	25.1676
21657025.96	5169467.46	28.8378
21657098.11	5169447.45	273.368
21657170.25	5169427.44	702.057
21657242.4	5169407.43	667.723
21657314.55	5169387.43	719.722
21657386.69	5169367.42	758.888
21657458.84	5169347.41	747.274
21657530.99	5169327.4	702.513
21657603.13	5169307.39	652.692
21657675.28	5169287.39	666.654
21657747.43	5169267.38	32.9076
21657819.57	5169247.37	26.1031
21657891.72	5169227.36	32.5044
21657963.87	5169207.35	558.201
21658036.01	5169187.34	718.474
21658108.16	5169167.34	624.172
21658180.31	5169147.33	380.553
21658252.45	5169127.32	165.442
21658324.6	5169107.31	606.917
21658396.75	5169087.3	526.707
21658468.89	5169067.3	210.426
21658541.04	5169047.29	32.9875
21658613.19	5169027.28	25.5529
21658685.33	5169007.27	174.843
21658757.48	5168987.26	621.491
21658829.63	5168967.26	271.921
21658901.77	5168947.25	225.606
21658973.92	5168927.24	249.724
21659046.07	5168907.23	282.488
21653293.96	5170578.65	90.2183
21653366.1	5170558.64	24.4481
21653438.25	5170538.63	23.2062
21653510.4	5170518.62	20.1737
21653582.54	5170498.61	16.3424
21653654.69	5170478.61	0.5
21653726.84	5170458.6	154.161
21653798.98	5170438.59	587.183
21653871.13	5170418.58	339.787
21653943.28	5170398.57	25.7048
21654015.42	5170378.57	34.1715
21654087.57	5170358.56	416.077
21654159.72	5170338.55	421.219
21654231.86	5170318.54	769.033
21654304.01	5170298.53	0.5
21654376.16	5170278.53	22.726
21654448.3	5170258.52	20.2648
21654520.45	5170238.51	329.651
21654592.6	5170218.5	566.739
21654664.74	5170198.49	1012.85
21654736.89	5170178.49	776.961
21654809.04	5170158.48	764.837
21654881.18	5170138.47	771.256
21654953.33	5170118.46	714.476
21655025.48	5170098.45	566.894
21655097.62	5170078.45	565.256
21655169.77	5170058.44	581.504
21655241.92	5170038.43	638.717
21655314.06	5170018.42	904.174
21655386.21	5169998.41	1057.02
21655458.36	5169978.41	678.569
21655530.5	5169958.4	680.877
21655602.65	5169938.39	885.397
21655674.8	5169918.38	944.389
21655746.95	5169898.37	804.067
21655819.09	5169878.37	798.991
21655891.24	5169858.36	201.437
21655963.38	5169838.35	23.8685
21656035.53	5169818.34	29.9342
21656107.68	5169798.33	519.142
21656179.83	5169778.32	624.279
21656251.97	5169758.32	483.153
21656324.12	5169738.31	104.265
21656396.27	5169718.3	34.8572
21656468.41	5169698.29	27.1904
21656540.56	5169678.28	21.75
21656612.71	5169658.28	37.617
21656684.85	5169638.27	31.4611
21656757	5169618.26	23.6188
21656829.15	5169598.25	21.2603
21656901.29	5169578.24	29.7797
21656973.44	5169558.24	27.4401
21657045.59	5169538.23	319.933
21657117.73	5169518.22	646.798
21657189.88	5169498.21	637.21
21657262.03	5169478.2	597.492
21657334.17	5169458.2	665.844
21657406.32	5169438.19	744.064
21657478.47	5169418.18	681.3
21657550.61	5169398.17	624.701
21657622.76	5169378.16	700.65
21657694.91	5169358.16	721.646
21657767.05	5169338.15	665.643
21657839.2	5169318.14	674.091
21657911.35	5169298.13	680.472
21657983.49	5169278.12	672.384
21658055.64	5169258.12	665.708
21658127.79	5169238.11	730.619
21658199.93	5169218.1	389.499
21658272.08	5169198.09	154.344
21658344.23	5169178.08	195.845
21658416.37	5169158.08	56.5989
21658488.52	5169138.07	13.9242
21658560.67	5169118.06	14.9134
21658632.81	5169098.05	15.6136
21658704.96	5169078.04	40.9667
21658777.11	5169058.03	622.067
21658849.25	5169038.03	598.532
21658921.4	5169018.02	520.982
21658993.55	5168998.01	286.793
21659065.69	5168978	260.58
21653313.58	5170649.42	467.971
21653385.73	5170629.41	34.4107
21653457.88	5170609.4	0.5
21653530.02	5170589.39	13
21653602.17	5170569.39	0.5
21653674.32	5170549.38	14.5611
21653746.46	5170529.37	408.914
21653818.61	5170509.36	523.686
21653890.76	5170489.35	46.4989
21653962.9	5170469.35	140.773
21654035.05	5170449.34	283.275
21654107.2	5170429.33	588.246
21654179.34	5170409.32	611.903
21654251.49	5170389.31	393.376
21654323.64	5170369.3	71.5961
21654395.78	5170349.3	287.976
21654467.93	5170329.29	116.662
21654540.08	5170309.28	490.494
21654612.22	5170289.27	660.555
21654684.37	5170269.26	963.743
21654756.52	5170249.26	746.429
21654828.66	5170229.25	771.48
21654900.81	5170209.24	806.124
21654972.96	5170189.23	770.952
21655045.1	5170169.22	606.767
21655117.25	5170149.22	565.323
21655189.4	5170129.21	589.037
21655261.54	5170109.2	696.854
21655333.69	5170089.19	758.455
21655405.84	5170069.18	772.928
21655477.98	5170049.18	727.219
21655550.13	5170029.17	703.958
21655622.28	5170009.16	640.401
21655694.42	5169989.15	791.257
21655766.57	5169969.14	835.007
21655838.72	5169949.14	865.667
21655910.86	5169929.13	620.418
21655983.01	5169909.12	519.686
21656055.16	5169889.11	388.096
21656127.3	5169869.1	517.952
21656199.45	5169849.1	621.118
21656271.6	5169829.09	579.841
21656343.75	5169809.08	542.113
21656415.89	5169789.07	631.485
21656488.04	5169769.06	21.75
21656560.19	5169749.06	21.75
21656632.33	5169729.05	22.4049
21656704.48	5169709.04	26.1206
21656776.63	5169689.03	33.4259
21656848.77	5169669.02	138.901
21656920.92	5169649.02	213.657
21656993.07	5169629.01	495.464
21657065.21	5169609	599.956
21657137.36	5169588.99	466.698
21657209.51	5169568.98	259.434
21657281.65	5169548.97	341.429
21657353.8	5169528.97	120.686
21657425.95	5169508.96	127.178
21657498.09	5169488.95	353.451
21657570.24	5169468.94	449.216
21657642.39	5169448.93	566.461
21657714.53	5169428.93	620.033
21657786.68	5169408.92	695.181
21657858.83	5169388.91	799.818
21657930.97	5169368.9	788.725
21658003.12	5169348.89	780.103
21658075.27	5169328.89	585.688
21658147.41	5169308.88	718.005
21658219.56	5169288.87	640.917
21658291.71	5169268.86	268.216
21658363.85	5169248.85	94.5539
21658436	5169228.85	29.5469
21658508.15	5169208.84	21.5834
21658580.29	5169188.83	13
21658652.44	5169168.82	22.9119
21658724.59	5169148.81	61.7628
21658796.73	5169128.81	570.648
21658868.88	5169108.8	660.187
21658941.03	5169088.79	639.948
21659013.17	5169068.78	657.717
21659085.32	5169048.77	646.224
21653261.06	5170740.2	799.405
21653333.21	5170720.19	656.509
21653405.36	5170700.18	151.759
21653477.5	5170680.17	23.4419
21653549.65	5170660.16	20.4402
21653621.8	5170640.16	15.6077
21653693.94	5170620.15	16.3047
21653766.09	5170600.14	514.205
21653838.24	5170580.13	571.484
21653910.38	5170560.12	574.421
21653982.53	5170540.12	613.546
21654054.68	5170520.11	683.077
21654126.82	5170500.1	514.264
21654198.97	5170480.09	519.517
21654271.12	5170460.08	592.889
21654343.26	5170440.08	641.792
21654415.41	5170420.07	523.301
21654487.56	5170400.06	363.779
21654559.7	5170380.05	217.868
21654631.85	5170360.04	32.5743
21654704	5170340.04	847.712
21654776.14	5170320.03	792.764
21654848.29	5170300.02	780.874
21654920.44	5170280.01	787.265
21654992.58	5170260	916.498
21655064.73	5170240	772.156
21655136.88	5170219.99	738.593
21655209.02	5170199.98	808.79
21655281.17	5170179.97	828.293
21655353.32	5170159.96	785.164
21655425.46	5170139.95	759.531
21655497.61	5170119.95	726.021
21655569.76	5170099.94	569.271
21655641.9	5170079.93	638.111
21655714.05	5170059.92	675.843
21655786.2	5170039.91	709.216
21655858.34	5170019.91	779.603
21655930.49	5169999.9	826.673
21656002.64	5169979.89	804.139
21656074.78	5169959.88	789.426
21656146.93	5169939.87	714.091
21656219.08	5169919.87	688.287
21656291.22	5169899.86	555.052
21656363.37	5169879.85	523.051
21656435.52	5169859.84	558.461
21656507.66	5169839.83	453.943
21656579.81	5169819.83	334.669
21656651.96	5169799.82	379.273
21656724.1	5169779.81	26.3083
21656796.25	5169759.8	41.0572
21656868.4	5169739.79	456.822
21656940.55	5169719.79	556.031
21657012.69	5169699.78	541.171
21657084.84	5169679.77	586.347
21657156.99	5169659.76	138.767
21657229.13	5169639.75	18.6119
21657301.28	5169619.75	13.5284
21657373.43	5169599.74	15.7024
21657445.57	5169579.73	20.434
21657517.72	5169559.72	29.9139
21657589.87	5169539.71	27.2501
21657662.01	5169519.71	80.0289
21657734.16	5169499.7	550.122
21657806.31	5169479.69	718.651
21657878.45	5169459.68	846.616
21657950.6	5169439.67	833.714
21658022.75	5169419.66	744.865
21658094.89	5169399.66	830.129
21658167.04	5169379.65	852.478
21658239.19	5169359.64	547.411
21658311.33	5169339.63	173.637
21658383.48	5169319.62	211.318
21658455.63	5169299.62	56.5611
21658527.77	5169279.61	25.8551
21658599.92	5169259.6	15.8604
21658672.07	5169239.59	13.2597
21658744.21	5169219.58	25.6626
21658816.36	5169199.58	517.322
21658888.51	5169179.57	599.777
21658960.65	5169159.56	674.817
21659032.8	5169139.55	677.827
21659104.95	5169119.54	686.702
21653280.69	5170810.97	813.768
21653352.84	5170790.96	788.508
21653424.98	5170770.95	413.791
21653497.13	5170750.94	26.4862
21653569.28	5170730.93	0.5
21653641.42	5170710.93	22.3341
21653713.57	5170690.92	27.1661
21653785.72	5170670.91	20.4263
21653857.86	5170650.9	620.452
21653930.01	5170630.89	586.157
21654002.16	5170610.89	551.526
21654074.3	5170590.88	548.166
21654146.45	5170570.87	561.48
21654218.6	5170550.86	518.013
21654290.74	5170530.85	811.874
21654362.89	5170510.85	798.149
21654435.04	5170490.84	603.836
21654507.18	5170470.83	344.939
21654579.33	5170450.82	32.1443
21654651.48	5170430.81	26.755
21654723.62	5170410.81	678.753
21654795.77	5170390.8	818.643
21654867.92	5170370.79	784.947
21654940.06	5170350.78	763.373
21655012.21	5170330.77	817.242
21655084.36	5170310.77	820.196
21655156.5	5170290.76	770.221
21655228.65	5170270.75	784.084
21655300.8	5170250.74	608.195
21655372.94	5170230.73	519.101
21655445.09	5170210.73	615.321
21655517.24	5170190.72	307.784
21655589.38	5170170.71	645.619
21655661.53	5170150.7	512.453
21655733.68	5170130.69	334.446
21655805.82	5170110.69	450.833
21655877.97	5170090.68	734.418
21655950.12	5170070.67	854.746
21656022.26	5170050.66	866.029
21656094.41	5170030.65	808.118
21656166.56	5170010.65	781.298
21656238.7	5169990.64	839.223
21656310.85	5169970.63	690.464
21656383	5169950.62	694.274
21656455.14	5169930.61	661.28
21656527.29	5169910.6	615.197
21656599.44	5169890.6	716.204
21656671.58	5169870.59	648.456
21656743.73	5169850.58	478.606
21656815.88	5169830.57	0.5
21656888.02	5169810.56	564.386
21656960.17	5169790.56	435.665
21657032.32	5169770.55	26.4167
21657104.47	5169750.54	0.5
21657176.61	5169730.53	0.5
21657248.76	5169710.52	0.5
21657320.91	5169690.52	0.5
21657393.05	5169670.51	0.5
21657465.2	5169650.5	0.5
21657537.35	5169630.49	0.5
21657609.49	5169610.48	0.5
21657681.64	5169590.48	18.4355
21657753.79	5169570.47	471.816
21657825.93	5169550.46	703.162
21657898.08	5169530.45	869.694
21657970.23	5169510.44	843.821
21658042.37	5169490.44	741.552
21658114.52	5169470.43	859.248
21658186.67	5169450.42	768.565
21658258.81	5169430.41	586.333
21658330.96	5169410.4	351.831
21658403.11	5169390.4	144.916
21658475.25	5169370.39	254.759
21658547.4	5169350.38	27.0467
21658619.55	5169330.37	15.3509
21658691.69	5169310.36	13.6016
21658763.84	5169290.36	21.9583
21658835.99	5169270.35	34.5827
21658908.13	5169250.34	496.049
21658980.28	5169230.33	592.721
21659052.43	5169210.32	543.794
21653300.32	5170881.74	799.604
21653372.46	5170861.73	751.365
21653444.61	5170841.72	761.685
21653516.76	5170821.71	704.464
21653588.9	5170801.71	114.044
21653661.05	5170781.7	35.0089
21653733.2	5170761.69	35.5494
21653805.34	5170741.68	24.8651
21653877.49	5170721.67	0.5
21653949.64	5170701.67	720.784
21654021.78	5170681.66	626.949
21654093.93	5170661.65	629.869
21654166.08	5170641.64	487.004
21654238.22	5170621.63	435.687
21654310.37	5170601.63	691.404
21654382.52	5170581.62	700.622
21654454.66	5170561.61	625.635
21654526.81	5170541.6	36.457
21654598.96	5170521.59	0.5
21654671.1	5170501.58	175.517
21654743.25	5170481.58	35.5993
21654815.4	5170461.57	316.076
21654887.54	5170441.56	660.839
21654959.69	5170421.55	590.564
21655031.84	5170401.54	757.289
21655103.98	5170381.54	697.144
21655176.13	5170361.53	690.102
21655248.28	5170341.52	473.269
21655320.42	5170321.51	16.45
21655392.57	5170301.5	29.9453
21655464.72	5170281.5	33.429
21655536.86	5170261.49	113.536
21655609.01	5170241.48	616.069
21655681.16	5170221.47	699.58
21655753.3	5170201.46	732.92
21655825.45	5170181.46	706.637
21655897.6	5170161.45	775.359
21655969.74	5170141.44	825.295
21656041.89	5170121.43	870.017
21656114.04	5170101.42	816.319
21656186.18	5170081.42	775.385
21656258.33	5170061.41	796.501
21656330.48	5170041.4	819.752
21656402.62	5170021.39	541.328
21656474.77	5170001.38	711.329
21656546.92	5169981.38	743.252
21656619.06	5169961.37	715.221
21656691.21	5169941.36	588.526
21656763.36	5169921.35	468.963
21656835.5	5169901.34	0.5
21656907.65	5169881.34	0.5
21656979.8	5169861.33	0.5
21657051.94	5169841.32	0.5
21657124.09	5169821.31	0.5
21657196.24	5169801.3	0.5
21657268.38	5169781.3	0.5
21657340.53	5169761.29	0.5
21657412.68	5169741.28	0.5
21657484.83	5169721.27	0.5
21657556.97	5169701.26	0.5
21657629.12	5169681.25	0.5
21657701.27	5169661.25	0.5
21657773.41	5169641.24	25.0078
21657845.56	5169621.23	108.791
21657917.71	5169601.22	555.594
21657989.85	5169581.21	635.873
21658062	5169561.21	687.581
21658134.15	5169541.2	624.588
21658206.29	5169521.19	638.845
21658278.44	5169501.18	577.359
21658350.59	5169481.17	555.717
21658422.73	5169461.17	413.803
21658494.88	5169441.16	341.424
21658567.03	5169421.15	11.4812
21658639.17	5169401.14	8.83333
21658711.32	5169381.13	15.5494
21658783.47	5169361.13	20.9479
21658855.61	5169341.12	21.2776
21658927.76	5169321.11	26.9998
21658999.91	5169301.1	92.9833
21659072.05	5169281.09	512.364
21653247.8	5170972.52	838.821
21653319.94	5170952.51	839.437
21653392.09	5170932.5	859.159
21653464.24	5170912.49	879.233
21653536.38	5170892.48	781.042
21653608.53	5170872.48	506.404
21653680.68	5170852.47	26.2901
21653752.82	5170832.46	29.5724
21653824.97	5170812.45	0.5
21653897.12	5170792.44	12.7239
21653969.26	5170772.44	254.225
21654041.41	5170752.43	26.6779
21654113.56	5170732.42	202.494
21654185.7	5170712.41	430.764
21654257.85	5170692.4	362.639
21654330	5170672.4	546.581
21654402.14	5170652.39	610.919
21654474.29	5170632.38	516.524
21654546.44	5170612.37	359.585
21654618.58	5170592.36	282.885
21654690.73	5170572.36	281.705
21654762.88	5170552.35	0.5
21654835.02	5170532.34	361.296
21654907.17	5170512.33	198.503
21654979.32	5170492.32	214.012
21655051.46	5170472.32	54.8878
21655123.61	5170452.31	193.071
21655195.76	5170432.3	296.798
21655267.9	5170412.29	32.3087
21655340.05	5170392.28	9.10708
21655412.2	5170372.28	13.5283
21655484.34	5170352.27	13
21655556.49	5170332.26	16.5272
21655628.64	5170312.25	30.2334
21655700.78	5170292.24	358.177
21655772.93	5170272.23	550.774
21655845.08	5170252.23	773.34
21655917.22	5170232.22	1061.74
21655989.37	5170212.21	854.694
21656061.52	5170192.2	833.316
21656133.66	5170172.19	809.169
21656205.81	5170152.19	794.796
21656277.96	5170132.18	765.697
21656350.1	5170112.17	679.923
21656422.25	5170092.16	265.248
21656494.4	5170072.15	776.083
21656566.54	5170052.15	782.823
21656638.69	5170032.14	757.129
21656710.84	5170012.13	341.083
21656782.98	5169992.12	9.84045
21656855.13	5169972.11	0.5
21656927.28	5169952.11	0.5
21656999.42	5169932.1	0.5
21657071.57	5169912.09	0.5
21657143.72	5169892.08	0.5
21657215.86	5169872.07	0.5
21657288.01	5169852.07	0.5
21657360.16	5169832.06	21.6515
21657432.3	5169812.05	21.0024
21657504.45	5169792.04	0.5
21657576.6	5169772.03	0.5
21657648.74	5169752.03	0.5
21657720.89	5169732.02	0.5
21657793.04	5169712.01	0.5
21657865.18	5169692	0.5
21657937.33	5169671.99	0.5
21658009.48	5169651.99	447.982
21658081.63	5169631.98	577.629
21658153.77	5169611.97	171.535
21658225.92	5169591.96	229.416
21658298.07	5169571.95	255.105
21658370.21	5169551.94	612.009
21658442.36	5169531.94	478.267
21658514.51	5169511.93	227.859
21658586.65	5169491.92	0.5
21658658.8	5169471.91	0.5
21658730.95	5169451.9	24.3503
21658803.09	5169431.9	35.8093
21658875.24	5169411.89	34.8367
21658947.39	5169391.88	32.1529
21659019.53	5169371.87	58.5183
21659091.68	5169351.86	420.379
21653267.42	5171043.29	827.977
21653339.57	5171023.28	841.974
21653411.72	5171003.27	856.782
21653483.86	5170983.26	872.078
21653556.01	5170963.26	791.689
21653628.16	5170943.25	513.541
21653700.3	5170923.24	77.3672
21653772.45	5170903.23	27.312
21653844.6	5170883.22	140.837
21653916.74	5170863.21	400.778
21653988.89	5170843.21	379.333
21654061.04	5170823.2	15.4411
21654133.18	5170803.19	13
21654205.33	5170783.18	30.4587
21654277.48	5170763.17	383.007
21654349.62	5170743.17	551.913
21654421.77	5170723.16	739.522
21654493.92	5170703.15	616.766
21654566.06	5170683.14	657.052
21654638.21	5170663.13	783.446
21654710.36	5170643.13	479.648
21654782.5	5170623.12	22.7073
21654854.65	5170603.11	0.5
21654926.8	5170583.1	22.6624
21654998.94	5170563.09	22.8922
21655071.09	5170543.09	26.2356
21655143.24	5170523.08	18.1
21655215.38	5170503.07	29.7381
21655287.53	5170483.06	34.9296
21655359.68	5170463.05	20.5326
21655431.82	5170443.05	0.5
21655503.97	5170423.04	0.5
21655576.12	5170403.03	0.5
21655648.26	5170383.02	23.1634
21655720.41	5170363.01	30.5824
21655792.56	5170343.01	271.247
21655864.7	5170323	794.351
21655936.85	5170302.99	928.997
21656009	5170282.98	871.716
21656081.14	5170262.97	833.016
21656153.29	5170242.97	807.884
21656225.44	5170222.96	789.824
21656297.58	5170202.95	770.178
21656369.73	5170182.94	643.234
21656441.88	5170162.93	570.275
21656514.02	5170142.93	710.779
21656586.17	5170122.92	711.157
21656658.32	5170102.91	616.908
21656730.46	5170082.9	140.382
21656802.61	5170062.89	14.9035
21656874.76	5170042.88	416.761
21656946.9	5170022.88	387.53
21657019.05	5170002.87	0.5
21657091.2	5169982.86	0.5
21657163.34	5169962.85	0.5
21657235.49	5169942.84	0.5
21657307.64	5169922.84	0.5
21657379.78	5169902.83	23.1417
21657451.93	5169882.82	23.3878
21657524.08	5169862.81	0.5
21657596.22	5169842.8	0.5
21657668.37	5169822.8	10.9178
21657740.52	5169802.79	10.632
21657812.66	5169782.78	35.6723
21657884.81	5169762.77	0.5
21657956.96	5169742.76	380.078
21658029.1	5169722.76	353.448
21658101.25	5169702.75	13
21658173.4	5169682.74	13
21658245.54	5169662.73	19.0133
21658317.69	5169642.72	160.789
21658389.84	5169622.72	61.7467
21658461.99	5169602.71	34.0053
21658534.13	5169582.7	12.8112
21658606.28	5169562.69	0.5
21658678.43	5169542.68	0.5
21658750.57	5169522.68	0.5
21658822.72	5169502.67	30.3927
21658894.87	5169482.66	35.6082
21658967.01	5169462.65	33.5014
21659039.16	5169442.64	196.633
21659111.31	5169422.64	619.779
21653287.05	5171114.06	800.113
21653359.2	5171094.05	628.87
21653431.34	5171074.04	625.213
21653503.49	5171054.03	798.232
21653575.64	5171034.03	790.623
21653647.78	5171014.02	680.178
21653719.93	5170994.01	35.9761
21653792.08	5170974	37.2095
21653864.22	5170953.99	574.562
21653936.37	5170933.99	558.776
21654008.52	5170913.98	152.039
21654080.66	5170893.97	16.1376
21654152.81	5170873.96	0.5
21654224.96	5170853.95	0.5
21654297.1	5170833.95	281.909
21654369.25	5170813.94	536.651
21654441.4	5170793.93	597.689
21654513.54	5170773.92	781.807
21654585.69	5170753.91	905.361
21654657.84	5170733.91	1013.57
21654729.98	5170713.9	476.524
21654802.13	5170693.89	34.0483
21654874.28	5170673.88	27.7842
21654946.42	5170653.87	0.5
21655018.57	5170633.86	0.5
21655090.72	5170613.86	0.5
21655162.86	5170593.85	0.5
21655235.01	5170573.84	0.5
21655307.16	5170553.83	26.5483
21655379.3	5170533.82	0.5
21655451.45	5170513.82	0.5
21655523.6	5170493.81	0.5
21655595.74	5170473.8	0.5
21655667.89	5170453.79	0.5
21655740.04	5170433.78	0.5
21655812.18	5170413.78	17.2244
21655884.33	5170393.77	641.169
21655956.48	5170373.76	685.527
21656028.62	5170353.75	798.571
21656100.77	5170333.74	818.172
21656172.92	5170313.74	832.178
21656245.06	5170293.73	793.854
21656317.21	5170273.72	719.868
21656389.36	5170253.71	728.001
21656461.5	5170233.7	527.319
21656533.65	5170213.7	558.286
21656605.8	5170193.69	613.563
21656677.94	5170173.68	626.839
21656750.09	5170153.67	641.746
21656822.24	5170133.66	301.715
21656894.38	5170113.66	226.752
21656966.53	5170093.65	27.9709
21657038.68	5170073.64	19.1325
21657110.82	5170053.63	0.5
21657182.97	5170033.62	0.5
21657255.12	5170013.62	0.5
21657327.26	5169993.61	0.5
21657399.41	5169973.6	14.3923
21657471.56	5169953.59	0.5
21657543.7	5169933.58	0.5
21657615.85	5169913.57	0.5
21657688	5169893.57	13
21657760.14	5169873.56	17.1341
21657832.29	5169853.55	27.6279
21657904.44	5169833.54	210.104
21657976.58	5169813.53	680.942
21658048.73	5169793.53	663.594
21658120.88	5169773.52	24.1513
21658193.02	5169753.51	13.9275
21658265.17	5169733.5	23.3933
21658337.32	5169713.49	36.0437
21658409.46	5169693.49	113.8
21658481.61	5169673.48	27.2694
21658553.76	5169653.47	0.5
21658625.91	5169633.46	0.5
21658698.05	5169613.45	0.5
21658770.2	5169593.45	0.5
21658842.35	5169573.44	22.3898
21658914.49	5169553.43	29.8391
21658986.64	5169533.42	145.029
21659058.79	5169513.41	0.5
21653306.68	5171184.83	650.246
21653378.82	5171164.82	22.5759
21653450.97	5171144.81	333.252
21653523.12	5171124.8	549.338
21653595.26	5171104.8	806.101
21653667.41	5171084.79	754.027
21653739.56	5171064.78	111.098
21653811.7	5171044.77	32.1162
21653883.85	5171024.76	479.929
21653956	5171004.76	772.829
21654028.14	5170984.75	115.311
21654100.29	5170964.74	60.975
21654172.44	5170944.73	34.9705
21654244.58	5170924.72	28.5639
21654316.73	5170904.72	0.5
21654388.88	5170884.71	398.877
21654461.02	5170864.7	391.842
21654533.17	5170844.69	269.06
21654605.32	5170824.68	521.092
21654677.46	5170804.68	304.517
21654749.61	5170784.67	14.7607
21654821.76	5170764.66	147.947
21654893.9	5170744.65	125.095
21654966.05	5170724.64	32.666
21655038.2	5170704.64	0.5
21655110.34	5170684.63	0.5
21655182.49	5170664.62	0.5
21655254.64	5170644.61	0.5
21655326.78	5170624.6	28.0623
21655398.93	5170604.6	0.5
21655471.08	5170584.59	19.5892
21655543.22	5170564.58	264.106
21655615.37	5170544.57	496.479
21655687.52	5170524.56	0.5
21655759.66	5170504.56	0.5
21655831.81	5170484.55	0.5
21655903.96	5170464.54	0.5
21655976.1	5170444.53	9.57604
21656048.25	5170424.52	680.007
21656120.4	5170404.51	751.553
21656192.54	5170384.51	773.575
21656264.69	5170364.5	774.019
21656336.84	5170344.49	755.904
21656408.98	5170324.48	680.151
21656481.13	5170304.47	605.164
21656553.28	5170284.47	586.594
21656625.42	5170264.46	556.725
21656697.57	5170244.45	428.036
21656769.72	5170224.44	592.498
21656841.86	5170204.43	189.929
21656914.01	5170184.43	34.2416
21656986.16	5170164.42	27.9807
21657058.3	5170144.41	20.029
21657130.45	5170124.4	25.1633
21657202.6	5170104.39	22.549
21657274.74	5170084.39	0.5
21657346.89	5170064.38	0.5
21657419.04	5170044.37	0.5
21657491.18	5170024.36	0.5
21657563.33	5170004.35	0.5
21657635.48	5169984.35	0.5
21657707.62	5169964.34	0.5
21657779.77	5169944.33	0.5
21657851.92	5169924.32	23.0651
21657924.06	5169904.31	328.66
21657996.21	5169884.31	691.88
21658068.36	5169864.3	64.2572
21658140.5	5169844.29	21.2974
21658212.65	5169824.28	19.8567
21658284.8	5169804.27	19.8891
21658356.94	5169784.27	20.0335
21658429.09	5169764.26	0.5
21658501.24	5169744.25	0.5
21658573.38	5169724.24	0.5
21658645.53	5169704.23	0.5
21658717.68	5169684.22	0.5
21658789.82	5169664.22	0.5
21658861.97	5169644.21	17.569
21658934.12	5169624.2	19.5086
21659006.26	5169604.19	13
21659078.41	5169584.18	13
21653254.15	5171275.61	837.148
21653326.3	5171255.6	324.354
21653398.45	5171235.59	280.181
21653470.6	5171215.58	759.713
21653542.74	5171195.58	998.406
21653614.89	5171175.57	829.525
21653687.04	5171155.56	805.768
21653759.18	5171135.55	857.037
21653831.33	5171115.54	360.799
21653903.48	5171095.54	474.953
21653975.62	5171075.53	559.156
21654047.77	5171055.52	432.623
21654119.92	5171035.51	59.6794
21654192.06	5171015.5	30.8883
21654264.21	5170995.49	23.3232
21654336.36	5170975.49	15.7977
21654408.5	5170955.48	23.3906
21654480.65	5170935.47	489.036
21654552.8	5170915.46	486.517
21654624.94	5170895.45	262.082
21654697.09	5170875.45	94.1378
21654769.24	5170855.44	26.3091
21654841.38	5170835.43	160.903
21654913.53	5170815.42	133.931
21654985.68	5170795.41	296.327
21655057.82	5170775.41	32.8461
21655129.97	5170755.4	26.5833
21655202.12	5170735.39	20.5418
21655274.26	5170715.38	36.028
21655346.41	5170695.37	421.784
21655418.56	5170675.37	37.8075
21655490.7	5170655.36	25.0902
21655562.85	5170635.35	106.294
21655635	5170615.34	389.99
21655707.14	5170595.33	0.5
21655779.29	5170575.33	0.5
21655851.44	5170555.32	0.5
21655923.58	5170535.31	0.5
21655995.73	5170515.3	18.4503
21656067.88	5170495.29	592.898
21656140.02	5170475.29	638.686
21656212.17	5170455.28	706.467
21656284.32	5170435.27	722.041
21656356.46	5170415.26	672.343
21656428.61	5170395.25	619.323
21656500.76	5170375.25	433.571
21656572.9	5170355.24	221.951
21656645.05	5170335.23	388.687
21656717.2	5170315.22	30.1744
21656789.34	5170295.21	30.6007
21656861.49	5170275.21	18.5177
21656933.64	5170255.2	20.622
21657005.78	5170235.19	0.5
21657077.93	5170215.18	20.0626
21657150.08	5170195.17	24.3212
21657222.22	5170175.16	0.5
21657294.37	5170155.16	0.5
21657366.52	5170135.15	0.5
21657438.66	5170115.14	0.5
21657510.81	5170095.13	0.5
21657582.96	5170075.12	0.5
21657655.1	5170055.12	0.5
21657727.25	5170035.11	36.8965
21657799.4	5170015.1	0.5
21657871.54	5169995.09	5.82111
21657943.69	5169975.08	658.151
21658015.84	5169955.08	727.34
21658087.98	5169935.07	45.1911
21658160.13	5169915.06	59.3261
21658232.28	5169895.05	36.047
21658304.42	5169875.04	375.297
21658376.57	5169855.04	22.0189
21658448.72	5169835.03	14.1392
21658520.86	5169815.02	0.5
21658593.01	5169795.01	0.5
21658665.16	5169775	0.5
21658737.3	5169755	0.5
21658809.45	5169734.99	13
21658881.6	5169714.98	19.2798
21658953.74	5169694.97	27.7172
21659025.89	5169674.96	0.5
21659098.04	5169654.96	0.5
21653273.78	5171346.38	817.718
21653345.93	5171326.37	36.7568
21653418.07	5171306.36	584.902
21653490.22	5171286.35	785.046
21653562.37	5171266.35	876.515
21653634.51	5171246.34	836.102
21653706.66	5171226.33	796.336
21653778.81	5171206.32	815.034
21653850.96	5171186.31	825.701
21653923.1	5171166.31	34.0001
21653995.25	5171146.3	143.735
21654067.4	5171126.29	747.148
21654139.54	5171106.28	300.203
21654211.69	5171086.27	37.8696
21654283.84	5171066.27	34.462
21654355.98	5171046.26	265.485
21654428.13	5171026.25	596.827
21654500.28	5171006.24	681.641
21654572.42	5170986.23	607.255
21654644.57	5170966.23	407.996
21654716.72	5170946.22	150.878
21654788.86	5170926.21	28.9178
21654861.01	5170906.2	522.767
21654933.16	5170886.19	352.147
21655005.3	5170866.18	64.97
21655077.45	5170846.18	121.886
21655149.6	5170826.17	192.029
21655221.74	5170806.16	27.1995
21655293.89	5170786.15	24.1211
21655366.04	5170766.14	385.125
21655438.18	5170746.14	200.144
21655510.33	5170726.13	20.4678
21655582.48	5170706.12	18.3564
21655654.62	5170686.11	0.5
21655726.77	5170666.1	112.865
21655798.92	5170646.1	29.7017
21655871.06	5170626.09	0.5
21655943.21	5170606.08	0.5
21656015.36	5170586.07	26.8323
21656087.5	5170566.06	514.957
21656159.65	5170546.06	724.533
21656231.8	5170526.05	671.872
21656303.94	5170506.04	755.023
21656376.09	5170486.03	691.065
21656448.24	5170466.02	649.443
21656520.38	5170446.02	363.523
21656592.53	5170426.01	21.75
21656664.68	5170406	24.1075
21656736.82	5170385.99	3.66056
21656808.97	5170365.98	32.7984
21656881.12	5170345.98	16.0729
21656953.26	5170325.97	14.8762
21657025.41	5170305.96	28.9457
21657097.56	5170285.95	29.4812
21657169.7	5170265.94	533.947
21657241.85	5170245.94	518.414
21657314	5170225.93	76.9367
21657386.14	5170205.92	0.5
21657458.29	5170185.91	0.5
21657530.44	5170165.9	0.5
21657602.58	5170145.9	0.5
21657674.73	5170125.89	0.5
21657746.88	5170105.88	90.6078
21657819.02	5170085.87	196.852
21657891.17	5170065.86	393.441
21657963.32	5170045.85	622.573
21658035.46	5170025.85	614.683
21658107.61	5170005.84	270.595
21658179.76	5169985.83	360.221
21658251.9	5169965.82	452.394
21658324.05	5169945.81	0.5
21658396.2	5169925.81	318.249
21658468.34	5169905.8	28.1268
21658540.49	5169885.79	0.5
21658612.64	5169865.78	0.5
21658684.78	5169845.77	0.5
21658756.93	5169825.77	0.5
21658829.08	5169805.76	0.5
21658901.22	5169785.75	0.5
21658973.37	5169765.74	0.5
21659045.52	5169745.73	0.5
21653293.41	5171417.15	662.753
21653365.55	5171397.14	29.4092
21653437.7	5171377.13	639.818
21653509.85	5171357.12	795.237
21653581.99	5171337.12	787.991
21653654.14	5171317.11	792.249
21653726.29	5171297.1	810.957
21653798.43	5171277.09	787.407
21653870.58	5171257.08	668.908
21653942.73	5171237.08	738.691
21654014.87	5171217.07	605.538
21654087.02	5171197.06	657.841
21654159.17	5171177.05	582.523
21654231.32	5171157.04	32.5952
21654303.46	5171137.04	211.502
21654375.61	5171117.03	716.019
21654447.76	5171097.02	761.393
21654519.9	5171077.01	506.167
21654592.05	5171057	319.413
21654664.2	5171037	36.1131
21654736.34	5171016.99	23.382
21654808.49	5170996.98	35.2295
21654880.64	5170976.97	495.106
21654952.78	5170956.96	748.305
21655024.93	5170936.96	26.6267
21655097.08	5170916.95	63.8406
21655169.22	5170896.94	352.871
21655241.37	5170876.93	139.058
21655313.52	5170856.92	16.0196
21655385.66	5170836.92	16.6556
21655457.81	5170816.91	0.5
21655529.96	5170796.9	0.5
21655602.1	5170776.89	17.9921
21655674.25	5170756.88	0.5
21655746.4	5170736.88	9.76379
21655818.54	5170716.87	17.6763
21655890.69	5170696.86	26.9687
21655962.84	5170676.85	36.5207
21656034.98	5170656.84	21.8446
21656107.13	5170636.83	531.811
21656179.28	5170616.83	626.719
21656251.42	5170596.82	677.679
21656323.57	5170576.81	727.582
21656395.72	5170556.8	733.104
21656467.86	5170536.79	468.967
21656540.01	5170516.79	203.423
21656612.16	5170496.78	11.0598
21656684.3	5170476.77	31.0543
21656756.45	5170456.76	329.257
21656828.6	5170436.75	74.5122
21656900.74	5170416.75	76.1961
21656972.89	5170396.74	0.5
21657045.04	5170376.73	15.3659
21657117.18	5170356.72	18.0086
21657189.33	5170336.71	353.14
21657261.48	5170316.71	452.711
21657333.62	5170296.7	0.5
21657405.77	5170276.69	0.5
21657477.92	5170256.68	0.5
21657550.06	5170236.67	0.5
21657622.21	5170216.67	0.5
21657694.36	5170196.66	0.5
21657766.5	5170176.65	28.5663
21657838.65	5170156.64	36.2887
21657910.8	5170136.63	28.6218
21657982.94	5170116.63	102.301
21658055.09	5170096.62	539.189
21658127.24	5170076.61	115.852
21658199.38	5170056.6	22.3607
21658271.53	5170036.59	24.7861
21658343.68	5170016.59	83.7272
21658415.82	5169996.58	0.5
21658487.97	5169976.57	0.5
21658560.12	5169956.56	0.5
21658632.26	5169936.55	0.5
21658704.41	5169916.55	0.5
21658776.56	5169896.54	0.5
21658848.7	5169876.53	0.5
21658920.85	5169856.52	0.5
21658993	5169836.51	0.5
21659065.14	5169816.5	0.5
21653313.03	5171487.92	257.223
21653385.18	5171467.91	34.9744
21653457.33	5171447.9	498.621
21653529.47	5171427.9	825.964
21653601.62	5171407.89	807.787
21653673.77	5171387.88	824.261
21653745.91	5171367.87	833.541
21653818.06	5171347.86	820.574
21653890.21	5171327.86	765.817
21653962.35	5171307.85	697.918
21654034.5	5171287.84	381.224
21654106.65	5171267.83	31.7219
21654178.79	5171247.82	619.059
21654250.94	5171227.82	578.336
21654323.09	5171207.81	657.224
21654395.23	5171187.8	657.387
21654467.38	5171167.79	257.712
21654539.53	5171147.78	29.7215
21654611.67	5171127.77	0.5
21654683.82	5171107.77	13.3274
21654755.97	5171087.76	33.6281
21654828.12	5171067.75	601.058
21654900.26	5171047.74	767.516
21654972.41	5171027.73	746.028
21655044.56	5171007.73	29.371
21655116.7	5170987.72	16.614
21655188.85	5170967.71	242.808
21655261	5170947.7	25.303
21655333.14	5170927.69	14.5283
21655405.29	5170907.69	22.8315
21655477.44	5170887.68	0.5
21655549.58	5170867.67	0.5
21655621.73	5170847.66	0.5
21655693.88	5170827.65	0.5
21655766.02	5170807.65	30.4047
21655838.17	5170787.64	285.029
21655910.32	5170767.63	565.987
21655982.46	5170747.62	526.612
21656054.61	5170727.61	232.559
21656126.76	5170707.61	507.274
21656198.9	5170687.6	775.675
21656271.05	5170667.59	791.224
21656343.2	5170647.58	595.259
21656415.34	5170627.57	591.537
21656487.49	5170607.57	303.442
21656559.64	5170587.56	32.6095
21656631.78	5170567.55	9.87233
21656703.93	5170547.54	16.9007
21656776.08	5170527.53	192.006
21656848.22	5170507.53	32.3975
21656920.37	5170487.52	0.5
21656992.52	5170467.51	18.2554
21657064.66	5170447.5	17.643
21657136.81	5170427.49	27.0483
21657208.96	5170407.48	26.7733
21657281.1	5170387.48	0.5
21657353.25	5170367.47	0.5
21657425.4	5170347.46	0.5
21657497.54	5170327.45	0.5
21657569.69	5170307.44	0.5
21657641.84	5170287.44	0.5
21657713.98	5170267.43	19.199
21657786.13	5170247.42	16.4505
21657858.28	5170227.41	25.302
21657930.42	5170207.4	72.1589
21658002.57	5170187.4	173.136
21658074.72	5170167.39	400.206
21658146.86	5170147.38	139.652
21658219.01	5170127.37	23.2783
21658291.16	5170107.36	27.1907
21658363.3	5170087.36	23.2218
21658435.45	5170067.35	0.5
21658507.6	5170047.34	0.5
21658579.74	5170027.33	0.5
21658651.89	5170007.32	0.5
21658724.04	5169987.32	0.5
21658796.18	5169967.31	0.5
21658868.33	5169947.3	0.5
21658940.48	5169927.29	0.5
21659012.62	5169907.28	0.5
21659084.77	5169887.28	0.5
21653260.51	5171578.7	537.287
21653332.66	5171558.69	341.315
21653404.81	5171538.68	37.1203
21653476.95	5171518.67	245.548
21653549.1	5171498.67	779.813
21653621.25	5171478.66	614.587
21653693.39	5171458.65	604.686
21653765.54	5171438.64	806.271
21653837.69	5171418.63	885.706
21653909.83	5171398.63	817.239
21653981.98	5171378.62	337.993
21654054.13	5171358.61	34.5952
21654126.27	5171338.6	348.108
21654198.42	5171318.59	646.232
21654270.57	5171298.59	494.791
21654342.71	5171278.58	791.844
21654414.86	5171258.57	810.554
21654487.01	5171238.56	773.088
21654559.15	5171218.55	457.272
21654631.3	5171198.55	8.83333
21654703.45	5171178.54	13.873
21654775.59	5171158.53	594.919
21654847.74	5171138.52	927.433
21654919.89	5171118.51	780.129
21654992.04	5171098.51	456.769
21655064.18	5171078.5	30.016
21655136.33	5171058.49	125.099
21655208.48	5171038.48	286.27
21655280.62	5171018.47	19.5547
21655352.77	5170998.47	0.5
21655424.92	5170978.46	0.5
21655497.06	5170958.45	13.4164
21655569.21	5170938.44	22.0208
21655641.36	5170918.43	26.3535
21655713.5	5170898.42	21.8143
21655785.65	5170878.42	437.472
21655857.8	5170858.41	669.169
21655929.94	5170838.4	737.636
21656002.09	5170818.39	773.386
21656074.24	5170798.38	690.684
21656146.38	5170778.38	632.106
21656218.53	5170758.37	710.307
21656290.68	5170738.36	702.154
21656362.82	5170718.35	460.649
21656434.97	5170698.34	302.179
21656507.12	5170678.34	453.014
21656579.26	5170658.33	36.5016
21656651.41	5170638.32	212.595
21656723.56	5170618.31	30.2956
21656795.7	5170598.3	14.1347
21656867.85	5170578.3	8.83333
21656940	5170558.29	0.5
21657012.14	5170538.28	0.5
21657084.29	5170518.27	0.5
21657156.44	5170498.26	30.4782
21657228.58	5170478.26	23.0861
21657300.73	5170458.25	26.1572
21657372.88	5170438.24	0.5
21657445.02	5170418.23	0.5
21657517.17	5170398.22	0.5
21657589.32	5170378.22	0.5
21657661.46	5170358.21	0.5
21657733.61	5170338.2	0.5
21657805.76	5170318.19	13
21657877.9	5170298.18	29.6189
21657950.05	5170278.18	13.1167
21658022.2	5170258.17	14.8612
21658094.34	5170238.16	746.359
21658166.49	5170218.15	586.315
21658238.64	5170198.14	336.073
21658310.78	5170178.13	23.484
21658382.93	5170158.13	20.5517
21658455.08	5170138.12	0.5
21658527.22	5170118.11	0.5
21658599.37	5170098.1	0.5
21658671.52	5170078.09	0.5
21658743.66	5170058.09	0.5
21658815.81	5170038.08	0.5
21658887.96	5170018.07	15.1281
21658960.1	5169998.06	13
21659032.25	5169978.05	13
21659104.4	5169958.05	0.5
21653280.14	5171649.47	387.312
21653352.29	5171629.46	188.21
21653424.43	5171609.45	19.2331
21653496.58	5171589.45	36.3951
21653568.73	5171569.44	239.338
21653640.87	5171549.43	187.6
21653713.02	5171529.42	167.369
21653785.17	5171509.41	584.425
21653857.31	5171489.4	768.575
21653929.46	5171469.4	691.169
21654001.61	5171449.39	506.177
21654073.75	5171429.38	305.814
21654145.9	5171409.37	618.419
21654218.05	5171389.36	700.548
21654290.19	5171369.36	608.604
21654362.34	5171349.35	699.21
21654434.49	5171329.34	803.954
21654506.63	5171309.33	907.272
21654578.78	5171289.32	649.55
21654650.93	5171269.32	93.99
21654723.07	5171249.31	23.8244
21654795.22	5171229.3	112.427
21654867.37	5171209.29	525.935
21654939.51	5171189.28	510.381
21655011.66	5171169.28	21.9694
21655083.81	5171149.27	17.6017
21655155.95	5171129.26	30.1843
21655228.1	5171109.25	0.5
21655300.25	5171089.24	15.388
21655372.39	5171069.24	0.5
21655444.54	5171049.23	0.5
21655516.69	5171029.22	0.5
21655588.84	5171009.21	37.5143
21655660.98	5170989.2	249.629
21655733.13	5170969.2	519.719
21655805.28	5170949.19	656.102
21655877.42	5170929.18	678.203
21655949.57	5170909.17	708.27
21656021.72	5170889.16	670.074
21656093.86	5170869.16	542.451
21656166.01	5170849.15	510.593
21656238.16	5170829.14	529.099
21656310.3	5170809.13	677.997
21656382.45	5170789.12	646.988
21656454.6	5170769.11	598.373
21656526.74	5170749.11	660.165
21656598.89	5170729.1	676.309
21656671.04	5170709.09	546.788
21656743.18	5170689.08	551.887
21656815.33	5170669.07	262.939
21656887.48	5170649.07	23.9448
21656959.62	5170629.06	8.83333
21657031.77	5170609.05	0.5
21657103.92	5170589.04	28.1653
21657176.06	5170569.03	29.7361
21657248.21	5170549.03	720.77
21657320.36	5170529.02	16.9846
21657392.5	5170509.01	24.6323
21657464.65	5170489	0.5
21657536.8	5170468.99	0.5
21657608.94	5170448.99	0.5
21657681.09	5170428.98	0.5
21657753.24	5170408.97	0.5
21657825.38	5170388.96	22.3739
21657897.53	5170368.95	356.211
21657969.68	5170348.95	0.5
21658041.82	5170328.94	692.828
21658113.97	5170308.93	783.529
21658186.12	5170288.92	688.551
21658258.26	5170268.91	189.681
21658330.41	5170248.91	70.6294
21658402.56	5170228.9	30.1008
21658474.7	5170208.89	0.5
21658546.85	5170188.88	0.5
21658619	5170168.87	0.5
21658691.14	5170148.87	0.5
21658763.29	5170128.86	0.5
21658835.44	5170108.85	22.9311
21658907.58	5170088.84	18.679
21658979.73	5170068.83	13.8205
21659051.88	5170048.83	13
21653299.77	5171720.24	33.8056
21653371.91	5171700.23	23.4929
21653444.06	5171680.22	14.2227
21653516.21	5171660.22	17.9018
21653588.35	5171640.21	27.9729
21653660.5	5171620.2	25.6254
21653732.65	5171600.19	28.0208
21653804.79	5171580.18	364.856
21653876.94	5171560.18	437.568
21653949.09	5171540.17	527.422
21654021.23	5171520.16	681.743
21654093.38	5171500.15	767.585
21654165.53	5171480.14	810.136
21654237.67	5171460.14	797.227
21654309.82	5171440.13	742.393
21654381.97	5171420.12	743.383
21654454.11	5171400.11	1034.41
21654526.26	5171380.1	949.746
21654598.41	5171360.09	830.332
21654670.55	5171340.09	740.052
21654742.7	5171320.08	710.326
21654814.85	5171300.07	490.716
21654886.99	5171280.06	237.151
21654959.14	5171260.05	28.881
21655031.29	5171240.05	0.5
21655103.43	5171220.04	8.83333
21655175.58	5171200.03	10.914
21655247.73	5171180.02	8.83333
21655319.87	5171160.01	16.4475
21655392.02	5171140.01	0.5
21655464.17	5171120	31.1304
21655536.31	5171099.99	342.726
21655608.46	5171079.98	428.326
21655680.61	5171059.97	686.944
21655752.76	5171039.97	776.109
21655824.9	5171019.96	756.965
21655897.05	5170999.95	734.464
21655969.2	5170979.94	878.949
21656041.34	5170959.93	686.69
21656113.49	5170939.93	631.164
21656185.64	5170919.92	513.556
21656257.78	5170899.91	0.5
21656329.93	5170879.9	0.5
21656402.08	5170859.89	611.946
21656474.22	5170839.89	621.541
21656546.37	5170819.88	643.303
21656618.52	5170799.87	605.006
21656690.66	5170779.86	617.583
21656762.81	5170759.85	565.967
21656834.96	5170739.85	239.182
21656907.1	5170719.84	22.5275
21656979.25	5170699.83	0.5
21657051.4	5170679.82	19.6823
21657123.54	5170659.81	28.5498
21657195.69	5170639.81	268.208
21657267.84	5170619.8	403.504
21657339.98	5170599.79	30.1229
21657412.13	5170579.78	22.686
21657484.28	5170559.77	30.4893
21657556.42	5170539.76	0.5
21657628.57	5170519.76	0.5
21657700.72	5170499.75	0.5
21657772.86	5170479.74	0.5
21657845.01	5170459.73	27.5602
21657917.16	5170439.72	185.588
21657989.3	5170419.72	0.5
21658061.45	5170399.71	29.3454
21658133.6	5170379.7	465.979
21658205.74	5170359.69	375.664
21658277.89	5170339.68	26.1059
21658350.04	5170319.68	35.5611
21658422.18	5170299.67	31.0143
21658494.33	5170279.66	0.5
21658566.48	5170259.65	19.2504
21658638.62	5170239.64	0.5
21658710.77	5170219.64	0.5
21658782.92	5170199.63	0.5
21658855.06	5170179.62	0.5
21658927.21	5170159.61	0.5
21658999.36	5170139.6	0.5
21659071.5	5170119.6	13
21653247.25	5171811.02	15.834
21653319.39	5171791.01	25.1183
21653391.54	5171771	16.6712
21653463.69	5171750.99	12.8889
21653535.83	5171730.99	11.9287
21653607.98	5171710.98	0.5
21653680.13	5171690.97	0.5
21653752.27	5171670.96	13
21653824.42	5171650.95	18.7837
21653896.57	5171630.95	1.90167
21653968.71	5171610.94	139.354
21654040.86	5171590.93	680.77
21654113.01	5171570.92	691.794
21654185.15	5171550.91	771.291
21654257.3	5171530.91	802.63
21654329.45	5171510.9	829.598
21654401.59	5171490.89	894.929
21654473.74	5171470.88	1178.28
21654545.89	5171450.87	1041.96
21654618.03	5171430.87	749.996
21654690.18	5171410.86	644.286
21654762.33	5171390.85	782.617
21654834.47	5171370.84	709.984
21654906.62	5171350.83	600.462
21654978.77	5171330.83	6.945
21655050.91	5171310.82	30.1663
21655123.06	5171290.81	164.029
21655195.21	5171270.8	35.2733
21655267.35	5171250.79	119.098
21655339.5	5171230.79	447.309
21655411.65	5171210.78	907.639
21655483.79	5171190.77	627.522
21655555.94	5171170.76	643.798
21655628.09	5171150.75	720.035
21655700.23	5171130.74	786.479
21655772.38	5171110.74	825.013
21655844.53	5171090.73	833.687
21655916.67	5171070.72	834.716
21655988.82	5171050.71	856.473
21656060.97	5171030.7	824.891
21656133.11	5171010.7	856.759
21656205.26	5170990.69	668.785
21656277.41	5170970.68	843.853
21656349.56	5170950.67	28.4053
21656421.7	5170930.66	715.466
21656493.85	5170910.66	548.481
21656566	5170890.65	603.162
21656638.14	5170870.64	620.204
21656710.29	5170850.63	582.627
21656782.44	5170830.62	570.892
21656854.58	5170810.62	693.683
21656926.73	5170790.61	30.0273
21656998.88	5170770.6	0.5
21657071.02	5170750.59	18.5835
21657143.17	5170730.58	21.4305
21657215.32	5170710.58	35.6311
21657287.46	5170690.57	469.468
21657359.61	5170670.56	417.077
21657431.76	5170650.55	27.9893
21657503.9	5170630.54	16.8508
21657576.05	5170610.54	0.5
21657648.2	5170590.53	0.5
21657720.34	5170570.52	0.5
21657792.49	5170550.51	0.5
21657864.64	5170530.5	14.6194
21657936.78	5170510.5	14.6214
21658008.93	5170490.49	0.5
21658081.08	5170470.48	14.1892
21658153.22	5170450.47	110.227
21658225.37	5170430.46	405.674
21658297.52	5170410.46	33.9617
21658369.66	5170390.45	16.2956
21658441.81	5170370.44	13
21658513.96	5170350.43	20.2271
21658586.1	5170330.42	24.8985
21658658.25	5170310.41	0.5
21658730.4	5170290.41	0.5
21658802.54	5170270.4	0.5
21658874.69	5170250.39	11.2269
21658946.84	5170230.38	0.5
21659018.98	5170210.37	0.5
21659091.13	5170190.37	13
21653266.87	5171881.79	18.3873
21653339.02	5171861.78	26.8627
21653411.17	5171841.77	14.5736
21653483.31	5171821.77	14.3421
21653555.46	5171801.76	14.3812
21653627.61	5171781.75	0.5
21653699.75	5171761.74	0.5
21653771.9	5171741.73	0.5
21653844.05	5171721.73	0.5
21653916.19	5171701.72	27.0163
21653988.34	5171681.71	35.5871
21654060.49	5171661.7	556.123
21654132.63	5171641.69	661.65
21654204.78	5171621.68	738.284
21654276.93	5171601.68	779.078
21654349.07	5171581.67	812.332
21654421.22	5171561.66	850.391
21654493.37	5171541.65	1094.57
21654565.51	5171521.64	1116.22
21654637.66	5171501.64	898.372
21654709.81	5171481.63	784.844
21654781.95	5171461.62	808.556
21654854.1	5171441.61	809.313
21654926.25	5171421.6	804.473
21654998.39	5171401.6	493.729
21655070.54	5171381.59	370.541
21655142.69	5171361.58	465.924
21655214.83	5171341.57	516.436
21655286.98	5171321.56	516.581
21655359.13	5171301.56	625.964
21655431.27	5171281.55	859.176
21655503.42	5171261.54	824.31
21655575.57	5171241.53	824.438
21655647.71	5171221.52	799.511
21655719.86	5171201.52	804.139
21655792.01	5171181.51	833.898
21655864.15	5171161.5	831.594
21655936.3	5171141.49	877.222
21656008.45	5171121.48	901.016
21656080.59	5171101.48	933.914
21656152.74	5171081.47	1170.64
21656224.89	5171061.46	1135.78
21656297.03	5171041.45	1048.75
21656369.18	5171021.44	1072.05
21656441.33	5171001.44	617.773
21656513.48	5170981.43	813.468
21656585.62	5170961.42	622.639
21656657.77	5170941.41	656.056
21656729.91	5170921.4	549.947
21656802.06	5170901.39	575.874
21656874.21	5170881.39	149.563
21656946.36	5170861.38	18.8205
21657018.5	5170841.37	0.5
21657090.65	5170821.36	13
21657162.8	5170801.35	15.4947
21657234.94	5170781.35	18.961
21657307.09	5170761.34	67.5728
21657379.24	5170741.33	262.461
21657451.38	5170721.32	17.5539
21657523.53	5170701.31	13
21657595.68	5170681.31	13
21657667.82	5170661.3	0.5
21657739.97	5170641.29	0.5
21657812.12	5170621.28	0.5
21657884.26	5170601.27	0.5
21657956.41	5170581.27	16.9352
21658028.56	5170561.26	21.7898
21658100.7	5170541.25	35.891
21658172.85	5170521.24	244.904
21658245	5170501.23	547.511
21658317.14	5170481.23	463.38
21658389.29	5170461.22	27.2928
21658461.44	5170441.21	23.2937
21658533.58	5170421.2	24.1
21658605.73	5170401.19	14.1118
21658677.88	5170381.19	16.5226
21658750.02	5170361.18	15.7924
21658822.17	5170341.17	0.5
21658894.32	5170321.16	0.5
21658966.46	5170301.15	30.1061
21659038.61	5170281.15	13.7327
21653286.5	5171952.56	0.5
21653358.65	5171932.55	0.5
21653430.79	5171912.54	0.5
21653502.94	5171892.54	0.5
21653575.09	5171872.53	0.5
21653647.23	5171852.52	0.5
21653719.38	5171832.51	0.5
21653791.53	5171812.5	0.5
21653863.67	5171792.5	0.5
21653935.82	5171772.49	27.1554
21654007.97	5171752.48	14.8161
21654080.11	5171732.47	513.088
21654152.26	5171712.46	656.822
21654224.41	5171692.46	722.95
21654296.55	5171672.45	789.799
21654368.7	5171652.44	803.724
21654440.85	5171632.43	814.782
21654512.99	5171612.42	936.589
21654585.14	5171592.42	1148.09
21654657.29	5171572.41	1097.87
21654729.43	5171552.4	1067.63
21654801.58	5171532.39	875.741
21654873.73	5171512.38	809.463
21654945.87	5171492.37	804.036
21655018.02	5171472.37	529.168
21655090.17	5171452.36	501.39
21655162.31	5171432.35	515.887
21655234.46	5171412.34	538.742
21655306.61	5171392.33	579.293
21655378.75	5171372.33	775.934
21655450.9	5171352.32	908.406
21655523.05	5171332.31	886.605
21655595.19	5171312.3	870.708
21655667.34	5171292.29	844.606
21655739.49	5171272.29	807.889
21655811.63	5171252.28	830.827
21655883.78	5171232.27	844.321
21655955.93	5171212.26	870.868
21656028.07	5171192.25	891.651
21656100.22	5171172.25	939.081
21656172.37	5171152.24	1234.01
21656244.51	5171132.23	1153.37
21656316.66	5171112.22	1128.34
21656388.81	5171092.21	1085.83
21656460.95	5171072.21	973.331
21656533.1	5171052.2	1122.89
21656605.25	5171032.19	846.473
21656677.39	5171012.18	740.186
21656749.54	5170992.17	546.171
21656821.69	5170972.17	595.004
21656893.84	5170952.16	33.9627
21656965.98	5170932.15	13.3776
21657038.13	5170912.14	13
21657110.27	5170892.13	13
21657182.42	5170872.13	13
21657254.57	5170852.12	13
21657326.72	5170832.11	19.2921
21657398.86	5170812.1	36.7231
21657471.01	5170792.09	14.3464
21657543.16	5170772.09	13
21657615.3	5170752.08	13
21657687.45	5170732.07	13
21657759.6	5170712.06	13
21657831.74	5170692.05	13
21657903.89	5170672.04	13
21657976.04	5170652.04	0.5
21658048.18	5170632.03	222.562
21658120.33	5170612.02	272.896
21658192.48	5170592.01	19.4589
21658264.62	5170572	450.486
21658336.77	5170552	606.171
21658408.92	5170531.99	224.445
21658481.06	5170511.98	36.4773
21658553.21	5170491.97	307.736
21658625.36	5170471.96	35.2867
21658697.5	5170451.96	23.4839
21658769.65	5170431.95	21.0273
21658841.8	5170411.94	13.0287
21658913.94	5170391.93	90.6228
21658986.09	5170371.92	29.6757
21659058.24	5170351.92	17.8766
21653306.13	5172023.33	0.5
21653378.27	5172003.32	0.5
21653450.42	5171983.31	0.5
21653522.57	5171963.31	0.5
21653594.71	5171943.3	0.5
21653666.86	5171923.29	0.5
21653739.01	5171903.28	0.5
21653811.15	5171883.27	0.5
21653883.3	5171863.27	0.5
21653955.45	5171843.26	0.5
21654027.59	5171823.25	0.5
21654099.74	5171803.24	0.5
21654171.89	5171783.23	699.557
21654244.03	5171763.23	702.648
21654316.18	5171743.22	803.708
21654388.33	5171723.21	798.333
21654460.47	5171703.2	803.727
21654532.62	5171683.19	997.055
21654604.77	5171663.19	1123.28
21654676.91	5171643.18	1091.45
21654749.06	5171623.17	986.49
21654821.21	5171603.16	782.456
21654893.35	5171583.15	797.541
21654965.5	5171563.15	796.58
21655037.65	5171543.14	601.901
21655109.79	5171523.13	543.787
21655181.94	5171503.12	561.734
21655254.09	5171483.11	572.229
21655326.23	5171463.11	611.464
21655398.38	5171443.1	857.687
21655470.53	5171423.09	914.108
21655542.67	5171403.08	890.809
21655614.82	5171383.07	878.957
21655686.97	5171363.07	876.537
21655759.11	5171343.06	867.363
21655831.26	5171323.05	859.246
21655903.41	5171303.04	839.557
21655975.55	5171283.03	866.517
21656047.7	5171263.02	883.329
21656119.85	5171243.02	854.323
21656191.99	5171223.01	1098
21656264.14	5171203	1167.9
21656336.29	5171182.99	1131.34
21656408.43	5171162.98	1094.6
21656480.58	5171142.98	1013.88
21656552.73	5171122.97	735.516
21656624.87	5171102.96	406.342
21656697.02	5171082.95	551.353
21656769.17	5171062.94	477.142
21656841.31	5171042.94	244.508
21656913.46	5171022.93	22.5558
21656985.61	5171002.92	15.5618
21657057.75	5170982.91	13
21657129.9	5170962.9	13
21657202.05	5170942.9	13
21657274.19	5170922.89	13
21657346.34	5170902.88	13.6137
21657418.49	5170882.87	21.0219
21657490.64	5170862.86	13.4452
21657562.78	5170842.86	13
21657634.93	5170822.85	13.5551
21657707.08	5170802.84	14.8031
21657779.22	5170782.83	17.8505
21657851.37	5170762.82	19.5144
21657923.52	5170742.82	22.4115
21657995.66	5170722.81	31.8132
21658067.81	5170702.8	117.906
21658139.96	5170682.79	33.6368
21658212.1	5170662.78	26.0816
21658284.25	5170642.78	182.678
21658356.4	5170622.77	534.721
21658428.54	5170602.76	475.803
21658500.69	5170582.75	354.667
21658572.84	5170562.74	465.381
21658644.98	5170542.74	401.518
21658717.13	5170522.73	34.7148
21658789.28	5170502.72	19.23
21658861.42	5170482.71	0.5
21658933.57	5170462.7	33.5047
21659005.72	5170442.69	25.4525
21659077.86	5170422.69	20.875
21653253.61	5172114.11	15.5
21653325.75	5172094.1	15.5
21653397.9	5172074.09	0.5
21653470.05	5172054.09	0.5
21653542.19	5172034.08	0.5
21653614.34	5172014.07	0.5
21653686.49	5171994.06	0.5
21653758.63	5171974.05	0.5
21653830.78	5171954.05	0.5
21653902.93	5171934.04	0.5
21653975.07	5171914.03	0.5
21654047.22	5171894.02	0.5
21654119.37	5171874.01	656.415
21654191.51	5171854	793.294
21654263.66	5171834	810.041
21654335.81	5171813.99	825.899
21654407.95	5171793.98	823.023
21654480.1	5171773.97	804.637
21654552.25	5171753.96	1049.85
21654624.39	5171733.96	1098.37
21654696.54	5171713.95	1107.19
21654768.69	5171693.94	1030.21
21654840.83	5171673.93	836.917
21654912.98	5171653.92	819.574
21654985.13	5171633.92	808.98
21655057.27	5171613.91	586.421
21655129.42	5171593.9	555.373
21655201.57	5171573.89	594.676
21655273.71	5171553.88	613.21
21655345.86	5171533.88	625.803
21655418.01	5171513.87	729.6
21655490.15	5171493.86	902.237
21655562.3	5171473.85	883.192
21655634.45	5171453.84	898.76
21655706.59	5171433.84	905.389
21655778.74	5171413.83	895.283
21655850.89	5171393.82	876.212
21655923.03	5171373.81	869.406
21655995.18	5171353.8	852.869
21656067.33	5171333.8	872.877
21656139.47	5171313.79	862.311
21656211.62	5171293.78	1150.41
21656283.77	5171273.77	1189.08
21656355.91	5171253.76	1056.89
21656428.06	5171233.76	978.133
21656500.21	5171213.75	566.584
21656572.35	5171193.74	496.039
21656644.5	5171173.73	269.182
21656716.65	5171153.72	88.0022
21656788.79	5171133.72	154.562
21656860.94	5171113.71	25.4344
21656933.09	5171093.7	21.75
21657005.23	5171073.69	13.9478
21657077.38	5171053.68	13
21657149.53	5171033.67	13
21657221.67	5171013.67	13
21657293.82	5170993.66	13
21657365.97	5170973.65	13.7245
21657438.11	5170953.64	20.2835
21657510.26	5170933.63	13.7773
21657582.41	5170913.63	13
21657654.55	5170893.62	14.2621
21657726.7	5170873.61	26.1074
21657798.85	5170853.6	32.7528
21657870.99	5170833.59	26.6519
21657943.14	5170813.59	34.5833
21658015.29	5170793.58	170.812
21658087.44	5170773.57	394.876
21658159.58	5170753.56	2.01889
21658231.73	5170733.55	24.8026
21658303.88	5170713.55	472.606
21658376.02	5170693.54	595.803
21658448.17	5170673.53	353.407
21658520.32	5170653.52	421.603
21658592.46	5170633.51	499.132
21658664.61	5170613.51	480.225
21658736.76	5170593.5	34.8871
21658808.9	5170573.49	15.5909
21658881.05	5170553.48	0.5
21658953.2	5170533.47	0.5
21659025.34	5170513.47	19.342
21659097.49	5170493.46	0.5
21653273.23	5172184.88	15.5
21653345.38	5172164.87	15.5
21653417.53	5172144.86	0.5
21653489.67	5172124.86	0.5
21653561.82	5172104.85	0.5
21653633.97	5172084.84	0.5
21653706.11	5172064.83	0.5
21653778.26	5172044.82	0.5
21653850.41	5172024.82	0.5
21653922.55	5172004.81	0.5
21653994.7	5171984.8	0.5
21654066.85	5171964.79	0.5
21654138.99	5171944.78	0.5
21654211.14	5171924.78	739.404
21654283.29	5171904.77	792.44
21654355.43	5171884.76	829.101
21654427.58	5171864.75	811.343
21654499.73	5171844.74	805.404
21654571.87	5171824.74	903.13
21654644.02	5171804.73	1091.63
21654716.17	5171784.72	1073.08
21654788.31	5171764.71	1114.68
21654860.46	5171744.7	846.873
21654932.61	5171724.7	817.794
21655004.75	5171704.69	792.351
21655076.9	5171684.68	586.176
21655149.05	5171664.67	601.813
21655221.19	5171644.66	608.513
21655293.34	5171624.65	612.568
21655365.49	5171604.65	641.954
21655437.63	5171584.64	812.609
21655509.78	5171564.63	935.993
21655581.93	5171544.62	946.111
21655654.07	5171524.61	926.161
21655726.22	5171504.61	938.409
21655798.37	5171484.6	909.448
21655870.51	5171464.59	860.843
21655942.66	5171444.58	877.094
21656014.81	5171424.57	865.951
21656086.95	5171404.57	860.309
21656159.1	5171384.56	883.274
21656231.25	5171364.55	1136.21
21656303.39	5171344.54	1144.04
21656375.54	5171324.53	880.041
21656447.69	5171304.53	482.488
21656519.83	5171284.52	332.332
21656591.98	5171264.51	210.949
21656664.13	5171244.5	251.803
21656736.27	5171224.49	84.5728
21656808.42	5171204.49	29.5151
21656880.57	5171184.48	21.75
21656952.71	5171164.47	20.468
21657024.86	5171144.46	13
21657097.01	5171124.45	13
21657169.15	5171104.45	13
21657241.3	5171084.44	13
21657313.45	5171064.43	0.5
21657385.59	5171044.42	0.5
21657457.74	5171024.41	0.5
21657529.89	5171004.41	0.5
21657602.03	5170984.4	13
21657674.18	5170964.39	15.6478
21657746.33	5170944.38	24.2742
21657818.47	5170924.37	32.927
21657890.62	5170904.36	34.4737
21657962.77	5170884.36	46.4544
21658034.91	5170864.35	472.633
21658107.06	5170844.34	512.978
21658179.21	5170824.33	418.514
21658251.36	5170804.32	327.402
21658323.5	5170784.32	573.263
21658395.65	5170764.31	531.008
21658467.8	5170744.3	509.802
21658539.94	5170724.29	513.727
21658612.09	5170704.28	477.621
21658684.24	5170684.28	279.798
21658756.38	5170664.27	32.4795
21658828.53	5170644.26	21.4202
21658900.68	5170624.25	20.3729
21658972.82	5170604.24	13
21659044.97	5170584.24	13
