21653307.22	5170346.33	731.877
21653379.37	5170326.32	835.215
21653451.52	5170306.31	750.798
21653523.66	5170286.3	470.223
21653595.81	5170266.29	767.706
21653667.96	5170246.29	725.628
21653740.1	5170226.28	991.408
21653812.25	5170206.27	765.763
21653884.4	5170186.26	743.856
21653956.54	5170166.25	793.072
21654028.69	5170146.25	921.303
21654100.84	5170126.24	677.749
21654172.98	5170106.23	681.39
21654245.13	5170086.22	976.354
21654317.28	5170066.21	649.027
21654389.42	5170046.21	620.584
21654461.57	5170026.2	370.237
21654533.72	5170006.19	353.267
21654605.86	5169986.18	562.089
21654678.01	5169966.17	641.295
21654750.16	5169946.17	483.101
21654822.31	5169926.16	1114.04
21654894.45	5169906.15	429.732
21654966.6	5169886.14	329.032
21655038.75	5169866.13	321.288
21655110.89	5169846.13	309.228
21655183.04	5169826.12	374.929
21655255.19	5169806.11	543.873
21655327.33	5169786.1	242.718
21655399.48	5169766.09	42.9144
21653254.7	5170437.11	855.406
21653326.85	5170417.1	751.298
21653399	5170397.09	650.809
21653471.14	5170377.08	767.573
21653543.29	5170357.07	753.669
21653615.44	5170337.07	897.821
21653687.58	5170317.06	719.75
21653759.73	5170297.05	736.296
21653831.88	5170277.04	757.34
21653904.02	5170257.03	586.531
21653976.17	5170237.03	621.349
21654048.32	5170217.02	608.438
21654120.46	5170197.01	563.986
21654192.61	5170177	580.488
21654264.76	5170156.99	344.01
21654336.9	5170136.98	294.943
21654409.05	5170116.98	96.955
21654481.2	5170096.97	148.407
21654553.34	5170076.96	237.64
21654625.49	5170056.95	482.801
21654697.64	5170036.94	527.966
21654769.78	5170016.94	526.492
21654841.93	5169996.93	905.373
21654914.08	5169976.92	175.018
21654986.23	5169956.91	26.17
21655058.37	5169936.9	36.1841
21655130.52	5169916.9	185.827
21655202.66	5169896.89	359.754
21655274.81	5169876.88	686.098
21655346.96	5169856.87	457.884
21655419.11	5169836.86	205.13
21655491.25	5169816.86	31.5711
21655563.4	5169796.85	31.7414
21655635.55	5169776.84	192.644
21655707.69	5169756.83	259.617
21655779.84	5169736.82	270.377
21655851.99	5169716.82	210.756
21655924.13	5169696.81	272.671
21655996.28	5169676.8	391.764
21656068.43	5169656.79	500.747
21656140.57	5169636.78	401.699
21656212.72	5169616.78	309.964
21656284.87	5169596.77	712.306
21656357.01	5169576.76	929.461
21656429.16	5169556.75	450.661
21656501.31	5169536.74	607.64
21656573.45	5169516.74	309.911
21656645.6	5169496.73	5.09778
21656717.75	5169476.72	3.96889
21656789.89	5169456.71	389.253
21656862.04	5169436.7	128.669
21656934.19	5169416.69	23.3644
21657006.33	5169396.69	12.4963
21657078.48	5169376.68	16.1804
21657150.63	5169356.67	24.3222
21657222.77	5169336.66	29.974
21657294.92	5169316.65	34.2676
21657367.07	5169296.65	35.083
21657439.21	5169276.64	291.693
21657511.36	5169256.63	478.222
21657583.51	5169236.62	366.283
21657655.65	5169216.61	276.714
21657727.8	5169196.61	538.826
21657799.95	5169176.6	429.936
21657872.09	5169156.59	400.543
21657944.24	5169136.58	491.9
21658016.39	5169116.57	574.057
21658088.53	5169096.57	189.212
21658160.68	5169076.56	480.138
21658232.83	5169056.55	511.051
21658304.97	5169036.54	1093.25
21658377.12	5169016.53	941.279
21658449.27	5168996.53	768.741
21658521.41	5168976.52	531.538
21658593.56	5168956.51	496.428
21658665.71	5168936.5	401.979
21658737.85	5168916.49	56.6472
21658810	5168896.49	36.7461
21658882.15	5168876.48	33.7775
21658954.29	5168856.47	1.98167
21659026.44	5168836.46	3.23333
21659098.59	5168816.45	213.561
21653274.33	5170507.88	1083.94
21653346.48	5170487.87	895.303
21653418.62	5170467.86	731.747
21653490.77	5170447.85	750.831
21653562.92	5170427.84	863.133
21653635.06	5170407.84	970.927
21653707.21	5170387.83	746.444
21653779.36	5170367.82	799.98
21653851.5	5170347.81	817.553
21653923.65	5170327.8	773.485
21653995.8	5170307.8	627.603
21654067.94	5170287.79	295.853
21654140.09	5170267.78	638.642
21654212.24	5170247.77	595.518
21654284.38	5170227.76	484.509
21654356.53	5170207.76	332.528
21654428.68	5170187.75	37.7607
21654500.82	5170167.74	29.9798
21654572.97	5170147.73	278.421
21654645.12	5170127.72	555.798
21654717.26	5170107.72	685.375
21654789.41	5170087.71	783.523
21654861.56	5170067.7	555.49
21654933.7	5170047.69	40.3656
21655005.85	5170027.68	29.0821
21655078	5170007.68	28.2113
21655150.14	5169987.67	18.9209
21655222.29	5169967.66	62.68
21655294.44	5169947.65	284.559
21655366.58	5169927.64	735.191
21655438.73	5169907.63	568.964
21655510.88	5169887.63	225.506
21655583.03	5169867.62	1.54444
21655655.17	5169847.61	457.096
21655727.32	5169827.6	568.378
21655799.47	5169807.59	563.134
21655871.61	5169787.59	702.776
21655943.76	5169767.58	611.354
21656015.91	5169747.57	474.057
21656088.05	5169727.56	392.583
21656160.2	5169707.55	531.2
21656232.35	5169687.55	423.227
21656304.49	5169667.54	395.112
21656376.64	5169647.53	902.204
21656448.79	5169627.52	644.344
21656520.93	5169607.51	463.345
21656593.08	5169587.51	209.415
21656665.23	5169567.5	15.8228
21656737.37	5169547.49	34.3377
21656809.52	5169527.48	229.086
21656881.67	5169507.47	309.143
21656953.81	5169487.47	149.681
21657025.96	5169467.46	26.4101
21657098.11	5169447.45	18.5543
21657170.25	5169427.44	16.0508
21657242.4	5169407.43	18.2954
21657314.55	5169387.43	31.4188
21657386.69	5169367.42	36.9006
21657458.84	5169347.41	210.823
21657530.99	5169327.4	367.531
21657603.13	5169307.39	294.094
21657675.28	5169287.39	439.609
21657747.43	5169267.38	622.881
21657819.57	5169247.37	593.146
21657891.72	5169227.36	414.531
21657963.87	5169207.35	373.489
21658036.01	5169187.34	510.946
21658108.16	5169167.34	189.212
21658180.31	5169147.33	28.1891
21658252.45	5169127.32	22.0226
21658324.6	5169107.31	881.619
21658396.75	5169087.3	659.7
21658468.89	5169067.3	451.681
21658541.04	5169047.29	453.76
21658613.19	5169027.28	340.886
21658685.33	5169007.27	258.432
21658757.48	5168987.26	34.3939
21658829.63	5168967.26	33.1451
21658901.77	5168947.25	33.9544
21658973.92	5168927.24	63.9906
21659046.07	5168907.23	186.768
21653293.96	5170578.65	1108.43
21653366.1	5170558.64	789.446
21653438.25	5170538.63	781.911
21653510.4	5170518.62	793.807
21653582.54	5170498.61	813.681
21653654.69	5170478.61	777.416
21653726.84	5170458.6	703.682
21653798.98	5170438.59	814.837
21653871.13	5170418.58	845.832
21653943.28	5170398.57	787.012
21654015.42	5170378.57	642.185
21654087.57	5170358.56	395.116
21654159.72	5170338.55	649.152
21654231.86	5170318.54	396.207
21654304.01	5170298.53	145.734
21654376.16	5170278.53	232.215
21654448.3	5170258.52	29.1785
21654520.45	5170238.51	25.8763
21654592.6	5170218.5	236.308
21654664.74	5170198.49	623.127
21654736.89	5170178.49	453.556
21654809.04	5170158.48	498.581
21654881.18	5170138.47	355.638
21654953.33	5170118.46	32.4857
21655025.48	5170098.45	42.0839
21655097.62	5170078.45	581.209
21655169.77	5170058.44	31.9594
21655241.92	5170038.43	27.905
21655314.06	5170018.42	37.0798
21655386.21	5169998.41	31.3028
21655458.36	5169978.41	541.483
21655530.5	5169958.4	743.414
21655602.65	5169938.39	518.232
21655674.8	5169918.38	452.399
21655746.95	5169898.37	321.862
21655819.09	5169878.37	153.828
21655891.24	5169858.36	948.502
21655963.38	5169838.35	691.663
21656035.53	5169818.34	310.236
21656107.68	5169798.33	301.546
21656179.83	5169778.32	551.963
21656251.97	5169758.32	640.577
21656324.12	5169738.31	360.613
21656396.27	5169718.3	521.812
21656468.41	5169698.29	697.249
21656540.56	5169678.28	969.404
21656612.71	5169658.28	354.072
21656684.85	5169638.27	197.747
21656757	5169618.26	169.308
21656829.15	5169598.25	124.639
21656901.29	5169578.24	546.854
21656973.44	5169558.24	656.992
21657045.59	5169538.23	384.347
21657117.73	5169518.22	28.8592
21657189.88	5169498.21	15.3521
21657262.03	5169478.2	13.2726
21657334.17	5169458.2	20.1027
21657406.32	5169438.19	72.9356
21657478.47	5169418.18	271.97
21657550.61	5169398.17	220.508
21657622.76	5169378.16	272.221
21657694.91	5169358.16	635.404
21657767.05	5169338.15	721.147
21657839.2	5169318.14	683.398
21657911.35	5169298.13	307.948
21657983.49	5169278.12	530.774
21658055.64	5169258.12	664.233
21658127.79	5169238.11	463.247
21658199.93	5169218.1	15.5
21658272.08	5169198.09	5.60222
21658344.23	5169178.08	368.102
21658416.37	5169158.08	184.793
21658488.52	5169138.07	169.33
21658560.67	5169118.06	241.625
21658632.81	5169098.05	448.313
21658704.96	5169078.04	209.051
21658777.11	5169058.03	53.8711
21658849.25	5169038.03	35.5478
21658921.4	5169018.02	51.6544
21658993.55	5168998.01	20.2572
21659065.69	5168978	151.79
21653313.58	5170649.42	838.494
21653385.73	5170629.41	954.427
21653457.88	5170609.4	770.701
21653530.02	5170589.39	758.508
21653602.17	5170569.39	828.816
21653674.32	5170549.38	813.059
21653746.46	5170529.37	803.977
21653818.61	5170509.36	833.169
21653890.76	5170489.35	813.477
21653962.9	5170469.35	807.976
21654035.05	5170449.34	677.436
21654107.2	5170429.33	500.088
21654179.34	5170409.32	424.626
21654251.49	5170389.31	57.1444
21654323.64	5170369.3	54.3506
21654395.78	5170349.3	30.0816
21654467.93	5170329.29	23.0032
21654540.08	5170309.28	26.6849
21654612.22	5170289.27	31.2676
21654684.37	5170269.26	140.919
21654756.52	5170249.26	222.349
21654828.66	5170229.25	333.582
21654900.81	5170209.24	367.424
21654972.96	5170189.23	30.7079
21655045.1	5170169.22	27.9218
21655117.25	5170149.22	30.1311
21655189.4	5170129.21	27.0397
21655261.54	5170109.2	32.824
21655333.69	5170089.19	11.96
21655405.84	5170069.18	199.623
21655477.98	5170049.18	487.432
21655550.13	5170029.17	672.723
21655622.28	5170009.16	498.089
21655694.42	5169989.15	526.071
21655766.57	5169969.14	426.432
21655838.72	5169949.14	685.678
21655910.86	5169929.13	653.572
21655983.01	5169909.12	459.883
21656055.16	5169889.11	219.883
21656127.3	5169869.1	245.831
21656199.45	5169849.1	579.594
21656271.6	5169829.09	713.367
21656343.75	5169809.08	627.383
21656415.89	5169789.07	863.807
21656488.04	5169769.06	774.479
21656560.19	5169749.06	595.866
21656632.33	5169729.05	215.949
21656704.48	5169709.04	226.488
21656776.63	5169689.03	453.611
21656848.77	5169669.02	607.215
21656920.92	5169649.02	598.204
21656993.07	5169629.01	587.876
21657065.21	5169609	536.033
21657137.36	5169588.99	113.589
21657209.51	5169568.98	19.1038
21657281.65	5169548.97	13.2057
21657353.8	5169528.97	19.6739
21657425.95	5169508.96	86.5961
21657498.09	5169488.95	353.413
21657570.24	5169468.94	35.8497
21657642.39	5169448.93	35.2061
21657714.53	5169428.93	56.2972
21657786.68	5169408.92	424.233
21657858.83	5169388.91	392.269
21657930.97	5169368.9	211.578
21658003.12	5169348.89	424.834
21658075.27	5169328.89	580.933
21658147.41	5169308.88	531.641
21658219.56	5169288.87	471.815
21658291.71	5169268.86	480.327
21658363.85	5169248.85	30.8254
21658436	5169228.85	34.5801
21658508.15	5169208.84	32.9195
21658580.29	5169188.83	36.2398
21658652.44	5169168.82	299.579
21658724.59	5169148.81	210.293
21658796.73	5169128.81	43.8417
21658868.88	5169108.8	35.1907
21658941.03	5169088.79	36.4209
21659013.17	5169068.78	113.103
21659085.32	5169048.77	3.12222
21653261.06	5170740.2	820.058
21653333.21	5170720.19	869.577
21653405.36	5170700.18	910.779
21653477.5	5170680.17	863.443
21653549.65	5170660.16	840.713
21653621.8	5170640.16	874.041
21653693.94	5170620.15	865.375
21653766.09	5170600.14	824.469
21653838.24	5170580.13	864.637
21653910.38	5170560.12	908.308
21653982.53	5170540.12	859.563
21654054.68	5170520.11	690.941
21654126.82	5170500.1	470.004
21654198.97	5170480.09	120.853
21654271.12	5170460.08	32.3123
21654343.26	5170440.08	30.6617
21654415.41	5170420.07	34.4123
21654487.56	5170400.06	25.3465
21654559.7	5170380.05	25.3899
21654631.85	5170360.04	22.5653
21654704	5170340.04	243.035
21654776.14	5170320.03	291.638
21654848.29	5170300.02	36.3304
21654920.44	5170280.01	36.3968
21654992.58	5170260	24.4771
21655064.73	5170240	31.3714
21655136.88	5170219.99	29.9911
21655209.02	5170199.98	30.9097
21655281.17	5170179.97	222.946
21655353.32	5170159.96	471.253
21655425.46	5170139.95	545.782
21655497.61	5170119.95	654.058
21655569.76	5170099.94	555.206
21655641.9	5170079.93	432.262
21655714.05	5170059.92	327.627
21655786.2	5170039.91	424.243
21655858.34	5170019.91	427.229
21655930.49	5169999.9	33.9864
21656002.64	5169979.89	29.857
21656074.78	5169959.88	35.698
21656146.93	5169939.87	145.706
21656219.08	5169919.87	462.931
21656291.22	5169899.86	579.653
21656363.37	5169879.85	747.044
21656435.52	5169859.84	784.753
21656507.66	5169839.83	614.219
21656579.81	5169819.83	62.7717
21656651.96	5169799.82	37.1378
21656724.1	5169779.81	30.9372
21656796.25	5169759.8	287.522
21656868.4	5169739.79	241.965
21656940.55	5169719.79	115.176
21657012.69	5169699.78	203.793
21657084.84	5169679.77	568.497
21657156.99	5169659.76	519.606
21657229.13	5169639.75	32.8978
21657301.28	5169619.75	20.7865
21657373.43	5169599.74	27.0955
21657445.57	5169579.73	247.303
21657517.72	5169559.72	441.126
21657589.87	5169539.71	54.9394
21657662.01	5169519.71	31.159
21657734.16	5169499.7	35.2469
21657806.31	5169479.69	99.8578
21657878.45	5169459.68	267.161
21657950.6	5169439.67	256.17
21658022.75	5169419.66	442.941
21658094.89	5169399.66	789.844
21658167.04	5169379.65	601.458
21658239.19	5169359.64	530.794
21658311.33	5169339.63	61.5506
21658383.48	5169319.62	33.0738
21658455.63	5169299.62	34.9609
21658527.77	5169279.61	35.6549
21658599.92	5169259.6	32.0819
21658672.07	5169239.59	36.7735
21658744.21	5169219.58	34.0316
21658816.36	5169199.58	47.25
21658888.51	5169179.57	33.1907
21658960.65	5169159.56	71.3794
21659032.8	5169139.55	70.4589
21659104.95	5169119.54	77.5739
21653280.69	5170810.97	665.752
21653352.84	5170790.96	798.652
21653424.98	5170770.95	821.511
21653497.13	5170750.94	858.634
21653569.28	5170730.93	891.408
21653641.42	5170710.93	882.869
21653713.57	5170690.92	854.987
21653785.72	5170670.91	828.171
21653857.86	5170650.9	871.16
21653930.01	5170630.89	905.438
21654002.16	5170610.89	843.703
21654074.3	5170590.88	647.896
21654146.45	5170570.87	341.42
21654218.6	5170550.86	94.7889
21654290.74	5170530.85	33.2105
21654362.89	5170510.85	68.15
21654435.04	5170490.84	37.6027
21654507.18	5170470.83	25.7394
21654579.33	5170450.82	27.8029
21654651.48	5170430.81	0.5
21654723.62	5170410.81	13.5647
21654795.77	5170390.8	33.7094
21654867.92	5170370.79	34.3844
21654940.06	5170350.78	66.6322
21655012.21	5170330.77	675.682
21655084.36	5170310.77	444.092
21655156.5	5170290.76	0.5
21655228.65	5170270.75	29.8496
21655300.8	5170250.74	305.574
21655372.94	5170230.73	684.034
21655445.09	5170210.73	684.913
21655517.24	5170190.72	666.726
21655589.38	5170170.71	228.518
21655661.53	5170150.7	31.3758
21655733.68	5170130.69	29.412
21655805.82	5170110.69	119.032
21655877.97	5170090.68	560.725
21655950.12	5170070.67	423.197
21656022.26	5170050.66	40.6717
21656094.41	5170030.65	31.8281
21656166.56	5170010.65	35.2031
21656238.7	5169990.64	141.545
21656310.85	5169970.63	245.346
21656383	5169950.62	529.412
21656455.14	5169930.61	722.992
21656527.29	5169910.6	322.901
21656599.44	5169890.6	30.8707
21656671.58	5169870.59	30.4137
21656743.73	5169850.58	26.3324
21656815.88	5169830.57	31.2311
21656888.02	5169810.56	32.9515
21656960.17	5169790.56	31.8699
21657032.32	5169770.55	27.6044
21657104.47	5169750.54	224.968
21657176.61	5169730.53	579.278
21657248.76	5169710.52	583.696
21657320.91	5169690.52	95.5156
21657393.05	5169670.51	122.278
21657465.2	5169650.5	539.682
21657537.35	5169630.49	113.446
21657609.49	5169610.48	33.7657
21657681.64	5169590.48	29.4624
21657753.79	5169570.47	32.7138
21657825.93	5169550.46	34.9404
21657898.08	5169530.45	114.989
21657970.23	5169510.44	338.767
21658042.37	5169490.44	657.102
21658114.52	5169470.43	585.983
21658186.67	5169450.42	88.4744
21658258.81	5169430.41	33.0836
21658330.96	5169410.4	3.69889
21658403.11	5169390.4	123.132
21658475.25	5169370.39	55.3711
21658547.4	5169350.38	2.54556
21658619.55	5169330.37	230.141
21658691.69	5169310.36	124.714
21658763.84	5169290.36	26.9791
21658835.99	5169270.35	30.9201
21658908.13	5169250.34	33.8923
21658980.28	5169230.33	36.1706
21659052.43	5169210.32	28.6976
21653300.32	5170881.74	480.881
21653372.46	5170861.73	561.939
21653444.61	5170841.72	620.201
21653516.76	5170821.71	713.165
21653588.9	5170801.71	752.211
21653661.05	5170781.7	777.987
21653733.2	5170761.69	821.073
21653805.34	5170741.68	821.564
21653877.49	5170721.67	826.761
21653949.64	5170701.67	806.112
21654021.78	5170681.66	785.948
21654093.93	5170661.65	744.711
21654166.08	5170641.64	298.265
21654238.22	5170621.63	34.6958
21654310.37	5170601.63	34.0605
21654382.52	5170581.62	37.8554
21654454.66	5170561.61	36.5968
21654526.81	5170541.6	37.4726
21654598.96	5170521.59	78.2139
21654671.1	5170501.58	33.6502
21654743.25	5170481.58	27.861
21654815.4	5170461.57	21.5033
21654887.54	5170441.56	27.7992
21654959.69	5170421.55	36.5364
21655031.84	5170401.54	33.0844
21655103.98	5170381.54	126.704
21655176.13	5170361.53	29.2565
21655248.28	5170341.52	85.9467
21655320.42	5170321.51	19.102
21655392.57	5170301.5	644.094
21655464.72	5170281.5	642.592
21655536.86	5170261.49	46.8883
21655609.01	5170241.48	32.719
21655681.16	5170221.47	29.4853
21655753.3	5170201.46	32.6097
21655825.45	5170181.46	20.4033
21655897.6	5170161.45	249.501
21655969.74	5170141.44	487.959
21656041.89	5170121.43	429.586
21656114.04	5170101.42	254.388
21656186.18	5170081.42	80.8272
21656258.33	5170061.41	66.2617
21656330.48	5170041.4	49.3361
21656402.62	5170021.39	385.277
21656474.77	5170001.38	36.2263
21656546.92	5169981.38	18.3877
21656619.06	5169961.37	31.75
21656691.21	5169941.36	30.5475
21656763.36	5169921.35	30.4832
21656835.5	5169901.34	37.9524
21656907.65	5169881.34	32.1315
21656979.8	5169861.33	36.1048
21657051.94	5169841.32	26.7899
21657124.09	5169821.31	27.5627
21657196.24	5169801.3	463.935
21657268.38	5169781.3	684.204
21657340.53	5169761.29	545.659
21657412.68	5169741.28	443.062
21657484.83	5169721.27	307.981
21657556.97	5169701.26	35.4108
21657629.12	5169681.25	35.3851
21657701.27	5169661.25	28.7981
21657773.41	5169641.24	25.3815
21657845.56	5169621.23	23.9209
21657917.71	5169601.22	32.9035
21657989.85	5169581.21	388.067
21658062	5169561.21	553.022
21658134.15	5169541.2	537.556
21658206.29	5169521.19	54.8172
21658278.44	5169501.18	0.920556
21658350.59	5169481.17	35.2594
21658422.73	5169461.17	137.802
21658494.88	5169441.16	31.4406
21658567.03	5169421.15	32.0591
21658639.17	5169401.14	268.726
21658711.32	5169381.13	29.5033
21658783.47	5169361.13	23.3895
21658855.61	5169341.12	20.794
21658927.76	5169321.11	32.8208
21658999.91	5169301.1	35.915
21659072.05	5169281.09	0.5
21653247.8	5170972.52	181.836
21653319.94	5170952.51	273.113
21653392.09	5170932.5	415.109
21653464.24	5170912.49	325.551
21653536.38	5170892.48	35.8558
21653608.53	5170872.48	13.4417
21653680.68	5170852.47	118.423
21653752.82	5170832.46	386.968
21653824.97	5170812.45	711.944
21653897.12	5170792.44	794.452
21653969.26	5170772.44	759.538
21654041.41	5170752.43	848.366
21654113.56	5170732.42	716.183
21654185.7	5170712.41	66.11
21654257.85	5170692.4	34.8148
21654330	5170672.4	35.3163
21654402.14	5170652.39	37.6082
21654474.29	5170632.38	127.281
21654546.44	5170612.37	360.634
21654618.58	5170592.36	162.944
21654690.73	5170572.36	35.6422
21654762.88	5170552.35	27.2952
21654835.02	5170532.34	30.1239
21654907.17	5170512.33	34.1305
21654979.32	5170492.32	147.452
21655051.46	5170472.32	36.6904
21655123.61	5170452.31	28.7605
21655195.76	5170432.3	27.9992
21655267.9	5170412.29	23.5789
21655340.05	5170392.28	26.6169
21655412.2	5170372.28	620.138
21655484.34	5170352.27	680.487
21655556.49	5170332.26	37.8929
21655628.64	5170312.25	28.9592
21655700.78	5170292.24	31.5833
21655772.93	5170272.23	34.0415
21655845.08	5170252.23	85.8644
21655917.22	5170232.22	20.3104
21655989.37	5170212.21	332.745
21656061.52	5170192.2	546.528
21656133.66	5170172.19	578.727
21656205.81	5170152.19	420.478
21656277.96	5170132.18	492.18
21656350.1	5170112.17	36.3437
21656422.25	5170092.16	442.76
21656494.4	5170072.15	453.791
21656566.54	5170052.15	36.0686
21656638.69	5170032.14	52.3578
21656710.84	5170012.13	36.7598
21656782.98	5169992.12	31.3386
21656855.13	5169972.11	35.1903
21656927.28	5169952.11	34.8918
21656999.42	5169932.1	0.5
21657071.57	5169912.09	0.5
21657143.72	5169892.08	0.5
21657215.86	5169872.07	0.5
21657288.01	5169852.07	31.7488
21657360.16	5169832.06	548.939
21657432.3	5169812.05	437.613
21657504.45	5169792.04	172.004
21657576.6	5169772.03	209.141
21657648.74	5169752.03	275.761
21657720.89	5169732.02	323.492
21657793.04	5169712.01	63.9233
21657865.18	5169692	34.0676
21657937.33	5169671.99	28.6994
21658009.48	5169651.99	284.297
21658081.63	5169631.98	642.584
21658153.77	5169611.97	476.479
21658225.92	5169591.96	389.088
21658298.07	5169571.95	178.533
21658370.21	5169551.94	30.9069
21658442.36	5169531.94	28.2254
21658514.51	5169511.93	25.4857
21658586.65	5169491.92	27.271
21658658.8	5169471.91	27.2941
21658730.95	5169451.9	25.0164
21658803.09	5169431.9	28.4377
21658875.24	5169411.89	16.4582
21658947.39	5169391.88	20.5032
21659019.53	5169371.87	24.0674
21659091.68	5169351.86	0.5
21653267.42	5171043.29	37.9227
21653339.57	5171023.28	161.758
21653411.72	5171003.27	317.61
21653483.86	5170983.26	270.135
21653556.01	5170963.26	36.791
21653628.16	5170943.25	26.0872
21653700.3	5170923.24	0.5
21653772.45	5170903.23	33.5131
21653844.6	5170883.22	629.393
21653916.74	5170863.21	738.576
21653988.89	5170843.21	713.112
21654061.04	5170823.2	684.41
21654133.18	5170803.19	465.497
21654205.33	5170783.18	35.8429
21654277.48	5170763.17	31.9461
21654349.62	5170743.17	274.996
21654421.77	5170723.16	35.0772
21654493.92	5170703.15	317.469
21654566.06	5170683.14	459.132
21654638.21	5170663.13	385.662
21654710.36	5170643.13	126.312
21654782.5	5170623.12	31.6221
21654854.65	5170603.11	100.092
21654926.8	5170583.1	351.266
21654998.94	5170563.09	414.109
21655071.09	5170543.09	35.6936
21655143.24	5170523.08	84.7183
21655215.38	5170503.07	36.2514
21655287.53	5170483.06	20.7667
21655359.68	5170463.05	257.633
21655431.82	5170443.05	817.236
21655503.97	5170423.04	530.153
21655576.12	5170403.03	340.235
21655648.26	5170383.02	109.998
21655720.41	5170363.01	37.9526
21655792.56	5170343.01	31.2106
21655864.7	5170323	22.4472
21655936.85	5170302.99	30.8982
21656009	5170282.98	35.0184
21656081.14	5170262.97	507.706
21656153.29	5170242.97	608.602
21656225.44	5170222.96	585.687
21656297.58	5170202.95	597.988
21656369.73	5170182.94	606.989
21656441.88	5170162.93	632.7
21656514.02	5170142.93	599.955
21656586.17	5170122.92	575.933
21656658.32	5170102.91	665.321
21656730.46	5170082.9	364.941
21656802.61	5170062.89	36.7767
21656874.76	5170042.88	230.543
21656946.9	5170022.88	34.8442
21657019.05	5170002.87	14.6333
21657091.2	5169982.86	482.895
21657163.34	5169962.85	191.142
21657235.49	5169942.84	29.0726
21657307.64	5169922.84	47.6372
21657379.78	5169902.83	467.007
21657451.93	5169882.82	700.694
21657524.08	5169862.81	391.461
21657596.22	5169842.8	446.266
21657668.37	5169822.8	153.29
21657740.52	5169802.79	117.885
21657812.66	5169782.78	72.1261
21657884.81	5169762.77	29.233
21657956.96	5169742.76	33.8578
21658029.1	5169722.76	443.121
21658101.25	5169702.75	696.477
21658173.4	5169682.74	306.391
21658245.54	5169662.73	161.447
21658317.69	5169642.72	87.4794
21658389.84	5169622.72	32.2584
21658461.99	5169602.71	23.2687
21658534.13	5169582.7	25.5738
21658606.28	5169562.69	25.9225
21658678.43	5169542.68	26.9505
21658750.57	5169522.68	27.8593
21658822.72	5169502.67	21.6691
21658894.87	5169482.66	0.5
21658967.01	5169462.65	16.5928
21659039.16	5169442.64	18.2855
21659111.31	5169422.64	0.5
21653287.05	5171114.06	33.2216
21653359.2	5171094.05	32.0867
21653431.34	5171074.04	208.443
21653503.49	5171054.03	368.013
21653575.64	5171034.03	70.37
21653647.78	5171014.02	13.6167
21653719.93	5170994.01	285.227
21653792.08	5170974	658.221
21653864.22	5170953.99	645.131
21653936.37	5170933.99	489.894
21654008.52	5170913.98	707.046
21654080.66	5170893.97	541.941
21654152.81	5170873.96	9.96056
21654224.96	5170853.95	34.0986
21654297.1	5170833.95	71.0067
21654369.25	5170813.94	222.726
21654441.4	5170793.93	34.2113
21654513.54	5170773.92	388.907
21654585.69	5170753.91	108.971
21654657.84	5170733.91	33.5487
21654729.98	5170713.9	35.1871
21654802.13	5170693.89	74.5489
21654874.28	5170673.88	142.447
21654946.42	5170653.87	384.026
21655018.57	5170633.86	520.622
21655090.72	5170613.86	165.891
21655162.86	5170593.85	110.467
21655235.01	5170573.84	360.759
21655307.16	5170553.83	31.3086
21655379.3	5170533.82	36.1745
21655451.45	5170513.82	553.016
21655523.6	5170493.81	669.774
21655595.74	5170473.8	100.758
21655667.89	5170453.79	37.7783
21655740.04	5170433.78	32.8023
21655812.18	5170413.78	30.3904
21655884.33	5170393.77	166.686
21655956.48	5170373.76	166.189
21656028.62	5170353.75	36.5269
21656100.77	5170333.74	342.551
21656172.92	5170313.74	540.762
21656245.06	5170293.73	560.186
21656317.21	5170273.72	325.209
21656389.36	5170253.71	785.094
21656461.5	5170233.7	795.395
21656533.65	5170213.7	650.858
21656605.8	5170193.69	665.656
21656677.94	5170173.68	744.712
21656750.09	5170153.67	648.484
21656822.24	5170133.66	621.334
21656894.38	5170113.66	481.77
21656966.53	5170093.65	121.021
21657038.68	5170073.64	139.632
21657110.82	5170053.63	382.544
21657182.97	5170033.62	101.577
21657255.12	5170013.62	18.7178
21657327.26	5169993.61	1.00056
21657399.41	5169973.6	215.856
21657471.56	5169953.59	602.012
21657543.7	5169933.58	331.976
21657615.85	5169913.57	31.1828
21657688	5169893.57	37.6857
21657760.14	5169873.56	35.66
21657832.29	5169853.55	15.29
21657904.44	5169833.54	34.0116
21657976.58	5169813.53	43.0711
21658048.73	5169793.53	616.478
21658120.88	5169773.52	755.603
21658193.02	5169753.51	161.113
21658265.17	5169733.5	48.3617
21658337.32	5169713.49	36.1986
21658409.46	5169693.49	32.5018
21658481.61	5169673.48	31.7535
21658553.76	5169653.47	31.2654
21658625.91	5169633.46	30.0764
21658698.05	5169613.45	30.0812
21658770.2	5169593.45	24.6994
21658842.35	5169573.44	24.3614
21658914.49	5169553.43	0.5
21658986.64	5169533.42	21.1633
21659058.79	5169513.41	21.4938
21653306.68	5171184.83	36.915
21653378.82	5171164.82	120.966
21653450.97	5171144.81	49.8056
21653523.12	5171124.8	165.984
21653595.26	5171104.8	248.357
21653667.41	5171084.79	314.295
21653739.56	5171064.78	573.548
21653811.7	5171044.77	604.327
21653883.85	5171024.76	536.674
21653956	5171004.76	738.304
21654028.14	5170984.75	785.268
21654100.29	5170964.74	727.848
21654172.44	5170944.73	37.385
21654244.58	5170924.72	34.1862
21654316.73	5170904.72	180.857
21654388.88	5170884.71	148.011
21654461.02	5170864.7	112.115
21654533.17	5170844.69	370.642
21654605.32	5170824.68	37.6408
21654677.46	5170804.68	35.0826
21654749.61	5170784.67	31.3152
21654821.76	5170764.66	12.1561
21654893.9	5170744.65	33.7668
21654966.05	5170724.64	32.1834
21655038.2	5170704.64	93.6039
21655110.34	5170684.63	129.591
21655182.49	5170664.62	397.511
21655254.64	5170644.61	461.174
21655326.78	5170624.6	29.7559
21655398.93	5170604.6	43.1078
21655471.08	5170584.59	380.537
21655543.22	5170564.58	493.286
21655615.37	5170544.57	34.6594
21655687.52	5170524.56	35.2063
21655759.66	5170504.56	27.6735
21655831.81	5170484.55	28.4277
21655903.96	5170464.54	159.086
21655976.1	5170444.53	60.9333
21656048.25	5170424.52	91.8294
21656120.4	5170404.51	513.842
21656192.54	5170384.51	529.858
21656264.69	5170364.5	428.449
21656336.84	5170344.49	404.474
21656408.98	5170324.48	412.593
21656481.13	5170304.47	630.232
21656553.28	5170284.47	702.054
21656625.42	5170264.46	776.929
21656697.57	5170244.45	740.408
21656769.72	5170224.44	782.612
21656841.86	5170204.43	721.207
21656914.01	5170184.43	576.432
21656986.16	5170164.42	602.321
21657058.3	5170144.41	199.544
21657130.45	5170124.4	340.72
21657202.6	5170104.39	54.7083
21657274.74	5170084.39	37.6396
21657346.89	5170064.38	37.6581
21657419.04	5170044.37	123.097
21657491.18	5170024.36	630.893
21657563.33	5170004.35	598.708
21657635.48	5169984.35	335.689
21657707.62	5169964.34	477.314
21657779.77	5169944.33	190.331
21657851.92	5169924.32	30.0252
21657924.06	5169904.31	30.6181
21657996.21	5169884.31	34.4438
21658068.36	5169864.3	495.541
21658140.5	5169844.29	533.194
21658212.65	5169824.28	32.463
21658284.8	5169804.27	31.7451
21658356.94	5169784.27	29.4732
21658429.09	5169764.26	31.1346
21658501.24	5169744.25	31.6812
21658573.38	5169724.24	32.7725
21658645.53	5169704.23	27.1732
21658717.68	5169684.22	23.3114
21658789.82	5169664.22	19.4294
21658861.97	5169644.21	18.2486
21658934.12	5169624.2	20.748
21659006.26	5169604.19	20.9441
21659078.41	5169584.18	19.4762
21653254.15	5171275.61	25.7556
21653326.3	5171255.6	42.985
21653398.45	5171235.59	52.645
21653470.6	5171215.58	29.779
21653542.74	5171195.58	26.7691
21653614.89	5171175.57	22.591
21653687.04	5171155.56	421.504
21653759.18	5171135.55	505.022
21653831.33	5171115.54	425.881
21653903.48	5171095.54	726.718
21653975.62	5171075.53	800.124
21654047.77	5171055.52	805.235
21654119.92	5171035.51	492.766
21654192.06	5171015.5	50.3
21654264.21	5170995.49	31.2502
21654336.36	5170975.49	25.015
21654408.5	5170955.48	32.9869
21654480.65	5170935.47	113.132
21654552.8	5170915.46	353.414
21654624.94	5170895.45	32.9255
21654697.09	5170875.45	34.0596
21654769.24	5170855.44	30.601
21654841.38	5170835.43	32.1081
21654913.53	5170815.42	27.5728
21654985.68	5170795.41	25.9051
21655057.82	5170775.41	30.0044
21655129.97	5170755.4	587.667
21655202.12	5170735.39	371.602
21655274.26	5170715.38	26.0056
21655346.41	5170695.37	26.3133
21655418.56	5170675.37	396.369
21655490.7	5170655.36	593.038
21655562.85	5170635.35	617.2
21655635	5170615.34	421.414
21655707.14	5170595.33	36.317
21655779.29	5170575.33	24.845
21655851.44	5170555.32	30.7105
21655923.58	5170535.31	138.775
21655995.73	5170515.3	31.6021
21656067.88	5170495.29	146.624
21656140.02	5170475.29	281.598
21656212.17	5170455.28	386.832
21656284.32	5170435.27	405.185
21656356.46	5170415.26	136.495
21656428.61	5170395.25	216.064
21656500.76	5170375.25	315.857
21656572.9	5170355.24	471.38
21656645.05	5170335.23	764.966
21656717.2	5170315.22	681.244
21656789.34	5170295.21	661.017
21656861.49	5170275.21	650.738
21656933.64	5170255.2	605.469
21657005.78	5170235.19	790.285
21657077.93	5170215.18	513.2
21657150.08	5170195.17	342.307
21657222.22	5170175.16	51.3094
21657294.37	5170155.16	35.263
21657366.52	5170135.15	152.358
21657438.66	5170115.14	621.917
21657510.81	5170095.13	889.792
21657582.96	5170075.12	602.999
21657655.1	5170055.12	393.614
21657727.25	5170035.11	696.959
21657799.4	5170015.1	603.265
21657871.54	5169995.09	32.8883
21657943.69	5169975.08	35.1713
21658015.84	5169955.08	526.597
21658087.98	5169935.07	459.144
21658160.13	5169915.06	70.8478
21658232.28	5169895.05	20.1964
21658304.42	5169875.04	0.5
21658376.57	5169855.04	30.5366
21658448.72	5169835.03	33.6217
21658520.86	5169815.02	33.0125
21658593.01	5169795.01	33.1387
21658665.16	5169775	29.9352
21658737.3	5169755	20.9806
21658809.45	5169734.99	14.8354
21658881.6	5169714.98	20.853
21658953.74	5169694.97	20.1802
21659025.89	5169674.96	20.954
21659098.04	5169654.96	0.5
21653273.78	5171346.38	0.5
21653345.93	5171326.37	0.5
21653418.07	5171306.36	0.5
21653490.22	5171286.35	25.9238
21653562.37	5171266.35	23.8315
21653634.51	5171246.34	28.9451
21653706.66	5171226.33	353.316
21653778.81	5171206.32	551.066
21653850.96	5171186.31	581.354
21653923.1	5171166.31	790.396
21653995.25	5171146.3	764.125
21654067.4	5171126.29	934.131
21654139.54	5171106.28	386.759
21654211.69	5171086.27	49.1261
21654283.84	5171066.27	30.0846
21654355.98	5171046.26	28.929
21654428.13	5171026.25	30.8644
21654500.28	5171006.24	600.324
21654572.42	5170986.23	431.501
21654644.57	5170966.23	37.178
21654716.72	5170946.22	75.7589
21654788.86	5170926.21	35.485
21654861.01	5170906.2	27.6982
21654933.16	5170886.19	32.8112
21655005.3	5170866.18	0.5
21655077.45	5170846.18	623.521
21655149.6	5170826.17	193.854
21655221.74	5170806.16	26.562
21655293.89	5170786.15	11.5312
21655366.04	5170766.14	32.3525
21655438.18	5170746.14	447.987
21655510.33	5170726.13	758.707
21655582.48	5170706.12	584.898
21655654.62	5170686.11	558.733
21655726.77	5170666.1	451.349
21655798.92	5170646.1	35.2566
21655871.06	5170626.09	35.4112
21655943.21	5170606.08	22.7256
21656015.36	5170586.07	125.21
21656087.5	5170566.06	335.293
21656159.65	5170546.06	251.604
21656231.8	5170526.05	245.09
21656303.94	5170506.04	56.2578
21656376.09	5170486.03	68.4261
21656448.24	5170466.02	274.896
21656520.38	5170446.02	82.0767
21656592.53	5170426.01	38.4783
21656664.68	5170406	571.66
21656736.82	5170385.99	714.733
21656808.97	5170365.98	662.637
21656881.12	5170345.98	641.478
21656953.26	5170325.97	585.604
21657025.41	5170305.96	662.691
21657097.56	5170285.95	671.046
21657169.7	5170265.94	429.393
21657241.85	5170245.94	141.813
21657314	5170225.93	92.0556
21657386.14	5170205.92	470.403
21657458.29	5170185.91	819.631
21657530.44	5170165.9	708.13
21657602.58	5170145.9	589.544
21657674.73	5170125.89	603.614
21657746.88	5170105.88	602.258
21657819.02	5170085.87	438.638
21657891.17	5170065.86	63.8067
21657963.32	5170045.85	375.703
21658035.46	5170025.85	610.047
21658107.61	5170005.84	518.233
21658179.76	5169985.83	198.69
21658251.9	5169965.82	34.6001
21658324.05	5169945.81	23.7724
21658396.2	5169925.81	18.6739
21658468.34	5169905.8	23.1246
21658540.49	5169885.79	25.5562
21658612.64	5169865.78	22.1417
21658684.78	5169845.77	0.5
21658756.93	5169825.77	0.5
21658829.08	5169805.76	24.4984
21658901.22	5169785.75	21.9528
21658973.37	5169765.74	21.6616
21659045.52	5169745.73	21.523
21653293.41	5171417.15	0.5
21653365.55	5171397.14	30.2251
21653437.7	5171377.13	35.0833
21653509.85	5171357.12	26.2662
21653581.99	5171337.12	38.9422
21653654.14	5171317.11	35.6557
21653726.29	5171297.1	126.909
21653798.43	5171277.09	477.319
21653870.58	5171257.08	748.705
21653942.73	5171237.08	786.424
21654014.87	5171217.07	682.804
21654087.02	5171197.06	241.372
21654159.17	5171177.05	135.385
21654231.32	5171157.04	68.2011
21654303.46	5171137.04	109.384
21654375.61	5171117.03	37.6596
21654447.76	5171097.02	342.469
21654519.9	5171077.01	727.259
21654592.05	5171057	126.761
21654664.2	5171037	78.0228
21654736.34	5171016.99	37.1285
21654808.49	5170996.98	30.6599
21654880.64	5170976.97	28.3858
21654952.78	5170956.96	27.9251
21655024.93	5170936.96	29.0715
21655097.08	5170916.95	441.286
21655169.22	5170896.94	411.429
21655241.37	5170876.93	29.2098
21655313.52	5170856.92	17.8963
21655385.66	5170836.92	463.832
21655457.81	5170816.91	695.905
21655529.96	5170796.9	748.041
21655602.1	5170776.89	370.1
21655674.25	5170756.88	225.422
21655746.4	5170736.88	52.0622
21655818.54	5170716.87	29.1208
21655890.69	5170696.86	19.773
21655962.84	5170676.85	21.3336
21656034.98	5170656.84	31.6374
21656107.13	5170636.83	34.7817
21656179.28	5170616.83	34.1729
21656251.42	5170596.82	44.2361
21656323.57	5170576.81	197.942
21656395.72	5170556.8	410.008
21656467.86	5170536.79	95.8117
21656540.01	5170516.79	37.2705
21656612.16	5170496.78	35.2354
21656684.3	5170476.77	37.1835
21656756.45	5170456.76	483.05
21656828.6	5170436.75	665.161
21656900.74	5170416.75	593.977
21656972.89	5170396.74	431.051
21657045.04	5170376.73	525.437
21657117.18	5170356.72	471.618
21657189.33	5170336.71	349.805
21657261.48	5170316.71	37.8612
21657333.62	5170296.7	37.3189
21657405.77	5170276.69	126.216
21657477.92	5170256.68	488.598
21657550.06	5170236.67	545.236
21657622.21	5170216.67	429.392
21657694.36	5170196.66	621.831
21657766.5	5170176.65	724.473
21657838.65	5170156.64	428.254
21657910.8	5170136.63	37.458
21657982.94	5170116.63	437.486
21658055.09	5170096.62	284.853
21658127.24	5170076.61	33.5832
21658199.38	5170056.6	22.5816
21658271.53	5170036.59	31.2234
21658343.68	5170016.59	29.9648
21658415.82	5169996.58	0.5
21658487.97	5169976.57	28.5523
21658560.12	5169956.56	30.6142
21658632.26	5169936.55	18.8425
21658704.41	5169916.55	25.8723
21658776.56	5169896.54	517.244
21658848.7	5169876.53	36.3348
21658920.85	5169856.52	27.7615
21658993	5169836.51	24.0804
21659065.14	5169816.5	21.5135
21653313.03	5171487.92	0.5
21653385.18	5171467.91	0.5
21653457.33	5171447.9	0.5
21653529.47	5171427.9	30.5956
21653601.62	5171407.89	34.1869
21653673.77	5171387.88	56.1178
21653745.91	5171367.87	312.438
21653818.06	5171347.86	676.206
21653890.21	5171327.86	801.453
21653962.35	5171307.85	719.014
21654034.5	5171287.84	539.351
21654106.65	5171267.83	174.045
21654178.79	5171247.82	161.222
21654250.94	5171227.82	423.366
21654323.09	5171207.81	232.176
21654395.23	5171187.8	28.3852
21654467.38	5171167.79	469.152
21654539.53	5171147.78	706.61
21654611.67	5171127.77	35.086
21654683.82	5171107.77	244.439
21654755.97	5171087.76	330.351
21654828.12	5171067.75	32.1783
21654900.26	5171047.74	35.4636
21654972.41	5171027.73	2.635
21655044.56	5171007.73	33.7345
21655116.7	5170987.72	217.369
21655188.85	5170967.71	548.175
21655261	5170947.7	23.9836
21655333.14	5170927.69	19.25
21655405.29	5170907.69	490.856
21655477.44	5170887.68	623.592
21655549.58	5170867.67	606.939
21655621.73	5170847.66	124.965
21655693.88	5170827.65	21.8135
21655766.02	5170807.65	27.1681
21655838.17	5170787.64	30.896
21655910.32	5170767.63	0.5
21655982.46	5170747.62	0.5
21656054.61	5170727.61	0.5
21656126.76	5170707.61	72.5083
21656198.9	5170687.6	78.9411
21656271.05	5170667.59	26.6819
21656343.2	5170647.58	28.577
21656415.34	5170627.57	95.2506
21656487.49	5170607.57	476.507
21656559.64	5170587.56	322.278
21656631.78	5170567.55	21.2961
21656703.93	5170547.54	35.6522
21656776.08	5170527.53	36.0997
21656848.22	5170507.53	409.874
21656920.37	5170487.52	623.824
21656992.52	5170467.51	548.003
21657064.66	5170447.5	458.582
21657136.81	5170427.49	137.851
21657208.96	5170407.48	167.884
21657281.1	5170387.48	34.9108
21657353.25	5170367.47	30.8868
21657425.4	5170347.46	30.6439
21657497.54	5170327.45	33.5025
21657569.69	5170307.44	158.023
21657641.84	5170287.44	413.356
21657713.98	5170267.43	626.421
21657786.13	5170247.42	621.08
21657858.28	5170227.41	877.707
21657930.42	5170207.4	744.136
21658002.57	5170187.4	685.107
21658074.72	5170167.39	240.748
21658146.86	5170147.38	27.1098
21658219.01	5170127.37	28.9494
21658291.16	5170107.36	183.577
21658363.3	5170087.36	3.46611
21658435.45	5170067.35	0.5
21658507.6	5170047.34	35.1107
21658579.74	5170027.33	33.9116
21658651.89	5170007.32	28.1579
21658724.04	5169987.32	28.6398
21658796.18	5169967.31	104.572
21658868.33	5169947.3	321.954
21658940.48	5169927.29	27.8246
21659012.62	5169907.28	28.8281
21659084.77	5169887.28	24.6826
21653260.51	5171578.7	36.7114
21653332.66	5171558.69	24.3638
21653404.81	5171538.68	0.5
21653476.95	5171518.67	26.4662
21653549.1	5171498.67	36.8832
21653621.25	5171478.66	31.8487
21653693.39	5171458.65	33.8298
21653765.54	5171438.64	400.237
21653837.69	5171418.63	763.755
21653909.83	5171398.63	670.322
21653981.98	5171378.62	519.251
21654054.13	5171358.61	208.682
21654126.27	5171338.6	386.038
21654198.42	5171318.59	325.301
21654270.57	5171298.59	281.598
21654342.71	5171278.58	27.5872
21654414.86	5171258.57	26.3482
21654487.01	5171238.56	412.779
21654559.15	5171218.55	598.96
21654631.3	5171198.55	75.9972
21654703.45	5171178.54	391.145
21654775.59	5171158.53	520.548
21654847.74	5171138.52	108.717
21654919.89	5171118.51	48.8983
21654992.04	5171098.51	32.1891
21655064.18	5171078.5	716.843
21655136.33	5171058.49	654.712
21655208.48	5171038.48	221.397
21655280.62	5171018.47	28.9374
21655352.77	5170998.47	28.4848
21655424.92	5170978.46	28.7412
21655497.06	5170958.45	28.0905
21655569.21	5170938.44	228.093
21655641.36	5170918.43	30.6988
21655713.5	5170898.42	29.8318
21655785.65	5170878.42	33.0459
21655857.8	5170858.41	33.6887
21655929.94	5170838.4	32.4078
21656002.09	5170818.39	37.0912
21656074.24	5170798.38	290.123
21656146.38	5170778.38	334.408
21656218.53	5170758.37	118.045
21656290.68	5170738.36	30.2783
21656362.82	5170718.35	32.2598
21656434.97	5170698.34	12.7839
21656507.12	5170678.34	565.882
21656579.26	5170658.33	639.068
21656651.41	5170638.32	408.574
21656723.56	5170618.31	146.532
21656795.7	5170598.3	37.0587
21656867.85	5170578.3	145.205
21656940	5170558.29	442.351
21657012.14	5170538.28	221.948
21657084.29	5170518.27	226.038
21657156.44	5170498.26	288.778
21657228.58	5170478.26	137.304
21657300.73	5170458.25	37.1218
21657372.88	5170438.24	31.9034
21657445.02	5170418.23	31.7517
21657517.17	5170398.22	35.8716
21657589.32	5170378.22	532.691
21657661.46	5170358.21	640.104
21657733.61	5170338.2	733.111
21657805.76	5170318.19	752.812
21657877.9	5170298.18	850.43
21657950.05	5170278.18	905.665
21658022.2	5170258.17	824.042
21658094.34	5170238.16	5.10667
21658166.49	5170218.15	20.9158
21658238.64	5170198.14	0.5
21658310.78	5170178.13	31.209
21658382.93	5170158.13	30.51
21658455.08	5170138.12	37.3774
21658527.22	5170118.11	89.4511
21658599.37	5170098.1	34.9643
21658671.52	5170078.09	26.0338
21658743.66	5170058.09	25.5166
21658815.81	5170038.08	25.7896
21658887.96	5170018.07	114.23
21658960.1	5169998.06	22.095
21659032.25	5169978.05	33.3475
21659104.4	5169958.05	26.306
21653280.14	5171649.47	267.139
21653352.29	5171629.46	34.8927
21653424.43	5171609.45	27.3816
21653496.58	5171589.45	27.2504
21653568.73	5171569.44	43.2128
21653640.87	5171549.43	34.906
21653713.02	5171529.42	24.9879
21653785.17	5171509.41	275.852
21653857.31	5171489.4	711.977
21653929.46	5171469.4	680.707
21654001.61	5171449.39	430.794
21654073.75	5171429.38	29.6589
21654145.9	5171409.37	50.8678
21654218.05	5171389.36	102.208
21654290.19	5171369.36	110.891
21654362.34	5171349.35	216.237
21654434.49	5171329.34	27.7706
21654506.63	5171309.33	257.079
21654578.78	5171289.32	500.746
21654650.93	5171269.32	517.632
21654723.07	5171249.31	207.455
21654795.22	5171229.3	339.641
21654867.37	5171209.29	123.673
21654939.51	5171189.28	65.6078
21655011.66	5171169.28	567.143
21655083.81	5171149.27	609.081
21655155.95	5171129.26	565.972
21655228.1	5171109.25	384.491
21655300.25	5171089.24	246.166
21655372.39	5171069.24	33.5512
21655444.54	5171049.23	35.3212
21655516.69	5171029.22	33.9211
21655588.84	5171009.21	211.94
21655660.98	5170989.2	32.8093
21655733.13	5170969.2	18.5406
21655805.28	5170949.19	28.8456
21655877.42	5170929.18	32.0513
21655949.57	5170909.17	204.698
21656021.72	5170889.16	120.28
21656093.86	5170869.16	150.655
21656166.01	5170849.15	564.768
21656238.16	5170829.14	556.293
21656310.3	5170809.13	239.647
21656382.45	5170789.12	108.358
21656454.6	5170769.11	37.9514
21656526.74	5170749.11	191.075
21656598.89	5170729.1	394.944
21656671.04	5170709.09	541.377
21656743.18	5170689.08	465.898
21656815.33	5170669.07	509.988
21656887.48	5170649.07	184.171
21656959.62	5170629.06	573.438
21657031.77	5170609.05	461.285
21657103.92	5170589.04	440.538
21657176.06	5170569.03	306.081
21657248.21	5170549.03	68.2878
21657320.36	5170529.02	233.401
21657392.5	5170509.01	337.372
21657464.65	5170489	242.312
21657536.8	5170468.99	380.101
21657608.94	5170448.99	641.804
21657681.09	5170428.98	621.722
21657753.24	5170408.97	757.733
21657825.38	5170388.96	782.339
21657897.53	5170368.95	758.333
21657969.68	5170348.95	933.33
21658041.82	5170328.94	310.103
21658113.97	5170308.93	21.3478
21658186.12	5170288.92	19.6779
21658258.26	5170268.91	28.3507
21658330.41	5170248.91	49.7694
21658402.56	5170228.9	35.4524
21658474.7	5170208.89	30.571
21658546.85	5170188.88	39.9544
21658619	5170168.87	31.605
21658691.14	5170148.87	29.1221
21658763.29	5170128.86	33.7055
21658835.44	5170108.85	24.6408
21658907.58	5170088.84	23.2951
21658979.73	5170068.83	34.106
21659051.88	5170048.83	30.5885
21653299.77	5171720.24	503.751
21653371.91	5171700.23	399.429
21653444.06	5171680.22	315.497
21653516.21	5171660.22	139.509
21653588.35	5171640.21	32.5514
21653660.5	5171620.2	153.059
21653732.65	5171600.19	36.3739
21653804.79	5171580.18	133.614
21653876.94	5171560.18	660.532
21653949.09	5171540.17	771.384
21654021.23	5171520.16	682.703
21654093.38	5171500.15	557.057
21654165.53	5171480.14	260.326
21654237.67	5171460.14	7.45833
21654309.82	5171440.13	31.7717
21654381.97	5171420.12	17.6294
21654454.11	5171400.11	285.577
21654526.26	5171380.1	623.319
21654598.41	5171360.09	545.971
21654670.55	5171340.09	458.306
21654742.7	5171320.08	35.3492
21654814.85	5171300.07	180.611
21654886.99	5171280.06	86.3806
21654959.14	5171260.05	466.344
21655031.29	5171240.05	665.336
21655103.43	5171220.04	312.929
21655175.58	5171200.03	73.1717
21655247.73	5171180.02	303.175
21655319.87	5171160.01	322.415
21655392.02	5171140.01	32.9262
21655464.17	5171120	34.592
21655536.31	5171099.99	30.681
21655608.46	5171079.98	0.5
21655680.61	5171059.97	28.5558
21655752.76	5171039.97	45.24
21655824.9	5171019.96	34.0715
21655897.05	5170999.95	32.3316
21655969.2	5170979.94	163.918
21656041.34	5170959.93	62.935
21656113.49	5170939.93	37.4125
21656185.64	5170919.92	24.8611
21656257.78	5170899.91	429.012
21656329.93	5170879.9	656.816
21656402.08	5170859.89	662.842
21656474.22	5170839.89	33.3865
21656546.37	5170819.88	28.4499
21656618.52	5170799.87	27.0243
21656690.66	5170779.86	24.0744
21656762.81	5170759.85	29.02
21656834.96	5170739.85	252.214
21656907.1	5170719.84	426.352
21656979.25	5170699.83	560.121
21657051.4	5170679.82	336.258
21657123.54	5170659.81	73.6572
21657195.69	5170639.81	68.1933
21657267.84	5170619.8	36.9117
21657339.98	5170599.79	522.997
21657412.13	5170579.78	165.402
21657484.28	5170559.77	186.277
21657556.42	5170539.76	511.427
21657628.57	5170519.76	633.811
21657700.72	5170499.75	629.384
21657772.86	5170479.74	690.025
21657845.01	5170459.73	676.396
21657917.16	5170439.72	585.449
21657989.3	5170419.72	295.604
21658061.45	5170399.71	33.6796
21658133.6	5170379.7	25.7484
21658205.74	5170359.69	21.4917
21658277.89	5170339.68	32.4241
21658350.04	5170319.68	354.318
21658422.18	5170299.67	192.819
21658494.33	5170279.66	121.861
21658566.48	5170259.65	69.25
21658638.62	5170239.64	4.44778
21658710.77	5170219.64	7.94944
21658782.92	5170199.63	480.353
21658855.06	5170179.62	28.8433
21658927.21	5170159.61	30.1322
21658999.36	5170139.6	32.2874
21659071.5	5170119.6	26.9076
21653247.25	5171811.02	568.74
21653319.39	5171791.01	680.517
21653391.54	5171771	300.553
21653463.69	5171750.99	313.817
21653535.83	5171730.99	449.058
21653607.98	5171710.98	255.177
21653680.13	5171690.97	326.853
21653752.27	5171670.96	201.216
21653824.42	5171650.95	122.776
21653896.57	5171630.95	594.758
21653968.71	5171610.94	677.032
21654040.86	5171590.93	664.996
21654113.01	5171570.92	508.956
21654185.15	5171550.91	329.898
21654257.3	5171530.91	265.982
21654329.45	5171510.9	24.5611
21654401.59	5171490.89	277.811
21654473.74	5171470.88	513.894
21654545.89	5171450.87	342.354
21654618.03	5171430.87	226.985
21654690.18	5171410.86	34.9107
21654762.33	5171390.85	34.7256
21654834.47	5171370.84	168.324
21654906.62	5171350.83	342.519
21654978.77	5171330.83	429.059
21655050.91	5171310.82	710.917
21655123.06	5171290.81	244.269
21655195.21	5171270.8	329.694
21655267.35	5171250.79	475.404
21655339.5	5171230.79	602.355
21655411.65	5171210.78	315.145
21655483.79	5171190.77	36.6074
21655555.94	5171170.76	33.2373
21655628.09	5171150.75	208.418
21655700.23	5171130.74	103.558
21655772.38	5171110.74	35.7258
21655844.53	5171090.73	36.0909
21655916.67	5171070.72	25.1338
21655988.82	5171050.71	23.0567
21656060.97	5171030.7	32.7198
21656133.11	5171010.7	0.5
21656205.26	5170990.69	36.0016
21656277.41	5170970.68	244.928
21656349.56	5170950.67	612.199
21656421.7	5170930.66	503.11
21656493.85	5170910.66	23.8333
21656566	5170890.65	35.1101
21656638.14	5170870.64	26.1572
21656710.29	5170850.63	23.5516
21656782.44	5170830.62	34.8384
21656854.58	5170810.62	167.559
21656926.73	5170790.61	446.514
21656998.88	5170770.6	345.553
21657071.02	5170750.59	31.5165
21657143.17	5170730.58	32.7379
21657215.32	5170710.58	34.1613
21657287.46	5170690.57	303.476
21657359.61	5170670.56	366.052
21657431.76	5170650.55	135.947
21657503.9	5170630.54	150.651
21657576.05	5170610.54	504.861
21657648.2	5170590.53	563.571
21657720.34	5170570.52	535.977
21657792.49	5170550.51	632.969
21657864.64	5170530.5	684.356
21657936.78	5170510.5	253.845
21658008.93	5170490.49	37.3915
21658081.08	5170470.48	29.7034
21658153.22	5170450.47	2.48
21658225.37	5170430.46	152.182
21658297.52	5170410.46	128.293
21658369.66	5170390.45	467.679
21658441.81	5170370.44	69.2572
21658513.96	5170350.43	20.4024
21658586.1	5170330.42	28.8714
21658658.25	5170310.41	46.7306
21658730.4	5170290.41	116.314
21658802.54	5170270.4	354.136
21658874.69	5170250.39	97.2767
21658946.84	5170230.38	19.1889
21659018.98	5170210.37	34.33
21659091.13	5170190.37	31.6665
21653266.87	5171881.79	35.6099
21653339.02	5171861.78	221.969
21653411.17	5171841.77	32.6167
21653483.31	5171821.77	395.706
21653555.46	5171801.76	630.848
21653627.61	5171781.75	592.572
21653699.75	5171761.74	581.219
21653771.9	5171741.73	454.794
21653844.05	5171721.73	127.163
21653916.19	5171701.72	559.942
21653988.34	5171681.71	642.612
21654060.49	5171661.7	562.179
21654132.63	5171641.69	514.511
21654204.78	5171621.68	307.626
21654276.93	5171601.68	262.643
21654349.07	5171581.67	102.793
21654421.22	5171561.66	95.7678
21654493.37	5171541.65	342.533
21654565.51	5171521.64	307.384
21654637.66	5171501.64	173.983
21654709.81	5171481.63	28.6858
21654781.95	5171461.62	37.8117
21654854.1	5171441.61	189.135
21654926.25	5171421.6	534.198
21654998.39	5171401.6	549.757
21655070.54	5171381.59	208.297
21655142.69	5171361.58	55.5233
21655214.83	5171341.57	456.633
21655286.98	5171321.56	693.877
21655359.13	5171301.56	791.88
21655431.27	5171281.55	223.164
21655503.42	5171261.54	17.8178
21655575.57	5171241.53	39.6133
21655647.71	5171221.52	32.0835
21655719.86	5171201.52	162.479
21655792.01	5171181.51	272.64
21655864.15	5171161.5	25.7841
21655936.3	5171141.49	19.8777
21656008.45	5171121.48	16.3203
21656080.59	5171101.48	0.5
21656152.74	5171081.47	0.5
21656224.89	5171061.46	27.8471
21656297.03	5171041.45	241.642
21656369.18	5171021.44	789.836
21656441.33	5171001.44	476.794
21656513.48	5170981.43	302.373
21656585.62	5170961.42	234.591
21656657.77	5170941.41	35.0045
21656729.91	5170921.4	29.8927
21656802.06	5170901.39	37.3224
21656874.21	5170881.39	387.211
21656946.36	5170861.38	764.821
21657018.5	5170841.37	366.117
21657090.65	5170821.36	33.3345
21657162.8	5170801.35	31.5187
21657234.94	5170781.35	79.4256
21657307.09	5170761.34	592.607
21657379.24	5170741.33	148.997
21657451.38	5170721.32	123.894
21657523.53	5170701.31	83.1056
21657595.68	5170681.31	139.668
21657667.82	5170661.3	606.449
21657739.97	5170641.29	504.296
21657812.12	5170621.28	709.081
21657884.26	5170601.27	756.449
21657956.41	5170581.27	394.537
21658028.56	5170561.26	539.574
21658100.7	5170541.25	266.837
21658172.85	5170521.24	216.493
21658245	5170501.23	615.251
21658317.14	5170481.23	582.09
21658389.29	5170461.22	226.642
21658461.44	5170441.21	35.591
21658533.58	5170421.2	20.1215
21658605.73	5170401.19	17.9838
21658677.88	5170381.19	22.4317
21658750.02	5170361.18	24.5054
21658822.17	5170341.17	28.9643
21658894.32	5170321.16	31.395
21658966.46	5170301.15	33.9082
21659038.61	5170281.15	36.0453
21653286.5	5171952.56	705.485
21653358.65	5171932.55	37.3597
21653430.79	5171912.54	141.737
21653502.94	5171892.54	355.25
21653575.09	5171872.53	615.036
21653647.23	5171852.52	718.484
21653719.38	5171832.51	737.404
21653791.53	5171812.5	571.605
21653863.67	5171792.5	280.759
21653935.82	5171772.49	570.441
21654007.97	5171752.48	585.697
21654080.11	5171732.47	658.052
21654152.26	5171712.46	499.625
21654224.41	5171692.46	439.729
21654296.55	5171672.45	375.292
21654368.7	5171652.44	295.597
21654440.85	5171632.43	114.478
21654512.99	5171612.42	120.463
21654585.14	5171592.42	343.936
21654657.29	5171572.41	111.714
21654729.43	5171552.4	28.6634
21654801.58	5171532.39	127.888
21654873.73	5171512.38	145.269
21654945.87	5171492.37	419.667
21655018.02	5171472.37	348.909
21655090.17	5171452.36	28.1422
21655162.31	5171432.35	36.9793
21655234.46	5171412.34	45.1394
21655306.61	5171392.33	392.569
21655378.75	5171372.33	331.069
21655450.9	5171352.32	41.3933
21655523.05	5171332.31	36.8278
21655595.19	5171312.3	32.4978
21655667.34	5171292.29	28.4629
21655739.49	5171272.29	24.3664
21655811.63	5171252.28	175.238
21655883.78	5171232.27	72.7
21655955.93	5171212.26	16.7299
21656028.07	5171192.25	13.1106
21656100.22	5171172.25	13
21656172.37	5171152.24	16.604
21656244.51	5171132.23	14.6474
21656316.66	5171112.22	69.3444
21656388.81	5171092.21	469.123
21656460.95	5171072.21	453.744
21656533.1	5171052.2	272.724
21656605.25	5171032.19	141.556
21656677.39	5171012.18	34.9111
21656749.54	5170992.17	30.2115
21656821.69	5170972.17	37.4755
21656893.84	5170952.16	10.3922
21656965.98	5170932.15	493.857
21657038.13	5170912.14	53.5167
21657110.27	5170892.13	33.5273
21657182.42	5170872.13	33.0894
21657254.57	5170852.12	37.2588
21657326.72	5170832.11	222.85
21657398.86	5170812.1	99.0511
21657471.01	5170792.09	129.354
21657543.16	5170772.09	74.5828
21657615.3	5170752.08	176.262
21657687.45	5170732.07	499.843
21657759.6	5170712.06	686.983
21657831.74	5170692.05	717.802
21657903.89	5170672.04	624.55
21657976.04	5170652.04	543.121
21658048.18	5170632.03	915.093
21658120.33	5170612.02	436.036
21658192.48	5170592.01	203.875
21658264.62	5170572	491.15
21658336.77	5170552	462.889
21658408.92	5170531.99	330.466
21658481.06	5170511.98	61.3406
21658553.21	5170491.97	134.647
21658625.36	5170471.96	28.1421
21658697.5	5170451.96	23.0509
21658769.65	5170431.95	27.4364
21658841.8	5170411.94	30.2405
21658913.94	5170391.93	33.453
21658986.09	5170371.92	33.4924
21659058.24	5170351.92	37.306
21653306.13	5172023.33	277.846
21653378.27	5172003.32	36.8362
21653450.42	5171983.31	137.145
21653522.57	5171963.31	328.371
21653594.71	5171943.3	524.237
21653666.86	5171923.29	621.846
21653739.01	5171903.28	824.646
21653811.15	5171883.27	633.286
21653883.3	5171863.27	356.262
21653955.45	5171843.26	521.496
21654027.59	5171823.25	640.956
21654099.74	5171803.24	755.367
21654171.89	5171783.23	653.768
21654244.03	5171763.23	562.078
21654316.18	5171743.22	693.749
21654388.33	5171723.21	607.434
21654460.47	5171703.2	177.306
21654532.62	5171683.19	256.348
21654604.77	5171663.19	215.613
21654676.91	5171643.18	9.68667
21654749.06	5171623.17	24.4806
21654821.21	5171603.16	34.1921
21654893.35	5171583.15	35.0288
21654965.5	5171563.15	273.614
21655037.65	5171543.14	202.783
21655109.79	5171523.13	35.9391
21655181.94	5171503.12	37.2808
21655254.09	5171483.11	47.6172
21655326.23	5171463.11	378.25
21655398.38	5171443.1	266.308
21655470.53	5171423.09	36.606
21655542.67	5171403.08	31.3687
21655614.82	5171383.07	28.976
21655686.97	5171363.07	28.399
21655759.11	5171343.06	44.7956
21655831.26	5171323.05	510.425
21655903.41	5171303.04	223.541
21655975.55	5171283.03	17.8252
21656047.7	5171263.02	17.1153
21656119.85	5171243.02	14.9325
21656191.99	5171223.01	15.9593
21656264.14	5171203	17.0406
21656336.29	5171182.99	19.9504
21656408.43	5171162.98	316.858
21656480.58	5171142.98	138.402
21656552.73	5171122.97	33.6699
21656624.87	5171102.96	31.6395
21656697.02	5171082.95	31.2374
21656769.17	5171062.94	24.7983
21656841.31	5171042.94	36.7165
21656913.46	5171022.93	78.0394
21656985.61	5171002.92	210.815
21657057.75	5170982.91	35.3395
21657129.9	5170962.9	28.9198
21657202.05	5170942.9	27.6973
21657274.19	5170922.89	32.6205
21657346.34	5170902.88	62.1889
21657418.49	5170882.87	2.80333
21657490.64	5170862.86	47.7644
21657562.78	5170842.86	117.834
21657634.93	5170822.85	209.667
21657707.08	5170802.84	780.596
21657779.22	5170782.83	605.452
21657851.37	5170762.82	727.847
21657923.52	5170742.82	686.979
21657995.66	5170722.81	682.609
21658067.81	5170702.8	888.081
21658139.96	5170682.79	355.871
21658212.1	5170662.78	69.1689
21658284.25	5170642.78	565.857
21658356.4	5170622.77	628.633
21658428.54	5170602.76	626.01
21658500.69	5170582.75	410.498
21658572.84	5170562.74	421.104
21658644.98	5170542.74	48.2378
21658717.13	5170522.73	29.8971
21658789.28	5170502.72	29.4002
21658861.42	5170482.71	33.0662
21658933.57	5170462.7	32.5235
21659005.72	5170442.69	28.2605
21659077.86	5170422.69	33.6555
21653253.61	5172114.11	452.071
21653325.75	5172094.1	262.859
21653397.9	5172074.09	3.65556
21653470.05	5172054.09	153.748
21653542.19	5172034.08	405.177
21653614.34	5172014.07	410.858
21653686.49	5171994.06	367.007
21653758.63	5171974.05	495.382
21653830.78	5171954.05	606.429
21653902.93	5171934.04	225.073
21653975.07	5171914.03	523.878
21654047.22	5171894.02	621.864
21654119.37	5171874.01	571.581
21654191.51	5171854	713.553
21654263.66	5171834	794.163
21654335.81	5171813.99	845.527
21654407.95	5171793.98	724.57
21654480.1	5171773.97	254
21654552.25	5171753.96	96.5294
21654624.39	5171733.96	62.8922
21654696.54	5171713.95	36.4315
21654768.69	5171693.94	22.9352
21654840.83	5171673.93	32.5537
21654912.98	5171653.92	53.9983
21654985.13	5171633.92	134.493
21655057.27	5171613.91	118.754
21655129.42	5171593.9	32.3629
21655201.57	5171573.89	100.244
21655273.71	5171553.88	145.093
21655345.86	5171533.88	237.873
21655418.01	5171513.87	30.3583
21655490.15	5171493.86	30.7774
21655562.3	5171473.85	26.7565
21655634.45	5171453.84	29.3152
21655706.59	5171433.84	31.5551
21655778.74	5171413.83	86.8506
21655850.89	5171393.82	210.468
21655923.03	5171373.81	140.219
21655995.18	5171353.8	21.658
21656067.33	5171333.8	22.6406
21656139.47	5171313.79	20.9337
21656211.62	5171293.78	19.8322
21656283.77	5171273.77	25.3964
21656355.91	5171253.76	20.7937
21656428.06	5171233.76	36.3971
21656500.21	5171213.75	32.295
21656572.35	5171193.74	31.1042
21656644.5	5171173.73	29.5357
21656716.65	5171153.72	25.2984
21656788.79	5171133.72	21.9224
21656860.94	5171113.71	24.3605
21656933.09	5171093.7	33.1929
21657005.23	5171073.69	155.025
21657077.38	5171053.68	35.1666
21657149.53	5171033.67	23.9568
21657221.67	5171013.67	21.7647
21657293.82	5170993.66	22.4929
21657365.97	5170973.65	26.218
21657438.11	5170953.64	30.6795
21657510.26	5170933.63	36.1636
21657582.41	5170913.63	62.1522
21657654.55	5170893.62	257.825
21657726.7	5170873.61	678.135
21657798.85	5170853.6	704.544
21657870.99	5170833.59	653.504
21657943.14	5170813.59	687.171
21658015.29	5170793.58	834.258
21658087.44	5170773.57	813.512
21658159.58	5170753.56	502.873
21658231.73	5170733.55	16.8139
21658303.88	5170713.55	640.19
21658376.02	5170693.54	634.083
21658448.17	5170673.53	450.028
21658520.32	5170653.52	450.074
21658592.46	5170633.51	461.805
21658664.61	5170613.51	222.253
21658736.76	5170593.5	35.5737
21658808.9	5170573.49	34.6507
21658881.05	5170553.48	29.4058
21658953.2	5170533.47	29.1376
21659025.34	5170513.47	26.2897
21659097.49	5170493.46	32.0485
21653273.23	5172184.88	327.012
21653345.38	5172164.87	441.094
21653417.53	5172144.86	40.5067
21653489.67	5172124.86	289.481
21653561.82	5172104.85	441.457
21653633.97	5172084.84	504.837
21653706.11	5172064.83	208.3
21653778.26	5172044.82	47.8794
21653850.41	5172024.82	192.182
21653922.55	5172004.81	200.429
21653994.7	5171984.8	538.054
21654066.85	5171964.79	668.961
21654138.99	5171944.78	673.838
21654211.14	5171924.78	584.177
21654283.29	5171904.77	670.602
21654355.43	5171884.76	792.332
21654427.58	5171864.75	640.699
21654499.73	5171844.74	127.908
21654571.87	5171824.74	37.5065
21654644.02	5171804.73	35.9011
21654716.17	5171784.72	28.6915
21654788.31	5171764.71	21.9604
21654860.46	5171744.7	36.0109
21654932.61	5171724.7	35.0779
21655004.75	5171704.69	202.836
21655076.9	5171684.68	377.807
21655149.05	5171664.67	215.254
21655221.19	5171644.66	232.246
21655293.34	5171624.65	261.581
21655365.49	5171604.65	336.447
21655437.63	5171584.64	212.788
21655509.78	5171564.63	36.9298
21655581.93	5171544.62	35.4186
21655654.07	5171524.61	30.4275
21655726.22	5171504.61	37.1269
21655798.37	5171484.6	35.7791
21655870.51	5171464.59	422.879
21655942.66	5171444.58	372.433
21656014.81	5171424.57	29.9453
21656086.95	5171404.57	25.489
21656159.1	5171384.56	23.6278
21656231.25	5171364.55	25.41
21656303.39	5171344.54	25.5671
21656375.54	5171324.53	22.8622
21656447.69	5171304.53	24.1038
21656519.83	5171284.52	25.1073
21656591.98	5171264.51	23.7339
21656664.13	5171244.5	30.3163
21656736.27	5171224.49	27.5488
21656808.42	5171204.49	21.1708
21656880.57	5171184.48	26.7922
21656952.71	5171164.47	32.9535
21657024.86	5171144.46	160.75
21657097.01	5171124.45	29.8762
21657169.15	5171104.45	23.7845
21657241.3	5171084.44	20.7852
21657313.45	5171064.43	19.9009
21657385.59	5171044.42	28.8743
21657457.74	5171024.41	33.8719
21657529.89	5171004.41	35.6823
21657602.03	5170984.4	77.5778
21657674.18	5170964.39	184.394
21657746.33	5170944.38	603.564
21657818.47	5170924.37	777.328
21657890.62	5170904.36	678.004
21657962.77	5170884.36	695.473
21658034.91	5170864.35	812.003
21658107.06	5170844.34	721.795
21658179.21	5170824.33	599.971
21658251.36	5170804.32	372.02
21658323.5	5170784.32	493.337
21658395.65	5170764.31	499.04
21658467.8	5170744.3	484.939
21658539.94	5170724.29	728.301
21658612.09	5170704.28	551.695
21658684.24	5170684.28	7.71
21658756.38	5170664.27	24.8494
21658828.53	5170644.26	20.9199
21658900.68	5170624.25	19.0056
21658972.82	5170604.24	14.103
21659044.97	5170584.24	20.0617
