21653307.22	5170346.33	657.467
21653379.37	5170326.32	569.747
21653451.52	5170306.31	565.208
21653523.66	5170286.3	534.596
21653595.81	5170266.29	639.579
21653667.96	5170246.29	735.872
21653740.1	5170226.28	498.11
21653812.25	5170206.27	497.282
21653884.4	5170186.26	574.964
21653956.54	5170166.25	740.321
21654028.69	5170146.25	753.263
21654100.84	5170126.24	655.438
21654172.98	5170106.23	618.279
21654245.13	5170086.22	488.055
21654317.28	5170066.21	661.441
21654389.42	5170046.21	268.889
21654461.57	5170026.2	31.7415
21654533.72	5170006.19	16.4629
21654605.86	5169986.18	34.6795
21654678.01	5169966.17	232.197
21654750.16	5169946.17	306.118
21654822.31	5169926.16	505.445
21654894.45	5169906.15	586.748
21654966.6	5169886.14	396.042
21655038.75	5169866.13	569.629
21655110.89	5169846.13	749.183
21655183.04	5169826.12	852.611
21655255.19	5169806.11	873.377
21655327.33	5169786.1	738.039
21655399.48	5169766.09	889.027
21653254.7	5170437.11	754.037
21653326.85	5170417.1	577.633
21653399	5170397.09	544.065
21653471.14	5170377.08	627.846
21653543.29	5170357.07	537.87
21653615.44	5170337.07	564.302
21653687.58	5170317.06	597.493
21653759.73	5170297.05	601.594
21653831.88	5170277.04	666.986
21653904.02	5170257.03	492.14
21653976.17	5170237.03	656.554
21654048.32	5170217.02	761.747
21654120.46	5170197.01	716.745
21654192.61	5170177	794.534
21654264.76	5170156.99	696.782
21654336.9	5170136.98	760.046
21654409.05	5170116.98	167.188
21654481.2	5170096.97	17.848
21654553.34	5170076.96	637.116
21654625.49	5170056.95	231.827
21654697.64	5170036.94	177.232
21654769.78	5170016.94	263.556
21654841.93	5169996.93	473.563
21654914.08	5169976.92	233.698
21654986.23	5169956.91	378.356
21655058.37	5169936.9	695.449
21655130.52	5169916.9	813.065
21655202.66	5169896.89	837.298
21655274.81	5169876.88	810.616
21655346.96	5169856.87	788.465
21655419.11	5169836.86	685.699
21655491.25	5169816.86	699.664
21655563.4	5169796.85	940.4
21655635.55	5169776.84	1060.22
21655707.69	5169756.83	980.676
21655779.84	5169736.82	697.993
21655851.99	5169716.82	676.419
21655924.13	5169696.81	642.844
21655996.28	5169676.8	460.624
21656068.43	5169656.79	326.02
21656140.57	5169636.78	378.845
21656212.72	5169616.78	650.018
21656284.87	5169596.77	538.379
21656357.01	5169576.76	592.421
21656429.16	5169556.75	940.829
21656501.31	5169536.74	674.133
21656573.45	5169516.74	235.63
21656645.6	5169496.73	29.4651
21656717.75	5169476.72	31.1699
21656789.89	5169456.71	122.495
21656862.04	5169436.7	550.329
21656934.19	5169416.69	347.454
21657006.33	5169396.69	52.5044
21657078.48	5169376.68	486.031
21657150.63	5169356.67	1061.35
21657222.77	5169336.66	1146
21657294.92	5169316.65	995.023
21657367.07	5169296.65	664.69
21657439.21	5169276.64	648.932
21657511.36	5169256.63	531.184
21657583.51	5169236.62	441.61
21657655.65	5169216.61	319.098
21657727.8	5169196.61	364.288
21657799.95	5169176.6	583.459
21657872.09	5169156.59	579.079
21657944.24	5169136.58	713.944
21658016.39	5169116.57	864.592
21658088.53	5169096.57	633.166
21658160.68	5169076.56	418.312
21658232.83	5169056.55	492.86
21658304.97	5169036.54	609.991
21658377.12	5169016.53	839.747
21658449.27	5168996.53	701.93
21658521.41	5168976.52	207.664
21658593.56	5168956.51	309.949
21658665.71	5168936.5	208.999
21658737.85	5168916.49	13.4505
21658810	5168896.49	30.3512
21658882.15	5168876.48	15.7175
21658954.29	5168856.47	14.6091
21659026.44	5168836.46	181.544
21659098.59	5168816.45	347.778
21653274.33	5170507.88	882.316
21653346.48	5170487.87	703.607
21653418.62	5170467.86	697.543
21653490.77	5170447.85	647.613
21653562.92	5170427.84	633.823
21653635.06	5170407.84	654.419
21653707.21	5170387.83	683.438
21653779.36	5170367.82	765.672
21653851.5	5170347.81	808.727
21653923.65	5170327.8	736.964
21653995.8	5170307.8	808.149
21654067.94	5170287.79	814.226
21654140.09	5170267.78	743.723
21654212.24	5170247.77	526.903
21654284.38	5170227.76	593.422
21654356.53	5170207.76	728.641
21654428.68	5170187.75	845.004
21654500.82	5170167.74	0.5
21654572.97	5170147.73	943.74
21654645.12	5170127.72	555.733
21654717.26	5170107.72	152.763
21654789.41	5170087.71	278.791
21654861.56	5170067.7	353.642
21654933.7	5170047.69	304.698
21655005.85	5170027.68	420.643
21655078	5170007.68	552.845
21655150.14	5169987.67	654.95
21655222.29	5169967.66	379.055
21655294.44	5169947.65	631.973
21655366.58	5169927.64	946.881
21655438.73	5169907.63	504.771
21655510.88	5169887.63	600.748
21655583.03	5169867.62	1012.8
21655655.17	5169847.61	1047.66
21655727.32	5169827.6	1013.86
21655799.47	5169807.59	544.383
21655871.61	5169787.59	780.262
21655943.76	5169767.58	684.494
21656015.91	5169747.57	509.349
21656088.05	5169727.56	353.041
21656160.2	5169707.55	709.721
21656232.35	5169687.55	776.004
21656304.49	5169667.54	470.783
21656376.64	5169647.53	781.249
21656448.79	5169627.52	958.158
21656520.93	5169607.51	789.657
21656593.08	5169587.51	507.704
21656665.23	5169567.5	35.2108
21656737.37	5169547.49	32.4488
21656809.52	5169527.48	157.762
21656881.67	5169507.47	337.422
21656953.81	5169487.47	254.331
21657025.96	5169467.46	544.095
21657098.11	5169447.45	733.157
21657170.25	5169427.44	941.124
21657242.4	5169407.43	931.064
21657314.55	5169387.43	293.998
21657386.69	5169367.42	429.233
21657458.84	5169347.41	696.004
21657530.99	5169327.4	111.651
21657603.13	5169307.39	24.3675
21657675.28	5169287.39	24.4478
21657747.43	5169267.38	364.535
21657819.57	5169247.37	618.648
21657891.72	5169227.36	590.956
21657963.87	5169207.35	636.143
21658036.01	5169187.34	854.804
21658108.16	5169167.34	616.593
21658180.31	5169147.33	29.2945
21658252.45	5169127.32	222.058
21658324.6	5169107.31	469.562
21658396.75	5169087.3	754.328
21658468.89	5169067.3	140.064
21658541.04	5169047.29	37.2346
21658613.19	5169027.28	34.207
21658685.33	5169007.27	15.0011
21658757.48	5168987.26	26.5355
21658829.63	5168967.26	36.634
21658901.77	5168947.25	28.3211
21658973.92	5168927.24	37.5811
21659046.07	5168907.23	308.524
21653293.96	5170578.65	852.255
21653366.1	5170558.64	758.517
21653438.25	5170538.63	786.815
21653510.4	5170518.62	784.987
21653582.54	5170498.61	761.204
21653654.69	5170478.61	673.948
21653726.84	5170458.6	640.052
21653798.98	5170438.59	770.942
21653871.13	5170418.58	848.875
21653943.28	5170398.57	882.787
21654015.42	5170378.57	907.808
21654087.57	5170358.56	839.475
21654159.72	5170338.55	795.347
21654231.86	5170318.54	634.71
21654304.01	5170298.53	628.793
21654376.16	5170278.53	797.998
21654448.3	5170258.52	353.587
21654520.45	5170238.51	353.858
21654592.6	5170218.5	619.164
21654664.74	5170198.49	559.234
21654736.89	5170178.49	37.3596
21654809.04	5170158.48	121.583
21654881.18	5170138.47	295.294
21654953.33	5170118.46	230.251
21655025.48	5170098.45	316.563
21655097.62	5170078.45	274.111
21655169.77	5170058.44	181.737
21655241.92	5170038.43	35.2545
21655314.06	5170018.42	355.034
21655386.21	5169998.41	508.613
21655458.36	5169978.41	655.952
21655530.5	5169958.4	660.685
21655602.65	5169938.39	958.936
21655674.8	5169918.38	955.694
21655746.95	5169898.37	673.87
21655819.09	5169878.37	617.397
21655891.24	5169858.36	1090.44
21655963.38	5169838.35	783.031
21656035.53	5169818.34	207.594
21656107.68	5169798.33	543.304
21656179.83	5169778.32	793.482
21656251.97	5169758.32	763.353
21656324.12	5169738.31	480.967
21656396.27	5169718.3	955.871
21656468.41	5169698.29	769.738
21656540.56	5169678.28	813
21656612.71	5169658.28	742.617
21656684.85	5169638.27	442.333
21656757	5169618.26	342.029
21656829.15	5169598.25	583.477
21656901.29	5169578.24	559.461
21656973.44	5169558.24	282.569
21657045.59	5169538.23	570.623
21657117.73	5169518.22	622.679
21657189.88	5169498.21	405.261
21657262.03	5169478.2	31.0663
21657334.17	5169458.2	33.3811
21657406.32	5169438.19	309.324
21657478.47	5169418.18	388.956
21657550.61	5169398.17	170.399
21657622.76	5169378.16	309.879
21657694.91	5169358.16	310.121
21657767.05	5169338.15	545.401
21657839.2	5169318.14	720.413
21657911.35	5169298.13	748.942
21657983.49	5169278.12	832.511
21658055.64	5169258.12	685.297
21658127.79	5169238.11	461.822
21658199.93	5169218.1	23.535
21658272.08	5169198.09	136.632
21658344.23	5169178.08	38.5639
21658416.37	5169158.08	0.5
21658488.52	5169138.07	28.6952
21658560.67	5169118.06	30.3835
21658632.81	5169098.05	35.8878
21658704.96	5169078.04	34.5728
21658777.11	5169058.03	0.5
21658849.25	5169038.03	0.5
21658921.4	5169018.02	29.7714
21658993.55	5168998.01	35.163
21659065.69	5168978	151.019
21653313.58	5170649.42	850.189
21653385.73	5170629.41	801.611
21653457.88	5170609.4	839.601
21653530.02	5170589.39	763.484
21653602.17	5170569.39	768.284
21653674.32	5170549.38	691.513
21653746.46	5170529.37	768.932
21653818.61	5170509.36	822.379
21653890.76	5170489.35	819.884
21653962.9	5170469.35	861.989
21654035.05	5170449.34	852.04
21654107.2	5170429.33	811.37
21654179.34	5170409.32	686.116
21654251.49	5170389.31	520.592
21654323.64	5170369.3	550.531
21654395.78	5170349.3	662.715
21654467.93	5170329.29	398.406
21654540.08	5170309.28	107.018
21654612.22	5170289.27	173.534
21654684.37	5170269.26	50.4122
21654756.52	5170249.26	28.0439
21654828.66	5170229.25	28.2806
21654900.81	5170209.24	266.007
21654972.96	5170189.23	236.649
21655045.1	5170169.22	283.667
21655117.25	5170149.22	251.061
21655189.4	5170129.21	4.02333
21655261.54	5170109.2	32.1507
21655333.69	5170089.19	37.5885
21655405.84	5170069.18	358.658
21655477.98	5170049.18	512.447
21655550.13	5170029.17	578.849
21655622.28	5170009.16	681.771
21655694.42	5169989.15	903.891
21655766.57	5169969.14	741.519
21655838.72	5169949.14	777.851
21655910.86	5169929.13	730.193
21655983.01	5169909.12	621.687
21656055.16	5169889.11	310.73
21656127.3	5169869.1	705.906
21656199.45	5169849.1	753.346
21656271.6	5169829.09	467.994
21656343.75	5169809.08	47.3194
21656415.89	5169789.07	236.107
21656488.04	5169769.06	365.973
21656560.19	5169749.06	553.946
21656632.33	5169729.05	520.478
21656704.48	5169709.04	605.345
21656776.63	5169689.03	697.569
21656848.77	5169669.02	738.629
21656920.92	5169649.02	655.054
21656993.07	5169629.01	599.778
21657065.21	5169609	462.654
21657137.36	5169588.99	373.711
21657209.51	5169568.98	9.55167
21657281.65	5169548.97	16.85
21657353.8	5169528.97	28.1756
21657425.95	5169508.96	447.976
21657498.09	5169488.95	137.431
21657570.24	5169468.94	37.1763
21657642.39	5169448.93	278.971
21657714.53	5169428.93	352.702
21657786.68	5169408.92	703.068
21657858.83	5169388.91	832.908
21657930.97	5169368.9	821.86
21658003.12	5169348.89	948.088
21658075.27	5169328.89	282.296
21658147.41	5169308.88	499.732
21658219.56	5169288.87	35.9228
21658291.71	5169268.86	32.7294
21658363.85	5169248.85	37.4175
21658436	5169228.85	30.4074
21658508.15	5169208.84	75.1583
21658580.29	5169188.83	92.9106
21658652.44	5169168.82	164.49
21658724.59	5169148.81	36.372
21658796.73	5169128.81	28.0254
21658868.88	5169108.8	28.5467
21658941.03	5169088.79	126.514
21659013.17	5169068.78	231.581
21659085.32	5169048.77	251.472
21653261.06	5170740.2	816.016
21653333.21	5170720.19	838.424
21653405.36	5170700.18	792.053
21653477.5	5170680.17	783.443
21653549.65	5170660.16	759.381
21653621.8	5170640.16	769.756
21653693.94	5170620.15	769.953
21653766.09	5170600.14	814.789
21653838.24	5170580.13	834.944
21653910.38	5170560.12	827.523
21653982.53	5170540.12	797.708
21654054.68	5170520.11	658.942
21654126.82	5170500.1	675.121
21654198.97	5170480.09	625.233
21654271.12	5170460.08	561.425
21654343.26	5170440.08	487.341
21654415.41	5170420.07	462.482
21654487.56	5170400.06	379.467
21654559.7	5170380.05	34.8666
21654631.85	5170360.04	28.9041
21654704	5170340.04	33.93
21654776.14	5170320.03	35.5314
21654848.29	5170300.02	34.6916
21654920.44	5170280.01	35.2901
21654992.58	5170260	62.9072
21655064.73	5170240	583.887
21655136.88	5170219.99	627.778
21655209.02	5170199.98	19.5228
21655281.17	5170179.97	36.5941
21655353.32	5170159.96	8.62667
21655425.46	5170139.95	58.1578
21655497.61	5170119.95	477.506
21655569.76	5170099.94	667.542
21655641.9	5170079.93	823.402
21655714.05	5170059.92	607.218
21655786.2	5170039.91	210.903
21655858.34	5170019.91	136.641
21655930.49	5169999.9	166.128
21656002.64	5169979.89	433.343
21656074.78	5169959.88	508.406
21656146.93	5169939.87	621.074
21656219.08	5169919.87	652.876
21656291.22	5169899.86	232.663
21656363.37	5169879.85	35.8376
21656435.52	5169859.84	29.6458
21656507.66	5169839.83	33.7674
21656579.81	5169819.83	159.566
21656651.96	5169799.82	509.003
21656724.1	5169779.81	538.424
21656796.25	5169759.8	785.701
21656868.4	5169739.79	731.864
21656940.55	5169719.79	769.948
21657012.69	5169699.78	682.676
21657084.84	5169679.77	589.598
21657156.99	5169659.76	558.582
21657229.13	5169639.75	16.675
21657301.28	5169619.75	25.144
21657373.43	5169599.74	334.972
21657445.57	5169579.73	588.706
21657517.72	5169559.72	35.2216
21657589.87	5169539.71	33.5335
21657662.01	5169519.71	137.958
21657734.16	5169499.7	507.112
21657806.31	5169479.69	687.271
21657878.45	5169459.68	808.252
21657950.6	5169439.67	840.453
21658022.75	5169419.66	836.115
21658094.89	5169399.66	495.438
21658167.04	5169379.65	354.679
21658239.19	5169359.64	33.0693
21658311.33	5169339.63	33.8301
21658383.48	5169319.62	35.4833
21658455.63	5169299.62	37.5659
21658527.77	5169279.61	130.227
21658599.92	5169259.6	122.463
21658672.07	5169239.59	17.0672
21658744.21	5169219.58	108.227
21658816.36	5169199.58	37.2937
21658888.51	5169179.57	126.589
21658960.65	5169159.56	229.314
21659032.8	5169139.55	384.316
21659104.95	5169119.54	361.063
21653280.69	5170810.97	593.657
21653352.84	5170790.96	766.3
21653424.98	5170770.95	728.471
21653497.13	5170750.94	818.203
21653569.28	5170730.93	655.103
21653641.42	5170710.93	659.698
21653713.57	5170690.92	734.929
21653785.72	5170670.91	807.797
21653857.86	5170650.9	832.159
21653930.01	5170630.89	753.386
21654002.16	5170610.89	665.151
21654074.3	5170590.88	724.017
21654146.45	5170570.87	652.227
21654218.6	5170550.86	370.362
21654290.74	5170530.85	375.696
21654362.89	5170510.85	189.357
21654435.04	5170490.84	163.464
21654507.18	5170470.83	480.817
21654579.33	5170450.82	397.224
21654651.48	5170430.81	342.111
21654723.62	5170410.81	48.4922
21654795.77	5170390.8	43.0456
21654867.92	5170370.79	47.7078
21654940.06	5170350.78	33.6125
21655012.21	5170330.77	33.726
21655084.36	5170310.77	557.558
21655156.5	5170290.76	672.286
21655228.65	5170270.75	755.357
21655300.8	5170250.74	597.923
21655372.94	5170230.73	398.643
21655445.09	5170210.73	127.791
21655517.24	5170190.72	542.409
21655589.38	5170170.71	465.853
21655661.53	5170150.7	265.18
21655733.68	5170130.69	37.4154
21655805.82	5170110.69	36.3356
21655877.97	5170090.68	37.8957
21655950.12	5170070.67	309.299
21656022.26	5170050.66	594.881
21656094.41	5170030.65	666.887
21656166.56	5170010.65	378.281
21656238.7	5169990.64	363.747
21656310.85	5169970.63	304.946
21656383	5169950.62	451.751
21656455.14	5169930.61	35.5771
21656527.29	5169910.6	34.7767
21656599.44	5169890.6	233.615
21656671.58	5169870.59	416.743
21656743.73	5169850.58	615.538
21656815.88	5169830.57	438.037
21656888.02	5169810.56	441.947
21656960.17	5169790.56	579.304
21657032.32	5169770.55	446.825
21657104.47	5169750.54	582.031
21657176.61	5169730.53	604.045
21657248.76	5169710.52	335.895
21657320.91	5169690.52	279.993
21657393.05	5169670.51	491.612
21657465.2	5169650.5	377.944
21657537.35	5169630.49	30.4409
21657609.49	5169610.48	29.0714
21657681.64	5169590.48	37.743
21657753.79	5169570.47	506.344
21657825.93	5169550.46	704.086
21657898.08	5169530.45	733.414
21657970.23	5169510.44	877.091
21658042.37	5169490.44	741.857
21658114.52	5169470.43	557.144
21658186.67	5169450.42	90.0144
21658258.81	5169430.41	0.609444
21658330.96	5169410.4	30.3072
21658403.11	5169390.4	31.7261
21658475.25	5169370.39	33.9521
21658547.4	5169350.38	28.743
21658619.55	5169330.37	34.7952
21658691.69	5169310.36	222.575
21658763.84	5169290.36	271.042
21658835.99	5169270.35	379.129
21658908.13	5169250.34	464.002
21658980.28	5169230.33	374.797
21659052.43	5169210.32	249.987
21653300.32	5170881.74	569.599
21653372.46	5170861.73	639.364
21653444.61	5170841.72	663.206
21653516.76	5170821.71	866.587
21653588.9	5170801.71	870.691
21653661.05	5170781.7	760.862
21653733.2	5170761.69	819.207
21653805.34	5170741.68	835.839
21653877.49	5170721.67	852.13
21653949.64	5170701.67	785.134
21654021.78	5170681.66	753.104
21654093.93	5170661.65	672.606
21654166.08	5170641.64	668.048
21654238.22	5170621.63	375.868
21654310.37	5170601.63	0.5
21654382.52	5170581.62	36.8106
21654454.66	5170561.61	567.786
21654526.81	5170541.6	589.486
21654598.96	5170521.59	297.17
21654671.1	5170501.58	539.573
21654743.25	5170481.58	693.765
21654815.4	5170461.57	304.547
21654887.54	5170441.56	37.9624
21654959.69	5170421.55	26.6798
21655031.84	5170401.54	32.5738
21655103.98	5170381.54	596.478
21655176.13	5170361.53	743.103
21655248.28	5170341.52	960.681
21655320.42	5170321.51	915.084
21655392.57	5170301.5	399.366
21655464.72	5170281.5	494.747
21655536.86	5170261.49	517.854
21655609.01	5170241.48	29.8784
21655681.16	5170221.47	36.7169
21655753.3	5170201.46	87.7428
21655825.45	5170181.46	37.8067
21655897.6	5170161.45	126.771
21655969.74	5170141.44	834.019
21656041.89	5170121.43	696.397
21656114.04	5170101.42	562.236
21656186.18	5170081.42	476.819
21656258.33	5170061.41	493.11
21656330.48	5170041.4	479.717
21656402.62	5170021.39	406.952
21656474.77	5170001.38	303.333
21656546.92	5169981.38	357.517
21656619.06	5169961.37	299.279
21656691.21	5169941.36	187.377
21656763.36	5169921.35	185.646
21656835.5	5169901.34	178.288
21656907.65	5169881.34	3.97056
21656979.8	5169861.33	131.208
21657051.94	5169841.32	15.0917
21657124.09	5169821.31	239.203
21657196.24	5169801.3	605.919
21657268.38	5169781.3	247.918
21657340.53	5169761.29	37.9352
21657412.68	5169741.28	547.792
21657484.83	5169721.27	688.144
21657556.97	5169701.26	17.6356
21657629.12	5169681.25	32.7775
21657701.27	5169661.25	37.076
21657773.41	5169641.24	325.304
21657845.56	5169621.23	693.452
21657917.71	5169601.22	656.848
21657989.85	5169581.21	814.454
21658062	5169561.21	580.004
21658134.15	5169541.2	211.106
21658206.29	5169521.19	132.476
21658278.44	5169501.18	215.957
21658350.59	5169481.17	21.6289
21658422.73	5169461.17	30.5655
21658494.88	5169441.16	24.2796
21658567.03	5169421.15	22.9353
21658639.17	5169401.14	29.976
21658711.32	5169381.13	104.729
21658783.47	5169361.13	594.678
21658855.61	5169341.12	455.115
21658927.76	5169321.11	625.272
21658999.91	5169301.1	550.492
21659072.05	5169281.09	599.538
21653247.8	5170972.52	478.864
21653319.94	5170952.51	535.309
21653392.09	5170932.5	641.583
21653464.24	5170912.49	699.543
21653536.38	5170892.48	733.548
21653608.53	5170872.48	829.146
21653680.68	5170852.47	779.478
21653752.82	5170832.46	806.874
21653824.97	5170812.45	839.429
21653897.12	5170792.44	827.258
21653969.26	5170772.44	683.325
21654041.41	5170752.43	678.138
21654113.56	5170732.42	703.079
21654185.7	5170712.41	598.635
21654257.85	5170692.4	32.3116
21654330	5170672.4	27.9832
21654402.14	5170652.39	35.9699
21654474.29	5170632.38	299.129
21654546.44	5170612.37	664.309
21654618.58	5170592.36	362.131
21654690.73	5170572.36	392.882
21654762.88	5170552.35	559.46
21654835.02	5170532.34	655.417
21654907.17	5170512.33	462.913
21654979.32	5170492.32	259.938
21655051.46	5170472.32	519.199
21655123.61	5170452.31	534.527
21655195.76	5170432.3	663.549
21655267.9	5170412.29	738.232
21655340.05	5170392.28	689.599
21655412.2	5170372.28	672.571
21655484.34	5170352.27	659.793
21655556.49	5170332.26	422.678
21655628.64	5170312.25	35.7863
21655700.78	5170292.24	27.0807
21655772.93	5170272.23	29.7917
21655845.08	5170252.23	33.0783
21655917.22	5170232.22	262.401
21655989.37	5170212.21	687.59
21656061.52	5170192.2	692.273
21656133.66	5170172.19	682.151
21656205.81	5170152.19	677.692
21656277.96	5170132.18	768.348
21656350.1	5170112.17	536.19
21656422.25	5170092.16	275.383
21656494.4	5170072.15	487.597
21656566.54	5170052.15	444.941
21656638.69	5170032.14	223.359
21656710.84	5170012.13	132.706
21656782.98	5169992.12	59.9661
21656855.13	5169972.11	26.9591
21656927.28	5169952.11	29.3338
21656999.42	5169932.1	33.2473
21657071.57	5169912.09	11.5767
21657143.72	5169892.08	165.729
21657215.86	5169872.07	685.988
21657288.01	5169852.07	51.2928
21657360.16	5169832.06	35.1839
21657432.3	5169812.05	18.4122
21657504.45	5169792.04	679.138
21657576.6	5169772.03	294.198
21657648.74	5169752.03	36.7306
21657720.89	5169732.02	215.967
21657793.04	5169712.01	36.8068
21657865.18	5169692	426.11
21657937.33	5169671.99	608.67
21658009.48	5169651.99	668.304
21658081.63	5169631.98	248.651
21658153.77	5169611.97	36.8486
21658225.92	5169591.96	37.4626
21658298.07	5169571.95	35.7986
21658370.21	5169551.94	28.8046
21658442.36	5169531.94	0.5
21658514.51	5169511.93	24.693
21658586.65	5169491.92	28.2324
21658658.8	5169471.91	31.3707
21658730.95	5169451.9	30.0509
21658803.09	5169431.9	319.561
21658875.24	5169411.89	317.281
21658947.39	5169391.88	254.192
21659019.53	5169371.87	273.209
21659091.68	5169351.86	286.409
21653267.42	5171043.29	293.627
21653339.57	5171023.28	379.247
21653411.72	5171003.27	876.203
21653483.86	5170983.26	902.426
21653556.01	5170963.26	632.6
21653628.16	5170943.25	528.82
21653700.3	5170923.24	676.575
21653772.45	5170903.23	745.205
21653844.6	5170883.22	802.989
21653916.74	5170863.21	784.436
21653988.89	5170843.21	587.378
21654061.04	5170823.2	686.414
21654133.18	5170803.19	742.845
21654205.33	5170783.18	355.482
21654277.48	5170763.17	26.6891
21654349.62	5170743.17	13.6394
21654421.77	5170723.16	124.548
21654493.92	5170703.15	226.817
21654566.06	5170683.14	670.137
21654638.21	5170663.13	655.522
21654710.36	5170643.13	541.662
21654782.5	5170623.12	341.313
21654854.65	5170603.11	657.826
21654926.8	5170583.1	830.873
21654998.94	5170563.09	760.963
21655071.09	5170543.09	679.538
21655143.24	5170523.08	679.316
21655215.38	5170503.07	609.042
21655287.53	5170483.06	706.898
21655359.68	5170463.05	693.241
21655431.82	5170443.05	638.279
21655503.97	5170423.04	672.717
21655576.12	5170403.03	655.086
21655648.26	5170383.02	361.422
21655720.41	5170363.01	33.9022
21655792.56	5170343.01	35.0363
21655864.7	5170323	26.3239
21655936.85	5170302.99	63.6233
21656009	5170282.98	597.321
21656081.14	5170262.97	651.439
21656153.29	5170242.97	642.663
21656225.44	5170222.96	633.299
21656297.58	5170202.95	736.698
21656369.73	5170182.94	636.144
21656441.88	5170162.93	449.867
21656514.02	5170142.93	238.504
21656586.17	5170122.92	250.353
21656658.32	5170102.91	177.283
21656730.46	5170082.9	115.022
21656802.61	5170062.89	128.297
21656874.76	5170042.88	303.939
21656946.9	5170022.88	234.053
21657019.05	5170002.87	215.333
21657091.2	5169982.86	115.462
21657163.34	5169962.85	373.929
21657235.49	5169942.84	419.746
21657307.64	5169922.84	88.1222
21657379.78	5169902.83	237.286
21657451.93	5169882.82	521.479
21657524.08	5169862.81	766.418
21657596.22	5169842.8	490.131
21657668.37	5169822.8	326.33
21657740.52	5169802.79	517.252
21657812.66	5169782.78	723.592
21657884.81	5169762.77	312.419
21657956.96	5169742.76	446.787
21658029.1	5169722.76	352.137
21658101.25	5169702.75	143.234
21658173.4	5169682.74	33.6976
21658245.54	5169662.73	36.2201
21658317.69	5169642.72	142.461
21658389.84	5169622.72	28.9697
21658461.99	5169602.71	25.2509
21658534.13	5169582.7	27.4424
21658606.28	5169562.69	28.0601
21658678.43	5169542.68	33.9412
21658750.57	5169522.68	133.189
21658822.72	5169502.67	146.072
21658894.87	5169482.66	162.698
21658967.01	5169462.65	139.221
21659039.16	5169442.64	212.228
21659111.31	5169422.64	12.0444
21653287.05	5171114.06	11.8655
21653359.2	5171094.05	0.5
21653431.34	5171074.04	548.773
21653503.49	5171054.03	605.81
21653575.64	5171034.03	454.67
21653647.78	5171014.02	543.441
21653719.93	5170994.01	570.319
21653792.08	5170974	678.652
21653864.22	5170953.99	764.353
21653936.37	5170933.99	769.191
21654008.52	5170913.98	657.833
21654080.66	5170893.97	694.071
21654152.81	5170873.96	527.774
21654224.96	5170853.95	31.0087
21654297.1	5170833.95	26.098
21654369.25	5170813.94	134.716
21654441.4	5170793.93	235.502
21654513.54	5170773.92	351.553
21654585.69	5170753.91	779.028
21654657.84	5170733.91	671.297
21654729.98	5170713.9	595.177
21654802.13	5170693.89	628.577
21654874.28	5170673.88	612.478
21654946.42	5170653.87	675.532
21655018.57	5170633.86	757.532
21655090.72	5170613.86	875.257
21655162.86	5170593.85	831.867
21655235.01	5170573.84	748.62
21655307.16	5170553.83	713.488
21655379.3	5170533.82	643.148
21655451.45	5170513.82	648.392
21655523.6	5170493.81	735.294
21655595.74	5170473.8	734.929
21655667.89	5170453.79	629.666
21655740.04	5170433.78	182.677
21655812.18	5170413.78	31.9001
21655884.33	5170393.77	18.8974
21655956.48	5170373.76	227.319
21656028.62	5170353.75	545.56
21656100.77	5170333.74	545.214
21656172.92	5170313.74	459.48
21656245.06	5170293.73	561.566
21656317.21	5170273.72	371.452
21656389.36	5170253.71	410.692
21656461.5	5170233.7	460.3
21656533.65	5170213.7	36.7283
21656605.8	5170193.69	37.366
21656677.94	5170173.68	203.875
21656750.09	5170153.67	48.0022
21656822.24	5170133.66	22.8711
21656894.38	5170113.66	213.819
21656966.53	5170093.65	81.1289
21657038.68	5170073.64	82.0694
21657110.82	5170053.63	35.1506
21657182.97	5170033.62	331.569
21657255.12	5170013.62	384.184
21657327.26	5169993.61	54.4983
21657399.41	5169973.6	199.392
21657471.56	5169953.59	841.538
21657543.7	5169933.58	566.071
21657615.85	5169913.57	561.644
21657688	5169893.57	549.876
21657760.14	5169873.56	600.354
21657832.29	5169853.55	710.395
21657904.44	5169833.54	599.889
21657976.58	5169813.53	252.889
21658048.73	5169793.53	33.4439
21658120.88	5169773.52	63.5378
21658193.02	5169753.51	176.055
21658265.17	5169733.5	313.412
21658337.32	5169713.49	336.997
21658409.46	5169693.49	53.9756
21658481.61	5169673.48	32.7071
21658553.76	5169653.47	28.9501
21658625.91	5169633.46	34.8696
21658698.05	5169613.45	102.554
21658770.2	5169593.45	149.515
21658842.35	5169573.44	159.462
21658914.49	5169553.43	110.681
21658986.64	5169533.42	34.0084
21659058.79	5169513.41	37.6188
21653306.68	5171184.83	26.0037
21653378.82	5171164.82	0.5
21653450.97	5171144.81	19.5961
21653523.12	5171124.8	22.1995
21653595.26	5171104.8	33.8025
21653667.41	5171084.79	648.168
21653739.56	5171064.78	579.923
21653811.7	5171044.77	661.259
21653883.85	5171024.76	696.275
21653956	5171004.76	676.466
21654028.14	5170984.75	735.857
21654100.29	5170964.74	663.018
21654172.44	5170944.73	481.418
21654244.58	5170924.72	85.9739
21654316.73	5170904.72	0.5
21654388.88	5170884.71	387.956
21654461.02	5170864.7	577.21
21654533.17	5170844.69	777.934
21654605.32	5170824.68	182.501
21654677.46	5170804.68	526.267
21654749.61	5170784.67	149.693
21654821.76	5170764.66	316.272
21654893.9	5170744.65	32.2553
21654966.05	5170724.64	337.457
21655038.2	5170704.64	672.522
21655110.34	5170684.63	932.602
21655182.49	5170664.62	767.058
21655254.64	5170644.61	784.881
21655326.78	5170624.6	720.314
21655398.93	5170604.6	744.681
21655471.08	5170584.59	553.052
21655543.22	5170564.58	748.649
21655615.37	5170544.57	728.043
21655687.52	5170524.56	325.669
21655759.66	5170504.56	140.384
21655831.81	5170484.55	33.6894
21655903.96	5170464.54	26.6595
21655976.1	5170444.53	179.085
21656048.25	5170424.52	607.537
21656120.4	5170404.51	688.133
21656192.54	5170384.51	541.078
21656264.69	5170364.5	294.919
21656336.84	5170344.49	113.121
21656408.98	5170324.48	249.049
21656481.13	5170304.47	305.682
21656553.28	5170284.47	319.746
21656625.42	5170264.46	237.905
21656697.57	5170244.45	122.781
21656769.72	5170224.44	29.9648
21656841.86	5170204.43	32.9347
21656914.01	5170184.43	165.312
21656986.16	5170164.42	105.049
21657058.3	5170144.41	33.3133
21657130.45	5170124.4	441.909
21657202.6	5170104.39	580.922
21657274.74	5170084.39	467.687
21657346.89	5170064.38	654.496
21657419.04	5170044.37	757.516
21657491.18	5170024.36	669.929
21657563.33	5170004.35	658.959
21657635.48	5169984.35	568.101
21657707.62	5169964.34	607.251
21657779.77	5169944.33	591.803
21657851.92	5169924.32	577.693
21657924.06	5169904.31	396.901
21657996.21	5169884.31	58.0689
21658068.36	5169864.3	296.176
21658140.5	5169844.29	341.38
21658212.65	5169824.28	78.2839
21658284.8	5169804.27	175.971
21658356.94	5169784.27	162.477
21658429.09	5169764.26	88.35
21658501.24	5169744.25	33.5268
21658573.38	5169724.24	31.59
21658645.53	5169704.23	12.49
21658717.68	5169684.22	35.5199
21658789.82	5169664.22	37.573
21658861.97	5169644.21	28.1005
21658934.12	5169624.2	27.9958
21659006.26	5169604.19	31.7063
21659078.41	5169584.18	29.4259
21653254.15	5171275.61	501.804
21653326.3	5171255.6	455.863
21653398.45	5171235.59	0.5
21653470.6	5171215.58	0.5
21653542.74	5171195.58	28.2049
21653614.89	5171175.57	20.0465
21653687.04	5171155.56	343.376
21653759.18	5171135.55	626.858
21653831.33	5171115.54	619.898
21653903.48	5171095.54	823.504
21653975.62	5171075.53	734.383
21654047.77	5171055.52	807.65
21654119.92	5171035.51	750.888
21654192.06	5171015.5	436.942
21654264.21	5170995.49	220.836
21654336.36	5170975.49	33.0189
21654408.5	5170955.48	34.6247
21654480.65	5170935.47	225.983
21654552.8	5170915.46	58.5389
21654624.94	5170895.45	35.3731
21654697.09	5170875.45	310.894
21654769.24	5170855.44	392.524
21654841.38	5170835.43	37.646
21654913.53	5170815.42	31.7878
21654985.68	5170795.41	131.709
21655057.82	5170775.41	413.284
21655129.97	5170755.4	704.447
21655202.12	5170735.39	693.949
21655274.26	5170715.38	741.049
21655346.41	5170695.37	622.151
21655418.56	5170675.37	662.462
21655490.7	5170655.36	685.319
21655562.85	5170635.35	817.912
21655635	5170615.34	717.178
21655707.14	5170595.33	249.975
21655779.29	5170575.33	50.9878
21655851.44	5170555.32	28.225
21655923.58	5170535.31	34.86
21655995.73	5170515.3	264.704
21656067.88	5170495.29	649.504
21656140.02	5170475.29	660.135
21656212.17	5170455.28	628.913
21656284.32	5170435.27	300.137
21656356.46	5170415.26	72.1289
21656428.61	5170395.25	465.381
21656500.76	5170375.25	542.929
21656572.9	5170355.24	443.549
21656645.05	5170335.23	258.911
21656717.2	5170315.22	31.363
21656789.34	5170295.21	24.193
21656861.49	5170275.21	32.198
21656933.64	5170255.2	159.335
21657005.78	5170235.19	34.7142
21657077.93	5170215.18	310.026
21657150.08	5170195.17	661.854
21657222.22	5170175.16	548.805
21657294.37	5170155.16	383.982
21657366.52	5170135.15	592.009
21657438.66	5170115.14	720.579
21657510.81	5170095.13	697.279
21657582.96	5170075.12	612.559
21657655.1	5170055.12	411.401
21657727.25	5170035.11	670.146
21657799.4	5170015.1	689.507
21657871.54	5169995.09	516.237
21657943.69	5169975.08	162.194
21658015.84	5169955.08	467.047
21658087.98	5169935.07	446.104
21658160.13	5169915.06	433.27
21658232.28	5169895.05	29.8049
21658304.42	5169875.04	30.9118
21658376.57	5169855.04	84.8672
21658448.72	5169835.03	153.301
21658520.86	5169815.02	68.2733
21658593.01	5169795.01	35.0871
21658665.16	5169775	195.949
21658737.3	5169755	32.1102
21658809.45	5169734.99	24.0637
21658881.6	5169714.98	25.3386
21658953.74	5169694.97	26.0391
21659025.89	5169674.96	29.197
21659098.04	5169654.96	32.1147
21653273.78	5171346.38	349.063
21653345.93	5171326.37	176.213
21653418.07	5171306.36	37.4431
21653490.22	5171286.35	40.0439
21653562.37	5171266.35	30.2492
21653634.51	5171246.34	21.6088
21653706.66	5171226.33	23.4858
21653778.81	5171206.32	374.059
21653850.96	5171186.31	598.699
21653923.1	5171166.31	954.045
21653995.25	5171146.3	836.584
21654067.4	5171126.29	746.349
21654139.54	5171106.28	493.441
21654211.69	5171086.27	174.449
21654283.84	5171066.27	37.1278
21654355.98	5171046.26	27.9436
21654428.13	5171026.25	31.8316
21654500.28	5171006.24	28.7556
21654572.42	5170986.23	26.8158
21654644.57	5170966.23	26.7061
21654716.72	5170946.22	701.927
21654788.86	5170926.21	748.948
21654861.01	5170906.2	377.288
21654933.16	5170886.19	221.709
21655005.3	5170866.18	360.227
21655077.45	5170846.18	574.746
21655149.6	5170826.17	807.502
21655221.74	5170806.16	610.489
21655293.89	5170786.15	586.271
21655366.04	5170766.14	573.209
21655438.18	5170746.14	656.886
21655510.33	5170726.13	620.718
21655582.48	5170706.12	696.685
21655654.62	5170686.11	646.408
21655726.77	5170666.1	364.069
21655798.92	5170646.1	106.031
21655871.06	5170626.09	31.3615
21655943.21	5170606.08	165.149
21656015.36	5170586.07	352.484
21656087.5	5170566.06	561.964
21656159.65	5170546.06	590.157
21656231.8	5170526.05	380.922
21656303.94	5170506.04	405.048
21656376.09	5170486.03	605.103
21656448.24	5170466.02	665.801
21656520.38	5170446.02	637.516
21656592.53	5170426.01	350.355
21656664.68	5170406	34.8441
21656736.82	5170385.99	29.649
21656808.97	5170365.98	32.2188
21656881.12	5170345.98	33.8239
21656953.26	5170325.97	141.208
21657025.41	5170305.96	234.232
21657097.56	5170285.95	485.657
21657169.7	5170265.94	638.443
21657241.85	5170245.94	663.883
21657314	5170225.93	646.77
21657386.14	5170205.92	672.417
21657458.29	5170185.91	720.803
21657530.44	5170165.9	612.956
21657602.58	5170145.9	75.5183
21657674.73	5170125.89	59.4339
21657746.88	5170105.88	597.721
21657819.02	5170085.87	593.892
21657891.17	5170065.86	452.534
21657963.32	5170045.85	582.006
21658035.46	5170025.85	346.277
21658107.61	5170005.84	60.7222
21658179.76	5169985.83	35.2649
21658251.9	5169965.82	31.8527
21658324.05	5169945.81	156.946
21658396.2	5169925.81	349.622
21658468.34	5169905.8	172.563
21658540.49	5169885.79	128.047
21658612.64	5169865.78	37.6203
21658684.78	5169845.77	102.665
21658756.93	5169825.77	0.5
21658829.08	5169805.76	25.1718
21658901.22	5169785.75	24.9524
21658973.37	5169765.74	25.0102
21659045.52	5169745.73	25.8395
21653293.41	5171417.15	356.887
21653365.55	5171397.14	25.5343
21653437.7	5171377.13	34.3544
21653509.85	5171357.12	199.971
21653581.99	5171337.12	200.861
21653654.14	5171317.11	36.778
21653726.29	5171297.1	19.2354
21653798.43	5171277.09	300.682
21653870.58	5171257.08	541.868
21653942.73	5171237.08	662.301
21654014.87	5171217.07	588.809
21654087.02	5171197.06	595.962
21654159.17	5171177.05	611.344
21654231.32	5171157.04	350.11
21654303.46	5171137.04	164.441
21654375.61	5171117.03	26.5145
21654447.76	5171097.02	25.9095
21654519.9	5171077.01	29.2994
21654592.05	5171057	37.9785
21654664.2	5171037	298.113
21654736.34	5171016.99	421.6
21654808.49	5170996.98	569.365
21654880.64	5170976.97	516.623
21654952.78	5170956.96	488.526
21655024.93	5170936.96	496.416
21655097.08	5170916.95	741.849
21655169.22	5170896.94	853.929
21655241.37	5170876.93	570.863
21655313.52	5170856.92	574.114
21655385.66	5170836.92	615.392
21655457.81	5170816.91	620.665
21655529.96	5170796.9	703.174
21655602.1	5170776.89	669.369
21655674.25	5170756.88	411.171
21655746.4	5170736.88	211.196
21655818.54	5170716.87	23.195
21655890.69	5170696.86	35.6595
21655962.84	5170676.85	542.296
21656034.98	5170656.84	573.303
21656107.13	5170636.83	551.227
21656179.28	5170616.83	512.088
21656251.42	5170596.82	370.223
21656323.57	5170576.81	622.156
21656395.72	5170556.8	702.05
21656467.86	5170536.79	529.877
21656540.01	5170516.79	618.332
21656612.16	5170496.78	404.577
21656684.3	5170476.77	304.631
21656756.45	5170456.76	306.981
21656828.6	5170436.75	120.425
21656900.74	5170416.75	53.5167
21656972.89	5170396.74	474.933
21657045.04	5170376.73	582.616
21657117.18	5170356.72	660.536
21657189.33	5170336.71	599.692
21657261.48	5170316.71	368.244
21657333.62	5170296.7	322.019
21657405.77	5170276.69	554.319
21657477.92	5170256.68	544.618
21657550.06	5170236.67	717.725
21657622.21	5170216.67	35.8189
21657694.36	5170196.66	36.4075
21657766.5	5170176.65	527.358
21657838.65	5170156.64	274.291
21657910.8	5170136.63	243.999
21657982.94	5170116.63	341.183
21658055.09	5170096.62	58.06
21658127.24	5170076.61	30.1663
21658199.38	5170056.6	29.0503
21658271.53	5170036.59	30.9373
21658343.68	5170016.59	234.205
21658415.82	5169996.58	323.968
21658487.97	5169976.57	298.245
21658560.12	5169956.56	180.528
21658632.26	5169936.55	36.7293
21658704.41	5169916.55	33.2777
21658776.56	5169896.54	0.5
21658848.7	5169876.53	0.5
21658920.85	5169856.52	26.8325
21658993	5169836.51	25.9277
21659065.14	5169816.5	24.8803
21653313.03	5171487.92	184.776
21653385.18	5171467.91	16.8394
21653457.33	5171447.9	23.2049
21653529.47	5171427.9	95.0467
21653601.62	5171407.89	42.7028
21653673.77	5171387.88	317.391
21653745.91	5171367.87	362.246
21653818.06	5171347.86	650.618
21653890.21	5171327.86	564.993
21653962.35	5171307.85	378.343
21654034.5	5171287.84	53.5817
21654106.65	5171267.83	131.8
21654178.79	5171247.82	448.32
21654250.94	5171227.82	341.249
21654323.09	5171207.81	354.706
21654395.23	5171187.8	149.212
21654467.38	5171167.79	108.58
21654539.53	5171147.78	33.9974
21654611.67	5171127.77	130.878
21654683.82	5171107.77	546.862
21654755.97	5171087.76	576.104
21654828.12	5171067.75	645.466
21654900.26	5171047.74	553.812
21654972.41	5171027.73	577.841
21655044.56	5171007.73	584.969
21655116.7	5170987.72	618.757
21655188.85	5170967.71	615.026
21655261	5170947.7	454.27
21655333.14	5170927.69	75.2028
21655405.29	5170907.69	559.089
21655477.44	5170887.68	598.773
21655549.58	5170867.67	696.113
21655621.73	5170847.66	587.906
21655693.88	5170827.65	74.7794
21655766.02	5170807.65	143.179
21655838.17	5170787.64	282.216
21655910.32	5170767.63	365.716
21655982.46	5170747.62	411.991
21656054.61	5170727.61	463.322
21656126.76	5170707.61	360.977
21656198.9	5170687.6	263.584
21656271.05	5170667.59	51.4689
21656343.2	5170647.58	558.298
21656415.34	5170627.57	611.507
21656487.49	5170607.57	514.264
21656559.64	5170587.56	666.112
21656631.78	5170567.55	777.515
21656703.93	5170547.54	650.907
21656776.08	5170527.53	555.291
21656848.22	5170507.53	85.585
21656920.37	5170487.52	32.9228
21656992.52	5170467.51	275.42
21657064.66	5170447.5	501.201
21657136.81	5170427.49	109.276
21657208.96	5170407.48	344.048
21657281.1	5170387.48	32.9236
21657353.25	5170367.47	29.9254
21657425.4	5170347.46	449.261
21657497.54	5170327.45	616.347
21657569.69	5170307.44	592.733
21657641.84	5170287.44	371.414
21657713.98	5170267.43	149.843
21657786.13	5170247.42	391.293
21657858.28	5170227.41	24.1006
21657930.42	5170207.4	462.517
21658002.57	5170187.4	461.191
21658074.72	5170167.39	64.3489
21658146.86	5170147.38	31.1718
21658219.01	5170127.37	33.132
21658291.16	5170107.36	2.75722
21658363.3	5170087.36	543.711
21658435.45	5170067.35	263.518
21658507.6	5170047.34	34.7648
21658579.74	5170027.33	28.1094
21658651.89	5170007.32	26.3328
21658724.04	5169987.32	12.1339
21658796.18	5169967.31	200.277
21658868.33	5169947.3	193.868
21658940.48	5169927.29	28.1793
21659012.62	5169907.28	27.4422
21659084.77	5169887.28	27.2603
21653260.51	5171578.7	356.13
21653332.66	5171558.69	177.598
21653404.81	5171538.68	37.7095
21653476.95	5171518.67	32.2255
21653549.1	5171498.67	165.308
21653621.25	5171478.66	308.609
21653693.39	5171458.65	316.257
21653765.54	5171438.64	611.409
21653837.69	5171418.63	500.585
21653909.83	5171398.63	28.6682
21653981.98	5171378.62	30.18
21654054.13	5171358.61	29.2948
21654126.27	5171338.6	30.9524
21654198.42	5171318.59	28.1136
21654270.57	5171298.59	69.1767
21654342.71	5171278.58	181.911
21654414.86	5171258.57	455.124
21654487.01	5171238.56	663.977
21654559.15	5171218.55	624.783
21654631.3	5171198.55	667.677
21654703.45	5171178.54	580.891
21654775.59	5171158.53	712.861
21654847.74	5171138.52	765.15
21654919.89	5171118.51	653.393
21654992.04	5171098.51	651.087
21655064.18	5171078.5	435.536
21655136.33	5171058.49	391.212
21655208.48	5171038.48	205.223
21655280.62	5171018.47	33.9042
21655352.77	5170998.47	191.631
21655424.92	5170978.46	378.244
21655497.06	5170958.45	460.508
21655569.21	5170938.44	472.358
21655641.36	5170918.43	434.789
21655713.5	5170898.42	137.609
21655785.65	5170878.42	366.43
21655857.8	5170858.41	748.347
21655929.94	5170838.4	329.007
21656002.09	5170818.39	124.013
21656074.24	5170798.38	342.195
21656146.38	5170778.38	320.701
21656218.53	5170758.37	344.558
21656290.68	5170738.36	36.1517
21656362.82	5170718.35	210.303
21656434.97	5170698.34	831.158
21656507.12	5170678.34	691.031
21656579.26	5170658.33	652.928
21656651.41	5170638.32	651.701
21656723.56	5170618.31	596.215
21656795.7	5170598.3	587.378
21656867.85	5170578.3	71.1944
21656940	5170558.29	32.1567
21657012.14	5170538.28	33.9179
21657084.29	5170518.27	233.511
21657156.44	5170498.26	30.6681
21657228.58	5170478.26	21.4499
21657300.73	5170458.25	18.9584
21657372.88	5170438.24	24.3563
21657445.02	5170418.23	183.065
21657517.17	5170398.22	630.109
21657589.32	5170378.22	777.168
21657661.46	5170358.21	626.184
21657733.61	5170338.2	506.246
21657805.76	5170318.19	207.48
21657877.9	5170298.18	23.192
21657950.05	5170278.18	328.941
21658022.2	5170258.17	310.968
21658094.34	5170238.16	171.144
21658166.49	5170218.15	100.286
21658238.64	5170198.14	437.795
21658310.78	5170178.13	352.979
21658382.93	5170158.13	327.512
21658455.08	5170138.12	102.143
21658527.22	5170118.11	28.546
21658599.37	5170098.1	23.7694
21658671.52	5170078.09	0.5
21658743.66	5170058.09	37.9973
21658815.81	5170038.08	471.021
21658887.96	5170018.07	324.751
21658960.1	5169998.06	117.648
21659032.25	5169978.05	32.5573
21659104.4	5169958.05	26.1043
21653280.14	5171649.47	608.401
21653352.29	5171629.46	637.926
21653424.43	5171609.45	599.829
21653496.58	5171589.45	395.019
21653568.73	5171569.44	596.048
21653640.87	5171549.43	454.293
21653713.02	5171529.42	284.992
21653785.17	5171509.41	610.878
21653857.31	5171489.4	598.676
21653929.46	5171469.4	103.228
21654001.61	5171449.39	34.6385
21654073.75	5171429.38	126.521
21654145.9	5171409.37	26.4889
21654218.05	5171389.36	37.772
21654290.19	5171369.36	225.494
21654362.34	5171349.35	184.531
21654434.49	5171329.34	37.2818
21654506.63	5171309.33	563.416
21654578.78	5171289.32	504.201
21654650.93	5171269.32	616.558
21654723.07	5171249.31	669.119
21654795.22	5171229.3	664.274
21654867.37	5171209.29	557.522
21654939.51	5171189.28	697.4
21655011.66	5171169.28	362.094
21655083.81	5171149.27	115.448
21655155.95	5171129.26	6.52
21655228.1	5171109.25	22.1691
21655300.25	5171089.24	26.7611
21655372.39	5171069.24	79.2444
21655444.54	5171049.23	24.4428
21655516.69	5171029.22	120.132
21655588.84	5171009.21	250.427
21655660.98	5170989.2	326.594
21655733.13	5170969.2	134.735
21655805.28	5170949.19	372.751
21655877.42	5170929.18	833.428
21655949.57	5170909.17	687.291
21656021.72	5170889.16	599.418
21656093.86	5170869.16	435.983
21656166.01	5170849.15	357.468
21656238.16	5170829.14	523.263
21656310.3	5170809.13	186.262
21656382.45	5170789.12	144.421
21656454.6	5170769.11	590.854
21656526.74	5170749.11	587.425
21656598.89	5170729.1	495.472
21656671.04	5170709.09	329.631
21656743.18	5170689.08	412.076
21656815.33	5170669.07	418.341
21656887.48	5170649.07	36.7182
21656959.62	5170629.06	62.2367
21657031.77	5170609.05	535.361
21657103.92	5170589.04	293.279
21657176.06	5170569.03	29.8274
21657248.21	5170549.03	28.6899
21657320.36	5170529.02	24.7035
21657392.5	5170509.01	34.076
21657464.65	5170489	217.604
21657536.8	5170468.99	573.357
21657608.94	5170448.99	715.126
21657681.09	5170428.98	661.034
21657753.24	5170408.97	25.752
21657825.38	5170388.96	26.3339
21657897.53	5170368.95	27.107
21657969.68	5170348.95	573.086
21658041.82	5170328.94	301.848
21658113.97	5170308.93	35.9852
21658186.12	5170288.92	259.604
21658258.26	5170268.91	360.311
21658330.41	5170248.91	567.06
21658402.56	5170228.9	31.8428
21658474.7	5170208.89	26.5539
21658546.85	5170188.88	27.5467
21658619	5170168.87	29.8713
21658691.14	5170148.87	28.4566
21658763.29	5170128.86	35.9189
21658835.44	5170108.85	112.878
21658907.58	5170088.84	377.107
21658979.73	5170068.83	348.76
21659051.88	5170048.83	18.0933
21653299.77	5171720.24	675.659
21653371.91	5171700.23	950.428
21653444.06	5171680.22	1008.68
21653516.21	5171660.22	714.479
21653588.35	5171640.21	658.305
21653660.5	5171620.2	673.453
21653732.65	5171600.19	603.594
21653804.79	5171580.18	660.886
21653876.94	5171560.18	625.284
21653949.09	5171540.17	495.787
21654021.23	5171520.16	393.349
21654093.38	5171500.15	481.209
21654165.53	5171480.14	233.387
21654237.67	5171460.14	1.87167
21654309.82	5171440.13	229.444
21654381.97	5171420.12	47.0739
21654454.11	5171400.11	26.9594
21654526.26	5171380.1	267.774
21654598.41	5171360.09	455.079
21654670.55	5171340.09	443.231
21654742.7	5171320.08	613.249
21654814.85	5171300.07	495.107
21654886.99	5171280.06	310.745
21654959.14	5171260.05	511.178
21655031.29	5171240.05	34.4483
21655103.43	5171220.04	35.4216
21655175.58	5171200.03	29.1213
21655247.73	5171180.02	23.9427
21655319.87	5171160.01	23.4393
21655392.02	5171140.01	35.7323
21655464.17	5171120	1.08056
21655536.31	5171099.99	33.7615
21655608.46	5171079.98	295.714
21655680.61	5171059.97	62.0678
21655752.76	5171039.97	353.536
21655824.9	5171019.96	495.979
21655897.05	5170999.95	634.143
21655969.2	5170979.94	544.289
21656041.34	5170959.93	499.242
21656113.49	5170939.93	495.805
21656185.64	5170919.92	399.716
21656257.78	5170899.91	126.029
21656329.93	5170879.9	13.2733
21656402.08	5170859.89	35.6487
21656474.22	5170839.89	359.388
21656546.37	5170819.88	687.803
21656618.52	5170799.87	96.9806
21656690.66	5170779.86	29.751
21656762.81	5170759.85	71.0628
21656834.96	5170739.85	254.668
21656907.1	5170719.84	18.7328
21656979.25	5170699.83	297.984
21657051.4	5170679.82	472
21657123.54	5170659.81	142.576
21657195.69	5170639.81	31.8703
21657267.84	5170619.8	36.0328
21657339.98	5170599.79	30.9089
21657412.13	5170579.78	422.141
21657484.28	5170559.77	665.705
21657556.42	5170539.76	634.361
21657628.57	5170519.76	563.726
21657700.72	5170499.75	539.134
21657772.86	5170479.74	34.124
21657845.01	5170459.73	30.348
21657917.16	5170439.72	28.2007
21657989.3	5170419.72	420.442
21658061.45	5170399.71	372.817
21658133.6	5170379.7	91.8561
21658205.74	5170359.69	88.34
21658277.89	5170339.68	37.1988
21658350.04	5170319.68	34.6329
21658422.18	5170299.67	26.799
21658494.33	5170279.66	28.0392
21658566.48	5170259.65	31.8554
21658638.62	5170239.64	33.2666
21658710.77	5170219.64	34.2075
21658782.92	5170199.63	128.291
21658855.06	5170179.62	29.6275
21658927.21	5170159.61	23.2378
21658999.36	5170139.6	46.7206
21659071.5	5170119.6	32.9778
21653247.25	5171811.02	562.437
21653319.39	5171791.01	751.992
21653391.54	5171771	1086.6
21653463.69	5171750.99	830.725
21653535.83	5171730.99	996.491
21653607.98	5171710.98	726.958
21653680.13	5171690.97	790.402
21653752.27	5171670.96	753.534
21653824.42	5171650.95	581.754
21653896.57	5171630.95	461.968
21653968.71	5171610.94	164.127
21654040.86	5171590.93	738.813
21654113.01	5171570.92	807.402
21654185.15	5171550.91	657.329
21654257.3	5171530.91	405.388
21654329.45	5171510.9	320.85
21654401.59	5171490.89	216.011
21654473.74	5171470.88	298.196
21654545.89	5171450.87	820.001
21654618.03	5171430.87	944.463
21654690.18	5171410.86	670.737
21654762.33	5171390.85	543.42
21654834.47	5171370.84	539.216
21654906.62	5171350.83	499.589
21654978.77	5171330.83	247.747
21655050.91	5171310.82	35.0566
21655123.06	5171290.81	35.1403
21655195.21	5171270.8	23.7968
21655267.35	5171250.79	18.5212
21655339.5	5171230.79	0.5
21655411.65	5171210.78	144.778
21655483.79	5171190.77	213.217
21655555.94	5171170.76	36.5518
21655628.09	5171150.75	259.613
21655700.23	5171130.74	24.6189
21655772.38	5171110.74	62.8306
21655844.53	5171090.73	319.012
21655916.67	5171070.72	334.591
21655988.82	5171050.71	385.102
21656060.97	5171030.7	626.461
21656133.11	5171010.7	317.117
21656205.26	5170990.69	192.449
21656277.41	5170970.68	32.3483
21656349.56	5170950.67	30.9309
21656421.7	5170930.66	20.4783
21656493.85	5170910.66	367.443
21656566	5170890.65	423.251
21656638.14	5170870.64	36.6161
21656710.29	5170850.63	30.4201
21656782.44	5170830.62	51.2872
21656854.58	5170810.62	102.101
21656926.73	5170790.61	37.9803
21656998.88	5170770.6	37.1455
21657071.02	5170750.59	443.987
21657143.17	5170730.58	157.858
21657215.32	5170710.58	47.6022
21657287.46	5170690.57	159.113
21657359.61	5170670.56	138.162
21657431.76	5170650.55	669.672
21657503.9	5170630.54	467.376
21657576.05	5170610.54	512.506
21657648.2	5170590.53	251.531
21657720.34	5170570.52	111.773
21657792.49	5170550.51	107.832
21657864.64	5170530.5	31.1631
21657936.78	5170510.5	32.9793
21658008.93	5170490.49	392.226
21658081.08	5170470.48	322
21658153.22	5170450.47	291.009
21658225.37	5170430.46	42.3189
21658297.52	5170410.46	23.3451
21658369.66	5170390.45	30.4458
21658441.81	5170370.44	27.6659
21658513.96	5170350.43	29.518
21658586.1	5170330.42	28.9609
21658658.25	5170310.41	31.6603
21658730.4	5170290.41	32.2821
21658802.54	5170270.4	59.2533
21658874.69	5170250.39	26.8407
21658946.84	5170230.38	30.7316
21659018.98	5170210.37	35.7862
21659091.13	5170190.37	26.7494
21653266.87	5171881.79	660.756
21653339.02	5171861.78	929.391
21653411.17	5171841.77	1110.49
21653483.31	5171821.77	978.048
21653555.46	5171801.76	1140.37
21653627.61	5171781.75	860.412
21653699.75	5171761.74	773.034
21653771.9	5171741.73	728.446
21653844.05	5171721.73	715.146
21653916.19	5171701.72	317.613
21653988.34	5171681.71	223.089
21654060.49	5171661.7	766.796
21654132.63	5171641.69	896.934
21654204.78	5171621.68	711.285
21654276.93	5171601.68	538.911
21654349.07	5171581.67	412.796
21654421.22	5171561.66	434.051
21654493.37	5171541.65	824.461
21654565.51	5171521.64	1037.69
21654637.66	5171501.64	878.518
21654709.81	5171481.63	744.996
21654781.95	5171461.62	602.314
21654854.1	5171441.61	647.207
21654926.25	5171421.6	575.36
21654998.39	5171401.6	304.229
21655070.54	5171381.59	74.4567
21655142.69	5171361.58	36.0634
21655214.83	5171341.57	34.7102
21655286.98	5171321.56	32.7011
21655359.13	5171301.56	36.8852
21655431.27	5171281.55	14.1783
21655503.42	5171261.54	108.514
21655575.57	5171241.53	21.16
21655647.71	5171221.52	42.5828
21655719.86	5171201.52	35.6645
21655792.01	5171181.51	33.0638
21655864.15	5171161.5	98.5589
21655936.3	5171141.49	289.863
21656008.45	5171121.48	400.159
21656080.59	5171101.48	511.473
21656152.74	5171081.47	513.985
21656224.89	5171061.46	524.951
21656297.03	5171041.45	356.304
21656369.18	5171021.44	470.753
21656441.33	5171001.44	599.301
21656513.48	5170981.43	370.342
21656585.62	5170961.42	31.2317
21656657.77	5170941.41	30.0805
21656729.91	5170921.4	30.5008
21656802.06	5170901.39	291.583
21656874.21	5170881.39	36.6833
21656946.36	5170861.38	25.3255
21657018.5	5170841.37	28.3251
21657090.65	5170821.36	306.944
21657162.8	5170801.35	305.326
21657234.94	5170781.35	149.331
21657307.09	5170761.34	234.948
21657379.24	5170741.33	450.865
21657451.38	5170721.32	478.193
21657523.53	5170701.31	228.815
21657595.68	5170681.31	63.3722
21657667.82	5170661.3	28.466
21657739.97	5170641.29	31.5318
21657812.12	5170621.28	29.9935
21657884.26	5170601.27	34.91
21657956.41	5170581.27	37.7597
21658028.56	5170561.26	397.256
21658100.7	5170541.25	503.381
21658172.85	5170521.24	288.871
21658245	5170501.23	148.469
21658317.14	5170481.23	23.8624
21658389.29	5170461.22	26.6271
21658461.44	5170441.21	20.668
21658533.58	5170421.2	24.012
21658605.73	5170401.19	21.7258
21658677.88	5170381.19	30.3608
21658750.02	5170361.18	6.04778
21658822.17	5170341.17	34.6528
21658894.32	5170321.16	394.302
21658966.46	5170301.15	352.084
21659038.61	5170281.15	156.41
21653286.5	5171952.56	808.253
21653358.65	5171932.55	1096.27
21653430.79	5171912.54	1177.41
21653502.94	5171892.54	1186.84
21653575.09	5171872.53	1115.3
21653647.23	5171852.52	887.004
21653719.38	5171832.51	852.249
21653791.53	5171812.5	716.103
21653863.67	5171792.5	661.341
21653935.82	5171772.49	386.528
21654007.97	5171752.48	511.071
21654080.11	5171732.47	899.684
21654152.26	5171712.46	897.724
21654224.41	5171692.46	859.518
21654296.55	5171672.45	828.524
21654368.7	5171652.44	735.982
21654440.85	5171632.43	801.688
21654512.99	5171612.42	997.292
21654585.14	5171592.42	1125.57
21654657.29	5171572.41	822.209
21654729.43	5171552.4	742.813
21654801.58	5171532.39	734.639
21654873.73	5171512.38	657.59
21654945.87	5171492.37	528.109
21655018.02	5171472.37	229.919
21655090.17	5171452.36	34.575
21655162.31	5171432.35	35.7329
21655234.46	5171412.34	33.955
21655306.61	5171392.33	37.5758
21655378.75	5171372.33	93.6861
21655450.9	5171352.32	86.7839
21655523.05	5171332.31	37.4862
21655595.19	5171312.3	31.2237
21655667.34	5171292.29	32.2632
21655739.49	5171272.29	28.6317
21655811.63	5171252.28	32.3815
21655883.78	5171232.27	130.638
21655955.93	5171212.26	138.133
21656028.07	5171192.25	285.532
21656100.22	5171172.25	498.064
21656172.37	5171152.24	685.393
21656244.51	5171132.23	574.781
21656316.66	5171112.22	560.018
21656388.81	5171092.21	619.047
21656460.95	5171072.21	702.421
21656533.1	5171052.2	257.364
21656605.25	5171032.19	32.4861
21656677.39	5171012.18	29.3197
21656749.54	5170992.17	27.5824
21656821.69	5170972.17	37.6959
21656893.84	5170952.16	30.5966
21656965.98	5170932.15	27.4664
21657038.13	5170912.14	69.5156
21657110.27	5170892.13	403.274
21657182.42	5170872.13	179.272
21657254.57	5170852.12	35.197
21657326.72	5170832.11	37.5517
21657398.86	5170812.1	419.554
21657471.01	5170792.09	299.808
21657543.16	5170772.09	9.84944
21657615.3	5170752.08	18.3017
21657687.45	5170732.07	26.2682
21657759.6	5170712.06	23.1637
21657831.74	5170692.05	22.4577
21657903.89	5170672.04	28.7068
21657976.04	5170652.04	34.7135
21658048.18	5170632.03	340.496
21658120.33	5170612.02	422.231
21658192.48	5170592.01	150.965
21658264.62	5170572	33.7549
21658336.77	5170552	20.819
21658408.92	5170531.99	0.5
21658481.06	5170511.98	27.6421
21658553.21	5170491.97	30.3436
21658625.36	5170471.96	27.3168
21658697.5	5170451.96	36.2379
21658769.65	5170431.95	19.7472
21658841.8	5170411.94	82.2483
21658913.94	5170391.93	754.607
21658986.09	5170371.92	645.421
21659058.24	5170351.92	285.027
21653306.13	5172023.33	822.113
21653378.27	5172003.32	1145.28
21653450.42	5171983.31	1169.08
21653522.57	5171963.31	1156.85
21653594.71	5171943.3	1171.27
21653666.86	5171923.29	865.032
21653739.01	5171903.28	856.678
21653811.15	5171883.27	806.587
21653883.3	5171863.27	699.345
21653955.45	5171843.26	494.161
21654027.59	5171823.25	768.646
21654099.74	5171803.24	1073.19
21654171.89	5171783.23	1054.25
21654244.03	5171763.23	990.609
21654316.18	5171743.22	1001.27
21654388.33	5171723.21	909.63
21654460.47	5171703.2	920.631
21654532.62	5171683.19	1084.19
21654604.77	5171663.19	1000.43
21654676.91	5171643.18	692.907
21654749.06	5171623.17	553.097
21654821.21	5171603.16	503.967
21654893.35	5171583.15	566.484
21654965.5	5171563.15	438.862
21655037.65	5171543.14	226.296
21655109.79	5171523.13	83.7811
21655181.94	5171503.12	15.2817
21655254.09	5171483.11	36.5219
21655326.23	5171463.11	48.9017
21655398.38	5171443.1	54.0694
21655470.53	5171423.09	70.4017
21655542.67	5171403.08	35.9409
21655614.82	5171383.07	28.3591
21655686.97	5171363.07	29.2448
21655759.11	5171343.06	35.6667
21655831.26	5171323.05	101.099
21655903.41	5171303.04	377.696
21655975.55	5171283.03	251.218
21656047.7	5171263.02	384.599
21656119.85	5171243.02	362.717
21656191.99	5171223.01	508.149
21656264.14	5171203	544.118
21656336.29	5171182.99	496.923
21656408.43	5171162.98	500.337
21656480.58	5171142.98	605.168
21656552.73	5171122.97	34.2849
21656624.87	5171102.96	27.9123
21656697.02	5171082.95	27.1292
21656769.17	5171062.94	26.6117
21656841.31	5171042.94	36.6772
21656913.46	5171022.93	32.3079
21656985.61	5171002.92	24.7026
21657057.75	5170982.91	30.7951
21657129.9	5170962.9	208.928
21657202.05	5170942.9	34.0483
21657274.19	5170922.89	29.2747
21657346.34	5170902.88	31.4644
21657418.49	5170882.87	217.034
21657490.64	5170862.86	124.992
21657562.78	5170842.86	37.7769
21657634.93	5170822.85	94.3128
21657707.08	5170802.84	90.6372
21657779.22	5170782.83	32.0367
21657851.37	5170762.82	24.8649
21657923.52	5170742.82	26.0499
21657995.66	5170722.81	31.1135
21658067.81	5170702.8	340.849
21658139.96	5170682.79	102.429
21658212.1	5170662.78	37.3281
21658284.25	5170642.78	26.2287
21658356.4	5170622.77	21.6406
21658428.54	5170602.76	25.1611
21658500.69	5170582.75	35.2846
21658572.84	5170562.74	36.7289
21658644.98	5170542.74	20.1067
21658717.13	5170522.73	248.14
21658789.28	5170502.72	359.717
21658861.42	5170482.71	412.541
21658933.57	5170462.7	625.506
21659005.72	5170442.69	443.88
21659077.86	5170422.69	302.272
21653253.61	5172114.11	798.998
21653325.75	5172094.1	745.124
21653397.9	5172074.09	1032.05
21653470.05	5172054.09	1145.23
21653542.19	5172034.08	1111.79
21653614.34	5172014.07	1015.41
21653686.49	5171994.06	703.243
21653758.63	5171974.05	731.968
21653830.78	5171954.05	771.115
21653902.93	5171934.04	680.907
21653975.07	5171914.03	400.859
21654047.22	5171894.02	571.874
21654119.37	5171874.01	1014.55
21654191.51	5171854	1119.95
21654263.66	5171834	1084.39
21654335.81	5171813.99	1047.09
21654407.95	5171793.98	1052.8
21654480.1	5171773.97	959.14
21654552.25	5171753.96	914.271
21654624.39	5171733.96	851.888
21654696.54	5171713.95	676.63
21654768.69	5171693.94	591.462
21654840.83	5171673.93	493.873
21654912.98	5171653.92	537.057
21654985.13	5171633.92	365.384
21655057.27	5171613.91	232.007
21655129.42	5171593.9	85.03
21655201.57	5171573.89	139.648
21655273.71	5171553.88	76.885
21655345.86	5171533.88	82.4544
21655418.01	5171513.87	36.7387
21655490.15	5171493.86	37.3214
21655562.3	5171473.85	32.914
21655634.45	5171453.84	29.1625
21655706.59	5171433.84	32.0854
21655778.74	5171413.83	34.0188
21655850.89	5171393.82	35.0307
21655923.03	5171373.81	425.517
21655995.18	5171353.8	339.809
21656067.33	5171333.8	513.116
21656139.47	5171313.79	527.631
21656211.62	5171293.78	520.999
21656283.77	5171273.77	730.854
21656355.91	5171253.76	369.587
21656428.06	5171233.76	548.185
21656500.21	5171213.75	384.278
21656572.35	5171193.74	29.4395
21656644.5	5171173.73	27.1925
21656716.65	5171153.72	23.217
21656788.79	5171133.72	24.1091
21656860.94	5171113.71	29.1859
21656933.09	5171093.7	26.8892
21657005.23	5171073.69	24.966
21657077.38	5171053.68	32.6366
21657149.53	5171033.67	16.1883
21657221.67	5171013.67	27.0439
21657293.82	5170993.66	22.9533
21657365.97	5170973.65	24.0505
21657438.11	5170953.64	35.9429
21657510.26	5170933.63	43.1728
21657582.41	5170913.63	33.8687
21657654.55	5170893.62	28.2167
21657726.7	5170873.61	229.199
21657798.85	5170853.6	36.7993
21657870.99	5170833.59	29.5189
21657943.14	5170813.59	31.2942
21658015.29	5170793.58	41.3806
21658087.44	5170773.57	476.224
21658159.58	5170753.56	175.109
21658231.73	5170733.55	35.8124
21658303.88	5170713.55	34.4162
21658376.02	5170693.54	21.665
21658448.17	5170673.53	26.853
21658520.32	5170653.52	35.2405
21658592.46	5170633.51	46.6944
21658664.61	5170613.51	213.754
21658736.76	5170593.5	472.316
21658808.9	5170573.49	673.782
21658881.05	5170553.48	387.02
21658953.2	5170533.47	538.676
21659025.34	5170513.47	341.646
21659097.49	5170493.46	488.724
21653273.23	5172184.88	719.758
21653345.38	5172164.87	745.324
21653417.53	5172144.86	1110.97
21653489.67	5172124.86	1103.91
21653561.82	5172104.85	1101.56
21653633.97	5172084.84	961.551
21653706.11	5172064.83	628.607
21653778.26	5172044.82	763.572
21653850.41	5172024.82	774.001
21653922.55	5172004.81	668.821
21653994.7	5171984.8	498.734
21654066.85	5171964.79	598.838
21654138.99	5171944.78	985.693
21654211.14	5171924.78	1030.93
21654283.29	5171904.77	1082.17
21654355.43	5171884.76	1112.55
21654427.58	5171864.75	1084.44
21654499.73	5171844.74	986.338
21654571.87	5171824.74	860.5
21654644.02	5171804.73	705.587
21654716.17	5171784.72	601.833
21654788.31	5171764.71	740.814
21654860.46	5171744.7	670.272
21654932.61	5171724.7	565.203
21655004.75	5171704.69	411.581
21655076.9	5171684.68	380.104
21655149.05	5171664.67	266.666
21655221.19	5171644.66	209.347
21655293.34	5171624.65	114.102
21655365.49	5171604.65	200.847
21655437.63	5171584.64	194.441
21655509.78	5171564.63	211.368
21655581.93	5171544.62	54.9883
21655654.07	5171524.61	31.2225
21655726.22	5171504.61	37.5998
21655798.37	5171484.6	4.33278
21655870.51	5171464.59	114.103
21655942.66	5171444.58	413.543
21656014.81	5171424.57	561.498
21656086.95	5171404.57	512.494
21656159.1	5171384.56	498.657
21656231.25	5171364.55	604.336
21656303.39	5171344.54	604.788
21656375.54	5171324.53	274.107
21656447.69	5171304.53	487.596
21656519.83	5171284.52	606.554
21656591.98	5171264.51	37.8974
21656664.13	5171244.5	29.8923
21656736.27	5171224.49	26.6538
21656808.42	5171204.49	24.6597
21656880.57	5171184.48	32.5471
21656952.71	5171164.47	30.1084
21657024.86	5171144.46	23.1693
21657097.01	5171124.45	33.8442
21657169.15	5171104.45	31.417
21657241.3	5171084.44	24.3433
21657313.45	5171064.43	21.1443
21657385.59	5171044.42	26.8097
21657457.74	5171024.41	30.565
21657529.89	5171004.41	31.7197
21657602.03	5170984.4	27.3402
21657674.18	5170964.39	33.6864
21657746.33	5170944.38	49.1406
21657818.47	5170924.37	32.6523
21657890.62	5170904.36	32.7545
21657962.77	5170884.36	31.3372
21658034.91	5170864.35	26.9928
21658107.06	5170844.34	682.044
21658179.21	5170824.33	433.049
21658251.36	5170804.32	317.319
21658323.5	5170784.32	36.255
21658395.65	5170764.31	15.6442
21658467.8	5170744.3	26.764
21658539.94	5170724.29	175.174
21658612.09	5170704.28	117.588
21658684.24	5170684.28	57.1094
21658756.38	5170664.27	16.7444
21658828.53	5170644.26	33.4306
21658900.68	5170624.25	30.303
21658972.82	5170604.24	19.9568
21659044.97	5170584.24	100.831
