21653307.22	5170346.33	12.8038
21653379.37	5170326.32	0.5
21653451.52	5170306.31	0.5
21653523.66	5170286.3	0.5
21653595.81	5170266.29	0.5
21653667.96	5170246.29	0.5
21653740.1	5170226.28	0.5
21653812.25	5170206.27	0.5
21653884.4	5170186.26	0.5
21653956.54	5170166.25	0.5
21654028.69	5170146.25	0.5
21654100.84	5170126.24	0.5
21654172.98	5170106.23	0.5
21654245.13	5170086.22	0.5
21654317.28	5170066.21	0.5
21654389.42	5170046.21	0.5
21654461.57	5170026.2	0.5
21654533.72	5170006.19	0.5
21654605.86	5169986.18	0.5
21654678.01	5169966.17	0.5
21654750.16	5169946.17	0.5
21654822.31	5169926.16	0.5
21654894.45	5169906.15	28.7747
21654966.6	5169886.14	221.702
21655038.75	5169866.13	558.299
21655110.89	5169846.13	275.158
21655183.04	5169826.12	420.029
21655255.19	5169806.11	461.009
21655327.33	5169786.1	475.226
21655399.48	5169766.09	906.511
21653254.7	5170437.11	15.8611
21653326.85	5170417.1	15.403
21653399	5170397.09	0.5
21653471.14	5170377.08	0.5
21653543.29	5170357.07	0.5
21653615.44	5170337.07	0.5
21653687.58	5170317.06	0.5
21653759.73	5170297.05	0.5
21653831.88	5170277.04	0.5
21653904.02	5170257.03	0.5
21653976.17	5170237.03	0.5
21654048.32	5170217.02	0.5
21654120.46	5170197.01	0.5
21654192.61	5170177	0.5
21654264.76	5170156.99	0.5
21654336.9	5170136.98	0.5
21654409.05	5170116.98	0.5
21654481.2	5170096.97	0.5
21654553.34	5170076.96	0.5
21654625.49	5170056.95	0.5
21654697.64	5170036.94	0.5
21654769.78	5170016.94	0.5
21654841.93	5169996.93	0.5
21654914.08	5169976.92	24.0018
21654986.23	5169956.91	158.208
21655058.37	5169936.9	603.142
21655130.52	5169916.9	515.601
21655202.66	5169896.89	692.922
21655274.81	5169876.88	700.221
21655346.96	5169856.87	667.594
21655419.11	5169836.86	904.358
21655491.25	5169816.86	946.037
21655563.4	5169796.85	814.782
21655635.55	5169776.84	906.59
21655707.69	5169756.83	599.49
21655779.84	5169736.82	583.672
21655851.99	5169716.82	340.143
21655924.13	5169696.81	0.5
21655996.28	5169676.8	13.705
21656068.43	5169656.79	0.5
21656140.57	5169636.78	93.6161
21656212.72	5169616.78	254.966
21656284.87	5169596.77	540.949
21656357.01	5169576.76	450.181
21656429.16	5169556.75	811.254
21656501.31	5169536.74	420.321
21656573.45	5169516.74	199.023
21656645.6	5169496.73	219.347
21656717.75	5169476.72	186.403
21656789.89	5169456.71	0.5
21656862.04	5169436.7	0.5
21656934.19	5169416.69	0.5
21657006.33	5169396.69	0.5
21657078.48	5169376.68	0.5
21657150.63	5169356.67	16.0806
21657222.77	5169336.66	17.5975
21657294.92	5169316.65	24.253
21657367.07	5169296.65	220.946
21657439.21	5169276.64	758.715
21657511.36	5169256.63	159.37
21657583.51	5169236.62	93.9089
21657655.65	5169216.61	10.14
21657727.8	5169196.61	182.023
21657799.95	5169176.6	225.841
21657872.09	5169156.59	335.624
21657944.24	5169136.58	27.2213
21658016.39	5169116.57	20.8169
21658088.53	5169096.57	13.6368
21658160.68	5169076.56	0.5
21658232.83	5169056.55	0.5
21658304.97	5169036.54	0.5
21658377.12	5169016.53	0.5
21658449.27	5168996.53	14.4423
21658521.41	5168976.52	0.5
21658593.56	5168956.51	22.9545
21658665.71	5168936.5	22.1473
21658737.85	5168916.49	24.1354
21658810	5168896.49	24.7229
21658882.15	5168876.48	37.2745
21658954.29	5168856.47	131.78
21659026.44	5168836.46	552.504
21659098.59	5168816.45	670.226
21653274.33	5170507.88	18.6207
21653346.48	5170487.87	19.9404
21653418.62	5170467.86	15.4158
21653490.77	5170447.85	0.5
21653562.92	5170427.84	0.5
21653635.06	5170407.84	0.5
21653707.21	5170387.83	0.5
21653779.36	5170367.82	0.5
21653851.5	5170347.81	0.5
21653923.65	5170327.8	0.5
21653995.8	5170307.8	0.5
21654067.94	5170287.79	0.5
21654140.09	5170267.78	0.5
21654212.24	5170247.77	0.5
21654284.38	5170227.76	0.5
21654356.53	5170207.76	0.5
21654428.68	5170187.75	0.5
21654500.82	5170167.74	0.5
21654572.97	5170147.73	0.5
21654645.12	5170127.72	0.5
21654717.26	5170107.72	0.5
21654789.41	5170087.71	0.5
21654861.56	5170067.7	0.5
21654933.7	5170047.69	0.5
21655005.85	5170027.68	359.315
21655078	5170007.68	753.979
21655150.14	5169987.67	807.137
21655222.29	5169967.66	815.208
21655294.44	5169947.65	871.442
21655366.58	5169927.64	932.127
21655438.73	5169907.63	730.139
21655510.88	5169887.63	871.905
21655583.03	5169867.62	912.379
21655655.17	5169847.61	940.731
21655727.32	5169827.6	843.939
21655799.47	5169807.59	570.268
21655871.61	5169787.59	392.691
21655943.76	5169767.58	0.5
21656015.91	5169747.57	0.5
21656088.05	5169727.56	0.5
21656160.2	5169707.55	83.4094
21656232.35	5169687.55	231.023
21656304.49	5169667.54	543.674
21656376.64	5169647.53	669.1
21656448.79	5169627.52	642.304
21656520.93	5169607.51	745.363
21656593.08	5169587.51	711.893
21656665.23	5169567.5	596.891
21656737.37	5169547.49	0.5
21656809.52	5169527.48	0.5
21656881.67	5169507.47	0.5
21656953.81	5169487.47	0.5
21657025.96	5169467.46	0.5
21657098.11	5169447.45	0.5
21657170.25	5169427.44	0.5
21657242.4	5169407.43	15.8138
21657314.55	5169387.43	21.357
21657386.69	5169367.42	151.295
21657458.84	5169347.41	379.021
21657530.99	5169327.4	561.434
21657603.13	5169307.39	354.314
21657675.28	5169287.39	32.4836
21657747.43	5169267.38	202.53
21657819.57	5169247.37	476.428
21657891.72	5169227.36	363.768
21657963.87	5169207.35	24.6657
21658036.01	5169187.34	0.5
21658108.16	5169167.34	14.303
21658180.31	5169147.33	17.8955
21658252.45	5169127.32	0.5
21658324.6	5169107.31	0.5
21658396.75	5169087.3	0.5
21658468.89	5169067.3	0.5
21658541.04	5169047.29	0.5
21658613.19	5169027.28	0.5
21658685.33	5169007.27	22.4981
21658757.48	5168987.26	23.5719
21658829.63	5168967.26	23.1556
21658901.77	5168947.25	34.9763
21658973.92	5168927.24	38.89
21659046.07	5168907.23	750.837
21653293.96	5170578.65	0.5
21653366.1	5170558.64	0.5
21653438.25	5170538.63	0.5
21653510.4	5170518.62	0.5
21653582.54	5170498.61	0.5
21653654.69	5170478.61	0.5
21653726.84	5170458.6	0.5
21653798.98	5170438.59	0.5
21653871.13	5170418.58	0.5
21653943.28	5170398.57	0.5
21654015.42	5170378.57	0.5
21654087.57	5170358.56	0.5
21654159.72	5170338.55	28.9902
21654231.86	5170318.54	0.5
21654304.01	5170298.53	0.5
21654376.16	5170278.53	0.5
21654448.3	5170258.52	0.5
21654520.45	5170238.51	0.5
21654592.6	5170218.5	0.5
21654664.74	5170198.49	18.872
21654736.89	5170178.49	13.8471
21654809.04	5170158.48	0.5
21654881.18	5170138.47	0.5
21654953.33	5170118.46	0.5
21655025.48	5170098.45	464.276
21655097.62	5170078.45	718.567
21655169.77	5170058.44	427.151
21655241.92	5170038.43	447.737
21655314.06	5170018.42	748.188
21655386.21	5169998.41	823.267
21655458.36	5169978.41	665.519
21655530.5	5169958.4	391.251
21655602.65	5169938.39	873.359
21655674.8	5169918.38	875.353
21655746.95	5169898.37	483.301
21655819.09	5169878.37	37.4387
21655891.24	5169858.36	32.4221
21655963.38	5169838.35	29.0648
21656035.53	5169818.34	0.5
21656107.68	5169798.33	0.5
21656179.83	5169778.32	0.5
21656251.97	5169758.32	31.2402
21656324.12	5169738.31	144.141
21656396.27	5169718.3	254.54
21656468.41	5169698.29	88.0389
21656540.56	5169678.28	63.14
21656612.71	5169658.28	810.016
21656684.85	5169638.27	652.042
21656757	5169618.26	0.5
21656829.15	5169598.25	0.5
21656901.29	5169578.24	0.5
21656973.44	5169558.24	0.5
21657045.59	5169538.23	0.5
21657117.73	5169518.22	0.5
21657189.88	5169498.21	0.5
21657262.03	5169478.2	12.0343
21657334.17	5169458.2	14.7084
21657406.32	5169438.19	27.6052
21657478.47	5169418.18	33.4552
21657550.61	5169398.17	505.668
21657622.76	5169378.16	298.706
21657694.91	5169358.16	34.57
21657767.05	5169338.15	5.56667
21657839.2	5169318.14	538.027
21657911.35	5169298.13	656.047
21657983.49	5169278.12	256.986
21658055.64	5169258.12	0.5
21658127.79	5169238.11	0.5
21658199.93	5169218.1	0.5
21658272.08	5169198.09	26.4769
21658344.23	5169178.08	0.5
21658416.37	5169158.08	0.5
21658488.52	5169138.07	0.5
21658560.67	5169118.06	0.5
21658632.81	5169098.05	18.965
21658704.96	5169078.04	21.1291
21658777.11	5169058.03	23.0888
21658849.25	5169038.03	29.3344
21658921.4	5169018.02	36.6675
21658993.55	5168998.01	36.5211
21659065.69	5168978	840.803
21653313.58	5170649.42	28.8183
21653385.73	5170629.41	29.5009
21653457.88	5170609.4	0.5
21653530.02	5170589.39	20.0787
21653602.17	5170569.39	23.4298
21653674.32	5170549.38	25.3815
21653746.46	5170529.37	0.5
21653818.61	5170509.36	0.5
21653890.76	5170489.35	0.5
21653962.9	5170469.35	0.5
21654035.05	5170449.34	0.5
21654107.2	5170429.33	0.5
21654179.34	5170409.32	0.5
21654251.49	5170389.31	0.5
21654323.64	5170369.3	0.5
21654395.78	5170349.3	0.5
21654467.93	5170329.29	0.5
21654540.08	5170309.28	0.5
21654612.22	5170289.27	0.5
21654684.37	5170269.26	21.3313
21654756.52	5170249.26	19.2821
21654828.66	5170229.25	0.5
21654900.81	5170209.24	0.5
21654972.96	5170189.23	0.5
21655045.1	5170169.22	53.6961
21655117.25	5170149.22	803.163
21655189.4	5170129.21	402.609
21655261.54	5170109.2	409.788
21655333.69	5170089.19	408.726
21655405.84	5170069.18	903.844
21655477.98	5170049.18	706.273
21655550.13	5170029.17	491.132
21655622.28	5170009.16	848.359
21655694.42	5169989.15	767.264
21655766.57	5169969.14	709.511
21655838.72	5169949.14	0.5
21655910.86	5169929.13	0.5
21655983.01	5169909.12	0.5
21656055.16	5169889.11	0.5
21656127.3	5169869.1	24.6156
21656199.45	5169849.1	0.5
21656271.6	5169829.09	0.5
21656343.75	5169809.08	26.812
21656415.89	5169789.07	26.9067
21656488.04	5169769.06	0.5
21656560.19	5169749.06	249.077
21656632.33	5169729.05	505.683
21656704.48	5169709.04	164.931
21656776.63	5169689.03	0.5
21656848.77	5169669.02	0.5
21656920.92	5169649.02	0.5
21656993.07	5169629.01	0.5
21657065.21	5169609	0.5
21657137.36	5169588.99	0.5
21657209.51	5169568.98	0.5
21657281.65	5169548.97	0.5
21657353.8	5169528.97	12.7042
21657425.95	5169508.96	21.7573
21657498.09	5169488.95	34.1361
21657570.24	5169468.94	484.376
21657642.39	5169448.93	227.666
21657714.53	5169428.93	35.1386
21657786.68	5169408.92	34.3031
21657858.83	5169388.91	349.243
21657930.97	5169368.9	408.121
21658003.12	5169348.89	33.7545
21658075.27	5169328.89	0.5
21658147.41	5169308.88	0.5
21658219.56	5169288.87	0.5
21658291.71	5169268.86	0.5
21658363.85	5169248.85	0.5
21658436	5169228.85	0.5
21658508.15	5169208.84	0.5
21658580.29	5169188.83	26.427
21658652.44	5169168.82	21.6202
21658724.59	5169148.81	22.3285
21658796.73	5169128.81	22.8584
21658868.88	5169108.8	29.7128
21658941.03	5169088.79	165.597
21659013.17	5169068.78	552.765
21659085.32	5169048.77	729.95
21653261.06	5170740.2	27.9628
21653333.21	5170720.19	28.3661
21653405.36	5170700.18	28.448
21653477.5	5170680.17	0.5
21653549.65	5170660.16	0.5
21653621.8	5170640.16	25.7184
21653693.94	5170620.15	26.4357
21653766.09	5170600.14	0.5
21653838.24	5170580.13	0.5
21653910.38	5170560.12	0.5
21653982.53	5170540.12	0.5
21654054.68	5170520.11	0.5
21654126.82	5170500.1	0.5
21654198.97	5170480.09	0.5
21654271.12	5170460.08	0.5
21654343.26	5170440.08	0.5
21654415.41	5170420.07	0.5
21654487.56	5170400.06	0.5
21654559.7	5170380.05	0.5
21654631.85	5170360.04	0.5
21654704	5170340.04	27.927
21654776.14	5170320.03	24.8855
21654848.29	5170300.02	0.5
21654920.44	5170280.01	0.5
21654992.58	5170260	0.5
21655064.73	5170240	0.5
21655136.88	5170219.99	618.189
21655209.02	5170199.98	467.702
21655281.17	5170179.97	532.321
21655353.32	5170159.96	769.343
21655425.46	5170139.95	906.829
21655497.61	5170119.95	736.394
21655569.76	5170099.94	580.618
21655641.9	5170079.93	710.094
21655714.05	5170059.92	556.304
21655786.2	5170039.91	597.135
21655858.34	5170019.91	607.537
21655930.49	5169999.9	0.757778
21656002.64	5169979.89	21.4172
21656074.78	5169959.88	29.3101
21656146.93	5169939.87	27.3826
21656219.08	5169919.87	0.5
21656291.22	5169899.86	0.5
21656363.37	5169879.85	0.5
21656435.52	5169859.84	0.5
21656507.66	5169839.83	221.632
21656579.81	5169819.83	139.21
21656651.96	5169799.82	0.5
21656724.1	5169779.81	0.5
21656796.25	5169759.8	0.5
21656868.4	5169739.79	0.5
21656940.55	5169719.79	0.5
21657012.69	5169699.78	0.5
21657084.84	5169679.77	0.5
21657156.99	5169659.76	0.5
21657229.13	5169639.75	0.5
21657301.28	5169619.75	0.5
21657373.43	5169599.74	15.8482
21657445.57	5169579.73	18.8874
21657517.72	5169559.72	12.8278
21657589.87	5169539.71	386.498
21657662.01	5169519.71	35.6192
21657734.16	5169499.7	6.15889
21657806.31	5169479.69	472.121
21657878.45	5169459.68	518.906
21657950.6	5169439.67	525.804
21658022.75	5169419.66	27.4455
21658094.89	5169399.66	0.5
21658167.04	5169379.65	0.5
21658239.19	5169359.64	0.5
21658311.33	5169339.63	0.5
21658383.48	5169319.62	0.5
21658455.63	5169299.62	0.5
21658527.77	5169279.61	0.5
21658599.92	5169259.6	27.0729
21658672.07	5169239.59	26.7039
21658744.21	5169219.58	0.5
21658816.36	5169199.58	0.5
21658888.51	5169179.57	27.614
21658960.65	5169159.56	293.647
21659032.8	5169139.55	301.287
21659104.95	5169119.54	355.172
21653280.69	5170810.97	22.1575
21653352.84	5170790.96	17.9448
21653424.98	5170770.95	0.5
21653497.13	5170750.94	0.5
21653569.28	5170730.93	0.5
21653641.42	5170710.93	0.5
21653713.57	5170690.92	0.5
21653785.72	5170670.91	0.5
21653857.86	5170650.9	0.5
21653930.01	5170630.89	0.5
21654002.16	5170610.89	0.5
21654074.3	5170590.88	0.5
21654146.45	5170570.87	0.5
21654218.6	5170550.86	0.5
21654290.74	5170530.85	0.5
21654362.89	5170510.85	0.5
21654435.04	5170490.84	0.5
21654507.18	5170470.83	0.5
21654579.33	5170450.82	0.5
21654651.48	5170430.81	0.5
21654723.62	5170410.81	0.5
21654795.77	5170390.8	0.5
21654867.92	5170370.79	0.5
21654940.06	5170350.78	0.5
21655012.21	5170330.77	0.5
21655084.36	5170310.77	0.5
21655156.5	5170290.76	341.395
21655228.65	5170270.75	758.261
21655300.8	5170250.74	705.143
21655372.94	5170230.73	425.264
21655445.09	5170210.73	568.806
21655517.24	5170190.72	346.363
21655589.38	5170170.71	698.893
21655661.53	5170150.7	386.872
21655733.68	5170130.69	28.713
21655805.82	5170110.69	340.692
21655877.97	5170090.68	582.949
21655950.12	5170070.67	157.861
21656022.26	5170050.66	33.7407
21656094.41	5170030.65	35.2934
21656166.56	5170010.65	34.8508
21656238.7	5169990.64	0.5
21656310.85	5169970.63	0.5
21656383	5169950.62	0.5
21656455.14	5169930.61	24.2331
21656527.29	5169910.6	172.397
21656599.44	5169890.6	546.693
21656671.58	5169870.59	0.5
21656743.73	5169850.58	0.5
21656815.88	5169830.57	0.5
21656888.02	5169810.56	0.5
21656960.17	5169790.56	0.5
21657032.32	5169770.55	0.5
21657104.47	5169750.54	0.5
21657176.61	5169730.53	0.5
21657248.76	5169710.52	0.5
21657320.91	5169690.52	0.5
21657393.05	5169670.51	0.5
21657465.2	5169650.5	0.5
21657537.35	5169630.49	93.0528
21657609.49	5169610.48	403.672
21657681.64	5169590.48	119.285
21657753.79	5169570.47	311.568
21657825.93	5169550.46	841.579
21657898.08	5169530.45	506.098
21657970.23	5169510.44	274.128
21658042.37	5169490.44	0.5
21658114.52	5169470.43	0.5
21658186.67	5169450.42	0.5
21658258.81	5169430.41	0.5
21658330.96	5169410.4	0.5
21658403.11	5169390.4	0.5
21658475.25	5169370.39	0.5
21658547.4	5169350.38	0.5
21658619.55	5169330.37	24.6749
21658691.69	5169310.36	24.8197
21658763.84	5169290.36	23.0396
21658835.99	5169270.35	0.5
21658908.13	5169250.34	0.5
21658980.28	5169230.33	0.5
21659052.43	5169210.32	163.98
21653300.32	5170881.74	20.6591
21653372.46	5170861.73	19.4675
21653444.61	5170841.72	0.5
21653516.76	5170821.71	0.5
21653588.9	5170801.71	0.5
21653661.05	5170781.7	0.5
21653733.2	5170761.69	0.5
21653805.34	5170741.68	0.5
21653877.49	5170721.67	0.5
21653949.64	5170701.67	0.5
21654021.78	5170681.66	0.5
21654093.93	5170661.65	0.5
21654166.08	5170641.64	0.5
21654238.22	5170621.63	0.5
21654310.37	5170601.63	0.5
21654382.52	5170581.62	0.5
21654454.66	5170561.61	0.5
21654526.81	5170541.6	0.5
21654598.96	5170521.59	0.5
21654671.1	5170501.58	0.5
21654743.25	5170481.58	0.5
21654815.4	5170461.57	0.5
21654887.54	5170441.56	0.5
21654959.69	5170421.55	0.5
21655031.84	5170401.54	0.5
21655103.98	5170381.54	0.5
21655176.13	5170361.53	553.656
21655248.28	5170341.52	820.694
21655320.42	5170321.51	862.233
21655392.57	5170301.5	906.223
21655464.72	5170281.5	969.917
21655536.86	5170261.49	799.687
21655609.01	5170241.48	758.312
21655681.16	5170221.47	167.223
21655753.3	5170201.46	25.311
21655825.45	5170181.46	0.5
21655897.6	5170161.45	0.5
21655969.74	5170141.44	138.413
21656041.89	5170121.43	220.927
21656114.04	5170101.42	300.946
21656186.18	5170081.42	0.5
21656258.33	5170061.41	0.5
21656330.48	5170041.4	0.5
21656402.62	5170021.39	0.5
21656474.77	5170001.38	26.3414
21656546.92	5169981.38	264.528
21656619.06	5169961.37	439.389
21656691.21	5169941.36	0.5
21656763.36	5169921.35	0.5
21656835.5	5169901.34	0.5
21656907.65	5169881.34	0.5
21656979.8	5169861.33	0.5
21657051.94	5169841.32	0.5
21657124.09	5169821.31	0.5
21657196.24	5169801.3	0.5
21657268.38	5169781.3	0.5
21657340.53	5169761.29	0.5
21657412.68	5169741.28	0.5
21657484.83	5169721.27	0.5
21657556.97	5169701.26	267.392
21657629.12	5169681.25	798.857
21657701.27	5169661.25	642.257
21657773.41	5169641.24	708.327
21657845.56	5169621.23	829.553
21657917.71	5169601.22	644.474
21657989.85	5169581.21	302.974
21658062	5169561.21	0.5
21658134.15	5169541.2	0.5
21658206.29	5169521.19	0.5
21658278.44	5169501.18	0.5
21658350.59	5169481.17	0.5
21658422.73	5169461.17	0.5
21658494.88	5169441.16	0.5
21658567.03	5169421.15	0.5
21658639.17	5169401.14	0.5
21658711.32	5169381.13	0.5
21658783.47	5169361.13	0.5
21658855.61	5169341.12	0.5
21658927.76	5169321.11	0.5
21658999.91	5169301.1	0.5
21659072.05	5169281.09	239.254
21653247.8	5170972.52	18.3786
21653319.94	5170952.51	19.4722
21653392.09	5170932.5	24.9867
21653464.24	5170912.49	0.5
21653536.38	5170892.48	0.5
21653608.53	5170872.48	0.5
21653680.68	5170852.47	0.5
21653752.82	5170832.46	0.5
21653824.97	5170812.45	0.5
21653897.12	5170792.44	0.5
21653969.26	5170772.44	0.5
21654041.41	5170752.43	0.5
21654113.56	5170732.42	0.5
21654185.7	5170712.41	0.5
21654257.85	5170692.4	0.5
21654330	5170672.4	0.5
21654402.14	5170652.39	0.5
21654474.29	5170632.38	0.5
21654546.44	5170612.37	0.5
21654618.58	5170592.36	0.5
21654690.73	5170572.36	0.5
21654762.88	5170552.35	0.5
21654835.02	5170532.34	0.5
21654907.17	5170512.33	0.5
21654979.32	5170492.32	28.1936
21655051.46	5170472.32	32.8515
21655123.61	5170452.31	56.2461
21655195.76	5170432.3	529.195
21655267.9	5170412.29	903.758
21655340.05	5170392.28	646.067
21655412.2	5170372.28	425.688
21655484.34	5170352.27	597.491
21655556.49	5170332.26	794.814
21655628.64	5170312.25	943.898
21655700.78	5170292.24	160.624
21655772.93	5170272.23	0.5
21655845.08	5170252.23	0.5
21655917.22	5170232.22	0.5
21655989.37	5170212.21	0.5
21656061.52	5170192.2	250.652
21656133.66	5170172.19	561.171
21656205.81	5170152.19	444.561
21656277.96	5170132.18	0.5
21656350.1	5170112.17	0.5
21656422.25	5170092.16	0.5
21656494.4	5170072.15	0.5
21656566.54	5170052.15	0.5
21656638.69	5170032.14	647.963
21656710.84	5170012.13	0.5
21656782.98	5169992.12	0.5
21656855.13	5169972.11	0.5
21656927.28	5169952.11	0.5
21656999.42	5169932.1	0.5
21657071.57	5169912.09	0.5
21657143.72	5169892.08	0.5
21657215.86	5169872.07	0.5
21657288.01	5169852.07	0.5
21657360.16	5169832.06	0.5
21657432.3	5169812.05	0.5
21657504.45	5169792.04	0.5
21657576.6	5169772.03	588.683
21657648.74	5169752.03	394.302
21657720.89	5169732.02	375.199
21657793.04	5169712.01	493.977
21657865.18	5169692	506.567
21657937.33	5169671.99	587.079
21658009.48	5169651.99	599.819
21658081.63	5169631.98	0.5
21658153.77	5169611.97	0.5
21658225.92	5169591.96	0.5
21658298.07	5169571.95	0.5
21658370.21	5169551.94	0.5
21658442.36	5169531.94	0.5
21658514.51	5169511.93	0.5
21658586.65	5169491.92	0.5
21658658.8	5169471.91	0.5
21658730.95	5169451.9	0.5
21658803.09	5169431.9	0.5
21658875.24	5169411.89	0.5
21658947.39	5169391.88	0.5
21659019.53	5169371.87	0.5
21659091.68	5169351.86	0.5
21653267.42	5171043.29	26.0222
21653339.57	5171023.28	32.0786
21653411.72	5171003.27	37.3019
21653483.86	5170983.26	22.3499
21653556.01	5170963.26	0.5
21653628.16	5170943.25	0.5
21653700.3	5170923.24	0.5
21653772.45	5170903.23	21.8291
21653844.6	5170883.22	0.5
21653916.74	5170863.21	0.5
21653988.89	5170843.21	0.5
21654061.04	5170823.2	0.5
21654133.18	5170803.19	0.5
21654205.33	5170783.18	33.1389
21654277.48	5170763.17	34.0629
21654349.62	5170743.17	0.5
21654421.77	5170723.16	0.5
21654493.92	5170703.15	0.5
21654566.06	5170683.14	0.5
21654638.21	5170663.13	0.5
21654710.36	5170643.13	0.5
21654782.5	5170623.12	0.5
21654854.65	5170603.11	0.5
21654926.8	5170583.1	21.6426
21654998.94	5170563.09	36.7209
21655071.09	5170543.09	405.317
21655143.24	5170523.08	420.614
21655215.38	5170503.07	562.103
21655287.53	5170483.06	628.284
21655359.68	5170463.05	658.459
21655431.82	5170443.05	626.776
21655503.97	5170423.04	654.759
21655576.12	5170403.03	809.336
21655648.26	5170383.02	781.731
21655720.41	5170363.01	47.9706
21655792.56	5170343.01	31.5695
21655864.7	5170323	0.5
21655936.85	5170302.99	0.5
21656009	5170282.98	0.5
21656081.14	5170262.97	124.652
21656153.29	5170242.97	379.559
21656225.44	5170222.96	0.5
21656297.58	5170202.95	0.5
21656369.73	5170182.94	0.5
21656441.88	5170162.93	0.5
21656514.02	5170142.93	0.5
21656586.17	5170122.92	0.5
21656658.32	5170102.91	0.5
21656730.46	5170082.9	0.5
21656802.61	5170062.89	0.5
21656874.76	5170042.88	0.5
21656946.9	5170022.88	0.5
21657019.05	5170002.87	0.5
21657091.2	5169982.86	0.5
21657163.34	5169962.85	0.5
21657235.49	5169942.84	0.5
21657307.64	5169922.84	0.5
21657379.78	5169902.83	0.5
21657451.93	5169882.82	0.5
21657524.08	5169862.81	0.5
21657596.22	5169842.8	0.5
21657668.37	5169822.8	31.0316
21657740.52	5169802.79	29.0593
21657812.66	5169782.78	0.5
21657884.81	5169762.77	361.841
21657956.96	5169742.76	356.138
21658029.1	5169722.76	468.282
21658101.25	5169702.75	0.5
21658173.4	5169682.74	0.5
21658245.54	5169662.73	0.5
21658317.69	5169642.72	0.5
21658389.84	5169622.72	0.5
21658461.99	5169602.71	0.5
21658534.13	5169582.7	0.5
21658606.28	5169562.69	0.5
21658678.43	5169542.68	0.5
21658750.57	5169522.68	0.5
21658822.72	5169502.67	0.5
21658894.87	5169482.66	0.5
21658967.01	5169462.65	16.6805
21659039.16	5169442.64	17.4826
21659111.31	5169422.64	14.475
21653287.05	5171114.06	87.1667
21653359.2	5171094.05	61.3689
21653431.34	5171074.04	30.7179
21653503.49	5171054.03	0.5
21653575.64	5171034.03	0.5
21653647.78	5171014.02	0.5
21653719.93	5170994.01	0.5
21653792.08	5170974	0.5
21653864.22	5170953.99	0.5
21653936.37	5170933.99	0.5
21654008.52	5170913.98	0.5
21654080.66	5170893.97	0.5
21654152.81	5170873.96	0.5
21654224.96	5170853.95	0.5
21654297.1	5170833.95	0.5
21654369.25	5170813.94	0.5
21654441.4	5170793.93	0.5
21654513.54	5170773.92	0.5
21654585.69	5170753.91	0.5
21654657.84	5170733.91	0.5
21654729.98	5170713.9	0.5
21654802.13	5170693.89	0.5
21654874.28	5170673.88	0.5
21654946.42	5170653.87	0.5
21655018.57	5170633.86	98.3833
21655090.72	5170613.86	668.864
21655162.86	5170593.85	718.988
21655235.01	5170573.84	0.5
21655307.16	5170553.83	0.5
21655379.3	5170533.82	131.748
21655451.45	5170513.82	690.871
21655523.6	5170493.81	701.807
21655595.74	5170473.8	778.581
21655667.89	5170453.79	830.938
21655740.04	5170433.78	469.786
21655812.18	5170413.78	35.5482
21655884.33	5170393.77	0.5
21655956.48	5170373.76	0.5
21656028.62	5170353.75	0.5
21656100.77	5170333.74	260.784
21656172.92	5170313.74	485.051
21656245.06	5170293.73	0.5
21656317.21	5170273.72	0.5
21656389.36	5170253.71	0.5
21656461.5	5170233.7	0.5
21656533.65	5170213.7	0.5
21656605.8	5170193.69	0.5
21656677.94	5170173.68	0.5
21656750.09	5170153.67	0.5
21656822.24	5170133.66	0.5
21656894.38	5170113.66	0.5
21656966.53	5170093.65	0.5
21657038.68	5170073.64	0.5
21657110.82	5170053.63	0.5
21657182.97	5170033.62	0.5
21657255.12	5170013.62	0.5
21657327.26	5169993.61	0.5
21657399.41	5169973.6	0.5
21657471.56	5169953.59	0.5
21657543.7	5169933.58	0.5
21657615.85	5169913.57	0.5
21657688	5169893.57	0.5
21657760.14	5169873.56	0.5
21657832.29	5169853.55	0.5
21657904.44	5169833.54	81.1822
21657976.58	5169813.53	598.847
21658048.73	5169793.53	678.631
21658120.88	5169773.52	9.07889
21658193.02	5169753.51	0.5
21658265.17	5169733.5	0.5
21658337.32	5169713.49	565.441
21658409.46	5169693.49	149.054
21658481.61	5169673.48	0.5
21658553.76	5169653.47	0.5
21658625.91	5169633.46	0.5
21658698.05	5169613.45	0.5
21658770.2	5169593.45	0.5
21658842.35	5169573.44	0.5
21658914.49	5169553.43	0.5
21658986.64	5169533.42	0.5
21659058.79	5169513.41	0.5
21653306.68	5171184.83	17.123
21653378.82	5171164.82	25.633
21653450.97	5171144.81	0.5
21653523.12	5171124.8	33.6363
21653595.26	5171104.8	32.8899
21653667.41	5171084.79	0.5
21653739.56	5171064.78	0.5
21653811.7	5171044.77	0.5
21653883.85	5171024.76	0.5
21653956	5171004.76	0.5
21654028.14	5170984.75	0.5
21654100.29	5170964.74	0.5
21654172.44	5170944.73	0.5
21654244.58	5170924.72	0.5
21654316.73	5170904.72	0.5
21654388.88	5170884.71	0.5
21654461.02	5170864.7	0.5
21654533.17	5170844.69	0.5
21654605.32	5170824.68	0.5
21654677.46	5170804.68	0.5
21654749.61	5170784.67	0.5
21654821.76	5170764.66	0.5
21654893.9	5170744.65	0.5
21654966.05	5170724.64	0.5
21655038.2	5170704.64	0.5
21655110.34	5170684.63	294.092
21655182.49	5170664.62	189.718
21655254.64	5170644.61	0.5
21655326.78	5170624.6	0.5
21655398.93	5170604.6	28.9629
21655471.08	5170584.59	650.321
21655543.22	5170564.58	451.698
21655615.37	5170544.57	371.542
21655687.52	5170524.56	483.525
21655759.66	5170504.56	733.214
21655831.81	5170484.55	572.13
21655903.96	5170464.54	0.5
21655976.1	5170444.53	0.5
21656048.25	5170424.52	0.5
21656120.4	5170404.51	139.676
21656192.54	5170384.51	0.5
21656264.69	5170364.5	0.5
21656336.84	5170344.49	0.5
21656408.98	5170324.48	518.347
21656481.13	5170304.47	0.5
21656553.28	5170284.47	0.5
21656625.42	5170264.46	0.5
21656697.57	5170244.45	0.5
21656769.72	5170224.44	0.5
21656841.86	5170204.43	0.5
21656914.01	5170184.43	0.5
21656986.16	5170164.42	0.5
21657058.3	5170144.41	0.5
21657130.45	5170124.4	0.5
21657202.6	5170104.39	0.5
21657274.74	5170084.39	0.5
21657346.89	5170064.38	0.5
21657419.04	5170044.37	0.5
21657491.18	5170024.36	0.5
21657563.33	5170004.35	0.5
21657635.48	5169984.35	0.5
21657707.62	5169964.34	0.5
21657779.77	5169944.33	0.5
21657851.92	5169924.32	0.5
21657924.06	5169904.31	446.422
21657996.21	5169884.31	939.278
21658068.36	5169864.3	842.094
21658140.5	5169844.29	274.091
21658212.65	5169824.28	0.5
21658284.8	5169804.27	0.5
21658356.94	5169784.27	0.5
21658429.09	5169764.26	31.8177
21658501.24	5169744.25	25.5431
21658573.38	5169724.24	23.0185
21658645.53	5169704.23	0.5
21658717.68	5169684.22	0.5
21658789.82	5169664.22	0.5
21658861.97	5169644.21	19.2865
21658934.12	5169624.2	16.175
21659006.26	5169604.19	0.5
21659078.41	5169584.18	0.5
21653254.15	5171275.61	19.8652
21653326.3	5171255.6	19.9488
21653398.45	5171235.59	0.5
21653470.6	5171215.58	35.6519
21653542.74	5171195.58	453.837
21653614.89	5171175.57	127.017
21653687.04	5171155.56	33.9996
21653759.18	5171135.55	24.8376
21653831.33	5171115.54	0.5
21653903.48	5171095.54	0.5
21653975.62	5171075.53	0.5
21654047.77	5171055.52	34.0344
21654119.92	5171035.51	29.7931
21654192.06	5171015.5	0.5
21654264.21	5170995.49	24.5218
21654336.36	5170975.49	0.5
21654408.5	5170955.48	0.5
21654480.65	5170935.47	0.5
21654552.8	5170915.46	0.5
21654624.94	5170895.45	0.5
21654697.09	5170875.45	0.5
21654769.24	5170855.44	0.5
21654841.38	5170835.43	0.5
21654913.53	5170815.42	0.5
21654985.68	5170795.41	593.256
21655057.82	5170775.41	333.464
21655129.97	5170755.4	68.1133
21655202.12	5170735.39	0.5
21655274.26	5170715.38	0.5
21655346.41	5170695.37	0.5
21655418.56	5170675.37	114.822
21655490.7	5170655.36	230.905
21655562.85	5170635.35	856.798
21655635	5170615.34	371.408
21655707.14	5170595.33	350.848
21655779.29	5170575.33	353.982
21655851.44	5170555.32	937.786
21655923.58	5170535.31	847.167
21655995.73	5170515.3	33.9186
21656067.88	5170495.29	182.636
21656140.02	5170475.29	341.136
21656212.17	5170455.28	0.5
21656284.32	5170435.27	0.5
21656356.46	5170415.26	0.5
21656428.61	5170395.25	431.612
21656500.76	5170375.25	366.678
21656572.9	5170355.24	0.5
21656645.05	5170335.23	0.5
21656717.2	5170315.22	0.5
21656789.34	5170295.21	0.5
21656861.49	5170275.21	0.5
21656933.64	5170255.2	0.5
21657005.78	5170235.19	0.5
21657077.93	5170215.18	0.5
21657150.08	5170195.17	0.5
21657222.22	5170175.16	0.5
21657294.37	5170155.16	0.5
21657366.52	5170135.15	0.5
21657438.66	5170115.14	0.5
21657510.81	5170095.13	0.5
21657582.96	5170075.12	0.5
21657655.1	5170055.12	0.5
21657727.25	5170035.11	0.5
21657799.4	5170015.1	0.5
21657871.54	5169995.09	0.5
21657943.69	5169975.08	12.9822
21658015.84	5169955.08	911.321
21658087.98	5169935.07	915.603
21658160.13	5169915.06	482.949
21658232.28	5169895.05	29.7444
21658304.42	5169875.04	0.5
21658376.57	5169855.04	30.4795
21658448.72	5169835.03	35.7045
21658520.86	5169815.02	34.4004
21658593.01	5169795.01	31.3209
21658665.16	5169775	31.4296
21658737.3	5169755	35.7472
21658809.45	5169734.99	32.531
21658881.6	5169714.98	28.7888
21658953.74	5169694.97	21.3877
21659025.89	5169674.96	11.75
21659098.04	5169654.96	0.5
21653273.78	5171346.38	15.901
21653345.93	5171326.37	17.4347
21653418.07	5171306.36	16.7119
21653490.22	5171286.35	27.1266
21653562.37	5171266.35	472.866
21653634.51	5171246.34	532.708
21653706.66	5171226.33	420.555
21653778.81	5171206.32	131.68
21653850.96	5171186.31	0.5
21653923.1	5171166.31	0.5
21653995.25	5171146.3	0.5
21654067.4	5171126.29	36.0085
21654139.54	5171106.28	31.175
21654211.69	5171086.27	20.8943
21654283.84	5171066.27	20.0612
21654355.98	5171046.26	0.5
21654428.13	5171026.25	0.5
21654500.28	5171006.24	0.5
21654572.42	5170986.23	0.5
21654644.57	5170966.23	0.5
21654716.72	5170946.22	20.7073
21654788.86	5170926.21	23.5061
21654861.01	5170906.2	48.7011
21654933.16	5170886.19	510.898
21655005.3	5170866.18	538.191
21655077.45	5170846.18	234.117
21655149.6	5170826.17	158.281
21655221.74	5170806.16	0.5
21655293.89	5170786.15	0.5
21655366.04	5170766.14	0.5
21655438.18	5170746.14	0.5
21655510.33	5170726.13	31.2251
21655582.48	5170706.12	173.371
21655654.62	5170686.11	646.958
21655726.77	5170666.1	694.995
21655798.92	5170646.1	737.239
21655871.06	5170626.09	810.723
21655943.21	5170606.08	895.056
21656015.36	5170586.07	185.262
21656087.5	5170566.06	13.5561
21656159.65	5170546.06	259.898
21656231.8	5170526.05	0.5
21656303.94	5170506.04	0.5
21656376.09	5170486.03	0.5
21656448.24	5170466.02	0.5
21656520.38	5170446.02	0.5
21656592.53	5170426.01	0.5
21656664.68	5170406	0.5
21656736.82	5170385.99	0.5
21656808.97	5170365.98	0.5
21656881.12	5170345.98	0.5
21656953.26	5170325.97	0.5
21657025.41	5170305.96	0.5
21657097.56	5170285.95	30.0337
21657169.7	5170265.94	0.5
21657241.85	5170245.94	0.5
21657314	5170225.93	0.5
21657386.14	5170205.92	0.5
21657458.29	5170185.91	0.5
21657530.44	5170165.9	0.5
21657602.58	5170145.9	0.5
21657674.73	5170125.89	0.5
21657746.88	5170105.88	0.5
21657819.02	5170085.87	0.5
21657891.17	5170065.86	0.5
21657963.32	5170045.85	35.7677
21658035.46	5170025.85	26.2606
21658107.61	5170005.84	821.859
21658179.76	5169985.83	590.723
21658251.9	5169965.82	10.8611
21658324.05	5169945.81	279.529
21658396.2	5169925.81	63.8711
21658468.34	5169905.8	190.407
21658540.49	5169885.79	524.431
21658612.64	5169865.78	616.293
21658684.78	5169845.77	507.176
21658756.93	5169825.77	249.282
21658829.08	5169805.76	264.616
21658901.22	5169785.75	119.072
21658973.37	5169765.74	202.361
21659045.52	5169745.73	0.5
21653293.41	5171417.15	13.385
21653365.55	5171397.14	13.7073
21653437.7	5171377.13	15.386
21653509.85	5171357.12	22.3882
21653581.99	5171337.12	26.6198
21653654.14	5171317.11	277.594
21653726.29	5171297.1	880.783
21653798.43	5171277.09	956.837
21653870.58	5171257.08	698.045
21653942.73	5171237.08	0.5
21654014.87	5171217.07	0.5
21654087.02	5171197.06	0.5
21654159.17	5171177.05	0.5
21654231.32	5171157.04	23.5893
21654303.46	5171137.04	0.5
21654375.61	5171117.03	0.5
21654447.76	5171097.02	0.5
21654519.9	5171077.01	0.5
21654592.05	5171057	26.7278
21654664.2	5171037	35.2676
21654736.34	5171016.99	37.7253
21654808.49	5170996.98	355.582
21654880.64	5170976.97	262.501
21654952.78	5170956.96	0.5
21655024.93	5170936.96	0.5
21655097.08	5170916.95	0.5
21655169.22	5170896.94	0.5
21655241.37	5170876.93	0.5
21655313.52	5170856.92	0.5
21655385.66	5170836.92	0.5
21655457.81	5170816.91	0.5
21655529.96	5170796.9	0.5
21655602.1	5170776.89	0.5
21655674.25	5170756.88	0.5
21655746.4	5170736.88	0.5
21655818.54	5170716.87	753.216
21655890.69	5170696.86	869.309
21655962.84	5170676.85	895.736
21656034.98	5170656.84	630.622
21656107.13	5170636.83	34.8429
21656179.28	5170616.83	242.52
21656251.42	5170596.82	31.5588
21656323.57	5170576.81	22.6606
21656395.72	5170556.8	129.828
21656467.86	5170536.79	742.957
21656540.01	5170516.79	510.985
21656612.16	5170496.78	545.458
21656684.3	5170476.77	304.752
21656756.45	5170456.76	0.5
21656828.6	5170436.75	0.5
21656900.74	5170416.75	0.5
21656972.89	5170396.74	0.5
21657045.04	5170376.73	28.1363
21657117.18	5170356.72	30.9351
21657189.33	5170336.71	0.5
21657261.48	5170316.71	15.0064
21657333.62	5170296.7	0.5
21657405.77	5170276.69	0.5
21657477.92	5170256.68	0.5
21657550.06	5170236.67	0.5
21657622.21	5170216.67	0.5
21657694.36	5170196.66	0.5
21657766.5	5170176.65	0.5
21657838.65	5170156.64	0.5
21657910.8	5170136.63	0.5
21657982.94	5170116.63	31.339
21658055.09	5170096.62	37.4025
21658127.24	5170076.61	283.099
21658199.38	5170056.6	756.494
21658271.53	5170036.59	674.577
21658343.68	5170016.59	686.514
21658415.82	5169996.58	634.512
21658487.97	5169976.57	544.117
21658560.12	5169956.56	644.302
21658632.26	5169936.55	730.239
21658704.41	5169916.55	735.693
21658776.56	5169896.54	615.418
21658848.7	5169876.53	386.986
21658920.85	5169856.52	367.578
21658993	5169836.51	248.173
21659065.14	5169816.5	140.941
21653313.03	5171487.92	15.1644
21653385.18	5171467.91	14.4302
21653457.33	5171447.9	20.334
21653529.47	5171427.9	37.8579
21653601.62	5171407.89	365.223
21653673.77	5171387.88	769.961
21653745.91	5171367.87	765.052
21653818.06	5171347.86	778.909
21653890.21	5171327.86	671.809
21653962.35	5171307.85	0.5
21654034.5	5171287.84	0.5
21654106.65	5171267.83	0.5
21654178.79	5171247.82	0.5
21654250.94	5171227.82	0.5
21654323.09	5171207.81	0.5
21654395.23	5171187.8	0.5
21654467.38	5171167.79	0.5
21654539.53	5171147.78	391.924
21654611.67	5171127.77	475.079
21654683.82	5171107.77	404.92
21654755.97	5171087.76	618.249
21654828.12	5171067.75	505.463
21654900.26	5171047.74	538.222
21654972.41	5171027.73	0.5
21655044.56	5171007.73	0.5
21655116.7	5170987.72	0.5
21655188.85	5170967.71	0.5
21655261	5170947.7	0.5
21655333.14	5170927.69	0.5
21655405.29	5170907.69	0.5
21655477.44	5170887.68	0.5
21655549.58	5170867.67	0.5
21655621.73	5170847.66	0.5
21655693.88	5170827.65	0.5
21655766.02	5170807.65	0.5
21655838.17	5170787.64	492.981
21655910.32	5170767.63	751.458
21655982.46	5170747.62	880.737
21656054.61	5170727.61	881.543
21656126.76	5170707.61	600.537
21656198.9	5170687.6	694.596
21656271.05	5170667.59	555.144
21656343.2	5170647.58	257.073
21656415.34	5170627.57	443.306
21656487.49	5170607.57	412.332
21656559.64	5170587.56	869.528
21656631.78	5170567.55	794.194
21656703.93	5170547.54	312.368
21656776.08	5170527.53	0.5
21656848.22	5170507.53	0.5
21656920.37	5170487.52	0.5
21656992.52	5170467.51	0.5
21657064.66	5170447.5	0.5
21657136.81	5170427.49	0.5
21657208.96	5170407.48	32.7766
21657281.1	5170387.48	32.2055
21657353.25	5170367.47	34.4081
21657425.4	5170347.46	25.7475
21657497.54	5170327.45	0.5
21657569.69	5170307.44	0.5
21657641.84	5170287.44	0.5
21657713.98	5170267.43	0.5
21657786.13	5170247.42	0.5
21657858.28	5170227.41	0.5
21657930.42	5170207.4	35.3507
21658002.57	5170187.4	350.548
21658074.72	5170167.39	718.577
21658146.86	5170147.38	818.977
21658219.01	5170127.37	853.139
21658291.16	5170107.36	823.406
21658363.3	5170087.36	763.611
21658435.45	5170067.35	906.441
21658507.6	5170047.34	545.105
21658579.74	5170027.33	575.723
21658651.89	5170007.32	459.102
21658724.04	5169987.32	533.327
21658796.18	5169967.31	386.701
21658868.33	5169947.3	33.0569
21658940.48	5169927.29	0.5
21659012.62	5169907.28	0.5
21659084.77	5169887.28	376.639
21653260.51	5171578.7	13.4996
21653332.66	5171558.69	13.3047
21653404.81	5171538.68	0.5
21653476.95	5171518.67	0.5
21653549.1	5171498.67	27.5477
21653621.25	5171478.66	32.7997
21653693.39	5171458.65	118.641
21653765.54	5171438.64	304.831
21653837.69	5171418.63	30.9536
21653909.83	5171398.63	188.678
21653981.98	5171378.62	0.5
21654054.13	5171358.61	0.5
21654126.27	5171338.6	0.5
21654198.42	5171318.59	0.5
21654270.57	5171298.59	27.7845
21654342.71	5171278.58	25.6082
21654414.86	5171258.57	0.5
21654487.01	5171238.56	209.01
21654559.15	5171218.55	111.759
21654631.3	5171198.55	35.66
21654703.45	5171178.54	12.2318
21654775.59	5171158.53	0.5
21654847.74	5171138.52	0.5
21654919.89	5171118.51	0.5
21654992.04	5171098.51	0.5
21655064.18	5171078.5	0.5
21655136.33	5171058.49	0.5
21655208.48	5171038.48	0.5
21655280.62	5171018.47	0.5
21655352.77	5170998.47	0.5
21655424.92	5170978.46	23.4024
21655497.06	5170958.45	26.3428
21655569.21	5170938.44	0.5
21655641.36	5170918.43	0.5
21655713.5	5170898.42	0.5
21655785.65	5170878.42	0.5
21655857.8	5170858.41	0.5
21655929.94	5170838.4	531.607
21656002.09	5170818.39	325.457
21656074.24	5170798.38	618.866
21656146.38	5170778.38	812.073
21656218.53	5170758.37	717.224
21656290.68	5170738.36	692.238
21656362.82	5170718.35	638.547
21656434.97	5170698.34	538.764
21656507.12	5170678.34	658.156
21656579.26	5170658.33	727.936
21656651.41	5170638.32	624.947
21656723.56	5170618.31	0.5
21656795.7	5170598.3	0.5
21656867.85	5170578.3	0.5
21656940	5170558.29	0.5
21657012.14	5170538.28	0.5
21657084.29	5170518.27	0.5
21657156.44	5170498.26	0.5
21657228.58	5170478.26	32.4606
21657300.73	5170458.25	35.6278
21657372.88	5170438.24	36.6467
21657445.02	5170418.23	0.5
21657517.17	5170398.22	0.5
21657589.32	5170378.22	0.5
21657661.46	5170358.21	0.5
21657733.61	5170338.2	0.5
21657805.76	5170318.19	0.5
21657877.9	5170298.18	20.0805
21657950.05	5170278.18	328.172
21658022.2	5170258.17	681.221
21658094.34	5170238.16	958.02
21658166.49	5170218.15	844.272
21658238.64	5170198.14	853.452
21658310.78	5170178.13	869.549
21658382.93	5170158.13	761.752
21658455.08	5170138.12	832.302
21658527.22	5170118.11	501.056
21658599.37	5170098.1	200.961
21658671.52	5170078.09	33.9959
21658743.66	5170058.09	364.858
21658815.81	5170038.08	429.689
21658887.96	5170018.07	279.338
21658960.1	5169998.06	485.577
21659032.25	5169978.05	486.661
21659104.4	5169958.05	570.475
21653280.14	5171649.47	0.5
21653352.29	5171629.46	0.5
21653424.43	5171609.45	0.5
21653496.58	5171589.45	0.5
21653568.73	5171569.44	0.5
21653640.87	5171549.43	0.5
21653713.02	5171529.42	0.5
21653785.17	5171509.41	0.5
21653857.31	5171489.4	0.5
21653929.46	5171469.4	142.581
21654001.61	5171449.39	614.323
21654073.75	5171429.38	564.398
21654145.9	5171409.37	464.09
21654218.05	5171389.36	0.5
21654290.19	5171369.36	25.8846
21654362.34	5171349.35	340.176
21654434.49	5171329.34	149.171
21654506.63	5171309.33	42.6756
21654578.78	5171289.32	0.5
21654650.93	5171269.32	0.5
21654723.07	5171249.31	0.5
21654795.22	5171229.3	0.5
21654867.37	5171209.29	0.5
21654939.51	5171189.28	0.5
21655011.66	5171169.28	0.5
21655083.81	5171149.27	0.5
21655155.95	5171129.26	0.5
21655228.1	5171109.25	28.7931
21655300.25	5171089.24	26.6272
21655372.39	5171069.24	0.5
21655444.54	5171049.23	23.7603
21655516.69	5171029.22	0.5
21655588.84	5171009.21	0.5
21655660.98	5170989.2	0.5
21655733.13	5170969.2	0.5
21655805.28	5170949.19	0.5
21655877.42	5170929.18	0.5
21655949.57	5170909.17	29.9012
21656021.72	5170889.16	37.1541
21656093.86	5170869.16	93.3078
21656166.01	5170849.15	511.868
21656238.16	5170829.14	174.781
21656310.3	5170809.13	0.5
21656382.45	5170789.12	787.637
21656454.6	5170769.11	491.453
21656526.74	5170749.11	824.76
21656598.89	5170729.1	246.87
21656671.04	5170709.09	0.5
21656743.18	5170689.08	0.5
21656815.33	5170669.07	0.5
21656887.48	5170649.07	0.5
21656959.62	5170629.06	0.5
21657031.77	5170609.05	0.5
21657103.92	5170589.04	0.5
21657176.06	5170569.03	0.5
21657248.21	5170549.03	0.5
21657320.36	5170529.02	0.5
21657392.5	5170509.01	0.5
21657464.65	5170489	0.5
21657536.8	5170468.99	0.5
21657608.94	5170448.99	0.5
21657681.09	5170428.98	0.5
21657753.24	5170408.97	0.5
21657825.38	5170388.96	0.5
21657897.53	5170368.95	28.4007
21657969.68	5170348.95	406.64
21658041.82	5170328.94	773.299
21658113.97	5170308.93	847.062
21658186.12	5170288.92	819.062
21658258.26	5170268.91	582.97
21658330.41	5170248.91	528.568
21658402.56	5170228.9	721.391
21658474.7	5170208.89	683.564
21658546.85	5170188.88	211.657
21658619	5170168.87	31.4352
21658691.14	5170148.87	37.8284
21658763.29	5170128.86	29.2903
21658835.44	5170108.85	153.404
21658907.58	5170088.84	315.089
21658979.73	5170068.83	332.329
21659051.88	5170048.83	627.307
21653299.77	5171720.24	0.5
21653371.91	5171700.23	0.5
21653444.06	5171680.22	0.5
21653516.21	5171660.22	0.5
21653588.35	5171640.21	0.5
21653660.5	5171620.2	0.5
21653732.65	5171600.19	0.5
21653804.79	5171580.18	0.5
21653876.94	5171560.18	0.5
21653949.09	5171540.17	0.5
21654021.23	5171520.16	274.589
21654093.38	5171500.15	903.664
21654165.53	5171480.14	759.319
21654237.67	5171460.14	0.5
21654309.82	5171440.13	432.1
21654381.97	5171420.12	468.658
21654454.11	5171400.11	182.744
21654526.26	5171380.1	31.1459
21654598.41	5171360.09	0.5
21654670.55	5171340.09	0.5
21654742.7	5171320.08	0.5
21654814.85	5171300.07	27.0233
21654886.99	5171280.06	29.3386
21654959.14	5171260.05	0.5
21655031.29	5171240.05	0.5
21655103.43	5171220.04	0.5
21655175.58	5171200.03	0.5
21655247.73	5171180.02	0.5
21655319.87	5171160.01	0.5
21655392.02	5171140.01	0.5
21655464.17	5171120	0.5
21655536.31	5171099.99	0.5
21655608.46	5171079.98	0.5
21655680.61	5171059.97	0.5
21655752.76	5171039.97	0.5
21655824.9	5171019.96	0.5
21655897.05	5170999.95	0.5
21655969.2	5170979.94	28.8568
21656041.34	5170959.93	32.5452
21656113.49	5170939.93	53.4567
21656185.64	5170919.92	413.353
21656257.78	5170899.91	319.507
21656329.93	5170879.9	355.829
21656402.08	5170859.89	788.174
21656474.22	5170839.89	830.072
21656546.37	5170819.88	544.886
21656618.52	5170799.87	24.3531
21656690.66	5170779.86	0.5
21656762.81	5170759.85	0.5
21656834.96	5170739.85	0.5
21656907.1	5170719.84	0.5
21656979.25	5170699.83	0.5
21657051.4	5170679.82	0.5
21657123.54	5170659.81	0.5
21657195.69	5170639.81	0.5
21657267.84	5170619.8	0.5
21657339.98	5170599.79	0.5
21657412.13	5170579.78	0.5
21657484.28	5170559.77	0.5
21657556.42	5170539.76	0.5
21657628.57	5170519.76	0.5
21657700.72	5170499.75	0.5
21657772.86	5170479.74	0.5
21657845.01	5170459.73	0.5
21657917.16	5170439.72	33.0578
21657989.3	5170419.72	316.122
21658061.45	5170399.71	800.457
21658133.6	5170379.7	635.918
21658205.74	5170359.69	636.577
21658277.89	5170339.68	614.312
21658350.04	5170319.68	441.719
21658422.18	5170299.67	246.833
21658494.33	5170279.66	449.308
21658566.48	5170259.65	0.5
21658638.62	5170239.64	0.5
21658710.77	5170219.64	0.5
21658782.92	5170199.63	19.3437
21658855.06	5170179.62	30.5506
21658927.21	5170159.61	37.362
21658999.36	5170139.6	2.91722
21659071.5	5170119.6	196.383
21653247.25	5171811.02	0.5
21653319.39	5171791.01	0.5
21653391.54	5171771	0.5
21653463.69	5171750.99	0.5
21653535.83	5171730.99	0.5
21653607.98	5171710.98	0.5
21653680.13	5171690.97	0.5
21653752.27	5171670.96	0.5
21653824.42	5171650.95	0.5
21653896.57	5171630.95	17.9111
21653968.71	5171610.94	31.2438
21654040.86	5171590.93	36.5018
21654113.01	5171570.92	330.377
21654185.15	5171550.91	806.096
21654257.3	5171530.91	0.5
21654329.45	5171510.9	663.827
21654401.59	5171490.89	36.5276
21654473.74	5171470.88	29.4058
21654545.89	5171450.87	0.5
21654618.03	5171430.87	0.5
21654690.18	5171410.86	0.5
21654762.33	5171390.85	0.5
21654834.47	5171370.84	0.5
21654906.62	5171350.83	0.5
21654978.77	5171330.83	0.5
21655050.91	5171310.82	0.5
21655123.06	5171290.81	0.5
21655195.21	5171270.8	0.5
21655267.35	5171250.79	0.5
21655339.5	5171230.79	0.5
21655411.65	5171210.78	0.5
21655483.79	5171190.77	0.5
21655555.94	5171170.76	0.5
21655628.09	5171150.75	0.5
21655700.23	5171130.74	0.5
21655772.38	5171110.74	31.0476
21655844.53	5171090.73	35.4474
21655916.67	5171070.72	33.4323
21655988.82	5171050.71	25.7202
21656060.97	5171030.7	26.8313
21656133.11	5171010.7	27.0581
21656205.26	5170990.69	31.5871
21656277.41	5170970.68	418.129
21656349.56	5170950.67	682.462
21656421.7	5170930.66	612.549
21656493.85	5170910.66	548.098
21656566	5170890.65	203.909
21656638.14	5170870.64	0.5
21656710.29	5170850.63	0.5
21656782.44	5170830.62	0.5
21656854.58	5170810.62	17.8864
21656926.73	5170790.61	0.5
21656998.88	5170770.6	0.5
21657071.02	5170750.59	0.5
21657143.17	5170730.58	0.5
21657215.32	5170710.58	0.5
21657287.46	5170690.57	0.5
21657359.61	5170670.56	0.5
21657431.76	5170650.55	0.5
21657503.9	5170630.54	0.5
21657576.05	5170610.54	0.5
21657648.2	5170590.53	0.5
21657720.34	5170570.52	0.5
21657792.49	5170550.51	0.5
21657864.64	5170530.5	28.8495
21657936.78	5170510.5	23.2917
21658008.93	5170490.49	202.839
21658081.08	5170470.48	530.209
21658153.22	5170450.47	481.917
21658225.37	5170430.46	371.186
21658297.52	5170410.46	755.521
21658369.66	5170390.45	469.663
21658441.81	5170370.44	18.9482
21658513.96	5170350.43	0.5
21658586.1	5170330.42	0.5
21658658.25	5170310.41	0.5
21658730.4	5170290.41	0.5
21658802.54	5170270.4	0.5
21658874.69	5170250.39	29.5781
21658946.84	5170230.38	36.0579
21659018.98	5170210.37	41.4144
21659091.13	5170190.37	221.366
21653266.87	5171881.79	0.5
21653339.02	5171861.78	0.5
21653411.17	5171841.77	0.5
21653483.31	5171821.77	0.5
21653555.46	5171801.76	0.5
21653627.61	5171781.75	0.5
21653699.75	5171761.74	0.5
21653771.9	5171741.73	0.5
21653844.05	5171721.73	0.5
21653916.19	5171701.72	20.5071
21653988.34	5171681.71	27.6861
21654060.49	5171661.7	28.6348
21654132.63	5171641.69	22.1161
21654204.78	5171621.68	689.128
21654276.93	5171601.68	749.549
21654349.07	5171581.67	574.455
21654421.22	5171561.66	27.2806
21654493.37	5171541.65	23.0815
21654565.51	5171521.64	0.5
21654637.66	5171501.64	0.5
21654709.81	5171481.63	0.5
21654781.95	5171461.62	0.5
21654854.1	5171441.61	0.5
21654926.25	5171421.6	0.5
21654998.39	5171401.6	0.5
21655070.54	5171381.59	0.5
21655142.69	5171361.58	0.5
21655214.83	5171341.57	0.5
21655286.98	5171321.56	0.5
21655359.13	5171301.56	0.5
21655431.27	5171281.55	0.5
21655503.42	5171261.54	0.5
21655575.57	5171241.53	0.5
21655647.71	5171221.52	0.5
21655719.86	5171201.52	14.5986
21655792.01	5171181.51	24.6123
21655864.15	5171161.5	30.1769
21655936.3	5171141.49	34.761
21656008.45	5171121.48	27.8163
21656080.59	5171101.48	24.7523
21656152.74	5171081.47	33.1125
21656224.89	5171061.46	32.2917
21656297.03	5171041.45	230.295
21656369.18	5171021.44	728.726
21656441.33	5171001.44	697.403
21656513.48	5170981.43	493.612
21656585.62	5170961.42	169.264
21656657.77	5170941.41	33.9256
21656729.91	5170921.4	20.5036
21656802.06	5170901.39	0.5
21656874.21	5170881.39	0.5
21656946.36	5170861.38	0.5
21657018.5	5170841.37	0.5
21657090.65	5170821.36	0.5
21657162.8	5170801.35	0.5
21657234.94	5170781.35	0.5
21657307.09	5170761.34	0.5
21657379.24	5170741.33	0.5
21657451.38	5170721.32	0.5
21657523.53	5170701.31	0.5
21657595.68	5170681.31	0.5
21657667.82	5170661.3	0.5
21657739.97	5170641.29	0.5
21657812.12	5170621.28	0.5
21657884.26	5170601.27	36.3383
21657956.41	5170581.27	325.802
21658028.56	5170561.26	901.426
21658100.7	5170541.25	766.078
21658172.85	5170521.24	526.856
21658245	5170501.23	409.241
21658317.14	5170481.23	0.5
21658389.29	5170461.22	0.5
21658461.44	5170441.21	0.5
21658533.58	5170421.2	0.5
21658605.73	5170401.19	0.5
21658677.88	5170381.19	0.5
21658750.02	5170361.18	0.5
21658822.17	5170341.17	22.2021
21658894.32	5170321.16	25.6478
21658966.46	5170301.15	34.7025
21659038.61	5170281.15	48.3661
21653286.5	5171952.56	0.5
21653358.65	5171932.55	0.5
21653430.79	5171912.54	0.5
21653502.94	5171892.54	0.5
21653575.09	5171872.53	0.5
21653647.23	5171852.52	0.5
21653719.38	5171832.51	0.5
21653791.53	5171812.5	0.5
21653863.67	5171792.5	0.5
21653935.82	5171772.49	22.0525
21654007.97	5171752.48	23.2853
21654080.11	5171732.47	25.8928
21654152.26	5171712.46	36.3312
21654224.41	5171692.46	884.744
21654296.55	5171672.45	423.707
21654368.7	5171652.44	300.433
21654440.85	5171632.43	24.612
21654512.99	5171612.42	16.4869
21654585.14	5171592.42	0.5
21654657.29	5171572.41	0.5
21654729.43	5171552.4	0.5
21654801.58	5171532.39	0.5
21654873.73	5171512.38	0.5
21654945.87	5171492.37	0.5
21655018.02	5171472.37	0.5
21655090.17	5171452.36	0.5
21655162.31	5171432.35	0.5
21655234.46	5171412.34	0.5
21655306.61	5171392.33	0.5
21655378.75	5171372.33	0.5
21655450.9	5171352.32	0.5
21655523.05	5171332.31	0.5
21655595.19	5171312.3	0.5
21655667.34	5171292.29	0.5
21655739.49	5171272.29	14.2672
21655811.63	5171252.28	16.8725
21655883.78	5171232.27	27.5085
21655955.93	5171212.26	32.6915
21656028.07	5171192.25	22.8016
21656100.22	5171172.25	22.6508
21656172.37	5171152.24	29.7779
21656244.51	5171132.23	31.5181
21656316.66	5171112.22	32.1747
21656388.81	5171092.21	215.377
21656460.95	5171072.21	324.262
21656533.1	5171052.2	291.293
21656605.25	5171032.19	102.311
21656677.39	5171012.18	36.5214
21656749.54	5170992.17	27.2965
21656821.69	5170972.17	0.5
21656893.84	5170952.16	0.5
21656965.98	5170932.15	0.5
21657038.13	5170912.14	0.5
21657110.27	5170892.13	0.5
21657182.42	5170872.13	0.5
21657254.57	5170852.12	0.5
21657326.72	5170832.11	0.5
21657398.86	5170812.1	0.5
21657471.01	5170792.09	0.5
21657543.16	5170772.09	0.5
21657615.3	5170752.08	0.5
21657687.45	5170732.07	0.5
21657759.6	5170712.06	0.5
21657831.74	5170692.05	0.5
21657903.89	5170672.04	0.5
21657976.04	5170652.04	371.233
21658048.18	5170632.03	700.234
21658120.33	5170612.02	474.337
21658192.48	5170592.01	118.101
21658264.62	5170572	123.258
21658336.77	5170552	0.5
21658408.92	5170531.99	0.5
21658481.06	5170511.98	0.5
21658553.21	5170491.97	0.5
21658625.36	5170471.96	0.5
21658697.5	5170451.96	0.5
21658769.65	5170431.95	17.4881
21658841.8	5170411.94	18.4338
21658913.94	5170391.93	23.5279
21658986.09	5170371.92	28.6553
21659058.24	5170351.92	34.2622
21653306.13	5172023.33	11.125
21653378.27	5172003.32	13
21653450.42	5171983.31	0.5
21653522.57	5171963.31	0.5
21653594.71	5171943.3	0.5
21653666.86	5171923.29	0.5
21653739.01	5171903.28	0.5
21653811.15	5171883.27	9.12271
21653883.3	5171863.27	9.98255
21653955.45	5171843.26	0.5
21654027.59	5171823.25	24.6868
21654099.74	5171803.24	25.7918
21654171.89	5171783.23	34.8242
21654244.03	5171763.23	335.061
21654316.18	5171743.22	33.3004
21654388.33	5171723.21	317.99
21654460.47	5171703.2	27.4191
21654532.62	5171683.19	26.1915
21654604.77	5171663.19	0.5
21654676.91	5171643.18	0.5
21654749.06	5171623.17	0.5
21654821.21	5171603.16	0.5
21654893.35	5171583.15	0.5
21654965.5	5171563.15	0.5
21655037.65	5171543.14	0.5
21655109.79	5171523.13	0.5
21655181.94	5171503.12	0.5
21655254.09	5171483.11	0.5
21655326.23	5171463.11	0.5
21655398.38	5171443.1	0.5
21655470.53	5171423.09	0.5
21655542.67	5171403.08	0.5
21655614.82	5171383.07	0.5
21655686.97	5171363.07	0.5
21655759.11	5171343.06	13.276
21655831.26	5171323.05	16.0662
21655903.41	5171303.04	24.353
21655975.55	5171283.03	0.5
21656047.7	5171263.02	20.42
21656119.85	5171243.02	18.5233
21656191.99	5171223.01	17.4647
21656264.14	5171203	0.5
21656336.29	5171182.99	21.7409
21656408.43	5171162.98	88.28
21656480.58	5171142.98	215.914
21656552.73	5171122.97	109.413
21656624.87	5171102.96	37.4922
21656697.02	5171082.95	35.1893
21656769.17	5171062.94	19.4093
21656841.31	5171042.94	20.2853
21656913.46	5171022.93	0.5
21656985.61	5171002.92	0.5
21657057.75	5170982.91	0.5
21657129.9	5170962.9	0.5
21657202.05	5170942.9	0.5
21657274.19	5170922.89	0.5
21657346.34	5170902.88	0.5
21657418.49	5170882.87	0.5
21657490.64	5170862.86	0.5
21657562.78	5170842.86	0.5
21657634.93	5170822.85	0.5
21657707.08	5170802.84	0.5
21657779.22	5170782.83	0.5
21657851.37	5170762.82	0.5
21657923.52	5170742.82	189.569
21657995.66	5170722.81	733.881
21658067.81	5170702.8	663.917
21658139.96	5170682.79	334.082
21658212.1	5170662.78	74.6772
21658284.25	5170642.78	35.9003
21658356.4	5170622.77	0.5
21658428.54	5170602.76	0.5
21658500.69	5170582.75	0.5
21658572.84	5170562.74	0.5
21658644.98	5170542.74	0.5
21658717.13	5170522.73	0.5
21658789.28	5170502.72	0.5
21658861.42	5170482.71	17.8661
21658933.57	5170462.7	18.398
21659005.72	5170442.69	21.5763
21659077.86	5170422.69	28.2393
21653253.61	5172114.11	10.4161
21653325.75	5172094.1	10.9723
21653397.9	5172074.09	12.1706
21653470.05	5172054.09	0.5
21653542.19	5172034.08	0.5
21653614.34	5172014.07	0.5
21653686.49	5171994.06	0.5
21653758.63	5171974.05	8.83336
21653830.78	5171954.05	9.94299
21653902.93	5171934.04	11.2573
21653975.07	5171914.03	13.1347
21654047.22	5171894.02	23.5558
21654119.37	5171874.01	22.5579
21654191.51	5171854	23.4731
21654263.66	5171834	16.9878
21654335.81	5171813.99	91.4267
21654407.95	5171793.98	81.2528
21654480.1	5171773.97	26.0603
21654552.25	5171753.96	26.8355
21654624.39	5171733.96	27.0127
21654696.54	5171713.95	0.5
21654768.69	5171693.94	0.5
21654840.83	5171673.93	0.5
21654912.98	5171653.92	0.5
21654985.13	5171633.92	0.5
21655057.27	5171613.91	0.5
21655129.42	5171593.9	0.5
21655201.57	5171573.89	0.5
21655273.71	5171553.88	0.5
21655345.86	5171533.88	0.5
21655418.01	5171513.87	0.5
21655490.15	5171493.86	0.5
21655562.3	5171473.85	0.5
21655634.45	5171453.84	0.5
21655706.59	5171433.84	0.5
21655778.74	5171413.83	0.5
21655850.89	5171393.82	0.5
21655923.03	5171373.81	0.5
21655995.18	5171353.8	0.5
21656067.33	5171333.8	0.5
21656139.47	5171313.79	0.5
21656211.62	5171293.78	0.5
21656283.77	5171273.77	0.5
21656355.91	5171253.76	0.5
21656428.06	5171233.76	0.5
21656500.21	5171213.75	0.5
21656572.35	5171193.74	30.0673
21656644.5	5171173.73	30.5457
21656716.65	5171153.72	24.6093
21656788.79	5171133.72	25.1506
21656860.94	5171113.71	0.5
21656933.09	5171093.7	0.5
21657005.23	5171073.69	0.5
21657077.38	5171053.68	0.5
21657149.53	5171033.67	0.5
21657221.67	5171013.67	0.5
21657293.82	5170993.66	0.5
21657365.97	5170973.65	0.5
21657438.11	5170953.64	0.5
21657510.26	5170933.63	0.5
21657582.41	5170913.63	0.5
21657654.55	5170893.62	0.5
21657726.7	5170873.61	0.5
21657798.85	5170853.6	0.5
21657870.99	5170833.59	0.5
21657943.14	5170813.59	291.428
21658015.29	5170793.58	493.623
21658087.44	5170773.57	505.446
21658159.58	5170753.56	651.453
21658231.73	5170733.55	499.381
21658303.88	5170713.55	30.1312
21658376.02	5170693.54	0.5
21658448.17	5170673.53	0.5
21658520.32	5170653.52	0.5
21658592.46	5170633.51	0.5
21658664.61	5170613.51	0.5
21658736.76	5170593.5	11.3669
21658808.9	5170573.49	12.2991
21658881.05	5170553.48	14.189
21658953.2	5170533.47	15.9487
21659025.34	5170513.47	21.3062
21659097.49	5170493.46	24.8578
21653273.23	5172184.88	8.83335
21653345.38	5172164.87	10.6722
21653417.53	5172144.86	13
21653489.67	5172124.86	12.068
21653561.82	5172104.85	0.5
21653633.97	5172084.84	0.5
21653706.11	5172064.83	0.5
21653778.26	5172044.82	0.5
21653850.41	5172024.82	11.9778
21653922.55	5172004.81	11.6743
21653994.7	5171984.8	0.5
21654066.85	5171964.79	0.5
21654138.99	5171944.78	20.4739
21654211.14	5171924.78	26.4158
21654283.29	5171904.77	173.511
21654355.43	5171884.76	34.6726
21654427.58	5171864.75	33.0754
21654499.73	5171844.74	19.3808
21654571.87	5171824.74	22.8011
21654644.02	5171804.73	23.5071
21654716.17	5171784.72	33.7197
21654788.31	5171764.71	0.5
21654860.46	5171744.7	0.5
21654932.61	5171724.7	0.5
21655004.75	5171704.69	0.5
21655076.9	5171684.68	0.5
21655149.05	5171664.67	0.5
21655221.19	5171644.66	0.5
21655293.34	5171624.65	0.5
21655365.49	5171604.65	0.5
21655437.63	5171584.64	0.5
21655509.78	5171564.63	0.5
21655581.93	5171544.62	0.5
21655654.07	5171524.61	0.5
21655726.22	5171504.61	0.5
21655798.37	5171484.6	0.5
21655870.51	5171464.59	0.5
21655942.66	5171444.58	0.5
21656014.81	5171424.57	0.5
21656086.95	5171404.57	0.5
21656159.1	5171384.56	0.5
21656231.25	5171364.55	0.5
21656303.39	5171344.54	0.5
21656375.54	5171324.53	0.5
21656447.69	5171304.53	0.5
21656519.83	5171284.52	0.5
21656591.98	5171264.51	0.5
21656664.13	5171244.5	0.5
21656736.27	5171224.49	0.5
21656808.42	5171204.49	0.5
21656880.57	5171184.48	0.5
21656952.71	5171164.47	0.5
21657024.86	5171144.46	0.5
21657097.01	5171124.45	0.5
21657169.15	5171104.45	0.5
21657241.3	5171084.44	0.5
21657313.45	5171064.43	0.5
21657385.59	5171044.42	0.5
21657457.74	5171024.41	0.5
21657529.89	5171004.41	0.5
21657602.03	5170984.4	0.5
21657674.18	5170964.39	0.5
21657746.33	5170944.38	0.5
21657818.47	5170924.37	0.5
21657890.62	5170904.36	0.5
21657962.77	5170884.36	199.553
21658034.91	5170864.35	578.993
21658107.06	5170844.34	874.239
21658179.21	5170824.33	749.547
21658251.36	5170804.32	552.021
21658323.5	5170784.32	18.3547
21658395.65	5170764.31	0.5
21658467.8	5170744.3	0.5
21658539.94	5170724.29	0.5
21658612.09	5170704.28	0.5
21658684.24	5170684.28	0.5
21658756.38	5170664.27	12.4959
21658828.53	5170644.26	13.1609
21658900.68	5170624.25	16.0584
21658972.82	5170604.24	16.2931
21659044.97	5170584.24	15.565
