21653307.22	5170346.33	598.282
21653379.37	5170326.32	241.122
21653451.52	5170306.31	31.9816
21653523.66	5170286.3	434.721
21653595.81	5170266.29	211.539
21653667.96	5170246.29	212.783
21653740.1	5170226.28	206.025
21653812.25	5170206.27	253.479
21653884.4	5170186.26	552.476
21653956.54	5170166.25	599.406
21654028.69	5170146.25	627.594
21654100.84	5170126.24	624.359
21654172.98	5170106.23	658.243
21654245.13	5170086.22	640.555
21654317.28	5170066.21	575.867
21654389.42	5170046.21	653.261
21654461.57	5170026.2	547.034
21654533.72	5170006.19	405.283
21654605.86	5169986.18	354.872
21654678.01	5169966.17	351.621
21654750.16	5169946.17	215.897
21654822.31	5169926.16	457.908
21654894.45	5169906.15	483.456
21654966.6	5169886.14	357.906
21655038.75	5169866.13	402.867
21655110.89	5169846.13	415.541
21655183.04	5169826.12	472.864
21655255.19	5169806.11	451.087
21655327.33	5169786.1	417.02
21655399.48	5169766.09	468.294
21653254.7	5170437.11	470.361
21653326.85	5170417.1	484.409
21653399	5170397.09	61.2228
21653471.14	5170377.08	106.985
21653543.29	5170357.07	227.985
21653615.44	5170337.07	189.438
21653687.58	5170317.06	269.228
21653759.73	5170297.05	435.921
21653831.88	5170277.04	399.293
21653904.02	5170257.03	598.536
21653976.17	5170237.03	465.127
21654048.32	5170217.02	492.782
21654120.46	5170197.01	507.543
21654192.61	5170177	619.708
21654264.76	5170156.99	566.44
21654336.9	5170136.98	679.047
21654409.05	5170116.98	594.403
21654481.2	5170096.97	504.84
21654553.34	5170076.96	389.943
21654625.49	5170056.95	162.902
21654697.64	5170036.94	208.38
21654769.78	5170016.94	226.224
21654841.93	5169996.93	381.756
21654914.08	5169976.92	371.704
21654986.23	5169956.91	407.557
21655058.37	5169936.9	516.076
21655130.52	5169916.9	486.553
21655202.66	5169896.89	445.926
21655274.81	5169876.88	569.118
21655346.96	5169856.87	527.728
21655419.11	5169836.86	485.869
21655491.25	5169816.86	362.292
21655563.4	5169796.85	582.714
21655635.55	5169776.84	417.311
21655707.69	5169756.83	202.526
21655779.84	5169736.82	29.7258
21655851.99	5169716.82	29.247
21655924.13	5169696.81	37.8836
21655996.28	5169676.8	141.664
21656068.43	5169656.79	186.185
21656140.57	5169636.78	241.851
21656212.72	5169616.78	501.786
21656284.87	5169596.77	426.109
21656357.01	5169576.76	449.717
21656429.16	5169556.75	435.651
21656501.31	5169536.74	493.634
21656573.45	5169516.74	548.163
21656645.6	5169496.73	608.289
21656717.75	5169476.72	567.113
21656789.89	5169456.71	327.563
21656862.04	5169436.7	539.002
21656934.19	5169416.69	660.722
21657006.33	5169396.69	499.923
21657078.48	5169376.68	300.866
21657150.63	5169356.67	294.029
21657222.77	5169336.66	359.491
21657294.92	5169316.65	675.817
21657367.07	5169296.65	636.102
21657439.21	5169276.64	585.892
21657511.36	5169256.63	390.382
21657583.51	5169236.62	339.319
21657655.65	5169216.61	321.619
21657727.8	5169196.61	171.422
21657799.95	5169176.6	507.199
21657872.09	5169156.59	36.4487
21657944.24	5169136.58	13.0806
21658016.39	5169116.57	37.0311
21658088.53	5169096.57	36.6086
21658160.68	5169076.56	20.0189
21658232.83	5169056.55	37.2179
21658304.97	5169036.54	246.712
21658377.12	5169016.53	403.504
21658449.27	5168996.53	512.536
21658521.41	5168976.52	420.432
21658593.56	5168956.51	127.346
21658665.71	5168936.5	59.7744
21658737.85	5168916.49	47.2178
21658810	5168896.49	37.4965
21658882.15	5168876.48	25.9343
21658954.29	5168856.47	25.641
21659026.44	5168836.46	37.5735
21659098.59	5168816.45	164.99
21653274.33	5170507.88	408.879
21653346.48	5170487.87	523.384
21653418.62	5170467.86	486.357
21653490.77	5170447.85	416.261
21653562.92	5170427.84	383.514
21653635.06	5170407.84	200.945
21653707.21	5170387.83	222.747
21653779.36	5170367.82	399.949
21653851.5	5170347.81	472.548
21653923.65	5170327.8	552.6
21653995.8	5170307.8	321.284
21654067.94	5170287.79	345.077
21654140.09	5170267.78	560.525
21654212.24	5170247.77	603.977
21654284.38	5170227.76	443.038
21654356.53	5170207.76	650.093
21654428.68	5170187.75	677.766
21654500.82	5170167.74	579.662
21654572.97	5170147.73	470.974
21654645.12	5170127.72	148.252
21654717.26	5170107.72	150.099
21654789.41	5170087.71	330.818
21654861.56	5170067.7	313.531
21654933.7	5170047.69	266.597
21655005.85	5170027.68	346.381
21655078	5170007.68	450.023
21655150.14	5169987.67	530.145
21655222.29	5169967.66	527.951
21655294.44	5169947.65	728.115
21655366.58	5169927.64	675.06
21655438.73	5169907.63	525.892
21655510.88	5169887.63	461.314
21655583.03	5169867.62	834.033
21655655.17	5169847.61	327.273
21655727.32	5169827.6	155.147
21655799.47	5169807.59	33.1218
21655871.61	5169787.59	67.225
21655943.76	5169767.58	142.741
21656015.91	5169747.57	192.769
21656088.05	5169727.56	307.73
21656160.2	5169707.55	515.527
21656232.35	5169687.55	541.926
21656304.49	5169667.54	412.402
21656376.64	5169647.53	433.983
21656448.79	5169627.52	463.542
21656520.93	5169607.51	508.346
21656593.08	5169587.51	564.366
21656665.23	5169567.5	479.286
21656737.37	5169547.49	410.408
21656809.52	5169527.48	583.382
21656881.67	5169507.47	811.263
21656953.81	5169487.47	359.379
21657025.96	5169467.46	37.8642
21657098.11	5169447.45	30.7972
21657170.25	5169427.44	193.604
21657242.4	5169407.43	537.671
21657314.55	5169387.43	677.106
21657386.69	5169367.42	608.905
21657458.84	5169347.41	517.597
21657530.99	5169327.4	429.004
21657603.13	5169307.39	411.089
21657675.28	5169287.39	204.543
21657747.43	5169267.38	228.332
21657819.57	5169247.37	435.272
21657891.72	5169227.36	37.3321
21657963.87	5169207.35	36.1207
21658036.01	5169187.34	84.6611
21658108.16	5169167.34	36.6086
21658180.31	5169147.33	35.7958
21658252.45	5169127.32	28.9715
21658324.6	5169107.31	155.467
21658396.75	5169087.3	700.819
21658468.89	5169067.3	672.273
21658541.04	5169047.29	280.907
21658613.19	5169027.28	7.40833
21658685.33	5169007.27	83.0561
21658757.48	5168987.26	99.8783
21658829.63	5168967.26	35.4704
21658901.77	5168947.25	30.2961
21658973.92	5168927.24	30.6841
21659046.07	5168907.23	34.4785
21653293.96	5170578.65	457.57
21653366.1	5170558.64	515.159
21653438.25	5170538.63	306.416
21653510.4	5170518.62	138.067
21653582.54	5170498.61	354.011
21653654.69	5170478.61	271.279
21653726.84	5170458.6	75.3967
21653798.98	5170438.59	325.896
21653871.13	5170418.58	465.669
21653943.28	5170398.57	530.279
21654015.42	5170378.57	490.046
21654087.57	5170358.56	565.98
21654159.72	5170338.55	662.343
21654231.86	5170318.54	278.454
21654304.01	5170298.53	243.031
21654376.16	5170278.53	616.598
21654448.3	5170258.52	597.257
21654520.45	5170238.51	560.561
21654592.6	5170218.5	513.976
21654664.74	5170198.49	424.364
21654736.89	5170178.49	167.465
21654809.04	5170158.48	580.004
21654881.18	5170138.47	224.313
21654953.33	5170118.46	173.172
21655025.48	5170098.45	265.083
21655097.62	5170078.45	323.121
21655169.77	5170058.44	401.179
21655241.92	5170038.43	356.121
21655314.06	5170018.42	650.617
21655386.21	5169998.41	685.374
21655458.36	5169978.41	507.851
21655530.5	5169958.4	724.881
21655602.65	5169938.39	551.406
21655674.8	5169918.38	231.889
21655746.95	5169898.37	65.1217
21655819.09	5169878.37	28.7818
21655891.24	5169858.36	127.727
21655963.38	5169838.35	152.296
21656035.53	5169818.34	164.268
21656107.68	5169798.33	316.857
21656179.83	5169778.32	512.261
21656251.97	5169758.32	499.838
21656324.12	5169738.31	106.923
21656396.27	5169718.3	167.797
21656468.41	5169698.29	280.582
21656540.56	5169678.28	518.791
21656612.71	5169658.28	759.729
21656684.85	5169638.27	709.027
21656757	5169618.26	562.57
21656829.15	5169598.25	525.397
21656901.29	5169578.24	270.703
21656973.44	5169558.24	7.71944
21657045.59	5169538.23	35.5196
21657117.73	5169518.22	35.9817
21657189.88	5169498.21	71.7511
21657262.03	5169478.2	169.566
21657334.17	5169458.2	308.262
21657406.32	5169438.19	361.553
21657478.47	5169418.18	390.937
21657550.61	5169398.17	293.773
21657622.76	5169378.16	315.819
21657694.91	5169358.16	242.487
21657767.05	5169338.15	462.309
21657839.2	5169318.14	410.547
21657911.35	5169298.13	65.8961
21657983.49	5169278.12	16.7078
21658055.64	5169258.12	268.809
21658127.79	5169238.11	449.868
21658199.93	5169218.1	34.293
21658272.08	5169198.09	26.7624
21658344.23	5169178.08	8.44111
21658416.37	5169158.08	731.657
21658488.52	5169138.07	17.2289
21658560.67	5169118.06	33.5867
21658632.81	5169098.05	50.0589
21658704.96	5169078.04	124.775
21658777.11	5169058.03	341.869
21658849.25	5169038.03	236.013
21658921.4	5169018.02	264.982
21658993.55	5168998.01	6.36
21659065.69	5168978	34.0912
21653313.58	5170649.42	343.175
21653385.73	5170629.41	320.283
21653457.88	5170609.4	123.038
21653530.02	5170589.39	21.4139
21653602.17	5170569.39	113.539
21653674.32	5170549.38	538.772
21653746.46	5170529.37	292.201
21653818.61	5170509.36	213.942
21653890.76	5170489.35	178.033
21653962.9	5170469.35	416.822
21654035.05	5170449.34	639.634
21654107.2	5170429.33	549.17
21654179.34	5170409.32	356.278
21654251.49	5170389.31	225.199
21654323.64	5170369.3	291.693
21654395.78	5170349.3	475.893
21654467.93	5170329.29	523.085
21654540.08	5170309.28	556.378
21654612.22	5170289.27	520.923
21654684.37	5170269.26	474.802
21654756.52	5170249.26	493.243
21654828.66	5170229.25	415.741
21654900.81	5170209.24	155.249
21654972.96	5170189.23	124.889
21655045.1	5170169.22	143.674
21655117.25	5170149.22	127.413
21655189.4	5170129.21	215.919
21655261.54	5170109.2	384.667
21655333.69	5170089.19	462.158
21655405.84	5170069.18	534.672
21655477.98	5170049.18	693.046
21655550.13	5170029.17	622.979
21655622.28	5170009.16	578.211
21655694.42	5169989.15	240.455
21655766.57	5169969.14	141.903
21655838.72	5169949.14	33.6712
21655910.86	5169929.13	54.4944
21655983.01	5169909.12	114.682
21656055.16	5169889.11	36.8226
21656127.3	5169869.1	34.2141
21656199.45	5169849.1	210.007
21656271.6	5169829.09	438.642
21656343.75	5169809.08	26.8339
21656415.89	5169789.07	162.602
21656488.04	5169769.06	289.756
21656560.19	5169749.06	555.434
21656632.33	5169729.05	748.341
21656704.48	5169709.04	691.257
21656776.63	5169689.03	681.241
21656848.77	5169669.02	746.542
21656920.92	5169649.02	234.944
21656993.07	5169629.01	56.5894
21657065.21	5169609	37.9491
21657137.36	5169588.99	35.1948
21657209.51	5169568.98	36.1534
21657281.65	5169548.97	0.761111
21657353.8	5169528.97	61.1689
21657425.95	5169508.96	164.712
21657498.09	5169488.95	184.883
21657570.24	5169468.94	189.979
21657642.39	5169448.93	124.493
21657714.53	5169428.93	222.204
21657786.68	5169408.92	569.209
21657858.83	5169388.91	644.348
21657930.97	5169368.9	327.413
21658003.12	5169348.89	163.252
21658075.27	5169328.89	331.065
21658147.41	5169308.88	566.583
21658219.56	5169288.87	36.4315
21658291.71	5169268.86	28.083
21658363.85	5169248.85	74.6339
21658436	5169228.85	443.539
21658508.15	5169208.84	33.5647
21658580.29	5169188.83	34.9622
21658652.44	5169168.82	231.974
21658724.59	5169148.81	467.267
21658796.73	5169128.81	655.49
21658868.88	5169108.8	605.055
21658941.03	5169088.79	507.204
21659013.17	5169068.78	88.6589
21659085.32	5169048.77	81.42
21653261.06	5170740.2	228.164
21653333.21	5170720.19	427.304
21653405.36	5170700.18	307.318
21653477.5	5170680.17	86.4072
21653549.65	5170660.16	37.4842
21653621.8	5170640.16	120.75
21653693.94	5170620.15	318.424
21653766.09	5170600.14	502.241
21653838.24	5170580.13	269.983
21653910.38	5170560.12	209.943
21653982.53	5170540.12	445.939
21654054.68	5170520.11	431.139
21654126.82	5170500.1	284.752
21654198.97	5170480.09	165.654
21654271.12	5170460.08	144.248
21654343.26	5170440.08	118.271
21654415.41	5170420.07	113.221
21654487.56	5170400.06	487.425
21654559.7	5170380.05	288.867
21654631.85	5170360.04	588.217
21654704	5170340.04	616.878
21654776.14	5170320.03	632.936
21654848.29	5170300.02	526.372
21654920.44	5170280.01	255.838
21654992.58	5170260	193.289
21655064.73	5170240	330.343
21655136.88	5170219.99	370.228
21655209.02	5170199.98	447.38
21655281.17	5170179.97	667.673
21655353.32	5170159.96	226.537
21655425.46	5170139.95	474.564
21655497.61	5170119.95	707.249
21655569.76	5170099.94	552.713
21655641.9	5170079.93	503.526
21655714.05	5170059.92	254.386
21655786.2	5170039.91	34.4821
21655858.34	5170019.91	53.4111
21655930.49	5169999.9	246.893
21656002.64	5169979.89	211.859
21656074.78	5169959.88	87.1
21656146.93	5169939.87	85.3522
21656219.08	5169919.87	521.128
21656291.22	5169899.86	370.233
21656363.37	5169879.85	446.534
21656435.52	5169859.84	610.953
21656507.66	5169839.83	624.015
21656579.81	5169819.83	494.178
21656651.96	5169799.82	558.56
21656724.1	5169779.81	610.314
21656796.25	5169759.8	628.461
21656868.4	5169739.79	409.5
21656940.55	5169719.79	76.9228
21657012.69	5169699.78	36.0477
21657084.84	5169679.77	35.22
21657156.99	5169659.76	30.6968
21657229.13	5169639.75	31.7849
21657301.28	5169619.75	33.6174
21657373.43	5169599.74	104.8
21657445.57	5169579.73	192.358
21657517.72	5169559.72	220.153
21657589.87	5169539.71	216.286
21657662.01	5169519.71	172.933
21657734.16	5169499.7	301.818
21657806.31	5169479.69	503.997
21657878.45	5169459.68	670.216
21657950.6	5169439.67	618.474
21658022.75	5169419.66	345.648
21658094.89	5169399.66	242.451
21658167.04	5169379.65	582.223
21658239.19	5169359.64	10.2956
21658311.33	5169339.63	31.6782
21658383.48	5169319.62	233.21
21658455.63	5169299.62	209.612
21658527.77	5169279.61	219.544
21658599.92	5169259.6	330.02
21658672.07	5169239.59	483.964
21658744.21	5169219.58	749.318
21658816.36	5169199.58	831.178
21658888.51	5169179.57	674.449
21658960.65	5169159.56	445.334
21659032.8	5169139.55	271.786
21659104.95	5169119.54	198.416
21653280.69	5170810.97	647.776
21653352.84	5170790.96	615.822
21653424.98	5170770.95	192.758
21653497.13	5170750.94	131.414
21653569.28	5170730.93	120.617
21653641.42	5170710.93	18.3656
21653713.57	5170690.92	121.362
21653785.72	5170670.91	502.973
21653857.86	5170650.9	571.322
21653930.01	5170630.89	471.574
21654002.16	5170610.89	499.912
21654074.3	5170590.88	322.296
21654146.45	5170570.87	175.143
21654218.6	5170550.86	77.9094
21654290.74	5170530.85	39.2894
21654362.89	5170510.85	83.5928
21654435.04	5170490.84	9.085
21654507.18	5170470.83	463.604
21654579.33	5170450.82	315.689
21654651.48	5170430.81	295.51
21654723.62	5170410.81	439.377
21654795.77	5170390.8	593.408
21654867.92	5170370.79	673.692
21654940.06	5170350.78	492.279
21655012.21	5170330.77	393.882
21655084.36	5170310.77	491.528
21655156.5	5170290.76	612.823
21655228.65	5170270.75	511.383
21655300.8	5170250.74	134.294
21655372.94	5170230.73	262.785
21655445.09	5170210.73	462.963
21655517.24	5170190.72	555.025
21655589.38	5170170.71	504.031
21655661.53	5170150.7	503.817
21655733.68	5170130.69	45.2644
21655805.82	5170110.69	26.902
21655877.97	5170090.68	23.8911
21655950.12	5170070.67	250.73
21656022.26	5170050.66	326.367
21656094.41	5170030.65	225.719
21656166.56	5170010.65	426.513
21656238.7	5169990.64	597.82
21656310.85	5169970.63	647.742
21656383	5169950.62	759.959
21656455.14	5169930.61	509.878
21656527.29	5169910.6	558.978
21656599.44	5169890.6	500.445
21656671.58	5169870.59	171.536
21656743.73	5169850.58	540.109
21656815.88	5169830.57	489.803
21656888.02	5169810.56	39.2944
21656960.17	5169790.56	32.8288
21657032.32	5169770.55	31.9585
21657104.47	5169750.54	142.694
21657176.61	5169730.53	86.6817
21657248.76	5169710.52	216.86
21657320.91	5169690.52	168.207
21657393.05	5169670.51	334.554
21657465.2	5169650.5	317.863
21657537.35	5169630.49	150.858
21657609.49	5169610.48	228.12
21657681.64	5169590.48	295.582
21657753.79	5169570.47	411.831
21657825.93	5169550.46	479.172
21657898.08	5169530.45	562.641
21657970.23	5169510.44	496.479
21658042.37	5169490.44	295.048
21658114.52	5169470.43	181.433
21658186.67	5169450.42	563.711
21658258.81	5169430.41	130.96
21658330.96	5169410.4	34.5434
21658403.11	5169390.4	396.651
21658475.25	5169370.39	309.01
21658547.4	5169350.38	306.41
21658619.55	5169330.37	626.683
21658691.69	5169310.36	703.215
21658763.84	5169290.36	767.129
21658835.99	5169270.35	782.248
21658908.13	5169250.34	728.034
21658980.28	5169230.33	551.706
21659052.43	5169210.32	387.976
21653300.32	5170881.74	731.952
21653372.46	5170861.73	594.191
21653444.61	5170841.72	114.612
21653516.76	5170821.71	148.326
21653588.9	5170801.71	332.436
21653661.05	5170781.7	157.323
21653733.2	5170761.69	274.452
21653805.34	5170741.68	542.842
21653877.49	5170721.67	704.943
21653949.64	5170701.67	587.327
21654021.78	5170681.66	572.803
21654093.93	5170661.65	637.435
21654166.08	5170641.64	197.461
21654238.22	5170621.63	33.4529
21654310.37	5170601.63	98.1072
21654382.52	5170581.62	254.062
21654454.66	5170561.61	99.4094
21654526.81	5170541.6	713.278
21654598.96	5170521.59	549.791
21654671.1	5170501.58	262.272
21654743.25	5170481.58	244.444
21654815.4	5170461.57	559.656
21654887.54	5170441.56	217.094
21654959.69	5170421.55	269.476
21655031.84	5170401.54	602.921
21655103.98	5170381.54	582.355
21655176.13	5170361.53	707.397
21655248.28	5170341.52	668.003
21655320.42	5170321.51	243.493
21655392.57	5170301.5	531.661
21655464.72	5170281.5	345.503
21655536.86	5170261.49	420.747
21655609.01	5170241.48	550.033
21655681.16	5170221.47	359.794
21655753.3	5170201.46	36.803
21655825.45	5170181.46	24.3151
21655897.6	5170161.45	45.5261
21655969.74	5170141.44	377.139
21656041.89	5170121.43	575.352
21656114.04	5170101.42	559.525
21656186.18	5170081.42	679.467
21656258.33	5170061.41	515.531
21656330.48	5170041.4	491.157
21656402.62	5170021.39	287.684
21656474.77	5170001.38	153.548
21656546.92	5169981.38	32.309
21656619.06	5169961.37	24.0725
21656691.21	5169941.36	45.6267
21656763.36	5169921.35	635.782
21656835.5	5169901.34	332.795
21656907.65	5169881.34	20.6317
21656979.8	5169861.33	29.5656
21657051.94	5169841.32	47.4528
21657124.09	5169821.31	84.4189
21657196.24	5169801.3	224.692
21657268.38	5169781.3	390.06
21657340.53	5169761.29	467.284
21657412.68	5169741.28	529.622
21657484.83	5169721.27	287.238
21657556.97	5169701.26	229.489
21657629.12	5169681.25	316.048
21657701.27	5169661.25	225.066
21657773.41	5169641.24	268.461
21657845.56	5169621.23	466.808
21657917.71	5169601.22	461.883
21657989.85	5169581.21	371.521
21658062	5169561.21	300.605
21658134.15	5169541.2	337.082
21658206.29	5169521.19	543.812
21658278.44	5169501.18	304.985
21658350.59	5169481.17	36.6179
21658422.73	5169461.17	263.999
21658494.88	5169441.16	441.241
21658567.03	5169421.15	534.142
21658639.17	5169401.14	700.9
21658711.32	5169381.13	668.038
21658783.47	5169361.13	709.876
21658855.61	5169341.12	623.892
21658927.76	5169321.11	593.144
21658999.91	5169301.1	525.206
21659072.05	5169281.09	605.459
21653247.8	5170972.52	290.677
21653319.94	5170952.51	449.383
21653392.09	5170932.5	341.782
21653464.24	5170912.49	162.497
21653536.38	5170892.48	63.8283
21653608.53	5170872.48	154.043
21653680.68	5170852.47	148.496
21653752.82	5170832.46	179.866
21653824.97	5170812.45	313.233
21653897.12	5170792.44	335.656
21653969.26	5170772.44	422.74
21654041.41	5170752.43	147.084
21654113.56	5170732.42	632.706
21654185.7	5170712.41	132.409
21654257.85	5170692.4	33.8903
21654330	5170672.4	37.6012
21654402.14	5170652.39	83.53
21654474.29	5170632.38	383.488
21654546.44	5170612.37	674.882
21654618.58	5170592.36	678.178
21654690.73	5170572.36	456.877
21654762.88	5170552.35	424.412
21654835.02	5170532.34	612.022
21654907.17	5170512.33	203.294
21654979.32	5170492.32	257.792
21655051.46	5170472.32	535.498
21655123.61	5170452.31	624.278
21655195.76	5170432.3	650.498
21655267.9	5170412.29	566.635
21655340.05	5170392.28	768.054
21655412.2	5170372.28	656.354
21655484.34	5170352.27	481.564
21655556.49	5170332.26	487.181
21655628.64	5170312.25	457.726
21655700.78	5170292.24	359.538
21655772.93	5170272.23	291.68
21655845.08	5170252.23	132.188
21655917.22	5170232.22	343.54
21655989.37	5170212.21	649.642
21656061.52	5170192.2	169.358
21656133.66	5170172.19	114.229
21656205.81	5170152.19	289.471
21656277.96	5170132.18	211.705
21656350.1	5170112.17	216.122
21656422.25	5170092.16	267.427
21656494.4	5170072.15	392.313
21656566.54	5170052.15	172.343
21656638.69	5170032.14	69.7033
21656710.84	5170012.13	452.954
21656782.98	5169992.12	646.457
21656855.13	5169972.11	178.069
21656927.28	5169952.11	34.4501
21656999.42	5169932.1	37.5518
21657071.57	5169912.09	45.9289
21657143.72	5169892.08	148.264
21657215.86	5169872.07	645.166
21657288.01	5169852.07	404.698
21657360.16	5169832.06	610.998
21657432.3	5169812.05	395.952
21657504.45	5169792.04	311.021
21657576.6	5169772.03	345.417
21657648.74	5169752.03	334.011
21657720.89	5169732.02	213.986
21657793.04	5169712.01	230.359
21657865.18	5169692	557.311
21657937.33	5169671.99	350.309
21658009.48	5169651.99	366.039
21658081.63	5169631.98	376.156
21658153.77	5169611.97	647.555
21658225.92	5169591.96	633.015
21658298.07	5169571.95	164.735
21658370.21	5169551.94	30.5212
21658442.36	5169531.94	34.6169
21658514.51	5169511.93	509.599
21658586.65	5169491.92	496.587
21658658.8	5169471.91	598.226
21658730.95	5169451.9	587.716
21658803.09	5169431.9	484.661
21658875.24	5169411.89	341.486
21658947.39	5169391.88	218.56
21659019.53	5169371.87	180.436
21659091.68	5169351.86	388.463
21653267.42	5171043.29	214.802
21653339.57	5171023.28	376.711
21653411.72	5171003.27	436.227
21653483.86	5170983.26	213.039
21653556.01	5170963.26	178.814
21653628.16	5170943.25	49.6822
21653700.3	5170923.24	176.737
21653772.45	5170903.23	229.547
21653844.6	5170883.22	255.647
21653916.74	5170863.21	276.766
21653988.89	5170843.21	459
21654061.04	5170823.2	229.967
21654133.18	5170803.19	445.382
21654205.33	5170783.18	377.254
21654277.48	5170763.17	267.856
21654349.62	5170743.17	159.408
21654421.77	5170723.16	201.841
21654493.92	5170703.15	452.658
21654566.06	5170683.14	611.581
21654638.21	5170663.13	699.449
21654710.36	5170643.13	554.987
21654782.5	5170623.12	521.668
21654854.65	5170603.11	642.333
21654926.8	5170583.1	291.973
21654998.94	5170563.09	206.018
21655071.09	5170543.09	401.84
21655143.24	5170523.08	739.504
21655215.38	5170503.07	730.695
21655287.53	5170483.06	508.42
21655359.68	5170463.05	729.027
21655431.82	5170443.05	575.754
21655503.97	5170423.04	505.929
21655576.12	5170403.03	485.034
21655648.26	5170383.02	478.941
21655720.41	5170363.01	503.207
21655792.56	5170343.01	204.914
21655864.7	5170323	129.588
21655936.85	5170302.99	394.65
21656009	5170282.98	187.046
21656081.14	5170262.97	25.885
21656153.29	5170242.97	30.8237
21656225.44	5170222.96	43.5289
21656297.58	5170202.95	229.891
21656369.73	5170182.94	179.554
21656441.88	5170162.93	382.505
21656514.02	5170142.93	481.497
21656586.17	5170122.92	398.636
21656658.32	5170102.91	508.701
21656730.46	5170082.9	587.427
21656802.61	5170062.89	657.41
21656874.76	5170042.88	37.9092
21656946.9	5170022.88	34.5204
21657019.05	5170002.87	32.5037
21657091.2	5169982.86	18.1178
21657163.34	5169962.85	307.973
21657235.49	5169942.84	592.853
21657307.64	5169922.84	398.979
21657379.78	5169902.83	505.905
21657451.93	5169882.82	389.936
21657524.08	5169862.81	413.142
21657596.22	5169842.8	252.571
21657668.37	5169822.8	201.171
21657740.52	5169802.79	236.994
21657812.66	5169782.78	354.477
21657884.81	5169762.77	507.807
21657956.96	5169742.76	333.363
21658029.1	5169722.76	439.074
21658101.25	5169702.75	484.522
21658173.4	5169682.74	544.027
21658245.54	5169662.73	578.478
21658317.69	5169642.72	37.1198
21658389.84	5169622.72	31.5483
21658461.99	5169602.71	59.0533
21658534.13	5169582.7	456.608
21658606.28	5169562.69	681.921
21658678.43	5169542.68	656.659
21658750.57	5169522.68	705.999
21658822.72	5169502.67	84.2089
21658894.87	5169482.66	106.161
21658967.01	5169462.65	82.1756
21659039.16	5169442.64	97.9906
21659111.31	5169422.64	337.539
21653287.05	5171114.06	204.809
21653359.2	5171094.05	216.917
21653431.34	5171074.04	416.917
21653503.49	5171054.03	529.992
21653575.64	5171034.03	391.749
21653647.78	5171014.02	134.688
21653719.93	5170994.01	37.8337
21653792.08	5170974	20.4322
21653864.22	5170953.99	254.348
21653936.37	5170933.99	303.909
21654008.52	5170913.98	430.116
21654080.66	5170893.97	183.723
21654152.81	5170873.96	613.679
21654224.96	5170853.95	548.222
21654297.1	5170833.95	443.941
21654369.25	5170813.94	303.125
21654441.4	5170793.93	220.743
21654513.54	5170773.92	468.717
21654585.69	5170753.91	604.276
21654657.84	5170733.91	637.41
21654729.98	5170713.9	722.772
21654802.13	5170693.89	699.873
21654874.28	5170673.88	438.953
21654946.42	5170653.87	40.5456
21655018.57	5170633.86	177.918
21655090.72	5170613.86	273.017
21655162.86	5170593.85	584.556
21655235.01	5170573.84	644.046
21655307.16	5170553.83	744.853
21655379.3	5170533.82	721.916
21655451.45	5170513.82	458.298
21655523.6	5170493.81	5.69056
21655595.74	5170473.8	37.7721
21655667.89	5170453.79	211.806
21655740.04	5170433.78	250.077
21655812.18	5170413.78	47.5589
21655884.33	5170393.77	84.7439
21655956.48	5170373.76	538.968
21656028.62	5170353.75	446.333
21656100.77	5170333.74	208.242
21656172.92	5170313.74	30.1222
21656245.06	5170293.73	29.6
21656317.21	5170273.72	34.3733
21656389.36	5170253.71	34.7103
21656461.5	5170233.7	177.877
21656533.65	5170213.7	493.381
21656605.8	5170193.69	499.89
21656677.94	5170173.68	554.763
21656750.09	5170153.67	694.152
21656822.24	5170133.66	637.824
21656894.38	5170113.66	270.339
21656966.53	5170093.65	69.2056
21657038.68	5170073.64	23.4044
21657110.82	5170053.63	140.401
21657182.97	5170033.62	313.55
21657255.12	5170013.62	489.428
21657327.26	5169993.61	102.887
21657399.41	5169973.6	211.068
21657471.56	5169953.59	181.092
21657543.7	5169933.58	223.946
21657615.85	5169913.57	156.524
21657688	5169893.57	260.938
21657760.14	5169873.56	463.419
21657832.29	5169853.55	569.224
21657904.44	5169833.54	513.211
21657976.58	5169813.53	464.191
21658048.73	5169793.53	510.403
21658120.88	5169773.52	557.922
21658193.02	5169753.51	666.082
21658265.17	5169733.5	554.506
21658337.32	5169713.49	186.991
21658409.46	5169693.49	455.462
21658481.61	5169673.48	674.89
21658553.76	5169653.47	623.479
21658625.91	5169633.46	637.739
21658698.05	5169613.45	652.64
21658770.2	5169593.45	455.092
21658842.35	5169573.44	34.9199
21658914.49	5169553.43	41.7594
21658986.64	5169533.42	99.5806
21659058.79	5169513.41	112.543
21653306.68	5171184.83	284.318
21653378.82	5171164.82	179.575
21653450.97	5171144.81	29.7289
21653523.12	5171124.8	450.814
21653595.26	5171104.8	552.143
21653667.41	5171084.79	133.716
21653739.56	5171064.78	31.2164
21653811.7	5171044.77	34.5406
21653883.85	5171024.76	188.517
21653956	5171004.76	432.689
21654028.14	5170984.75	411.378
21654100.29	5170964.74	564.04
21654172.44	5170944.73	650.824
21654244.58	5170924.72	455.454
21654316.73	5170904.72	617.824
21654388.88	5170884.71	710.541
21654461.02	5170864.7	264.581
21654533.17	5170844.69	56.0717
21654605.32	5170824.68	310.739
21654677.46	5170804.68	463.033
21654749.61	5170784.67	757.394
21654821.76	5170764.66	703.836
21654893.9	5170744.65	333.579
21654966.05	5170724.64	126.433
21655038.2	5170704.64	332.854
21655110.34	5170684.63	601.329
21655182.49	5170664.62	587.948
21655254.64	5170644.61	768.435
21655326.78	5170624.6	622.639
21655398.93	5170604.6	420.066
21655471.08	5170584.59	38.9722
21655543.22	5170564.58	16.0622
21655615.37	5170544.57	32.0278
21655687.52	5170524.56	240.101
21655759.66	5170504.56	294.983
21655831.81	5170484.55	37.2379
21655903.96	5170464.54	35.7558
21655976.1	5170444.53	212.827
21656048.25	5170424.52	284.941
21656120.4	5170404.51	94.9656
21656192.54	5170384.51	36.0222
21656264.69	5170364.5	155.253
21656336.84	5170344.49	241.318
21656408.98	5170324.48	343.513
21656481.13	5170304.47	191.754
21656553.28	5170284.47	198.606
21656625.42	5170264.46	198.573
21656697.57	5170244.45	318.318
21656769.72	5170224.44	671.456
21656841.86	5170204.43	727.096
21656914.01	5170184.43	439.331
21656986.16	5170164.42	240.417
21657058.3	5170144.41	147.233
21657130.45	5170124.4	294.943
21657202.6	5170104.39	468.995
21657274.74	5170084.39	562.246
21657346.89	5170064.38	184.28
21657419.04	5170044.37	34.0133
21657491.18	5170024.36	54.2306
21657563.33	5170004.35	153.88
21657635.48	5169984.35	213.82
21657707.62	5169964.34	417.633
21657779.77	5169944.33	587.861
21657851.92	5169924.32	622.344
21657924.06	5169904.31	603.468
21657996.21	5169884.31	574.182
21658068.36	5169864.3	590.977
21658140.5	5169844.29	603.344
21658212.65	5169824.28	566.852
21658284.8	5169804.27	474.075
21658356.94	5169784.27	318.939
21658429.09	5169764.26	763.931
21658501.24	5169744.25	669.017
21658573.38	5169724.24	570.783
21658645.53	5169704.23	632.597
21658717.68	5169684.22	391.875
21658789.82	5169664.22	97.7483
21658861.97	5169644.21	33.7306
21658934.12	5169624.2	34.1871
21659006.26	5169604.19	35.4619
21659078.41	5169584.18	30.3738
21653254.15	5171275.61	348.233
21653326.3	5171255.6	282.443
21653398.45	5171235.59	160.058
21653470.6	5171215.58	60.2794
21653542.74	5171195.58	59.2161
21653614.89	5171175.57	278.962
21653687.04	5171155.56	304.976
21653759.18	5171135.55	35.9338
21653831.33	5171115.54	32.1722
21653903.48	5171095.54	127.733
21653975.62	5171075.53	414.219
21654047.77	5171055.52	434.611
21654119.92	5171035.51	473.761
21654192.06	5171015.5	636.686
21654264.21	5170995.49	388.617
21654336.36	5170975.49	454.516
21654408.5	5170955.48	550.548
21654480.65	5170935.47	204.94
21654552.8	5170915.46	117.183
21654624.94	5170895.45	59.1861
21654697.09	5170875.45	196.867
21654769.24	5170855.44	347.076
21654841.38	5170835.43	558.344
21654913.53	5170815.42	506.224
21654985.68	5170795.41	296.35
21655057.82	5170775.41	362.938
21655129.97	5170755.4	537.315
21655202.12	5170735.39	471.059
21655274.26	5170715.38	250.03
21655346.41	5170695.37	248.846
21655418.56	5170675.37	198.382
21655490.7	5170655.36	233.723
21655562.85	5170635.35	196.293
21655635	5170615.34	352.272
21655707.14	5170595.33	260.753
21655779.29	5170575.33	385.891
21655851.44	5170555.32	54.0061
21655923.58	5170535.31	40.7083
21655995.73	5170515.3	466.917
21656067.88	5170495.29	465.78
21656140.02	5170475.29	308.758
21656212.17	5170455.28	483.281
21656284.32	5170435.27	432.232
21656356.46	5170415.26	269.704
21656428.61	5170395.25	329.794
21656500.76	5170375.25	177.112
21656572.9	5170355.24	35.2607
21656645.05	5170335.23	22.0244
21656717.2	5170315.22	26.1328
21656789.34	5170295.21	590.706
21656861.49	5170275.21	611.816
21656933.64	5170255.2	563.097
21657005.78	5170235.19	379.553
21657077.93	5170215.18	424.427
21657150.08	5170195.17	501.123
21657222.22	5170175.16	728.173
21657294.37	5170155.16	659.284
21657366.52	5170135.15	220.233
21657438.66	5170115.14	35.6707
21657510.81	5170095.13	37.2481
21657582.96	5170075.12	23.6611
21657655.1	5170055.12	193.818
21657727.25	5170035.11	611.368
21657799.4	5170015.1	584.094
21657871.54	5169995.09	625.766
21657943.69	5169975.08	690.267
21658015.84	5169955.08	706.604
21658087.98	5169935.07	583.818
21658160.13	5169915.06	312.969
21658232.28	5169895.05	207.461
21658304.42	5169875.04	238.561
21658376.57	5169855.04	205.749
21658448.72	5169835.03	635.689
21658520.86	5169815.02	182.447
21658593.01	5169795.01	178.638
21658665.16	5169775	261.805
21658737.3	5169755	226.362
21658809.45	5169734.99	12.29
21658881.6	5169714.98	35.4567
21658953.74	5169694.97	32.4607
21659025.89	5169674.96	37.8175
21659098.04	5169654.96	33.6431
21653273.78	5171346.38	290.938
21653345.93	5171326.37	304.297
21653418.07	5171306.36	230.714
21653490.22	5171286.35	121.382
21653562.37	5171266.35	183.98
21653634.51	5171246.34	433.522
21653706.66	5171226.33	470.833
21653778.81	5171206.32	185.869
21653850.96	5171186.31	28.2467
21653923.1	5171166.31	303.691
21653995.25	5171146.3	345.789
21654067.4	5171126.29	471.777
21654139.54	5171106.28	411.331
21654211.69	5171086.27	365.083
21654283.84	5171066.27	501.426
21654355.98	5171046.26	571.382
21654428.13	5171026.25	180.379
21654500.28	5171006.24	343.489
21654572.42	5170986.23	580.933
21654644.57	5170966.23	585.919
21654716.72	5170946.22	588.674
21654788.86	5170926.21	282.179
21654861.01	5170906.2	533.058
21654933.16	5170886.19	672.134
21655005.3	5170866.18	495.877
21655077.45	5170846.18	286.229
21655149.6	5170826.17	382.076
21655221.74	5170806.16	291.159
21655293.89	5170786.15	37.5988
21655366.04	5170766.14	99.9006
21655438.18	5170746.14	196.147
21655510.33	5170726.13	305.863
21655582.48	5170706.12	428.256
21655654.62	5170686.11	366.902
21655726.77	5170666.1	430.102
21655798.92	5170646.1	444.552
21655871.06	5170626.09	320.508
21655943.21	5170606.08	287.895
21656015.36	5170586.07	509.877
21656087.5	5170566.06	618.868
21656159.65	5170546.06	367.236
21656231.8	5170526.05	3.85889
21656303.94	5170506.04	38.7839
21656376.09	5170486.03	18.2511
21656448.24	5170466.02	103.233
21656520.38	5170446.02	16.5717
21656592.53	5170426.01	33.6729
21656664.68	5170406	12.3722
21656736.82	5170385.99	191.45
21656808.97	5170365.98	678.633
21656881.12	5170345.98	564.36
21656953.26	5170325.97	678.486
21657025.41	5170305.96	501.608
21657097.56	5170285.95	586.052
21657169.7	5170265.94	423.198
21657241.85	5170245.94	336.991
21657314	5170225.93	347.027
21657386.14	5170205.92	199.878
21657458.29	5170185.91	37.9093
21657530.44	5170165.9	33.3107
21657602.58	5170145.9	4.45889
21657674.73	5170125.89	417.343
21657746.88	5170105.88	574.629
21657819.02	5170085.87	521.308
21657891.17	5170065.86	340.932
21657963.32	5170045.85	418.919
21658035.46	5170025.85	444.752
21658107.61	5170005.84	136.082
21658179.76	5169985.83	126.342
21658251.9	5169965.82	212.058
21658324.05	5169945.81	135.037
21658396.2	5169925.81	203.876
21658468.34	5169905.8	531.708
21658540.49	5169885.79	194.801
21658612.64	5169865.78	37.277
21658684.78	5169845.77	109.909
21658756.93	5169825.77	104.047
21658829.08	5169805.76	85.3411
21658901.22	5169785.75	81.8467
21658973.37	5169765.74	101.681
21659045.52	5169745.73	35.0341
21653293.41	5171417.15	189.422
21653365.55	5171397.14	268.787
21653437.7	5171377.13	284.301
21653509.85	5171357.12	235.408
21653581.99	5171337.12	250.246
21653654.14	5171317.11	398.709
21653726.29	5171297.1	282.443
21653798.43	5171277.09	315.717
21653870.58	5171257.08	184.762
21653942.73	5171237.08	245.564
21654014.87	5171217.07	329.781
21654087.02	5171197.06	447.734
21654159.17	5171177.05	489.999
21654231.32	5171157.04	338.623
21654303.46	5171137.04	526.759
21654375.61	5171117.03	156.694
21654447.76	5171097.02	205.787
21654519.9	5171077.01	373.091
21654592.05	5171057	447.994
21654664.2	5171037	736.615
21654736.34	5171016.99	702.026
21654808.49	5170996.98	618.232
21654880.64	5170976.97	665.838
21654952.78	5170956.96	620.251
21655024.93	5170936.96	425.47
21655097.08	5170916.95	367.224
21655169.22	5170896.94	445.636
21655241.37	5170876.93	229.491
21655313.52	5170856.92	35.225
21655385.66	5170836.92	90.6728
21655457.81	5170816.91	126.953
21655529.96	5170796.9	562.493
21655602.1	5170776.89	338.716
21655674.25	5170756.88	160.74
21655746.4	5170736.88	250.192
21655818.54	5170716.87	421.08
21655890.69	5170696.86	482.953
21655962.84	5170676.85	504.881
21656034.98	5170656.84	605.828
21656107.13	5170636.83	334.092
21656179.28	5170616.83	22.8144
21656251.42	5170596.82	127.557
21656323.57	5170576.81	194.941
21656395.72	5170556.8	135.638
21656467.86	5170536.79	54.0611
21656540.01	5170516.79	17.1156
21656612.16	5170496.78	37.0626
21656684.3	5170476.77	197.515
21656756.45	5170456.76	519.223
21656828.6	5170436.75	546.746
21656900.74	5170416.75	385.69
21656972.89	5170396.74	337.487
21657045.04	5170376.73	661.023
21657117.18	5170356.72	672.917
21657189.33	5170336.71	459.061
21657261.48	5170316.71	143.949
21657333.62	5170296.7	304.626
21657405.77	5170276.69	409.544
21657477.92	5170256.68	269.871
21657550.06	5170236.67	317.218
21657622.21	5170216.67	345.62
21657694.36	5170196.66	609.943
21657766.5	5170176.65	652.317
21657838.65	5170156.64	8.59
21657910.8	5170136.63	392.59
21657982.94	5170116.63	293.676
21658055.09	5170096.62	613.992
21658127.24	5170076.61	34.4544
21658199.38	5170056.6	33.9237
21658271.53	5170036.59	70.9
21658343.68	5170016.59	126.751
21658415.82	5169996.58	392.173
21658487.97	5169976.57	703.063
21658560.12	5169956.56	433.013
21658632.26	5169936.55	36.5817
21658704.41	5169916.55	36.7206
21658776.56	5169896.54	51.9761
21658848.7	5169876.53	38.9789
21658920.85	5169856.52	230.803
21658993	5169836.51	103.103
21659065.14	5169816.5	36.6557
21653313.03	5171487.92	176.395
21653385.18	5171467.91	280.335
21653457.33	5171447.9	326.223
21653529.47	5171427.9	401.509
21653601.62	5171407.89	285.252
21653673.77	5171387.88	353.812
21653745.91	5171367.87	488.633
21653818.06	5171347.86	445.122
21653890.21	5171327.86	305.856
21653962.35	5171307.85	206.838
21654034.5	5171287.84	225.626
21654106.65	5171267.83	258.752
21654178.79	5171247.82	422.807
21654250.94	5171227.82	507.676
21654323.09	5171207.81	471.593
21654395.23	5171187.8	35.5584
21654467.38	5171167.79	117.069
21654539.53	5171147.78	314.954
21654611.67	5171127.77	21.5872
21654683.82	5171107.77	289.057
21654755.97	5171087.76	348.363
21654828.12	5171067.75	264.314
21654900.26	5171047.74	370.167
21654972.41	5171027.73	495.258
21655044.56	5171007.73	116.832
21655116.7	5170987.72	328.71
21655188.85	5170967.71	647.956
21655261	5170947.7	386.55
21655333.14	5170927.69	525.482
21655405.29	5170907.69	254.657
21655477.44	5170887.68	213.851
21655549.58	5170867.67	600.459
21655621.73	5170847.66	482.446
21655693.88	5170827.65	256.135
21655766.02	5170807.65	163.439
21655838.17	5170787.64	456.383
21655910.32	5170767.63	608.448
21655982.46	5170747.62	425.397
21656054.61	5170727.61	270.031
21656126.76	5170707.61	134.129
21656198.9	5170687.6	67.0139
21656271.05	5170667.59	139.708
21656343.2	5170647.58	80.4
21656415.34	5170627.57	162.073
21656487.49	5170607.57	211.607
21656559.64	5170587.56	158.342
21656631.78	5170567.55	11.2
21656703.93	5170547.54	416.353
21656776.08	5170527.53	418.547
21656848.22	5170507.53	58.8339
21656920.37	5170487.52	5.20722
21656992.52	5170467.51	399.896
21657064.66	5170447.5	701.072
21657136.81	5170427.49	678.27
21657208.96	5170407.48	576.122
21657281.1	5170387.48	26.2267
21657353.25	5170367.47	122.134
21657425.4	5170347.46	482.967
21657497.54	5170327.45	646.633
21657569.69	5170307.44	660.106
21657641.84	5170287.44	630.765
21657713.98	5170267.43	706.657
21657786.13	5170247.42	497.695
21657858.28	5170227.41	28.5781
21657930.42	5170207.4	201.487
21658002.57	5170187.4	392.729
21658074.72	5170167.39	454.192
21658146.86	5170147.38	35.1277
21658219.01	5170127.37	32.9565
21658291.16	5170107.36	76.5144
21658363.3	5170087.36	268.016
21658435.45	5170067.35	575.476
21658507.6	5170047.34	559.662
21658579.74	5170027.33	621.784
21658651.89	5170007.32	90.025
21658724.04	5169987.32	81.5561
21658796.18	5169967.31	140.823
21658868.33	5169947.3	15.2683
21658940.48	5169927.29	34.6549
21659012.62	5169907.28	34.263
21659084.77	5169887.28	34.7888
21653260.51	5171578.7	366.026
21653332.66	5171558.69	307.445
21653404.81	5171538.68	386.069
21653476.95	5171518.67	508.49
21653549.1	5171498.67	555.664
21653621.25	5171478.66	404.762
21653693.39	5171458.65	272.907
21653765.54	5171438.64	231.017
21653837.69	5171418.63	427.831
21653909.83	5171398.63	419.825
21653981.98	5171378.62	178.416
21654054.13	5171358.61	161.51
21654126.27	5171338.6	227.066
21654198.42	5171318.59	297.893
21654270.57	5171298.59	311.644
21654342.71	5171278.58	445.693
21654414.86	5171258.57	28.6929
21654487.01	5171238.56	36.1375
21654559.15	5171218.55	191.527
21654631.3	5171198.55	100.009
21654703.45	5171178.54	254.296
21654775.59	5171158.53	235.264
21654847.74	5171138.52	36.0912
21654919.89	5171118.51	35.9556
21654992.04	5171098.51	364.053
21655064.18	5171078.5	645.897
21655136.33	5171058.49	587.147
21655208.48	5171038.48	655.569
21655280.62	5171018.47	380.594
21655352.77	5170998.47	300.987
21655424.92	5170978.46	374.851
21655497.06	5170958.45	585.037
21655569.21	5170938.44	490.182
21655641.36	5170918.43	423.701
21655713.5	5170898.42	376.53
21655785.65	5170878.42	644.887
21655857.8	5170858.41	631.927
21655929.94	5170838.4	342.164
21656002.09	5170818.39	78.7583
21656074.24	5170798.38	110.248
21656146.38	5170778.38	37.6597
21656218.53	5170758.37	46.5311
21656290.68	5170738.36	69.8294
21656362.82	5170718.35	8.24167
21656434.97	5170698.34	37.3789
21656507.12	5170678.34	4.72556
21656579.26	5170658.33	36.7291
21656651.41	5170638.32	176.551
21656723.56	5170618.31	429.085
21656795.7	5170598.3	107.611
21656867.85	5170578.3	35.2498
21656940	5170558.29	30.1141
21657012.14	5170538.28	43.0289
21657084.29	5170518.27	414.678
21657156.44	5170498.26	546.002
21657228.58	5170478.26	544.009
21657300.73	5170458.25	164.09
21657372.88	5170438.24	80.9583
21657445.02	5170418.23	293.076
21657517.17	5170398.22	624.737
21657589.32	5170378.22	693.567
21657661.46	5170358.21	633.289
21657733.61	5170338.2	447.047
21657805.76	5170318.19	465.918
21657877.9	5170298.18	86.5939
21657950.05	5170278.18	90.1094
21658022.2	5170258.17	167.33
21658094.34	5170238.16	613.288
21658166.49	5170218.15	172.134
21658238.64	5170198.14	63.155
21658310.78	5170178.13	134.961
21658382.93	5170158.13	37.6098
21658455.08	5170138.12	189.107
21658527.22	5170118.11	31.6138
21658599.37	5170098.1	441.508
21658671.52	5170078.09	97.2861
21658743.66	5170058.09	79.3189
21658815.81	5170038.08	102.23
21658887.96	5170018.07	34.5359
21658960.1	5169998.06	31.103
21659032.25	5169978.05	28.8636
21659104.4	5169958.05	27.125
21653280.14	5171649.47	585.891
21653352.29	5171629.46	610.252
21653424.43	5171609.45	546.847
21653496.58	5171589.45	580.931
21653568.73	5171569.44	615.789
21653640.87	5171549.43	393.743
21653713.02	5171529.42	102.956
21653785.17	5171509.41	17.3939
21653857.31	5171489.4	307.595
21653929.46	5171469.4	529.364
21654001.61	5171449.39	145.058
21654073.75	5171429.38	91.2089
21654145.9	5171409.37	259.308
21654218.05	5171389.36	146.024
21654290.19	5171369.36	222.303
21654362.34	5171349.35	347.525
21654434.49	5171329.34	353.339
21654506.63	5171309.33	157.398
21654578.78	5171289.32	197.044
21654650.93	5171269.32	188.872
21654723.07	5171249.31	177.326
21654795.22	5171229.3	199.678
21654867.37	5171209.29	50.4372
21654939.51	5171189.28	137.293
21655011.66	5171169.28	172.834
21655083.81	5171149.27	433.072
21655155.95	5171129.26	446.313
21655228.1	5171109.25	340.861
21655300.25	5171089.24	50.6039
21655372.39	5171069.24	87.6311
21655444.54	5171049.23	219.799
21655516.69	5171029.22	293.956
21655588.84	5171009.21	345.061
21655660.98	5170989.2	427.347
21655733.13	5170969.2	633.999
21655805.28	5170949.19	593.437
21655877.42	5170929.18	717
21655949.57	5170909.17	406.927
21656021.72	5170889.16	144.891
21656093.86	5170869.16	233.598
21656166.01	5170849.15	63.1494
21656238.16	5170829.14	98.665
21656310.3	5170809.13	48.6911
21656382.45	5170789.12	43.2739
21656454.6	5170769.11	34.1449
21656526.74	5170749.11	0.5
21656598.89	5170729.1	23.12
21656671.04	5170709.09	233.329
21656743.18	5170689.08	430.101
21656815.33	5170669.07	301.873
21656887.48	5170649.07	23.4722
21656959.62	5170629.06	15.4928
21657031.77	5170609.05	195.148
21657103.92	5170589.04	400.31
21657176.06	5170569.03	627.683
21657248.21	5170549.03	676.493
21657320.36	5170529.02	479.587
21657392.5	5170509.01	36.4135
21657464.65	5170489	211.156
21657536.8	5170468.99	627.824
21657608.94	5170448.99	723.053
21657681.09	5170428.98	595.198
21657753.24	5170408.97	332.098
21657825.38	5170388.96	192.973
21657897.53	5170368.95	32.7755
21657969.68	5170348.95	34.5015
21658041.82	5170328.94	380.167
21658113.97	5170308.93	8.55389
21658186.12	5170288.92	43.86
21658258.26	5170268.91	233.75
21658330.41	5170248.91	582.673
21658402.56	5170228.9	287.911
21658474.7	5170208.89	0.5
21658546.85	5170188.88	27.3938
21658619	5170168.87	284.524
21658691.14	5170148.87	313.229
21658763.29	5170128.86	119.283
21658835.44	5170108.85	37.366
21658907.58	5170088.84	96.0189
21658979.73	5170068.83	213.962
21659051.88	5170048.83	32.4541
21653299.77	5171720.24	586.233
21653371.91	5171700.23	638.221
21653444.06	5171680.22	556.947
21653516.21	5171660.22	552.686
21653588.35	5171640.21	588.742
21653660.5	5171620.2	465.14
21653732.65	5171600.19	162.367
21653804.79	5171580.18	55.1378
21653876.94	5171560.18	340.049
21653949.09	5171540.17	581.448
21654021.23	5171520.16	346.476
21654093.38	5171500.15	374.633
21654165.53	5171480.14	328.254
21654237.67	5171460.14	154.096
21654309.82	5171440.13	240.49
21654381.97	5171420.12	353.854
21654454.11	5171400.11	582.463
21654526.26	5171380.1	560.547
21654598.41	5171360.09	299.751
21654670.55	5171340.09	260.408
21654742.7	5171320.08	5.155
21654814.85	5171300.07	33.5913
21654886.99	5171280.06	112.804
21654959.14	5171260.05	438.627
21655031.29	5171240.05	420.257
21655103.43	5171220.04	544.674
21655175.58	5171200.03	324.688
21655247.73	5171180.02	34.7887
21655319.87	5171160.01	203.645
21655392.02	5171140.01	103.368
21655464.17	5171120	74.7844
21655536.31	5171099.99	132.794
21655608.46	5171079.98	176.198
21655680.61	5171059.97	274.134
21655752.76	5171039.97	566.851
21655824.9	5171019.96	654.141
21655897.05	5170999.95	714.579
21655969.2	5170979.94	569.153
21656041.34	5170959.93	346.973
21656113.49	5170939.93	153.852
21656185.64	5170919.92	122.857
21656257.78	5170899.91	35.0224
21656329.93	5170879.9	34.157
21656402.08	5170859.89	105.452
21656474.22	5170839.89	30.9783
21656546.37	5170819.88	36.8263
21656618.52	5170799.87	11.7129
21656690.66	5170779.86	402.052
21656762.81	5170759.85	589.051
21656834.96	5170739.85	236.068
21656907.1	5170719.84	195.851
21656979.25	5170699.83	183.274
21657051.4	5170679.82	296.007
21657123.54	5170659.81	536.248
21657195.69	5170639.81	488.484
21657267.84	5170619.8	548.617
21657339.98	5170599.79	367.719
21657412.13	5170579.78	254.49
21657484.28	5170559.77	524.265
21657556.42	5170539.76	708.626
21657628.57	5170519.76	437.714
21657700.72	5170499.75	263.543
21657772.86	5170479.74	187.402
21657845.01	5170459.73	35.0294
21657917.16	5170439.72	0.625
21657989.3	5170419.72	35.3617
21658061.45	5170399.71	467.153
21658133.6	5170379.7	230.96
21658205.74	5170359.69	320.183
21658277.89	5170339.68	262.563
21658350.04	5170319.68	488.475
21658422.18	5170299.67	65.2594
21658494.33	5170279.66	35.2538
21658566.48	5170259.65	9.46667
21658638.62	5170239.64	419.111
21658710.77	5170219.64	539.29
21658782.92	5170199.63	379.156
21658855.06	5170179.62	450.449
21658927.21	5170159.61	165.446
21658999.36	5170139.6	388.59
21659071.5	5170119.6	37.8511
21653247.25	5171811.02	422.529
21653319.39	5171791.01	477.349
21653391.54	5171771	558.559
21653463.69	5171750.99	580.416
21653535.83	5171730.99	599.029
21653607.98	5171710.98	596.773
21653680.13	5171690.97	599.559
21653752.27	5171670.96	343.931
21653824.42	5171650.95	175.815
21653896.57	5171630.95	245.719
21653968.71	5171610.94	616.827
21654040.86	5171590.93	448.566
21654113.01	5171570.92	121.161
21654185.15	5171550.91	161.128
21654257.3	5171530.91	288.019
21654329.45	5171510.9	428.568
21654401.59	5171490.89	555.926
21654473.74	5171470.88	502.951
21654545.89	5171450.87	472.423
21654618.03	5171430.87	53.065
21654690.18	5171410.86	36.4729
21654762.33	5171390.85	32.1663
21654834.47	5171370.84	26.9905
21654906.62	5171350.83	92.6228
21654978.77	5171330.83	227.31
21655050.91	5171310.82	253.087
21655123.06	5171290.81	531.267
21655195.21	5171270.8	132.837
21655267.35	5171250.79	35.4678
21655339.5	5171230.79	60.5094
21655411.65	5171210.78	11.0811
21655483.79	5171190.77	93.5011
21655555.94	5171170.76	243.789
21655628.09	5171150.75	371.001
21655700.23	5171130.74	497.481
21655772.38	5171110.74	641.367
21655844.53	5171090.73	791.992
21655916.67	5171070.72	710.472
21655988.82	5171050.71	455.367
21656060.97	5171030.7	315.593
21656133.11	5171010.7	20.3883
21656205.26	5170990.69	31.3167
21656277.41	5170970.68	40.3494
21656349.56	5170950.67	7.46278
21656421.7	5170930.66	141.803
21656493.85	5170910.66	166.257
21656566	5170890.65	170.786
21656638.14	5170870.64	532.932
21656710.29	5170850.63	656.198
21656782.44	5170830.62	327.13
21656854.58	5170810.62	126.699
21656926.73	5170790.61	211.206
21656998.88	5170770.6	90.2617
21657071.02	5170750.59	384.632
21657143.17	5170730.58	640.89
21657215.32	5170710.58	659.959
21657287.46	5170690.57	581.296
21657359.61	5170670.56	446.428
21657431.76	5170650.55	463.048
21657503.9	5170630.54	527.11
21657576.05	5170610.54	514.214
21657648.2	5170590.53	153.743
21657720.34	5170570.52	29.4
21657792.49	5170550.51	36.1804
21657864.64	5170530.5	159.332
21657936.78	5170510.5	211.528
21658008.93	5170490.49	321.668
21658081.08	5170470.48	572.93
21658153.22	5170450.47	606.193
21658225.37	5170430.46	175.213
21658297.52	5170410.46	34.8517
21658369.66	5170390.45	1.04889
21658441.81	5170370.44	29.2229
21658513.96	5170350.43	35.5602
21658586.1	5170330.42	3.355
21658658.25	5170310.41	405.276
21658730.4	5170290.41	490.712
21658802.54	5170270.4	606.837
21658874.69	5170250.39	564.393
21658946.84	5170230.38	319.482
21659018.98	5170210.37	387.926
21659091.13	5170190.37	81.145
21653266.87	5171881.79	397.734
21653339.02	5171861.78	449.173
21653411.17	5171841.77	567.913
21653483.31	5171821.77	654.952
21653555.46	5171801.76	663.287
21653627.61	5171781.75	653.075
21653699.75	5171761.74	571.833
21653771.9	5171741.73	447.284
21653844.05	5171721.73	324.744
21653916.19	5171701.72	287.769
21653988.34	5171681.71	557.622
21654060.49	5171661.7	615.853
21654132.63	5171641.69	106.906
21654204.78	5171621.68	74.8744
21654276.93	5171601.68	219.197
21654349.07	5171581.67	298.498
21654421.22	5171561.66	271.048
21654493.37	5171541.65	193.39
21654565.51	5171521.64	368.944
21654637.66	5171501.64	42.84
21654709.81	5171481.63	22.1606
21654781.95	5171461.62	24.4074
21654854.1	5171441.61	22.856
21654926.25	5171421.6	30.4544
21654998.39	5171401.6	36.1746
21655070.54	5171381.59	35.6783
21655142.69	5171361.58	367.324
21655214.83	5171341.57	419.242
21655286.98	5171321.56	32.7239
21655359.13	5171301.56	11.7961
21655431.27	5171281.55	12.3983
21655503.42	5171261.54	189.926
21655575.57	5171241.53	427.372
21655647.71	5171221.52	461.563
21655719.86	5171201.52	502.97
21655792.01	5171181.51	652.395
21655864.15	5171161.5	649.681
21655936.3	5171141.49	716.333
21656008.45	5171121.48	400.801
21656080.59	5171101.48	264.547
21656152.74	5171081.47	103.221
21656224.89	5171061.46	56.2644
21656297.03	5171041.45	187.074
21656369.18	5171021.44	383.367
21656441.33	5171001.44	295.952
21656513.48	5170981.43	385.811
21656585.62	5170961.42	568.699
21656657.77	5170941.41	471.099
21656729.91	5170921.4	270.238
21656802.06	5170901.39	250.102
21656874.21	5170881.39	128.694
21656946.36	5170861.38	35.6976
21657018.5	5170841.37	35.7128
21657090.65	5170821.36	428.267
21657162.8	5170801.35	541.077
21657234.94	5170781.35	615.594
21657307.09	5170761.34	539.622
21657379.24	5170741.33	526.683
21657451.38	5170721.32	564.254
21657523.53	5170701.31	561.408
21657595.68	5170681.31	460.576
21657667.82	5170661.3	258.069
21657739.97	5170641.29	205.761
21657812.12	5170621.28	382.713
21657884.26	5170601.27	392.868
21657956.41	5170581.27	496.118
21658028.56	5170561.26	636.875
21658100.7	5170541.25	559.027
21658172.85	5170521.24	340.059
21658245	5170501.23	347.362
21658317.14	5170481.23	155.231
21658389.29	5170461.22	33.8677
21658461.44	5170441.21	0.5
21658533.58	5170421.2	0.5
21658605.73	5170401.19	0.5
21658677.88	5170381.19	20.4116
21658750.02	5170361.18	33.6269
21658822.17	5170341.17	325.993
21658894.32	5170321.16	503.929
21658966.46	5170301.15	37.6782
21659038.61	5170281.15	185.745
21653286.5	5171952.56	518.44
21653358.65	5171932.55	485.331
21653430.79	5171912.54	556.629
21653502.94	5171892.54	539.384
21653575.09	5171872.53	625.299
21653647.23	5171852.52	610.476
21653719.38	5171832.51	595.08
21653791.53	5171812.5	558.56
21653863.67	5171792.5	455.271
21653935.82	5171772.49	314.446
21654007.97	5171752.48	408.688
21654080.11	5171732.47	243.5
21654152.26	5171712.46	37.715
21654224.41	5171692.46	19.0317
21654296.55	5171672.45	94.4694
21654368.7	5171652.44	61.6183
21654440.85	5171632.43	55.9183
21654512.99	5171612.42	19.5683
21654585.14	5171592.42	285.441
21654657.29	5171572.41	34.395
21654729.43	5171552.4	26.5018
21654801.58	5171532.39	26.0186
21654873.73	5171512.38	20.0009
21654945.87	5171492.37	24.8081
21655018.02	5171472.37	28.4445
21655090.17	5171452.36	32.2276
21655162.31	5171432.35	455.751
21655234.46	5171412.34	207.505
21655306.61	5171392.33	14.1
21655378.75	5171372.33	74.73
21655450.9	5171352.32	71.7144
21655523.05	5171332.31	214.331
21655595.19	5171312.3	286.074
21655667.34	5171292.29	363.379
21655739.49	5171272.29	293.133
21655811.63	5171252.28	474.743
21655883.78	5171232.27	632.371
21655955.93	5171212.26	636.616
21656028.07	5171192.25	365.588
21656100.22	5171172.25	282.977
21656172.37	5171152.24	272.683
21656244.51	5171132.23	262.831
21656316.66	5171112.22	354.394
21656388.81	5171092.21	437.136
21656460.95	5171072.21	387.928
21656533.1	5171052.2	453.704
21656605.25	5171032.19	457.632
21656677.39	5171012.18	358.194
21656749.54	5170992.17	250.64
21656821.69	5170972.17	210.724
21656893.84	5170952.16	60.4011
21656965.98	5170932.15	82.3206
21657038.13	5170912.14	88.0422
21657110.27	5170892.13	453.593
21657182.42	5170872.13	423.401
21657254.57	5170852.12	549.098
21657326.72	5170832.11	560.171
21657398.86	5170812.1	482.474
21657471.01	5170792.09	516.408
21657543.16	5170772.09	479.869
21657615.3	5170752.08	523.944
21657687.45	5170732.07	486.928
21657759.6	5170712.06	626.884
21657831.74	5170692.05	590.331
21657903.89	5170672.04	569.064
21657976.04	5170652.04	611.412
21658048.18	5170632.03	657.116
21658120.33	5170612.02	593.867
21658192.48	5170592.01	121.568
21658264.62	5170572	45.7094
21658336.77	5170552	33.5611
21658408.92	5170531.99	0.5
21658481.06	5170511.98	0.5
21658553.21	5170491.97	0.5
21658625.36	5170471.96	0.5
21658697.5	5170451.96	13
21658769.65	5170431.95	0.5
21658841.8	5170411.94	36.539
21658913.94	5170391.93	290.898
21658986.09	5170371.92	20.7789
21659058.24	5170351.92	180.782
21653306.13	5172023.33	576.997
21653378.27	5172003.32	540.871
21653450.42	5171983.31	547.9
21653522.57	5171963.31	487.436
21653594.71	5171943.3	735.498
21653666.86	5171923.29	602.627
21653739.01	5171903.28	730.032
21653811.15	5171883.27	703.288
21653883.3	5171863.27	531.555
21653955.45	5171843.26	203.236
21654027.59	5171823.25	327.05
21654099.74	5171803.24	290.152
21654171.89	5171783.23	5.72833
21654244.03	5171763.23	5.94611
21654316.18	5171743.22	49.1117
21654388.33	5171723.21	21.595
21654460.47	5171703.2	37.3627
21654532.62	5171683.19	31.5644
21654604.77	5171663.19	36.3637
21654676.91	5171643.18	26.18
21654749.06	5171623.17	22.5794
21654821.21	5171603.16	13.6801
21654893.35	5171583.15	16.002
21654965.5	5171563.15	20.8021
21655037.65	5171543.14	24.5478
21655109.79	5171523.13	34.7641
21655181.94	5171503.12	401.239
21655254.09	5171483.11	35.8121
21655326.23	5171463.11	37.4975
21655398.38	5171443.1	31.07
21655470.53	5171423.09	55.9411
21655542.67	5171403.08	120.237
21655614.82	5171383.07	197.561
21655686.97	5171363.07	323.962
21655759.11	5171343.06	330.467
21655831.26	5171323.05	482.805
21655903.41	5171303.04	522.837
21655975.55	5171283.03	473.969
21656047.7	5171263.02	399.276
21656119.85	5171243.02	296.278
21656191.99	5171223.01	329.072
21656264.14	5171203	360.971
21656336.29	5171182.99	426.06
21656408.43	5171162.98	421.459
21656480.58	5171142.98	324.328
21656552.73	5171122.97	610.088
21656624.87	5171102.96	480.167
21656697.02	5171082.95	306.119
21656769.17	5171062.94	152.457
21656841.31	5171042.94	182.499
21656913.46	5171022.93	95.4094
21656985.61	5171002.92	24.575
21657057.75	5170982.91	25.8167
21657129.9	5170962.9	194.554
21657202.05	5170942.9	486.588
21657274.19	5170922.89	665.508
21657346.34	5170902.88	698.182
21657418.49	5170882.87	329.639
21657490.64	5170862.86	452.207
21657562.78	5170842.86	492.589
21657634.93	5170822.85	587.934
21657707.08	5170802.84	665.133
21657779.22	5170782.83	711.109
21657851.37	5170762.82	639.809
21657923.52	5170742.82	637.292
21657995.66	5170722.81	623.967
21658067.81	5170702.8	570.744
21658139.96	5170682.79	350.516
21658212.1	5170662.78	28.78
21658284.25	5170642.78	32.556
21658356.4	5170622.77	30.0486
21658428.54	5170602.76	0.5
21658500.69	5170582.75	0.5
21658572.84	5170562.74	26.6629
21658644.98	5170542.74	0.5
21658717.13	5170522.73	0.5
21658789.28	5170502.72	0.5
21658861.42	5170482.71	0.5
21658933.57	5170462.7	238.669
21659005.72	5170442.69	345.876
21659077.86	5170422.69	51.9528
21653253.61	5172114.11	706.602
21653325.75	5172094.1	638.758
21653397.9	5172074.09	567.66
21653470.05	5172054.09	527.617
21653542.19	5172034.08	436.114
21653614.34	5172014.07	510.009
21653686.49	5171994.06	594.243
21653758.63	5171974.05	713.815
21653830.78	5171954.05	710.38
21653902.93	5171934.04	538.513
21653975.07	5171914.03	363.156
21654047.22	5171894.02	677.327
21654119.37	5171874.01	598.246
21654191.51	5171854	264.618
21654263.66	5171834	193.054
21654335.81	5171813.99	41.1517
21654407.95	5171793.98	35.5319
21654480.1	5171773.97	25.5062
21654552.25	5171753.96	17.5071
21654624.39	5171733.96	21.2665
21654696.54	5171713.95	18.0048
21654768.69	5171693.94	12.7355
21654840.83	5171673.93	14.1466
21654912.98	5171653.92	19.696
21654985.13	5171633.92	18.9177
21655057.27	5171613.91	22.6564
21655129.42	5171593.9	31.1807
21655201.57	5171573.89	422.402
21655273.71	5171553.88	165.159
21655345.86	5171533.88	35.8119
21655418.01	5171513.87	32.5281
21655490.15	5171493.86	34.2418
21655562.3	5171473.85	38.0783
21655634.45	5171453.84	198.726
21655706.59	5171433.84	323.886
21655778.74	5171413.83	355.614
21655850.89	5171393.82	545.664
21655923.03	5171373.81	524.248
21655995.18	5171353.8	480.138
21656067.33	5171333.8	489.336
21656139.47	5171313.79	458.754
21656211.62	5171293.78	438.124
21656283.77	5171273.77	569.528
21656355.91	5171253.76	343.957
21656428.06	5171233.76	331.985
21656500.21	5171213.75	213.948
21656572.35	5171193.74	506.352
21656644.5	5171173.73	586.208
21656716.65	5171153.72	163.998
21656788.79	5171133.72	77.9456
21656860.94	5171113.71	18.555
21656933.09	5171093.7	36.3256
21657005.23	5171073.69	36.6427
21657077.38	5171053.68	35.4676
21657149.53	5171033.67	287.337
21657221.67	5171013.67	372.648
21657293.82	5170993.66	321.452
21657365.97	5170973.65	321.579
21657438.11	5170953.64	134.764
21657510.26	5170933.63	425.739
21657582.41	5170913.63	512.317
21657654.55	5170893.62	549.334
21657726.7	5170873.61	671.991
21657798.85	5170853.6	737.483
21657870.99	5170833.59	719.263
21657943.14	5170813.59	713.429
21658015.29	5170793.58	689.949
21658087.44	5170773.57	591.949
21658159.58	5170753.56	362.553
21658231.73	5170733.55	53.3822
21658303.88	5170713.55	15.9789
21658376.02	5170693.54	33.6921
21658448.17	5170673.53	0.5
21658520.32	5170653.52	0.5
21658592.46	5170633.51	0.5
21658664.61	5170613.51	0.5
21658736.76	5170593.5	0.5
21658808.9	5170573.49	0.5
21658881.05	5170553.48	0.5
21658953.2	5170533.47	0.5
21659025.34	5170513.47	0.5
21659097.49	5170493.46	0.5
21653273.23	5172184.88	666.208
21653345.38	5172164.87	663.401
21653417.53	5172144.86	588.704
21653489.67	5172124.86	474.598
21653561.82	5172104.85	448.403
21653633.97	5172084.84	561.039
21653706.11	5172064.83	427.269
21653778.26	5172044.82	420.652
21653850.41	5172024.82	406.326
21653922.55	5172004.81	347.435
21653994.7	5171984.8	420.294
21654066.85	5171964.79	477.792
21654138.99	5171944.78	262.227
21654211.14	5171924.78	116.603
21654283.29	5171904.77	116.651
21654355.43	5171884.76	68.2639
21654427.58	5171864.75	35.1861
21654499.73	5171844.74	27.4766
21654571.87	5171824.74	20.7383
21654644.02	5171804.73	20.7416
21654716.17	5171784.72	13.3407
21654788.31	5171764.71	13.0381
21654860.46	5171744.7	12.7634
21654932.61	5171724.7	14.3205
21655004.75	5171704.69	19.0663
21655076.9	5171684.68	24.1752
21655149.05	5171664.67	32.3727
21655221.19	5171644.66	447.998
21655293.34	5171624.65	45.1833
21655365.49	5171604.65	36.9661
21655437.63	5171584.64	37.2209
21655509.78	5171564.63	68.6894
21655581.93	5171544.62	238.781
21655654.07	5171524.61	211.737
21655726.22	5171504.61	369.268
21655798.37	5171484.6	388.231
21655870.51	5171464.59	398.506
21655942.66	5171444.58	458.336
21656014.81	5171424.57	540.097
21656086.95	5171404.57	504.591
21656159.1	5171384.56	485.458
21656231.25	5171364.55	536.627
21656303.39	5171344.54	547.062
21656375.54	5171324.53	357.147
21656447.69	5171304.53	300.888
21656519.83	5171284.52	342.112
21656591.98	5171264.51	421.692
21656664.13	5171244.5	529.342
21656736.27	5171224.49	225.257
21656808.42	5171204.49	72.9439
21656880.57	5171184.48	49.0611
21656952.71	5171164.47	35.2486
21657024.86	5171144.46	33.3301
21657097.01	5171124.45	37.4934
21657169.15	5171104.45	449.807
21657241.3	5171084.44	594.413
21657313.45	5171064.43	480.174
21657385.59	5171044.42	544.732
21657457.74	5171024.41	189.797
21657529.89	5171004.41	490.266
21657602.03	5170984.4	596.673
21657674.18	5170964.39	551.364
21657746.33	5170944.38	574.198
21657818.47	5170924.37	647.715
21657890.62	5170904.36	732.997
21657962.77	5170884.36	707.567
21658034.91	5170864.35	671.973
21658107.06	5170844.34	601.161
21658179.21	5170824.33	446.868
21658251.36	5170804.32	383.203
21658323.5	5170784.32	234.722
21658395.65	5170764.31	33.6217
21658467.8	5170744.3	0.5
21658539.94	5170724.29	0.5
21658612.09	5170704.28	0.5
21658684.24	5170684.28	0.5
21658756.38	5170664.27	0.5
21658828.53	5170644.26	0.5
21658900.68	5170624.25	0.5
21658972.82	5170604.24	0.5
21659044.97	5170584.24	0.5
