21653307.22	5170346.33	0.5
21653379.37	5170326.32	25.7694
21653451.52	5170306.31	16.4627
21653523.66	5170286.3	19.5743
21653595.81	5170266.29	31.8856
21653667.96	5170246.29	26.5821
21653740.1	5170226.28	0.5
21653812.25	5170206.27	319.449
21653884.4	5170186.26	476.674
21653956.54	5170166.25	713.175
21654028.69	5170146.25	709.293
21654100.84	5170126.24	520.714
21654172.98	5170106.23	478.448
21654245.13	5170086.22	566.034
21654317.28	5170066.21	632.827
21654389.42	5170046.21	215.502
21654461.57	5170026.2	31.4271
21654533.72	5170006.19	20.6571
21654605.86	5169986.18	20.6987
21654678.01	5169966.17	35.511
21654750.16	5169946.17	60.5261
21654822.31	5169926.16	36.3209
21654894.45	5169906.15	21.0423
21654966.6	5169886.14	21.1534
21655038.75	5169866.13	34.1414
21655110.89	5169846.13	583.891
21655183.04	5169826.12	546.15
21655255.19	5169806.11	329.17
21655327.33	5169786.1	50.3817
21655399.48	5169766.09	37.868
21653254.7	5170437.11	152.68
21653326.85	5170417.1	31.0629
21653399	5170397.09	23.3882
21653471.14	5170377.08	15.9086
21653543.29	5170357.07	19.3004
21653615.44	5170337.07	27.4231
21653687.58	5170317.06	34.6722
21653759.73	5170297.05	378.361
21653831.88	5170277.04	350.249
21653904.02	5170257.03	272.761
21653976.17	5170237.03	500.085
21654048.32	5170217.02	461.533
21654120.46	5170197.01	441.781
21654192.61	5170177	242.497
21654264.76	5170156.99	357.752
21654336.9	5170136.98	547.032
21654409.05	5170116.98	63.9594
21654481.2	5170096.97	26.028
21654553.34	5170076.96	20.6512
21654625.49	5170056.95	15.5761
21654697.64	5170036.94	25.2768
21654769.78	5170016.94	28.3475
21654841.93	5169996.93	28.5115
21654914.08	5169976.92	26.3235
21654986.23	5169956.91	28.2495
21655058.37	5169936.9	4.22667
21655130.52	5169916.9	446.853
21655202.66	5169896.89	636.474
21655274.81	5169876.88	517.328
21655346.96	5169856.87	228.206
21655419.11	5169836.86	30.3342
21655491.25	5169816.86	24.2323
21655563.4	5169796.85	15.9053
21655635.55	5169776.84	16.938
21655707.69	5169756.83	34.3875
21655779.84	5169736.82	21.8381
21655851.99	5169716.82	8.89667
21655924.13	5169696.81	133.9
21655996.28	5169676.8	308.09
21656068.43	5169656.79	315.893
21656140.57	5169636.78	492.353
21656212.72	5169616.78	601.816
21656284.87	5169596.77	456.857
21656357.01	5169576.76	646.601
21656429.16	5169556.75	619.554
21656501.31	5169536.74	499.402
21656573.45	5169516.74	352.492
21656645.6	5169496.73	34.421
21656717.75	5169476.72	350.498
21656789.89	5169456.71	618.278
21656862.04	5169436.7	385.467
21656934.19	5169416.69	173.773
21657006.33	5169396.69	133.887
21657078.48	5169376.68	614.521
21657150.63	5169356.67	723.511
21657222.77	5169336.66	374.714
21657294.92	5169316.65	319.853
21657367.07	5169296.65	410.036
21657439.21	5169276.64	174.357
21657511.36	5169256.63	0.5
21657583.51	5169236.62	0.5
21657655.65	5169216.61	0.5
21657727.8	5169196.61	0.5
21657799.95	5169176.6	13
21657872.09	5169156.59	19.7248
21657944.24	5169136.58	22.5983
21658016.39	5169116.57	33.1179
21658088.53	5169096.57	24.8999
21658160.68	5169076.56	0.5
21658232.83	5169056.55	0.5
21658304.97	5169036.54	506.158
21658377.12	5169016.53	545.042
21658449.27	5168996.53	764.311
21658521.41	5168976.52	804.851
21658593.56	5168956.51	790.519
21658665.71	5168936.5	784.342
21658737.85	5168916.49	722.771
21658810	5168896.49	460.231
21658882.15	5168876.48	253.981
21658954.29	5168856.47	380.789
21659026.44	5168836.46	412.035
21659098.59	5168816.45	605.595
21653274.33	5170507.88	444.471
21653346.48	5170487.87	258.606
21653418.62	5170467.86	11.8228
21653490.77	5170447.85	29.9137
21653562.92	5170427.84	29.3738
21653635.06	5170407.84	34.0176
21653707.21	5170387.83	35.7234
21653779.36	5170367.82	334.804
21653851.5	5170347.81	230.078
21653923.65	5170327.8	172.947
21653995.8	5170307.8	600.969
21654067.94	5170287.79	199.811
21654140.09	5170267.78	339.885
21654212.24	5170247.77	370.462
21654284.38	5170227.76	329.816
21654356.53	5170207.76	466.754
21654428.68	5170187.75	140.49
21654500.82	5170167.74	16.9489
21654572.97	5170147.73	32.5618
21654645.12	5170127.72	22.4056
21654717.26	5170107.72	21.4468
21654789.41	5170087.71	25.0662
21654861.56	5170067.7	29.8238
21654933.7	5170047.69	22.1147
21655005.85	5170027.68	33.1945
21655078	5170007.68	49.4122
21655150.14	5169987.67	249.84
21655222.29	5169967.66	644.819
21655294.44	5169947.65	682.343
21655366.58	5169927.64	575.299
21655438.73	5169907.63	340.448
21655510.88	5169887.63	18.1328
21655583.03	5169867.62	16.4228
21655655.17	5169847.61	30.9683
21655727.32	5169827.6	283.442
21655799.47	5169807.59	13.0361
21655871.61	5169787.59	35.6966
21655943.76	5169767.58	24.71
21656015.91	5169747.57	167.057
21656088.05	5169727.56	253.944
21656160.2	5169707.55	453.637
21656232.35	5169687.55	539.03
21656304.49	5169667.54	650.407
21656376.64	5169647.53	788.035
21656448.79	5169627.52	697.961
21656520.93	5169607.51	508.369
21656593.08	5169587.51	244.818
21656665.23	5169567.5	443.353
21656737.37	5169547.49	146.94
21656809.52	5169527.48	16.1839
21656881.67	5169507.47	48.1944
21656953.81	5169487.47	36.3719
21657025.96	5169467.46	35.1598
21657098.11	5169447.45	474.201
21657170.25	5169427.44	603.631
21657242.4	5169407.43	328.551
21657314.55	5169387.43	448.228
21657386.69	5169367.42	411.546
21657458.84	5169347.41	94.4778
21657530.99	5169327.4	0.5
21657603.13	5169307.39	0.5
21657675.28	5169287.39	0.5
21657747.43	5169267.38	0.5
21657819.57	5169247.37	13
21657891.72	5169227.36	14.8134
21657963.87	5169207.35	16.5195
21658036.01	5169187.34	25.8948
21658108.16	5169167.34	27.5392
21658180.31	5169147.33	0.5
21658252.45	5169127.32	0.5
21658324.6	5169107.31	351.946
21658396.75	5169087.3	452.201
21658468.89	5169067.3	636.944
21658541.04	5169047.29	656.126
21658613.19	5169027.28	735.043
21658685.33	5169007.27	768.422
21658757.48	5168987.26	676.507
21658829.63	5168967.26	453.011
21658901.77	5168947.25	301.472
21658973.92	5168927.24	286.712
21659046.07	5168907.23	273.206
21653293.96	5170578.65	340.166
21653366.1	5170558.64	547.981
21653438.25	5170538.63	408.247
21653510.4	5170518.62	372.603
21653582.54	5170498.61	618.639
21653654.69	5170478.61	332.507
21653726.84	5170458.6	32.0773
21653798.98	5170438.59	234.353
21653871.13	5170418.58	625.772
21653943.28	5170398.57	707.144
21654015.42	5170378.57	598.988
21654087.57	5170358.56	249.912
21654159.72	5170338.55	456.049
21654231.86	5170318.54	331.911
21654304.01	5170298.53	199.598
21654376.16	5170278.53	234.581
21654448.3	5170258.52	75.7789
21654520.45	5170238.51	332.278
21654592.6	5170218.5	629.977
21654664.74	5170198.49	221.548
21654736.89	5170178.49	20.416
21654809.04	5170158.48	29.6545
21654881.18	5170138.47	16.7261
21654953.33	5170118.46	15.7183
21655025.48	5170098.45	77.7556
21655097.62	5170078.45	55.43
21655169.77	5170058.44	135.952
21655241.92	5170038.43	580.567
21655314.06	5170018.42	709.09
21655386.21	5169998.41	743.604
21655458.36	5169978.41	444.423
21655530.5	5169958.4	492.637
21655602.65	5169938.39	590.5
21655674.8	5169918.38	392.977
21655746.95	5169898.37	370.388
21655819.09	5169878.37	34.8689
21655891.24	5169858.36	114.976
21655963.38	5169838.35	49.5078
21656035.53	5169818.34	71.5772
21656107.68	5169798.33	243.22
21656179.83	5169778.32	567.346
21656251.97	5169758.32	709.169
21656324.12	5169738.31	652.582
21656396.27	5169718.3	706.336
21656468.41	5169698.29	672.603
21656540.56	5169678.28	514.081
21656612.71	5169658.28	198.906
21656684.85	5169638.27	659.467
21656757	5169618.26	133.638
21656829.15	5169598.25	28.3299
21656901.29	5169578.24	65.2994
21656973.44	5169558.24	35.5727
21657045.59	5169538.23	30.6077
21657117.73	5169518.22	285.451
21657189.88	5169498.21	611.957
21657262.03	5169478.2	537.523
21657334.17	5169458.2	381.201
21657406.32	5169438.19	149.537
21657478.47	5169418.18	29.1175
21657550.61	5169398.17	0.5
21657622.76	5169378.16	0.5
21657694.91	5169358.16	32.936
21657767.05	5169338.15	1.11722
21657839.2	5169318.14	30.6439
21657911.35	5169298.13	15.8447
21657983.49	5169278.12	22.2406
21658055.64	5169258.12	25.4982
21658127.79	5169238.11	25.2701
21658199.93	5169218.1	0.5
21658272.08	5169198.09	0.5
21658344.23	5169178.08	33.8074
21658416.37	5169158.08	174.159
21658488.52	5169138.07	290.193
21658560.67	5169118.06	520.247
21658632.81	5169098.05	712.084
21658704.96	5169078.04	638.583
21658777.11	5169058.03	731.188
21658849.25	5169038.03	641.46
21658921.4	5169018.02	414.004
21658993.55	5168998.01	163.973
21659065.69	5168978	81.3061
21653313.58	5170649.42	15.6211
21653385.73	5170629.41	432.44
21653457.88	5170609.4	392.611
21653530.02	5170589.39	35.1595
21653602.17	5170569.39	456.929
21653674.32	5170549.38	335.771
21653746.46	5170529.37	321.06
21653818.61	5170509.36	526.068
21653890.76	5170489.35	570.848
21653962.9	5170469.35	715.449
21654035.05	5170449.34	569.775
21654107.2	5170429.33	463.536
21654179.34	5170409.32	400.503
21654251.49	5170389.31	259.831
21654323.64	5170369.3	479.696
21654395.78	5170349.3	216.343
21654467.93	5170329.29	24.4422
21654540.08	5170309.28	251.466
21654612.22	5170289.27	521.143
21654684.37	5170269.26	329.505
21654756.52	5170249.26	18.9903
21654828.66	5170229.25	28.5376
21654900.81	5170209.24	107.934
21654972.96	5170189.23	46.9706
21655045.1	5170169.22	25.1417
21655117.25	5170149.22	108.612
21655189.4	5170129.21	324.639
21655261.54	5170109.2	710.948
21655333.69	5170089.19	743.305
21655405.84	5170069.18	380.259
21655477.98	5170049.18	37.0838
21655550.13	5170029.17	470.159
21655622.28	5170009.16	705.196
21655694.42	5169989.15	419.668
21655766.57	5169969.14	37.5754
21655838.72	5169949.14	102.891
21655910.86	5169929.13	59.0922
21655983.01	5169909.12	152.808
21656055.16	5169889.11	305.027
21656127.3	5169869.1	257.105
21656199.45	5169849.1	513.212
21656271.6	5169829.09	628.789
21656343.75	5169809.08	604.858
21656415.89	5169789.07	729.064
21656488.04	5169769.06	640.562
21656560.19	5169749.06	545.006
21656632.33	5169729.05	133.736
21656704.48	5169709.04	447.508
21656776.63	5169689.03	397.306
21656848.77	5169669.02	31.9106
21656920.92	5169649.02	34.2242
21656993.07	5169629.01	50.0483
21657065.21	5169609	34.6681
21657137.36	5169588.99	37.6635
21657209.51	5169568.98	471.086
21657281.65	5169548.97	542.273
21657353.8	5169528.97	29.7933
21657425.95	5169508.96	37.5509
21657498.09	5169488.95	29.893
21657570.24	5169468.94	24.7689
21657642.39	5169448.93	12.852
21657714.53	5169428.93	19.942
21657786.68	5169408.92	37.154
21657858.83	5169388.91	122.052
21657930.97	5169368.9	20.6362
21658003.12	5169348.89	22.7305
21658075.27	5169328.89	21.7989
21658147.41	5169308.88	30.3029
21658219.56	5169288.87	33.1301
21658291.71	5169268.86	28.2845
21658363.85	5169248.85	26.486
21658436	5169228.85	33.9322
21658508.15	5169208.84	225.35
21658580.29	5169188.83	553.122
21658652.44	5169168.82	560.987
21658724.59	5169148.81	350.199
21658796.73	5169128.81	558.913
21658868.88	5169108.8	655.613
21658941.03	5169088.79	364.133
21659013.17	5169068.78	95.0361
21659085.32	5169048.77	38.9867
21653261.06	5170740.2	33.8464
21653333.21	5170720.19	33.2799
21653405.36	5170700.18	53.0811
21653477.5	5170680.17	283.462
21653549.65	5170660.16	179.657
21653621.8	5170640.16	364.459
21653693.94	5170620.15	614.339
21653766.09	5170600.14	332.223
21653838.24	5170580.13	487.009
21653910.38	5170560.12	725.281
21653982.53	5170540.12	687.115
21654054.68	5170520.11	340.639
21654126.82	5170500.1	382.752
21654198.97	5170480.09	466.063
21654271.12	5170460.08	421.187
21654343.26	5170440.08	542.889
21654415.41	5170420.07	291.994
21654487.56	5170400.06	177.164
21654559.7	5170380.05	153.763
21654631.85	5170360.04	0.5
21654704	5170340.04	0.5
21654776.14	5170320.03	23.3629
21654848.29	5170300.02	236.609
21654920.44	5170280.01	249.934
21654992.58	5170260	66.7678
21655064.73	5170240	261.615
21655136.88	5170219.99	376.888
21655209.02	5170199.98	470.969
21655281.17	5170179.97	749.158
21655353.32	5170159.96	810.283
21655425.46	5170139.95	338.083
21655497.61	5170119.95	19.7555
21655569.76	5170099.94	306.979
21655641.9	5170079.93	707.177
21655714.05	5170059.92	37.4938
21655786.2	5170039.91	35.721
21655858.34	5170019.91	32.9205
21655930.49	5169999.9	130.839
21656002.64	5169979.89	258.39
21656074.78	5169959.88	260.113
21656146.93	5169939.87	338.439
21656219.08	5169919.87	416.576
21656291.22	5169899.86	368.783
21656363.37	5169879.85	601.924
21656435.52	5169859.84	699.702
21656507.66	5169839.83	566.183
21656579.81	5169819.83	346.342
21656651.96	5169799.82	245.688
21656724.1	5169779.81	310.464
21656796.25	5169759.8	578.923
21656868.4	5169739.79	421.084
21656940.55	5169719.79	34.3307
21657012.69	5169699.78	93.2594
21657084.84	5169679.77	156.005
21657156.99	5169659.76	43.9511
21657229.13	5169639.75	323.394
21657301.28	5169619.75	312.511
21657373.43	5169599.74	31.9479
21657445.57	5169579.73	32.8543
21657517.72	5169559.72	31.4216
21657589.87	5169539.71	29.3196
21657662.01	5169519.71	18.364
21657734.16	5169499.7	26.626
21657806.31	5169479.69	36.9178
21657878.45	5169459.68	233.691
21657950.6	5169439.67	32.5717
21658022.75	5169419.66	37.8607
21658094.89	5169399.66	34.0851
21658167.04	5169379.65	35.6661
21658239.19	5169359.64	33.7529
21658311.33	5169339.63	31.4485
21658383.48	5169319.62	35.679
21658455.63	5169299.62	53.9928
21658527.77	5169279.61	302.076
21658599.92	5169259.6	475.133
21658672.07	5169239.59	707.472
21658744.21	5169219.58	259.001
21658816.36	5169199.58	219.208
21658888.51	5169179.57	300.11
21658960.65	5169159.56	87.8572
21659032.8	5169139.55	57.9294
21659104.95	5169119.54	36.9232
21653280.69	5170810.97	30.6078
21653352.84	5170790.96	30.3855
21653424.98	5170770.95	32.3719
21653497.13	5170750.94	564.596
21653569.28	5170730.93	198.132
21653641.42	5170710.93	119.745
21653713.57	5170690.92	219.078
21653785.72	5170670.91	98.8922
21653857.86	5170650.9	413.131
21653930.01	5170630.89	667.449
21654002.16	5170610.89	662.148
21654074.3	5170590.88	348.27
21654146.45	5170570.87	404.025
21654218.6	5170550.86	102.751
21654290.74	5170530.85	411.396
21654362.89	5170510.85	323.229
21654435.04	5170490.84	35.6628
21654507.18	5170470.83	22.4603
21654579.33	5170450.82	24.3042
21654651.48	5170430.81	0.5
21654723.62	5170410.81	0.5
21654795.77	5170390.8	28.8039
21654867.92	5170370.79	448.639
21654940.06	5170350.78	162.044
21655012.21	5170330.77	415.841
21655084.36	5170310.77	292.228
21655156.5	5170290.76	269.804
21655228.65	5170270.75	425.812
21655300.8	5170250.74	747.737
21655372.94	5170230.73	877.758
21655445.09	5170210.73	752.206
21655517.24	5170190.72	770.044
21655589.38	5170170.71	584.323
21655661.53	5170150.7	490.839
21655733.68	5170130.69	220.82
21655805.82	5170110.69	30.2614
21655877.97	5170090.68	27.3011
21655950.12	5170070.67	37.6444
21656022.26	5170050.66	169.717
21656094.41	5170030.65	132.672
21656166.56	5170010.65	221.863
21656238.7	5169990.64	369.669
21656310.85	5169970.63	528.307
21656383	5169950.62	746.878
21656455.14	5169930.61	786.814
21656527.29	5169910.6	681.496
21656599.44	5169890.6	532.446
21656671.58	5169870.59	637.129
21656743.73	5169850.58	496.03
21656815.88	5169830.57	464.334
21656888.02	5169810.56	423.948
21656960.17	5169790.56	164.114
21657032.32	5169770.55	33.5576
21657104.47	5169750.54	37.9619
21657176.61	5169730.53	5.99722
21657248.76	5169710.52	273.169
21657320.91	5169690.52	253.689
21657393.05	5169670.51	30.2297
21657465.2	5169650.5	28.9998
21657537.35	5169630.49	32.0191
21657609.49	5169610.48	34.5305
21657681.64	5169590.48	69.3306
21657753.79	5169570.47	110.281
21657825.93	5169550.46	111.42
21657898.08	5169530.45	344.066
21657970.23	5169510.44	272.769
21658042.37	5169490.44	276.089
21658114.52	5169470.43	23.9728
21658186.67	5169450.42	62.0656
21658258.81	5169430.41	451.959
21658330.96	5169410.4	224.289
21658403.11	5169390.4	32.5792
21658475.25	5169370.39	196.668
21658547.4	5169350.38	336.94
21658619.55	5169330.37	370.895
21658691.69	5169310.36	616.579
21658763.84	5169290.36	261.131
21658835.99	5169270.35	280.265
21658908.13	5169250.34	305.944
21658980.28	5169230.33	165.336
21659052.43	5169210.32	118.306
21653300.32	5170881.74	26.9258
21653372.46	5170861.73	33.7008
21653444.61	5170841.72	178.518
21653516.76	5170821.71	608.491
21653588.9	5170801.71	531.399
21653661.05	5170781.7	33.1995
21653733.2	5170761.69	28.7258
21653805.34	5170741.68	109.121
21653877.49	5170721.67	151.685
21653949.64	5170701.67	412.899
21654021.78	5170681.66	546.433
21654093.93	5170661.65	558.292
21654166.08	5170641.64	691.089
21654238.22	5170621.63	373.371
21654310.37	5170601.63	137.915
21654382.52	5170581.62	37.9694
21654454.66	5170561.61	33.181
21654526.81	5170541.6	308.013
21654598.96	5170521.59	119.313
21654671.1	5170501.58	24.9092
21654743.25	5170481.58	29.6446
21654815.4	5170461.57	14.1564
21654887.54	5170441.56	30.5859
21654959.69	5170421.55	133.144
21655031.84	5170401.54	116.493
21655103.98	5170381.54	9.165
21655176.13	5170361.53	36.1281
21655248.28	5170341.52	310.429
21655320.42	5170321.51	511.379
21655392.57	5170301.5	405.074
21655464.72	5170281.5	641.883
21655536.86	5170261.49	591.279
21655609.01	5170241.48	701.104
21655681.16	5170221.47	596.827
21655753.3	5170201.46	143.405
21655825.45	5170181.46	23.816
21655897.6	5170161.45	27.7044
21655969.74	5170141.44	139.668
21656041.89	5170121.43	146.338
21656114.04	5170101.42	224.365
21656186.18	5170081.42	331.501
21656258.33	5170061.41	277.079
21656330.48	5170041.4	561.923
21656402.62	5170021.39	766.483
21656474.77	5170001.38	792.568
21656546.92	5169981.38	715.041
21656619.06	5169961.37	560.393
21656691.21	5169941.36	510.029
21656763.36	5169921.35	340.368
21656835.5	5169901.34	159.127
21656907.65	5169881.34	213.958
21656979.8	5169861.33	381.091
21657051.94	5169841.32	70.3294
21657124.09	5169821.31	31.3543
21657196.24	5169801.3	0.5
21657268.38	5169781.3	0.5
21657340.53	5169761.29	36.9077
21657412.68	5169741.28	4.07778
21657484.83	5169721.27	12.4106
21657556.97	5169701.26	27.8845
21657629.12	5169681.25	33.6515
21657701.27	5169661.25	32.7925
21657773.41	5169641.24	33.7909
21657845.56	5169621.23	32.9743
21657917.71	5169601.22	82.96
21657989.85	5169581.21	149.176
21658062	5169561.21	296.986
21658134.15	5169541.2	232.439
21658206.29	5169521.19	564.678
21658278.44	5169501.18	642.772
21658350.59	5169481.17	435.68
21658422.73	5169461.17	16.1311
21658494.88	5169441.16	37.5708
21658567.03	5169421.15	235.479
21658639.17	5169401.14	520.074
21658711.32	5169381.13	538.834
21658783.47	5169361.13	573.559
21658855.61	5169341.12	234.524
21658927.76	5169321.11	166.846
21658999.91	5169301.1	323.982
21659072.05	5169281.09	342.146
21653247.8	5170972.52	290.871
21653319.94	5170952.51	231.162
21653392.09	5170932.5	257.454
21653464.24	5170912.49	440.843
21653536.38	5170892.48	445.315
21653608.53	5170872.48	529.473
21653680.68	5170852.47	108.389
21653752.82	5170832.46	25.2459
21653824.97	5170812.45	93.0161
21653897.12	5170792.44	147.859
21653969.26	5170772.44	1.14056
21654041.41	5170752.43	146.51
21654113.56	5170732.42	315.236
21654185.7	5170712.41	598.976
21654257.85	5170692.4	532.418
21654330	5170672.4	34.2509
21654402.14	5170652.39	33.6711
21654474.29	5170632.38	37.3978
21654546.44	5170612.37	278.427
21654618.58	5170592.36	153.623
21654690.73	5170572.36	28.0706
21654762.88	5170552.35	24.9256
21654835.02	5170532.34	22.6115
21654907.17	5170512.33	0.5
21654979.32	5170492.32	0.5
21655051.46	5170472.32	20.8765
21655123.61	5170452.31	13.1844
21655195.76	5170432.3	15.2583
21655267.9	5170412.29	63.34
21655340.05	5170392.28	542.421
21655412.2	5170372.28	251.128
21655484.34	5170352.27	657.22
21655556.49	5170332.26	699.369
21655628.64	5170312.25	603.772
21655700.78	5170292.24	625.368
21655772.93	5170272.23	753.903
21655845.08	5170252.23	472.221
21655917.22	5170232.22	122.827
21655989.37	5170212.21	170.036
21656061.52	5170192.2	184.829
21656133.66	5170172.19	475.936
21656205.81	5170152.19	506.288
21656277.96	5170132.18	185.559
21656350.1	5170112.17	552.727
21656422.25	5170092.16	770.768
21656494.4	5170072.15	781.046
21656566.54	5170052.15	619.664
21656638.69	5170032.14	414.052
21656710.84	5170012.13	275.336
21656782.98	5169992.12	33.0434
21656855.13	5169972.11	0.5
21656927.28	5169952.11	4.34556
21656999.42	5169932.1	458.683
21657071.57	5169912.09	31.7348
21657143.72	5169892.08	22.4178
21657215.86	5169872.07	29.2358
21657288.01	5169852.07	654.098
21657360.16	5169832.06	30.6021
21657432.3	5169812.05	35.7799
21657504.45	5169792.04	108.547
21657576.6	5169772.03	32.572
21657648.74	5169752.03	124.662
21657720.89	5169732.02	128.744
21657793.04	5169712.01	34.2685
21657865.18	5169692	16.7999
21657937.33	5169671.99	18.0643
21658009.48	5169651.99	21.745
21658081.63	5169631.98	86.9094
21658153.77	5169611.97	554.678
21658225.92	5169591.96	611.583
21658298.07	5169571.95	143.04
21658370.21	5169551.94	89.7517
21658442.36	5169531.94	118.602
21658514.51	5169511.93	36.08
21658586.65	5169491.92	256.237
21658658.8	5169471.91	749.003
21658730.95	5169451.9	647.997
21658803.09	5169431.9	469.106
21658875.24	5169411.89	99.37
21658947.39	5169391.88	30.5998
21659019.53	5169371.87	31.0957
21659091.68	5169351.86	18.9183
21653267.42	5171043.29	222.427
21653339.57	5171023.28	240.919
21653411.72	5171003.27	460.851
21653483.86	5170983.26	391.198
21653556.01	5170963.26	406.017
21653628.16	5170943.25	323.877
21653700.3	5170923.24	536.865
21653772.45	5170903.23	53.2556
21653844.6	5170883.22	423.313
21653916.74	5170863.21	404.074
21653988.89	5170843.21	8.11056
21654061.04	5170823.2	37.1315
21654133.18	5170803.19	36.4743
21654205.33	5170783.18	33.9911
21654277.48	5170763.17	557.137
21654349.62	5170743.17	379.444
21654421.77	5170723.16	166.273
21654493.92	5170703.15	134.312
21654566.06	5170683.14	38.455
21654638.21	5170663.13	19.7889
21654710.36	5170643.13	24.8394
21654782.5	5170623.12	37.8376
21654854.65	5170603.11	37.9907
21654926.8	5170583.1	1.37611
21654998.94	5170563.09	27.2978
21655071.09	5170543.09	146.341
21655143.24	5170523.08	31.292
21655215.38	5170503.07	16.4014
21655287.53	5170483.06	194.364
21655359.68	5170463.05	486.356
21655431.82	5170443.05	643.952
21655503.97	5170423.04	606.389
21655576.12	5170403.03	778.129
21655648.26	5170383.02	698.768
21655720.41	5170363.01	707.116
21655792.56	5170343.01	775.343
21655864.7	5170323	706.86
21655936.85	5170302.99	697.516
21656009	5170282.98	565.062
21656081.14	5170262.97	674.472
21656153.29	5170242.97	681.943
21656225.44	5170222.96	707.216
21656297.58	5170202.95	719.367
21656369.73	5170182.94	737.067
21656441.88	5170162.93	767.054
21656514.02	5170142.93	580.144
21656586.17	5170122.92	318.534
21656658.32	5170102.91	13.5317
21656730.46	5170082.9	104.563
21656802.61	5170062.89	171.763
21656874.76	5170042.88	77.5411
21656946.9	5170022.88	21.505
21657019.05	5170002.87	37.2943
21657091.2	5169982.86	173.246
21657163.34	5169962.85	142.704
21657235.49	5169942.84	299.574
21657307.64	5169922.84	579.674
21657379.78	5169902.83	78.2561
21657451.93	5169882.82	123.107
21657524.08	5169862.81	405.915
21657596.22	5169842.8	293.043
21657668.37	5169822.8	295.812
21657740.52	5169802.79	179.559
21657812.66	5169782.78	245.549
21657884.81	5169762.77	135.193
21657956.96	5169742.76	19.193
21658029.1	5169722.76	0.5
21658101.25	5169702.75	16.1667
21658173.4	5169682.74	328.088
21658245.54	5169662.73	146.46
21658317.69	5169642.72	37.2207
21658389.84	5169622.72	30.4533
21658461.99	5169602.71	209.361
21658534.13	5169582.7	328.668
21658606.28	5169562.69	352.837
21658678.43	5169542.68	623.69
21658750.57	5169522.68	431.117
21658822.72	5169502.67	171.134
21658894.87	5169482.66	35.3234
21658967.01	5169462.65	27.6186
21659039.16	5169442.64	27.1517
21659111.31	5169422.64	29.051
21653287.05	5171114.06	239.739
21653359.2	5171094.05	374.12
21653431.34	5171074.04	498.12
21653503.49	5171054.03	316.526
21653575.64	5171034.03	394.042
21653647.78	5171014.02	167.399
21653719.93	5170994.01	637.598
21653792.08	5170974	579.112
21653864.22	5170953.99	566.652
21653936.37	5170933.99	634.428
21654008.52	5170913.98	184.351
21654080.66	5170893.97	37.7358
21654152.81	5170873.96	55.4028
21654224.96	5170853.95	33.9266
21654297.1	5170833.95	33.0665
21654369.25	5170813.94	526.767
21654441.4	5170793.93	485.851
21654513.54	5170773.92	640.991
21654585.69	5170753.91	361.778
21654657.84	5170733.91	117.624
21654729.98	5170713.9	28.7383
21654802.13	5170693.89	25.7113
21654874.28	5170673.88	33.1252
21654946.42	5170653.87	59.6594
21655018.57	5170633.86	36.6987
21655090.72	5170613.86	175.316
21655162.86	5170593.85	94.3611
21655235.01	5170573.84	35.8325
21655307.16	5170553.83	495.922
21655379.3	5170533.82	563.916
21655451.45	5170513.82	426.894
21655523.6	5170493.81	675.066
21655595.74	5170473.8	582.504
21655667.89	5170453.79	640.522
21655740.04	5170433.78	696.18
21655812.18	5170413.78	573.708
21655884.33	5170393.77	750.696
21655956.48	5170373.76	668.112
21656028.62	5170353.75	743.719
21656100.77	5170333.74	810.996
21656172.92	5170313.74	884.183
21656245.06	5170293.73	860.228
21656317.21	5170273.72	843.934
21656389.36	5170253.71	778.278
21656461.5	5170233.7	727.208
21656533.65	5170213.7	182.567
21656605.8	5170193.69	76.8978
21656677.94	5170173.68	30.7956
21656750.09	5170153.67	319.867
21656822.24	5170133.66	332.195
21656894.38	5170113.66	325.409
21656966.53	5170093.65	199.264
21657038.68	5170073.64	513.003
21657110.82	5170053.63	590.807
21657182.97	5170033.62	648.797
21657255.12	5170013.62	782.714
21657327.26	5169993.61	729.724
21657399.41	5169973.6	466.581
21657471.56	5169953.59	245.595
21657543.7	5169933.58	173.719
21657615.85	5169913.57	20.4206
21657688	5169893.57	87.2028
21657760.14	5169873.56	288.813
21657832.29	5169853.55	580.679
21657904.44	5169833.54	351.238
21657976.58	5169813.53	29.2367
21658048.73	5169793.53	20.232
21658120.88	5169773.52	27.3207
21658193.02	5169753.51	413.024
21658265.17	5169733.5	80.7217
21658337.32	5169713.49	36.0894
21658409.46	5169693.49	269.508
21658481.61	5169673.48	643.343
21658553.76	5169653.47	661.473
21658625.91	5169633.46	482.555
21658698.05	5169613.45	338.636
21658770.2	5169593.45	73.9606
21658842.35	5169573.44	20.0861
21658914.49	5169553.43	33.9646
21658986.64	5169533.42	24.9249
21659058.79	5169513.41	24.014
21653306.68	5171184.83	457.767
21653378.82	5171164.82	429.638
21653450.97	5171144.81	133.904
21653523.12	5171124.8	474.289
21653595.26	5171104.8	457.066
21653667.41	5171084.79	197.186
21653739.56	5171064.78	403.234
21653811.7	5171044.77	461.754
21653883.85	5171024.76	499.541
21653956	5171004.76	641.227
21654028.14	5170984.75	113.258
21654100.29	5170964.74	186.454
21654172.44	5170944.73	396.344
21654244.58	5170924.72	121.902
21654316.73	5170904.72	33.8344
21654388.88	5170884.71	132.296
21654461.02	5170864.7	569.119
21654533.17	5170844.69	176.484
21654605.32	5170824.68	219.82
21654677.46	5170804.68	317.384
21654749.61	5170784.67	34.7095
21654821.76	5170764.66	22.3452
21654893.9	5170744.65	19.5088
21654966.05	5170724.64	110.994
21655038.2	5170704.64	383.283
21655110.34	5170684.63	105.736
21655182.49	5170664.62	367.415
21655254.64	5170644.61	774.951
21655326.78	5170624.6	691.017
21655398.93	5170604.6	696.217
21655471.08	5170584.59	629.256
21655543.22	5170564.58	717.328
21655615.37	5170544.57	592.806
21655687.52	5170524.56	693.241
21655759.66	5170504.56	691.992
21655831.81	5170484.55	647.864
21655903.96	5170464.54	647.543
21655976.1	5170444.53	370.847
21656048.25	5170424.52	660.742
21656120.4	5170404.51	765.638
21656192.54	5170384.51	828.521
21656264.69	5170364.5	835.181
21656336.84	5170344.49	802.747
21656408.98	5170324.48	690.835
21656481.13	5170304.47	588.617
21656553.28	5170284.47	602.85
21656625.42	5170264.46	673.437
21656697.57	5170244.45	559.295
21656769.72	5170224.44	455.558
21656841.86	5170204.43	561.669
21656914.01	5170184.43	336.126
21656986.16	5170164.42	261.688
21657058.3	5170144.41	290.573
21657130.45	5170124.4	688.041
21657202.6	5170104.39	725.373
21657274.74	5170084.39	773.636
21657346.89	5170064.38	718.463
21657419.04	5170044.37	607.953
21657491.18	5170024.36	203.793
21657563.33	5170004.35	15.7972
21657635.48	5169984.35	28.4562
21657707.62	5169964.34	31.4226
21657779.77	5169944.33	178.319
21657851.92	5169924.32	272.804
21657924.06	5169904.31	85.3933
21657996.21	5169884.31	23.8095
21658068.36	5169864.3	19.3303
21658140.5	5169844.29	332.056
21658212.65	5169824.28	358.53
21658284.8	5169804.27	215.965
21658356.94	5169784.27	64.79
21658429.09	5169764.26	436.684
21658501.24	5169744.25	613.486
21658573.38	5169724.24	475.777
21658645.53	5169704.23	52.1361
21658717.68	5169684.22	32.3394
21658789.82	5169664.22	129.534
21658861.97	5169644.21	23.3344
21658934.12	5169624.2	17.8318
21659006.26	5169604.19	20.156
21659078.41	5169584.18	18.2574
21653254.15	5171275.61	493.146
21653326.3	5171255.6	528.116
21653398.45	5171235.59	443.043
21653470.6	5171215.58	282.368
21653542.74	5171195.58	392.851
21653614.89	5171175.57	229.743
21653687.04	5171155.56	234.593
21653759.18	5171135.55	162.836
21653831.33	5171115.54	169.887
21653903.48	5171095.54	629.28
21653975.62	5171075.53	394.636
21654047.77	5171055.52	0.5
21654119.92	5171035.51	103.509
21654192.06	5171015.5	431.882
21654264.21	5170995.49	503.801
21654336.36	5170975.49	312.266
21654408.5	5170955.48	222.324
21654480.65	5170935.47	616.943
21654552.8	5170915.46	36.4848
21654624.94	5170895.45	23.6799
21654697.09	5170875.45	46.3311
21654769.24	5170855.44	226.971
21654841.38	5170835.43	198.697
21654913.53	5170815.42	90.995
21654985.68	5170795.41	548.519
21655057.82	5170775.41	215.046
21655129.97	5170755.4	35.2783
21655202.12	5170735.39	294.546
21655274.26	5170715.38	625.377
21655346.41	5170695.37	677.068
21655418.56	5170675.37	479.12
21655490.7	5170655.36	510.005
21655562.85	5170635.35	758.765
21655635	5170615.34	738.824
21655707.14	5170595.33	719.794
21655779.29	5170575.33	712.616
21655851.44	5170555.32	706.148
21655923.58	5170535.31	79.3972
21655995.73	5170515.3	23.4568
21656067.88	5170495.29	274.069
21656140.02	5170475.29	588.901
21656212.17	5170455.28	744.144
21656284.32	5170435.27	789.414
21656356.46	5170415.26	778.957
21656428.61	5170395.25	569.063
21656500.76	5170375.25	544.577
21656572.9	5170355.24	670.129
21656645.05	5170335.23	769.868
21656717.2	5170315.22	668.287
21656789.34	5170295.21	533.978
21656861.49	5170275.21	621.214
21656933.64	5170255.2	523.602
21657005.78	5170235.19	373.548
21657077.93	5170215.18	584.574
21657150.08	5170195.17	608.173
21657222.22	5170175.16	531.227
21657294.37	5170155.16	431.422
21657366.52	5170135.15	512.808
21657438.66	5170115.14	391.979
21657510.81	5170095.13	54.9217
21657582.96	5170075.12	31.9142
21657655.1	5170055.12	19.415
21657727.25	5170035.11	18.5822
21657799.4	5170015.1	240.378
21657871.54	5169995.09	269.499
21657943.69	5169975.08	37.6
21658015.84	5169955.08	31.0151
21658087.98	5169935.07	136.424
21658160.13	5169915.06	505.873
21658232.28	5169895.05	648.318
21658304.42	5169875.04	578.217
21658376.57	5169855.04	4.94667
21658448.72	5169835.03	286.261
21658520.86	5169815.02	307.274
21658593.01	5169795.01	35.744
21658665.16	5169775	36.3433
21658737.3	5169755	55.9144
21658809.45	5169734.99	30.3237
21658881.6	5169714.98	22.7501
21658953.74	5169694.97	16.3436
21659025.89	5169674.96	9.85718
21659098.04	5169654.96	0.5
21653273.78	5171346.38	670.526
21653345.93	5171326.37	693.233
21653418.07	5171306.36	552.633
21653490.22	5171286.35	295.664
21653562.37	5171266.35	409.671
21653634.51	5171246.34	307.957
21653706.66	5171226.33	299.907
21653778.81	5171206.32	37.784
21653850.96	5171186.31	37.172
21653923.1	5171166.31	398.26
21653995.25	5171146.3	381.177
21654067.4	5171126.29	0.5
21654139.54	5171106.28	35.1181
21654211.69	5171086.27	109.72
21654283.84	5171066.27	71.4
21654355.98	5171046.26	14.1756
21654428.13	5171026.25	162.826
21654500.28	5171006.24	539.902
21654572.42	5170986.23	309.585
21654644.57	5170966.23	258.277
21654716.72	5170946.22	423.499
21654788.86	5170926.21	662.37
21654861.01	5170906.2	730.654
21654933.16	5170886.19	739.383
21655005.3	5170866.18	760.302
21655077.45	5170846.18	283.959
21655149.6	5170826.17	37.3031
21655221.74	5170806.16	63.17
21655293.89	5170786.15	319.642
21655366.04	5170766.14	510.64
21655438.18	5170746.14	402.203
21655510.33	5170726.13	598.403
21655582.48	5170706.12	704.311
21655654.62	5170686.11	631.572
21655726.77	5170666.1	520.513
21655798.92	5170646.1	651.516
21655871.06	5170626.09	752.767
21655943.21	5170606.08	669.999
21656015.36	5170586.07	131.472
21656087.5	5170566.06	660.353
21656159.65	5170546.06	754.224
21656231.8	5170526.05	722.291
21656303.94	5170506.04	781.492
21656376.09	5170486.03	738.873
21656448.24	5170466.02	335.111
21656520.38	5170446.02	467.302
21656592.53	5170426.01	755.937
21656664.68	5170406	637.537
21656736.82	5170385.99	510.706
21656808.97	5170365.98	505.186
21656881.12	5170345.98	611.682
21656953.26	5170325.97	550.531
21657025.41	5170305.96	535.313
21657097.56	5170285.95	428.522
21657169.7	5170265.94	48.0767
21657241.85	5170245.94	355.471
21657314	5170225.93	389.286
21657386.14	5170205.92	542.234
21657458.29	5170185.91	740.606
21657530.44	5170165.9	514.942
21657602.58	5170145.9	71.635
21657674.73	5170125.89	25.8549
21657746.88	5170105.88	31.4053
21657819.02	5170085.87	93.8272
21657891.17	5170065.86	36.6969
21657963.32	5170045.85	36.414
21658035.46	5170025.85	35.6549
21658107.61	5170005.84	257.169
21658179.76	5169985.83	595.633
21658251.9	5169965.82	635.079
21658324.05	5169945.81	456.089
21658396.2	5169925.81	218.984
21658468.34	5169905.8	507.389
21658540.49	5169885.79	157.856
21658612.64	5169865.78	129.217
21658684.78	5169845.77	115.308
21658756.93	5169825.77	33.7172
21658829.08	5169805.76	26.5193
21658901.22	5169785.75	12.8535
21658973.37	5169765.74	0.5
21659045.52	5169745.73	9.40077
21653293.41	5171417.15	677.204
21653365.55	5171397.14	375.227
21653437.7	5171377.13	329.591
21653509.85	5171357.12	485.564
21653581.99	5171337.12	488.713
21653654.14	5171317.11	342.263
21653726.29	5171297.1	99.7372
21653798.43	5171277.09	34.0582
21653870.58	5171257.08	336.915
21653942.73	5171237.08	544.698
21654014.87	5171217.07	304.352
21654087.02	5171197.06	7.24944
21654159.17	5171177.05	22.5002
21654231.32	5171157.04	27.4173
21654303.46	5171137.04	38.3061
21654375.61	5171117.03	75.2639
21654447.76	5171097.02	270.071
21654519.9	5171077.01	561.708
21654592.05	5171057	661.904
21654664.2	5171037	686.11
21654736.34	5171016.99	230.219
21654808.49	5170996.98	433.192
21654880.64	5170976.97	696.577
21654952.78	5170956.96	718.595
21655024.93	5170936.96	687.682
21655097.08	5170916.95	707.209
21655169.22	5170896.94	498.281
21655241.37	5170876.93	523.112
21655313.52	5170856.92	583.699
21655385.66	5170836.92	665.844
21655457.81	5170816.91	593.623
21655529.96	5170796.9	459.847
21655602.1	5170776.89	454.042
21655674.25	5170756.88	378.827
21655746.4	5170736.88	306.976
21655818.54	5170716.87	520.143
21655890.69	5170696.86	632.813
21655962.84	5170676.85	669.398
21656034.98	5170656.84	585.582
21656107.13	5170636.83	722.956
21656179.28	5170616.83	728.094
21656251.42	5170596.82	744.393
21656323.57	5170576.81	805.272
21656395.72	5170556.8	820.853
21656467.86	5170536.79	649.211
21656540.01	5170516.79	571.491
21656612.16	5170496.78	724.114
21656684.3	5170476.77	660.86
21656756.45	5170456.76	581.418
21656828.6	5170436.75	510.603
21656900.74	5170416.75	471.873
21656972.89	5170396.74	613.377
21657045.04	5170376.73	511.243
21657117.18	5170356.72	236.602
21657189.33	5170336.71	86.1878
21657261.48	5170316.71	130.309
21657333.62	5170296.7	438.572
21657405.77	5170276.69	389.511
21657477.92	5170256.68	619.557
21657550.06	5170236.67	507.944
21657622.21	5170216.67	110.898
21657694.36	5170196.66	0.5
21657766.5	5170176.65	32.2978
21657838.65	5170156.64	59.3683
21657910.8	5170136.63	0.5
21657982.94	5170116.63	102.794
21658055.09	5170096.62	125.889
21658127.24	5170076.61	269.109
21658199.38	5170056.6	566.411
21658271.53	5170036.59	570.323
21658343.68	5170016.59	567.274
21658415.82	5169996.58	501.771
21658487.97	5169976.57	578.122
21658560.12	5169956.56	167.768
21658632.26	5169936.55	63.7356
21658704.41	5169916.55	35.4894
21658776.56	5169896.54	15.9748
21658848.7	5169876.53	0.5
21658920.85	5169856.52	0.5
21658993	5169836.51	11.125
21659065.14	5169816.5	0.5
21653313.03	5171487.92	429.998
21653385.18	5171467.91	137.936
21653457.33	5171447.9	94.3678
21653529.47	5171427.9	284.901
21653601.62	5171407.89	494.29
21653673.77	5171387.88	553.104
21653745.91	5171367.87	361.308
21653818.06	5171347.86	154.91
21653890.21	5171327.86	432.089
21653962.35	5171307.85	682.574
21654034.5	5171287.84	512.831
21654106.65	5171267.83	125.508
21654178.79	5171247.82	6.85556
21654250.94	5171227.82	34.194
21654323.09	5171207.81	30.1164
21654395.23	5171187.8	160.203
21654467.38	5171167.79	430.778
21654539.53	5171147.78	579.289
21654611.67	5171127.77	405.407
21654683.82	5171107.77	605.898
21654755.97	5171087.76	465.009
21654828.12	5171067.75	524.489
21654900.26	5171047.74	633.183
21654972.41	5171027.73	682.317
21655044.56	5171007.73	574.317
21655116.7	5170987.72	624.582
21655188.85	5170967.71	555.311
21655261	5170947.7	633.805
21655333.14	5170927.69	734.446
21655405.29	5170907.69	696.442
21655477.44	5170887.68	701.476
21655549.58	5170867.67	411.772
21655621.73	5170847.66	455.693
21655693.88	5170827.65	552.857
21655766.02	5170807.65	425.32
21655838.17	5170787.64	581.642
21655910.32	5170767.63	728.377
21655982.46	5170747.62	712.38
21656054.61	5170727.61	686.553
21656126.76	5170707.61	743.938
21656198.9	5170687.6	803.229
21656271.05	5170667.59	801.756
21656343.2	5170647.58	704.778
21656415.34	5170627.57	686.028
21656487.49	5170607.57	712.209
21656559.64	5170587.56	671.218
21656631.78	5170567.55	776.015
21656703.93	5170547.54	532.488
21656776.08	5170527.53	424.791
21656848.22	5170507.53	462.655
21656920.37	5170487.52	474.937
21656992.52	5170467.51	695.674
21657064.66	5170447.5	552.998
21657136.81	5170427.49	351.373
21657208.96	5170407.48	343.859
21657281.1	5170387.48	36.5103
21657353.25	5170367.47	36.9088
21657425.4	5170347.46	432.335
21657497.54	5170327.45	569.988
21657569.69	5170307.44	638.82
21657641.84	5170287.44	289.011
21657713.98	5170267.43	119.151
21657786.13	5170247.42	47.8078
21657858.28	5170227.41	138.319
21657930.42	5170207.4	202.109
21658002.57	5170187.4	294.39
21658074.72	5170167.39	430.908
21658146.86	5170147.38	600.806
21658219.01	5170127.37	623.017
21658291.16	5170107.36	621.47
21658363.3	5170087.36	666.857
21658435.45	5170067.35	729.396
21658507.6	5170047.34	611.529
21658579.74	5170027.33	246.727
21658651.89	5170007.32	20.9167
21658724.04	5169987.32	35.0287
21658796.18	5169967.31	29.4284
21658868.33	5169947.3	20.0448
21658940.48	5169927.29	20.1753
21659012.62	5169907.28	19.217
21659084.77	5169887.28	19.9092
21653260.51	5171578.7	271.716
21653332.66	5171558.69	63.3761
21653404.81	5171538.68	49.615
21653476.95	5171518.67	166.189
21653549.1	5171498.67	144.197
21653621.25	5171478.66	35.8278
21653693.39	5171458.65	107.647
21653765.54	5171438.64	327.911
21653837.69	5171418.63	184.76
21653909.83	5171398.63	220.099
21653981.98	5171378.62	339.564
21654054.13	5171358.61	161.734
21654126.27	5171338.6	91.7728
21654198.42	5171318.59	104.843
21654270.57	5171298.59	33.0941
21654342.71	5171278.58	17.8473
21654414.86	5171258.57	267.666
21654487.01	5171238.56	495.402
21654559.15	5171218.55	702.569
21654631.3	5171198.55	590.383
21654703.45	5171178.54	441.47
21654775.59	5171158.53	120.098
21654847.74	5171138.52	108.924
21654919.89	5171118.51	406.657
21654992.04	5171098.51	447.016
21655064.18	5171078.5	8.72722
21655136.33	5171058.49	478.952
21655208.48	5171038.48	488.904
21655280.62	5171018.47	396.766
21655352.77	5170998.47	709.239
21655424.92	5170978.46	638.488
21655497.06	5170958.45	735.722
21655569.21	5170938.44	646.636
21655641.36	5170918.43	735.662
21655713.5	5170898.42	756.66
21655785.65	5170878.42	733.523
21655857.8	5170858.41	764.243
21655929.94	5170838.4	593.726
21656002.09	5170818.39	679.666
21656074.24	5170798.38	702.505
21656146.38	5170778.38	774.638
21656218.53	5170758.37	811.654
21656290.68	5170738.36	797.404
21656362.82	5170718.35	777.736
21656434.97	5170698.34	796.026
21656507.12	5170678.34	785.798
21656579.26	5170658.33	766.143
21656651.41	5170638.32	779.353
21656723.56	5170618.31	758.377
21656795.7	5170598.3	577.407
21656867.85	5170578.3	286.915
21656940	5170558.29	237.078
21657012.14	5170538.28	586.37
21657084.29	5170518.27	640.341
21657156.44	5170498.26	669.864
21657228.58	5170478.26	504.138
21657300.73	5170458.25	262.667
21657372.88	5170438.24	38.4833
21657445.02	5170418.23	87.5067
21657517.17	5170398.22	372.286
21657589.32	5170378.22	533.356
21657661.46	5170358.21	583.97
21657733.61	5170338.2	578.129
21657805.76	5170318.19	482.589
21657877.9	5170298.18	183.152
21657950.05	5170278.18	233.799
21658022.2	5170258.17	269.817
21658094.34	5170238.16	739.545
21658166.49	5170218.15	644.041
21658238.64	5170198.14	679.827
21658310.78	5170178.13	704.434
21658382.93	5170158.13	673.898
21658455.08	5170138.12	665.983
21658527.22	5170118.11	535.479
21658599.37	5170098.1	369.091
21658671.52	5170078.09	363.833
21658743.66	5170058.09	538.346
21658815.81	5170038.08	190.917
21658887.96	5170018.07	34.3084
21658960.1	5169998.06	15.8524
21659032.25	5169978.05	12.4269
21659104.4	5169958.05	11.7625
21653280.14	5171649.47	523.793
21653352.29	5171629.46	357.334
21653424.43	5171609.45	207.452
21653496.58	5171589.45	205.942
21653568.73	5171569.44	228.48
21653640.87	5171549.43	124.352
21653713.02	5171529.42	33.4128
21653785.17	5171509.41	355.083
21653857.31	5171489.4	462.33
21653929.46	5171469.4	607.392
21654001.61	5171449.39	636.541
21654073.75	5171429.38	237.669
21654145.9	5171409.37	216.094
21654218.05	5171389.36	37.5242
21654290.19	5171369.36	29.6675
21654362.34	5171349.35	2.67
21654434.49	5171329.34	285.108
21654506.63	5171309.33	434.762
21654578.78	5171289.32	595.585
21654650.93	5171269.32	286.226
21654723.07	5171249.31	244.775
21654795.22	5171229.3	24.8
21654867.37	5171209.29	0.5
21654939.51	5171189.28	196.071
21655011.66	5171169.28	154.854
21655083.81	5171149.27	265.739
21655155.95	5171129.26	250.106
21655228.1	5171109.25	98.0611
21655300.25	5171089.24	82.53
21655372.39	5171069.24	514.961
21655444.54	5171049.23	763.336
21655516.69	5171029.22	773.832
21655588.84	5171009.21	708.142
21655660.98	5170989.2	743.647
21655733.13	5170969.2	697.035
21655805.28	5170949.19	728.492
21655877.42	5170929.18	787.084
21655949.57	5170909.17	657.722
21656021.72	5170889.16	695.95
21656093.86	5170869.16	727.388
21656166.01	5170849.15	772.183
21656238.16	5170829.14	788.071
21656310.3	5170809.13	701.431
21656382.45	5170789.12	699.379
21656454.6	5170769.11	648.589
21656526.74	5170749.11	702.069
21656598.89	5170729.1	559.982
21656671.04	5170709.09	550.408
21656743.18	5170689.08	696.924
21656815.33	5170669.07	439.881
21656887.48	5170649.07	256.724
21656959.62	5170629.06	338.909
21657031.77	5170609.05	425.245
21657103.92	5170589.04	601.4
21657176.06	5170569.03	742.243
21657248.21	5170549.03	832.452
21657320.36	5170529.02	677.224
21657392.5	5170509.01	276.043
21657464.65	5170489	290.951
21657536.8	5170468.99	440.541
21657608.94	5170448.99	536.332
21657681.09	5170428.98	547.203
21657753.24	5170408.97	681.286
21657825.38	5170388.96	679.4
21657897.53	5170368.95	332.357
21657969.68	5170348.95	170.412
21658041.82	5170328.94	474.668
21658113.97	5170308.93	671.581
21658186.12	5170288.92	510.503
21658258.26	5170268.91	471.804
21658330.41	5170248.91	568.385
21658402.56	5170228.9	472.356
21658474.7	5170208.89	312.584
21658546.85	5170188.88	237.49
21658619	5170168.87	200.067
21658691.14	5170148.87	272.973
21658763.29	5170128.86	449.174
21658835.44	5170108.85	294.435
21658907.58	5170088.84	13.743
21658979.73	5170068.83	14.1644
21659051.88	5170048.83	11.1572
21653299.77	5171720.24	324.698
21653371.91	5171700.23	522.966
21653444.06	5171680.22	549.219
21653516.21	5171660.22	291.079
21653588.35	5171640.21	234.581
21653660.5	5171620.2	102.958
21653732.65	5171600.19	367.379
21653804.79	5171580.18	596.103
21653876.94	5171560.18	573.853
21653949.09	5171540.17	735.196
21654021.23	5171520.16	683.757
21654093.38	5171500.15	392.495
21654165.53	5171480.14	193.375
21654237.67	5171460.14	36.3644
21654309.82	5171440.13	37.4178
21654381.97	5171420.12	155.503
21654454.11	5171400.11	477.703
21654526.26	5171380.1	544.528
21654598.41	5171360.09	589.889
21654670.55	5171340.09	30.003
21654742.7	5171320.08	30.4267
21654814.85	5171300.07	0.5
21654886.99	5171280.06	35.5726
21654959.14	5171260.05	141.899
21655031.29	5171240.05	193.952
21655103.43	5171220.04	245.48
21655175.58	5171200.03	159.913
21655247.73	5171180.02	34.8693
21655319.87	5171160.01	37.2538
21655392.02	5171140.01	347.316
21655464.17	5171120	483.349
21655536.31	5171099.99	566.089
21655608.46	5171079.98	624.501
21655680.61	5171059.97	737.016
21655752.76	5171039.97	665.002
21655824.9	5171019.96	703.138
21655897.05	5170999.95	714.788
21655969.2	5170979.94	792.962
21656041.34	5170959.93	750.523
21656113.49	5170939.93	693.211
21656185.64	5170919.92	767.703
21656257.78	5170899.91	780.842
21656329.93	5170879.9	702.717
21656402.08	5170859.89	329.278
21656474.22	5170839.89	18.7567
21656546.37	5170819.88	421.769
21656618.52	5170799.87	705.175
21656690.66	5170779.86	720.848
21656762.81	5170759.85	743.479
21656834.96	5170739.85	507.353
21656907.1	5170719.84	238.4
21656979.25	5170699.83	63.8356
21657051.4	5170679.82	427.819
21657123.54	5170659.81	552.704
21657195.69	5170639.81	619.231
21657267.84	5170619.8	760.193
21657339.98	5170599.79	646.328
21657412.13	5170579.78	373.206
21657484.28	5170559.77	518.123
21657556.42	5170539.76	528.887
21657628.57	5170519.76	587.01
21657700.72	5170499.75	582.464
21657772.86	5170479.74	682.797
21657845.01	5170459.73	729.181
21657917.16	5170439.72	629.725
21657989.3	5170419.72	326.031
21658061.45	5170399.71	704.489
21658133.6	5170379.7	737.626
21658205.74	5170359.69	552.442
21658277.89	5170339.68	23.1904
21658350.04	5170319.68	67.6444
21658422.18	5170299.67	73.9456
21658494.33	5170279.66	23.6391
21658566.48	5170259.65	290.261
21658638.62	5170239.64	137.097
21658710.77	5170219.64	306.128
21658782.92	5170199.63	373.577
21658855.06	5170179.62	220.696
21658927.21	5170159.61	63.5861
21658999.36	5170139.6	30.816
21659071.5	5170119.6	22.1307
21653247.25	5171811.02	14.1549
21653319.39	5171791.01	28.1019
21653391.54	5171771	522.174
21653463.69	5171750.99	570.17
21653535.83	5171730.99	339.193
21653607.98	5171710.98	464.308
21653680.13	5171690.97	389.739
21653752.27	5171670.96	499.532
21653824.42	5171650.95	627.69
21653896.57	5171630.95	365.581
21653968.71	5171610.94	544.723
21654040.86	5171590.93	567.146
21654113.01	5171570.92	334.436
21654185.15	5171550.91	390.211
21654257.3	5171530.91	71.14
21654329.45	5171510.9	23.9278
21654401.59	5171490.89	134.001
21654473.74	5171470.88	514.856
21654545.89	5171450.87	565.147
21654618.03	5171430.87	550.091
21654690.18	5171410.86	269.66
21654762.33	5171390.85	6.47611
21654834.47	5171370.84	31.1127
21654906.62	5171350.83	33.2966
21654978.77	5171330.83	69.0878
21655050.91	5171310.82	171.565
21655123.06	5171290.81	236.674
21655195.21	5171270.8	305.124
21655267.35	5171250.79	226.489
21655339.5	5171230.79	97.3567
21655411.65	5171210.78	153.642
21655483.79	5171190.77	269.617
21655555.94	5171170.76	552.166
21655628.09	5171150.75	619.955
21655700.23	5171130.74	704.808
21655772.38	5171110.74	566.753
21655844.53	5171090.73	624.139
21655916.67	5171070.72	568.802
21655988.82	5171050.71	716.473
21656060.97	5171030.7	796.109
21656133.11	5171010.7	759.031
21656205.26	5170990.69	799.822
21656277.41	5170970.68	829.353
21656349.56	5170950.67	783.321
21656421.7	5170930.66	400.377
21656493.85	5170910.66	403.443
21656566	5170890.65	555.387
21656638.14	5170870.64	613.576
21656710.29	5170850.63	627.546
21656782.44	5170830.62	402.244
21656854.58	5170810.62	337.086
21656926.73	5170790.61	391.103
21656998.88	5170770.6	37.0632
21657071.02	5170750.59	231.672
21657143.17	5170730.58	408.774
21657215.32	5170710.58	530.146
21657287.46	5170690.57	571.372
21657359.61	5170670.56	453.876
21657431.76	5170650.55	483.675
21657503.9	5170630.54	565.354
21657576.05	5170610.54	637.344
21657648.2	5170590.53	532.659
21657720.34	5170570.52	353.568
21657792.49	5170550.51	643.824
21657864.64	5170530.5	713.051
21657936.78	5170510.5	722.638
21658008.93	5170490.49	465.4
21658081.08	5170470.48	656.906
21658153.22	5170450.47	492.874
21658225.37	5170430.46	155.131
21658297.52	5170410.46	11.9989
21658369.66	5170390.45	15.6356
21658441.81	5170370.44	14.4542
21658513.96	5170350.43	33.9079
21658586.1	5170330.42	356.464
21658658.25	5170310.41	11.6494
21658730.4	5170290.41	108.097
21658802.54	5170270.4	82.1411
21658874.69	5170250.39	90.6844
21658946.84	5170230.38	138.799
21659018.98	5170210.37	34.4711
21659091.13	5170190.37	33.8928
21653266.87	5171881.79	15.0315
21653339.02	5171861.78	82.3628
21653411.17	5171841.77	685.213
21653483.31	5171821.77	646.908
21653555.46	5171801.76	517.517
21653627.61	5171781.75	594.391
21653699.75	5171761.74	577.671
21653771.9	5171741.73	688.104
21653844.05	5171721.73	435.792
21653916.19	5171701.72	273.533
21653988.34	5171681.71	318.634
21654060.49	5171661.7	251.127
21654132.63	5171641.69	318.609
21654204.78	5171621.68	206.461
21654276.93	5171601.68	35.7131
21654349.07	5171581.67	31.6813
21654421.22	5171561.66	36.9056
21654493.37	5171541.65	298.165
21654565.51	5171521.64	613.95
21654637.66	5171501.64	529.174
21654709.81	5171481.63	462.565
21654781.95	5171461.62	35.4174
21654854.1	5171441.61	32.4066
21654926.25	5171421.6	36.8605
21654998.39	5171401.6	134.032
21655070.54	5171381.59	37.0689
21655142.69	5171361.58	36.9105
21655214.83	5171341.57	171.702
21655286.98	5171321.56	117.401
21655359.13	5171301.56	37.0414
21655431.27	5171281.55	34.6725
21655503.42	5171261.54	217.24
21655575.57	5171241.53	611.052
21655647.71	5171221.52	596.791
21655719.86	5171201.52	679.721
21655792.01	5171181.51	514.163
21655864.15	5171161.5	489.881
21655936.3	5171141.49	598.607
21656008.45	5171121.48	715.477
21656080.59	5171101.48	838.45
21656152.74	5171081.47	853.444
21656224.89	5171061.46	871.697
21656297.03	5171041.45	884.207
21656369.18	5171021.44	886.844
21656441.33	5171001.44	792.178
21656513.48	5170981.43	710.846
21656585.62	5170961.42	641.638
21656657.77	5170941.41	442.364
21656729.91	5170921.4	156.295
21656802.06	5170901.39	0.5
21656874.21	5170881.39	0.5
21656946.36	5170861.38	30.2049
21657018.5	5170841.37	37.2431
21657090.65	5170821.36	35.937
21657162.8	5170801.35	34.9579
21657234.94	5170781.35	407.75
21657307.09	5170761.34	3.54889
21657379.24	5170741.33	110.441
21657451.38	5170721.32	437.701
21657523.53	5170701.31	600.847
21657595.68	5170681.31	664.672
21657667.82	5170661.3	407.804
21657739.97	5170641.29	599.753
21657812.12	5170621.28	826.691
21657884.26	5170601.27	782.126
21657956.41	5170581.27	722.501
21658028.56	5170561.26	672.133
21658100.7	5170541.25	545.899
21658172.85	5170521.24	229.712
21658245	5170501.23	22.7291
21658317.14	5170481.23	0.5
21658389.29	5170461.22	22.9056
21658461.44	5170441.21	41.5772
21658533.58	5170421.2	196.748
21658605.73	5170401.19	57.7433
21658677.88	5170381.19	92.8311
21658750.02	5170361.18	37.6164
21658822.17	5170341.17	41.3839
21658894.32	5170321.16	47.2317
21658966.46	5170301.15	94.9183
21659038.61	5170281.15	141.899
21653286.5	5171952.56	15.1724
21653358.65	5171932.55	135.177
21653430.79	5171912.54	734.962
21653502.94	5171892.54	701.188
21653575.09	5171872.53	519.344
21653647.23	5171852.52	581.219
21653719.38	5171832.51	756.119
21653791.53	5171812.5	638.356
21653863.67	5171792.5	455.328
21653935.82	5171772.49	345.914
21654007.97	5171752.48	363.376
21654080.11	5171732.47	177.741
21654152.26	5171712.46	466.646
21654224.41	5171692.46	518.318
21654296.55	5171672.45	220.824
21654368.7	5171652.44	126.237
21654440.85	5171632.43	134.029
21654512.99	5171612.42	287.107
21654585.14	5171592.42	378.592
21654657.29	5171572.41	485.412
21654729.43	5171552.4	433.722
21654801.58	5171532.39	37.6898
21654873.73	5171512.38	34.9901
21654945.87	5171492.37	29.9887
21655018.02	5171472.37	29.6991
21655090.17	5171452.36	25.5425
21655162.31	5171432.35	28.1814
21655234.46	5171412.34	29.1614
21655306.61	5171392.33	37.6665
21655378.75	5171372.33	130.574
21655450.9	5171352.32	66.5422
21655523.05	5171332.31	162.785
21655595.19	5171312.3	313.523
21655667.34	5171292.29	390.715
21655739.49	5171272.29	373.319
21655811.63	5171252.28	445.246
21655883.78	5171232.27	527.891
21655955.93	5171212.26	621.508
21656028.07	5171192.25	721.127
21656100.22	5171172.25	820.197
21656172.37	5171152.24	858.649
21656244.51	5171132.23	847.254
21656316.66	5171112.22	861.275
21656388.81	5171092.21	870.878
21656460.95	5171072.21	818.131
21656533.1	5171052.2	738.695
21656605.25	5171032.19	603.061
21656677.39	5171012.18	346.897
21656749.54	5170992.17	81.7328
21656821.69	5170972.17	29.4872
21656893.84	5170952.16	16.8864
21656965.98	5170932.15	23.0349
21657038.13	5170912.14	29.9691
21657110.27	5170892.13	22.0573
21657182.42	5170872.13	17.5111
21657254.57	5170852.12	26.826
21657326.72	5170832.11	45.1133
21657398.86	5170812.1	47.5161
21657471.01	5170792.09	248.473
21657543.16	5170772.09	588.379
21657615.3	5170752.08	690.172
21657687.45	5170732.07	440.753
21657759.6	5170712.06	733.886
21657831.74	5170692.05	765.202
21657903.89	5170672.04	738.963
21657976.04	5170652.04	522.259
21658048.18	5170632.03	602.002
21658120.33	5170612.02	625.693
21658192.48	5170592.01	29.7583
21658264.62	5170572	15.2577
21658336.77	5170552	15.8133
21658408.92	5170531.99	0.5
21658481.06	5170511.98	276.318
21658553.21	5170491.97	432.856
21658625.36	5170471.96	339.77
21658697.5	5170451.96	186.105
21658769.65	5170431.95	194.953
21658841.8	5170411.94	11.21
21658913.94	5170391.93	97.8228
21658986.09	5170371.92	29.8346
21659058.24	5170351.92	192.279
21653306.13	5172023.33	14.5412
21653378.27	5172003.32	0.565
21653450.42	5171983.31	741.069
21653522.57	5171963.31	644.096
21653594.71	5171943.3	504.562
21653666.86	5171923.29	685.297
21653739.01	5171903.28	786.713
21653811.15	5171883.27	729.564
21653883.3	5171863.27	571.773
21653955.45	5171843.26	185.217
21654027.59	5171823.25	89.2144
21654099.74	5171803.24	263.787
21654171.89	5171783.23	617.106
21654244.03	5171763.23	594.811
21654316.18	5171743.22	450.877
21654388.33	5171723.21	229.288
21654460.47	5171703.2	164.137
21654532.62	5171683.19	171.276
21654604.77	5171663.19	4.69556
21654676.91	5171643.18	203.503
21654749.06	5171623.17	31.4095
21654821.21	5171603.16	22.5609
21654893.35	5171583.15	16.1092
21654965.5	5171563.15	15.6321
21655037.65	5171543.14	16.2089
21655109.79	5171523.13	19.4599
21655181.94	5171503.12	24.0456
21655254.09	5171483.11	24.6135
21655326.23	5171463.11	35.3405
21655398.38	5171443.1	37.4015
21655470.53	5171423.09	37.9715
21655542.67	5171403.08	37.5513
21655614.82	5171383.07	120.834
21655686.97	5171363.07	150.309
21655759.11	5171343.06	470.747
21655831.26	5171323.05	644.528
21655903.41	5171303.04	565.135
21655975.55	5171283.03	661.523
21656047.7	5171263.02	727.984
21656119.85	5171243.02	793.291
21656191.99	5171223.01	825.755
21656264.14	5171203	835.13
21656336.29	5171182.99	831.076
21656408.43	5171162.98	830.784
21656480.58	5171142.98	790.523
21656552.73	5171122.97	712.612
21656624.87	5171102.96	534.76
21656697.02	5171082.95	294.863
21656769.17	5171062.94	33.6077
21656841.31	5171042.94	24.9408
21656913.46	5171022.93	13.8188
21656985.61	5171002.92	13.6825
21657057.75	5170982.91	13.4234
21657129.9	5170962.9	13
21657202.05	5170942.9	13.3471
21657274.19	5170922.89	22.6288
21657346.34	5170902.88	22.0941
21657418.49	5170882.87	29.654
21657490.64	5170862.86	14.1022
21657562.78	5170842.86	382.93
21657634.93	5170822.85	594.845
21657707.08	5170802.84	605.422
21657779.22	5170782.83	744.567
21657851.37	5170762.82	748.361
21657923.52	5170742.82	626.153
21657995.66	5170722.81	606.459
21658067.81	5170702.8	603.81
21658139.96	5170682.79	629.052
21658212.1	5170662.78	34.8557
21658284.25	5170642.78	26.4918
21658356.4	5170622.77	35.783
21658428.54	5170602.76	0.5
21658500.69	5170582.75	472.477
21658572.84	5170562.74	595.384
21658644.98	5170542.74	610.448
21658717.13	5170522.73	445.087
21658789.28	5170502.72	48.0244
21658861.42	5170482.71	125.505
21658933.57	5170462.7	36.6089
21659005.72	5170442.69	26.3724
21659077.86	5170422.69	135.554
21653253.61	5172114.11	15.6065
21653325.75	5172094.1	14.8085
21653397.9	5172074.09	17.381
21653470.05	5172054.09	646.182
21653542.19	5172034.08	706.094
21653614.34	5172014.07	411.767
21653686.49	5171994.06	463.498
21653758.63	5171974.05	596.178
21653830.78	5171954.05	656.426
21653902.93	5171934.04	515.948
21653975.07	5171914.03	382.527
21654047.22	5171894.02	0.5
21654119.37	5171874.01	445.543
21654191.51	5171854	690.431
21654263.66	5171834	648.842
21654335.81	5171813.99	443.057
21654407.95	5171793.98	274.339
21654480.1	5171773.97	25.3728
21654552.25	5171753.96	30.0124
21654624.39	5171733.96	23.3175
21654696.54	5171713.95	36.1272
21654768.69	5171693.94	26.7848
21654840.83	5171673.93	20.0559
21654912.98	5171653.92	16.8187
21654985.13	5171633.92	11.379
21655057.27	5171613.91	16.4533
21655129.42	5171593.9	17.2031
21655201.57	5171573.89	25.2555
21655273.71	5171553.88	26.6192
21655345.86	5171533.88	30.7386
21655418.01	5171513.87	26.7748
21655490.15	5171493.86	30.3752
21655562.3	5171473.85	31.2369
21655634.45	5171453.84	116.359
21655706.59	5171433.84	217.833
21655778.74	5171413.83	420.578
21655850.89	5171393.82	678.272
21655923.03	5171373.81	667.787
21655995.18	5171353.8	712.694
21656067.33	5171333.8	779.364
21656139.47	5171313.79	795.458
21656211.62	5171293.78	809.713
21656283.77	5171273.77	851.916
21656355.91	5171253.76	802.639
21656428.06	5171233.76	791.521
21656500.21	5171213.75	717.508
21656572.35	5171193.74	645.982
21656644.5	5171173.73	457.402
21656716.65	5171153.72	47.6172
21656788.79	5171133.72	28.9019
21656860.94	5171113.71	16.849
21656933.09	5171093.7	13
21657005.23	5171073.69	13
21657077.38	5171053.68	13
21657149.53	5171033.67	13
21657221.67	5171013.67	0.5
21657293.82	5170993.66	0.5
21657365.97	5170973.65	13.1349
21657438.11	5170953.64	18.2727
21657510.26	5170933.63	30.5774
21657582.41	5170913.63	481.411
21657654.55	5170893.62	583.096
21657726.7	5170873.61	574.291
21657798.85	5170853.6	701.818
21657870.99	5170833.59	714.732
21657943.14	5170813.59	505.521
21658015.29	5170793.58	718.901
21658087.44	5170773.57	602.523
21658159.58	5170753.56	603.626
21658231.73	5170733.55	102.009
21658303.88	5170713.55	21.304
21658376.02	5170693.54	37.4817
21658448.17	5170673.53	43.8639
21658520.32	5170653.52	466.398
21658592.46	5170633.51	659.977
21658664.61	5170613.51	662.18
21658736.76	5170593.5	201.727
21658808.9	5170573.49	36.6123
21658881.05	5170553.48	25.3947
21658953.2	5170533.47	28.5105
21659025.34	5170513.47	31.9929
21659097.49	5170493.46	76.5711
21653273.23	5172184.88	14.2679
21653345.38	5172164.87	15.2423
21653417.53	5172144.86	20.755
21653489.67	5172124.86	529.533
21653561.82	5172104.85	662.035
21653633.97	5172084.84	379.768
21653706.11	5172064.83	319.852
21653778.26	5172044.82	303.778
21653850.41	5172024.82	642.036
21653922.55	5172004.81	402.763
21653994.7	5171984.8	468.984
21654066.85	5171964.79	0.5
21654138.99	5171944.78	259.349
21654211.14	5171924.78	466.771
21654283.29	5171904.77	539.757
21654355.43	5171884.76	460.518
21654427.58	5171864.75	226.469
21654499.73	5171844.74	32.7478
21654571.87	5171824.74	31.1512
21654644.02	5171804.73	24.6946
21654716.17	5171784.72	29.0282
21654788.31	5171764.71	18.1661
21654860.46	5171744.7	15.9086
21654932.61	5171724.7	13.5181
21655004.75	5171704.69	15.4124
21655076.9	5171684.68	20.5646
21655149.05	5171664.67	24.7826
21655221.19	5171644.66	28.128
21655293.34	5171624.65	27.9585
21655365.49	5171604.65	35.0493
21655437.63	5171584.64	36.6631
21655509.78	5171564.63	69.6033
21655581.93	5171544.62	184.188
21655654.07	5171524.61	155.031
21655726.22	5171504.61	330.54
21655798.37	5171484.6	391.643
21655870.51	5171464.59	508.861
21655942.66	5171444.58	586.855
21656014.81	5171424.57	758.39
21656086.95	5171404.57	765.916
21656159.1	5171384.56	780.268
21656231.25	5171364.55	801.557
21656303.39	5171344.54	816.784
21656375.54	5171324.53	784.517
21656447.69	5171304.53	745.467
21656519.83	5171284.52	683.284
21656591.98	5171264.51	518.63
21656664.13	5171244.5	470.191
21656736.27	5171224.49	166.161
21656808.42	5171204.49	25.6637
21656880.57	5171184.48	15.2787
21656952.71	5171164.47	13
21657024.86	5171144.46	13
21657097.01	5171124.45	0.5
21657169.15	5171104.45	0.5
21657241.3	5171084.44	0.5
21657313.45	5171064.43	0.5
21657385.59	5171044.42	8.62263
21657457.74	5171024.41	13.236
21657529.89	5171004.41	16.1407
21657602.03	5170984.4	33.3911
21657674.18	5170964.39	577.061
21657746.33	5170944.38	554.346
21657818.47	5170924.37	732.453
21657890.62	5170904.36	696.818
21657962.77	5170884.36	544.72
21658034.91	5170864.35	655.036
21658107.06	5170844.34	541.649
21658179.21	5170824.33	450.172
21658251.36	5170804.32	285.771
21658323.5	5170784.32	12.9616
21658395.65	5170764.31	86.7767
21658467.8	5170744.3	338.318
21658539.94	5170724.29	704.298
21658612.09	5170704.28	682.929
21658684.24	5170684.28	479.456
21658756.38	5170664.27	203.257
21658828.53	5170644.26	34.1422
21658900.68	5170624.25	17.5323
21658972.82	5170604.24	24.3755
21659044.97	5170584.24	25.9263
