21653307.22	5170346.33	686.991
21653379.37	5170326.32	675.036
21653451.52	5170306.31	539.788
21653523.66	5170286.3	749.975
21653595.81	5170266.29	779.698
21653667.96	5170246.29	721.089
21653740.1	5170226.28	517.871
21653812.25	5170206.27	494.274
21653884.4	5170186.26	550.06
21653956.54	5170166.25	736.514
21654028.69	5170146.25	738.319
21654100.84	5170126.24	701.731
21654172.98	5170106.23	735.358
21654245.13	5170086.22	672.182
21654317.28	5170066.21	754.349
21654389.42	5170046.21	670.747
21654461.57	5170026.2	675.024
21654533.72	5170006.19	537.947
21654605.86	5169986.18	412.409
21654678.01	5169966.17	465.038
21654750.16	5169946.17	274.142
21654822.31	5169926.16	419.383
21654894.45	5169906.15	418.806
21654966.6	5169886.14	659.371
21655038.75	5169866.13	541.791
21655110.89	5169846.13	456.467
21655183.04	5169826.12	613.594
21655255.19	5169806.11	666.823
21655327.33	5169786.1	670.14
21655399.48	5169766.09	695.698
21653254.7	5170437.11	570.292
21653326.85	5170417.1	526.305
21653399	5170397.09	587.802
21653471.14	5170377.08	553.071
21653543.29	5170357.07	700.931
21653615.44	5170337.07	753.968
21653687.58	5170317.06	690.449
21653759.73	5170297.05	607.934
21653831.88	5170277.04	642.383
21653904.02	5170257.03	574.121
21653976.17	5170237.03	646.937
21654048.32	5170217.02	682.592
21654120.46	5170197.01	636.673
21654192.61	5170177	630.419
21654264.76	5170156.99	646.331
21654336.9	5170136.98	767.022
21654409.05	5170116.98	712.237
21654481.2	5170096.97	645.065
21654553.34	5170076.96	419.921
21654625.49	5170056.95	104.355
21654697.64	5170036.94	348.226
21654769.78	5170016.94	247.507
21654841.93	5169996.93	511.319
21654914.08	5169976.92	381.966
21654986.23	5169956.91	541.015
21655058.37	5169936.9	476.415
21655130.52	5169916.9	594.878
21655202.66	5169896.89	651.153
21655274.81	5169876.88	672.382
21655346.96	5169856.87	653.207
21655419.11	5169836.86	738.824
21655491.25	5169816.86	703.107
21655563.4	5169796.85	725.979
21655635.55	5169776.84	719.921
21655707.69	5169756.83	590.549
21655779.84	5169736.82	486.715
21655851.99	5169716.82	629.938
21655924.13	5169696.81	729.258
21655996.28	5169676.8	704.753
21656068.43	5169656.79	718.172
21656140.57	5169636.78	734.094
21656212.72	5169616.78	749.728
21656284.87	5169596.77	728.664
21656357.01	5169576.76	794.707
21656429.16	5169556.75	777.472
21656501.31	5169536.74	739.022
21656573.45	5169516.74	610.966
21656645.6	5169496.73	716.332
21656717.75	5169476.72	226.207
21656789.89	5169456.71	560.386
21656862.04	5169436.7	575.675
21656934.19	5169416.69	572.915
21657006.33	5169396.69	462.119
21657078.48	5169376.68	703.157
21657150.63	5169356.67	834.604
21657222.77	5169336.66	710.934
21657294.92	5169316.65	769.087
21657367.07	5169296.65	792.051
21657439.21	5169276.64	790.919
21657511.36	5169256.63	802.867
21657583.51	5169236.62	783.89
21657655.65	5169216.61	778.644
21657727.8	5169196.61	783.729
21657799.95	5169176.6	765.488
21657872.09	5169156.59	767.561
21657944.24	5169136.58	788.963
21658016.39	5169116.57	776.156
21658088.53	5169096.57	710.552
21658160.68	5169076.56	734.811
21658232.83	5169056.55	761.462
21658304.97	5169036.54	805.36
21658377.12	5169016.53	753.013
21658449.27	5168996.53	754.021
21658521.41	5168976.52	748.794
21658593.56	5168956.51	771.3
21658665.71	5168936.5	788.212
21658737.85	5168916.49	793.353
21658810	5168896.49	856
21658882.15	5168876.48	692.702
21658954.29	5168856.47	813.102
21659026.44	5168836.46	802.531
21659098.59	5168816.45	798.461
21653274.33	5170507.88	599.558
21653346.48	5170487.87	464.707
21653418.62	5170467.86	506.53
21653490.77	5170447.85	605.22
21653562.92	5170427.84	775.654
21653635.06	5170407.84	761.513
21653707.21	5170387.83	681.957
21653779.36	5170367.82	760.303
21653851.5	5170347.81	764.762
21653923.65	5170327.8	672.114
21653995.8	5170307.8	703.22
21654067.94	5170287.79	673.541
21654140.09	5170267.78	583.732
21654212.24	5170247.77	554.993
21654284.38	5170227.76	699.766
21654356.53	5170207.76	733.779
21654428.68	5170187.75	725.374
21654500.82	5170167.74	523.114
21654572.97	5170147.73	601.959
21654645.12	5170127.72	391.572
21654717.26	5170107.72	509.506
21654789.41	5170087.71	478.786
21654861.56	5170067.7	436.953
21654933.7	5170047.69	350.611
21655005.85	5170027.68	537.734
21655078	5170007.68	484.198
21655150.14	5169987.67	713.624
21655222.29	5169967.66	637.341
21655294.44	5169947.65	756.295
21655366.58	5169927.64	773.6
21655438.73	5169907.63	671.305
21655510.88	5169887.63	718.298
21655583.03	5169867.62	695.859
21655655.17	5169847.61	670.001
21655727.32	5169827.6	688.546
21655799.47	5169807.59	746.625
21655871.61	5169787.59	718.833
21655943.76	5169767.58	737.941
21656015.91	5169747.57	747.992
21656088.05	5169727.56	719.137
21656160.2	5169707.55	739.646
21656232.35	5169687.55	761.358
21656304.49	5169667.54	742.731
21656376.64	5169647.53	809.852
21656448.79	5169627.52	800.679
21656520.93	5169607.51	764.015
21656593.08	5169587.51	555.599
21656665.23	5169567.5	641.879
21656737.37	5169547.49	241.586
21656809.52	5169527.48	473.024
21656881.67	5169507.47	595.323
21656953.81	5169487.47	611.673
21657025.96	5169467.46	554.68
21657098.11	5169447.45	667.297
21657170.25	5169427.44	792.566
21657242.4	5169407.43	730.616
21657314.55	5169387.43	737.79
21657386.69	5169367.42	772.808
21657458.84	5169347.41	753.72
21657530.99	5169327.4	755.738
21657603.13	5169307.39	737.928
21657675.28	5169287.39	689.407
21657747.43	5169267.38	747.247
21657819.57	5169247.37	745.116
21657891.72	5169227.36	726.159
21657963.87	5169207.35	750.359
21658036.01	5169187.34	767.279
21658108.16	5169167.34	620.688
21658180.31	5169147.33	516.837
21658252.45	5169127.32	655.688
21658324.6	5169107.31	735.877
21658396.75	5169087.3	733.543
21658468.89	5169067.3	680.517
21658541.04	5169047.29	656.615
21658613.19	5169027.28	566.602
21658685.33	5169007.27	736.071
21658757.48	5168987.26	765.585
21658829.63	5168967.26	710.93
21658901.77	5168947.25	745.107
21658973.92	5168927.24	782.672
21659046.07	5168907.23	834.339
21653293.96	5170578.65	619.82
21653366.1	5170558.64	491.419
21653438.25	5170538.63	546.853
21653510.4	5170518.62	556.077
21653582.54	5170498.61	711.387
21653654.69	5170478.61	689.172
21653726.84	5170458.6	536.601
21653798.98	5170438.59	762.093
21653871.13	5170418.58	798.872
21653943.28	5170398.57	828.616
21654015.42	5170378.57	846.301
21654087.57	5170358.56	784.566
21654159.72	5170338.55	771.57
21654231.86	5170318.54	679.568
21654304.01	5170298.53	703.726
21654376.16	5170278.53	784.792
21654448.3	5170258.52	725.087
21654520.45	5170238.51	783.705
21654592.6	5170218.5	647.751
21654664.74	5170198.49	415.124
21654736.89	5170178.49	533.881
21654809.04	5170158.48	659.739
21654881.18	5170138.47	717.196
21654953.33	5170118.46	721.823
21655025.48	5170098.45	672.121
21655097.62	5170078.45	670.005
21655169.77	5170058.44	614.333
21655241.92	5170038.43	695.557
21655314.06	5170018.42	783.02
21655386.21	5169998.41	817.095
21655458.36	5169978.41	700.279
21655530.5	5169958.4	635.023
21655602.65	5169938.39	711.899
21655674.8	5169918.38	740.257
21655746.95	5169898.37	682.853
21655819.09	5169878.37	732.311
21655891.24	5169858.36	774.908
21655963.38	5169838.35	757.292
21656035.53	5169818.34	733.945
21656107.68	5169798.33	708.354
21656179.83	5169778.32	718.423
21656251.97	5169758.32	630.889
21656324.12	5169738.31	565.927
21656396.27	5169718.3	793.092
21656468.41	5169698.29	798.784
21656540.56	5169678.28	788.677
21656612.71	5169658.28	624.31
21656684.85	5169638.27	570.982
21656757	5169618.26	498.86
21656829.15	5169598.25	408.283
21656901.29	5169578.24	575.546
21656973.44	5169558.24	546.182
21657045.59	5169538.23	679.986
21657117.73	5169518.22	759.043
21657189.88	5169498.21	763.828
21657262.03	5169478.2	742.591
21657334.17	5169458.2	731.326
21657406.32	5169438.19	666.286
21657478.47	5169418.18	587.739
21657550.61	5169398.17	599.165
21657622.76	5169378.16	636.387
21657694.91	5169358.16	716.277
21657767.05	5169338.15	758.961
21657839.2	5169318.14	760.232
21657911.35	5169298.13	743.894
21657983.49	5169278.12	760.606
21658055.64	5169258.12	729.206
21658127.79	5169238.11	595.664
21658199.93	5169218.1	664.197
21658272.08	5169198.09	701.996
21658344.23	5169178.08	612.826
21658416.37	5169158.08	612.163
21658488.52	5169138.07	537.664
21658560.67	5169118.06	571.732
21658632.81	5169098.05	445.747
21658704.96	5169078.04	613.494
21658777.11	5169058.03	752.497
21658849.25	5169038.03	759.094
21658921.4	5169018.02	735.873
21658993.55	5168998.01	727.513
21659065.69	5168978	757.013
21653313.58	5170649.42	651.762
21653385.73	5170629.41	585.892
21653457.88	5170609.4	685.626
21653530.02	5170589.39	756.166
21653602.17	5170569.39	762.685
21653674.32	5170549.38	655.431
21653746.46	5170529.37	625.219
21653818.61	5170509.36	683.171
21653890.76	5170489.35	687.382
21653962.9	5170469.35	818.962
21654035.05	5170449.34	844.194
21654107.2	5170429.33	848.458
21654179.34	5170409.32	805.827
21654251.49	5170389.31	750.723
21654323.64	5170369.3	787.892
21654395.78	5170349.3	800.997
21654467.93	5170329.29	674.615
21654540.08	5170309.28	581.246
21654612.22	5170289.27	633.479
21654684.37	5170269.26	746.218
21654756.52	5170249.26	752.185
21654828.66	5170229.25	792.109
21654900.81	5170209.24	849.344
21654972.96	5170189.23	814.616
21655045.1	5170169.22	705.994
21655117.25	5170149.22	580.114
21655189.4	5170129.21	594.032
21655261.54	5170109.2	758.086
21655333.69	5170089.19	819.247
21655405.84	5170069.18	837.346
21655477.98	5170049.18	842.799
21655550.13	5170029.17	792.193
21655622.28	5170009.16	732.574
21655694.42	5169989.15	799.384
21655766.57	5169969.14	793.73
21655838.72	5169949.14	844.051
21655910.86	5169929.13	818.637
21655983.01	5169909.12	791.828
21656055.16	5169889.11	666.314
21656127.3	5169869.1	716.774
21656199.45	5169849.1	639.933
21656271.6	5169829.09	520.701
21656343.75	5169809.08	509.017
21656415.89	5169789.07	788.78
21656488.04	5169769.06	803.969
21656560.19	5169749.06	806.007
21656632.33	5169729.05	692.27
21656704.48	5169709.04	646.327
21656776.63	5169689.03	660.885
21656848.77	5169669.02	416.181
21656920.92	5169649.02	578.744
21656993.07	5169629.01	672.474
21657065.21	5169609	738.456
21657137.36	5169588.99	713.607
21657209.51	5169568.98	607.028
21657281.65	5169548.97	699.066
21657353.8	5169528.97	682.678
21657425.95	5169508.96	613.995
21657498.09	5169488.95	625.609
21657570.24	5169468.94	556.195
21657642.39	5169448.93	500.797
21657714.53	5169428.93	577.027
21657786.68	5169408.92	672.376
21657858.83	5169388.91	719.777
21657930.97	5169368.9	594.349
21658003.12	5169348.89	612.257
21658075.27	5169328.89	517.031
21658147.41	5169308.88	523.542
21658219.56	5169288.87	658.854
21658291.71	5169268.86	662.74
21658363.85	5169248.85	592.79
21658436	5169228.85	623.726
21658508.15	5169208.84	630.794
21658580.29	5169188.83	701.291
21658652.44	5169168.82	665.339
21658724.59	5169148.81	681.23
21658796.73	5169128.81	714.471
21658868.88	5169108.8	798.446
21658941.03	5169088.79	818.431
21659013.17	5169068.78	806.451
21659085.32	5169048.77	791.941
21653261.06	5170740.2	777.691
21653333.21	5170720.19	786.203
21653405.36	5170700.18	782.343
21653477.5	5170680.17	773.208
21653549.65	5170660.16	786.441
21653621.8	5170640.16	799.149
21653693.94	5170620.15	792.793
21653766.09	5170600.14	743.722
21653838.24	5170580.13	641.857
21653910.38	5170560.12	591.472
21653982.53	5170540.12	726.301
21654054.68	5170520.11	785.696
21654126.82	5170500.1	795.187
21654198.97	5170480.09	813.277
21654271.12	5170460.08	830.374
21654343.26	5170440.08	837.526
21654415.41	5170420.07	773.995
21654487.56	5170400.06	666.501
21654559.7	5170380.05	608.752
21654631.85	5170360.04	460.575
21654704	5170340.04	579.752
21654776.14	5170320.03	721.856
21654848.29	5170300.02	793.044
21654920.44	5170280.01	832.718
21654992.58	5170260	814.191
21655064.73	5170240	772.058
21655136.88	5170219.99	639.597
21655209.02	5170199.98	652.348
21655281.17	5170179.97	722.452
21655353.32	5170159.96	828.04
21655425.46	5170139.95	835.104
21655497.61	5170119.95	863.598
21655569.76	5170099.94	873.167
21655641.9	5170079.93	822.894
21655714.05	5170059.92	701.897
21655786.2	5170039.91	722.067
21655858.34	5170019.91	763.081
21655930.49	5169999.9	751.418
21656002.64	5169979.89	753.835
21656074.78	5169959.88	693.669
21656146.93	5169939.87	603.196
21656219.08	5169919.87	266.374
21656291.22	5169899.86	358.809
21656363.37	5169879.85	594.759
21656435.52	5169859.84	771.917
21656507.66	5169839.83	691.545
21656579.81	5169819.83	661.907
21656651.96	5169799.82	624.008
21656724.1	5169779.81	576.337
21656796.25	5169759.8	699.513
21656868.4	5169739.79	627.705
21656940.55	5169719.79	681.756
21657012.69	5169699.78	636.991
21657084.84	5169679.77	632.626
21657156.99	5169659.76	396.147
21657229.13	5169639.75	233.386
21657301.28	5169619.75	488.792
21657373.43	5169599.74	528.754
21657445.57	5169579.73	527.305
21657517.72	5169559.72	606.376
21657589.87	5169539.71	586.996
21657662.01	5169519.71	648.081
21657734.16	5169499.7	619.902
21657806.31	5169479.69	522.132
21657878.45	5169459.68	547.437
21657950.6	5169439.67	242.626
21658022.75	5169419.66	166.206
21658094.89	5169399.66	352.818
21658167.04	5169379.65	589.944
21658239.19	5169359.64	565.413
21658311.33	5169339.63	501.014
21658383.48	5169319.62	635.01
21658455.63	5169299.62	719.273
21658527.77	5169279.61	760.52
21658599.92	5169259.6	721.096
21658672.07	5169239.59	621.774
21658744.21	5169219.58	680.493
21658816.36	5169199.58	774.695
21658888.51	5169179.57	798.3
21658960.65	5169159.56	802.687
21659032.8	5169139.55	811.982
21659104.95	5169119.54	796.162
21653280.69	5170810.97	790.976
21653352.84	5170790.96	807.347
21653424.98	5170770.95	786.249
21653497.13	5170750.94	708.268
21653569.28	5170730.93	779.473
21653641.42	5170710.93	789.728
21653713.57	5170690.92	795.384
21653785.72	5170670.91	802.926
21653857.86	5170650.9	765.261
21653930.01	5170630.89	669.636
21654002.16	5170610.89	667.067
21654074.3	5170590.88	798.5
21654146.45	5170570.87	813.506
21654218.6	5170550.86	843.288
21654290.74	5170530.85	878.726
21654362.89	5170510.85	867.067
21654435.04	5170490.84	806.766
21654507.18	5170470.83	587.792
21654579.33	5170450.82	485.512
21654651.48	5170430.81	422.398
21654723.62	5170410.81	552.289
21654795.77	5170390.8	677.138
21654867.92	5170370.79	783.779
21654940.06	5170350.78	813.244
21655012.21	5170330.77	847.254
21655084.36	5170310.77	788.958
21655156.5	5170290.76	634.401
21655228.65	5170270.75	697.355
21655300.8	5170250.74	670.177
21655372.94	5170230.73	821.403
21655445.09	5170210.73	866.552
21655517.24	5170190.72	887.187
21655589.38	5170170.71	874.929
21655661.53	5170150.7	808.516
21655733.68	5170130.69	665.782
21655805.82	5170110.69	665.302
21655877.97	5170090.68	634.908
21655950.12	5170070.67	647.502
21656022.26	5170050.66	576.428
21656094.41	5170030.65	521.641
21656166.56	5170010.65	87.3789
21656238.7	5169990.64	15.1888
21656310.85	5169970.63	28.052
21656383	5169950.62	424.12
21656455.14	5169930.61	686.836
21656527.29	5169910.6	616.721
21656599.44	5169890.6	574.407
21656671.58	5169870.59	660.393
21656743.73	5169850.58	682.132
21656815.88	5169830.57	694.626
21656888.02	5169810.56	626.659
21656960.17	5169790.56	625.069
21657032.32	5169770.55	516.626
21657104.47	5169750.54	497.108
21657176.61	5169730.53	217.956
21657248.76	5169710.52	9.44944
21657320.91	5169690.52	161.092
21657393.05	5169670.51	624.992
21657465.2	5169650.5	592.667
21657537.35	5169630.49	554.502
21657609.49	5169610.48	704.552
21657681.64	5169590.48	680.153
21657753.79	5169570.47	694.953
21657825.93	5169550.46	649.041
21657898.08	5169530.45	568.135
21657970.23	5169510.44	449.882
21658042.37	5169490.44	125.313
21658114.52	5169470.43	173.236
21658186.67	5169450.42	531.179
21658258.81	5169430.41	495.898
21658330.96	5169410.4	501.448
21658403.11	5169390.4	635.034
21658475.25	5169370.39	669.626
21658547.4	5169350.38	617.238
21658619.55	5169330.37	644.439
21658691.69	5169310.36	649.807
21658763.84	5169290.36	666.944
21658835.99	5169270.35	753.266
21658908.13	5169250.34	808.502
21658980.28	5169230.33	807.421
21659052.43	5169210.32	795.672
21653300.32	5170881.74	825.485
21653372.46	5170861.73	831.823
21653444.61	5170841.72	816.346
21653516.76	5170821.71	781.516
21653588.9	5170801.71	784.924
21653661.05	5170781.7	763.218
21653733.2	5170761.69	778.174
21653805.34	5170741.68	823.531
21653877.49	5170721.67	783.667
21653949.64	5170701.67	801.658
21654021.78	5170681.66	796.197
21654093.93	5170661.65	812.946
21654166.08	5170641.64	762.153
21654238.22	5170621.63	740.908
21654310.37	5170601.63	812.234
21654382.52	5170581.62	780.754
21654454.66	5170561.61	642.383
21654526.81	5170541.6	332.551
21654598.96	5170521.59	458.024
21654671.1	5170501.58	749.061
21654743.25	5170481.58	784.034
21654815.4	5170461.57	712.765
21654887.54	5170441.56	542.9
21654959.69	5170421.55	597.758
21655031.84	5170401.54	714.217
21655103.98	5170381.54	678.744
21655176.13	5170361.53	579.655
21655248.28	5170341.52	643.379
21655320.42	5170321.51	646.693
21655392.57	5170301.5	637.457
21655464.72	5170281.5	784.959
21655536.86	5170261.49	736.064
21655609.01	5170241.48	802.15
21655681.16	5170221.47	722.867
21655753.3	5170201.46	499.721
21655825.45	5170181.46	84.0778
21655897.6	5170161.45	238.653
21655969.74	5170141.44	540.986
21656041.89	5170121.43	675.83
21656114.04	5170101.42	703.496
21656186.18	5170081.42	334.043
21656258.33	5170061.41	30.5292
21656330.48	5170041.4	22.6426
21656402.62	5170021.39	248.063
21656474.77	5170001.38	702.444
21656546.92	5169981.38	506.923
21656619.06	5169961.37	462.086
21656691.21	5169941.36	638.509
21656763.36	5169921.35	765.451
21656835.5	5169901.34	802.909
21656907.65	5169881.34	612.039
21656979.8	5169861.33	202.222
21657051.94	5169841.32	503.067
21657124.09	5169821.31	564.327
21657196.24	5169801.3	297.403
21657268.38	5169781.3	139.766
21657340.53	5169761.29	358.16
21657412.68	5169741.28	579.014
21657484.83	5169721.27	601.614
21657556.97	5169701.26	657.263
21657629.12	5169681.25	702.083
21657701.27	5169661.25	678.108
21657773.41	5169641.24	608.467
21657845.56	5169621.23	564.656
21657917.71	5169601.22	613.501
21657989.85	5169581.21	537.679
21658062	5169561.21	411.783
21658134.15	5169541.2	367.137
21658206.29	5169521.19	623.38
21658278.44	5169501.18	565.264
21658350.59	5169481.17	520.653
21658422.73	5169461.17	568.843
21658494.88	5169441.16	640.328
21658567.03	5169421.15	668.501
21658639.17	5169401.14	731.526
21658711.32	5169381.13	646.041
21658783.47	5169361.13	710.247
21658855.61	5169341.12	688.612
21658927.76	5169321.11	778.253
21658999.91	5169301.1	800.436
21659072.05	5169281.09	818.808
21653247.8	5170972.52	858.417
21653319.94	5170952.51	861.008
21653392.09	5170932.5	874.32
21653464.24	5170912.49	878.496
21653536.38	5170892.48	773.16
21653608.53	5170872.48	609.717
21653680.68	5170852.47	605.476
21653752.82	5170832.46	659.561
21653824.97	5170812.45	770.898
21653897.12	5170792.44	753.305
21653969.26	5170772.44	725.841
21654041.41	5170752.43	777.524
21654113.56	5170732.42	757.925
21654185.7	5170712.41	584.48
21654257.85	5170692.4	590.059
21654330	5170672.4	749.733
21654402.14	5170652.39	748.509
21654474.29	5170632.38	629.516
21654546.44	5170612.37	525.55
21654618.58	5170592.36	676.241
21654690.73	5170572.36	803.852
21654762.88	5170552.35	813.822
21654835.02	5170532.34	777.604
21654907.17	5170512.33	617.241
21654979.32	5170492.32	542.103
21655051.46	5170472.32	615.034
21655123.61	5170452.31	664.808
21655195.76	5170432.3	670.915
21655267.9	5170412.29	507.734
21655340.05	5170392.28	603.864
21655412.2	5170372.28	613.348
21655484.34	5170352.27	757.896
21655556.49	5170332.26	689.502
21655628.64	5170312.25	427.901
21655700.78	5170292.24	535.608
21655772.93	5170272.23	765.058
21655845.08	5170252.23	424.111
21655917.22	5170232.22	435.322
21655989.37	5170212.21	645.424
21656061.52	5170192.2	657.692
21656133.66	5170172.19	592.145
21656205.81	5170152.19	352.719
21656277.96	5170132.18	28.4203
21656350.1	5170112.17	23.6274
21656422.25	5170092.16	248.668
21656494.4	5170072.15	588.712
21656566.54	5170052.15	401.345
21656638.69	5170032.14	421.707
21656710.84	5170012.13	649.021
21656782.98	5169992.12	718.345
21656855.13	5169972.11	769.988
21656927.28	5169952.11	597.674
21656999.42	5169932.1	398.955
21657071.57	5169912.09	661.278
21657143.72	5169892.08	730.862
21657215.86	5169872.07	805.756
21657288.01	5169852.07	0.5
21657360.16	5169832.06	580.436
21657432.3	5169812.05	622.187
21657504.45	5169792.04	619.935
21657576.6	5169772.03	726.652
21657648.74	5169752.03	759.196
21657720.89	5169732.02	703.182
21657793.04	5169712.01	640.224
21657865.18	5169692	589.815
21657937.33	5169671.99	551.483
21658009.48	5169651.99	598.211
21658081.63	5169631.98	575.732
21658153.77	5169611.97	674.545
21658225.92	5169591.96	756.974
21658298.07	5169571.95	729.448
21658370.21	5169551.94	612.524
21658442.36	5169531.94	510.339
21658514.51	5169511.93	706.549
21658586.65	5169491.92	782.284
21658658.8	5169471.91	793.798
21658730.95	5169451.9	737.539
21658803.09	5169431.9	760.934
21658875.24	5169411.89	670.472
21658947.39	5169391.88	624.928
21659019.53	5169371.87	659.674
21659091.68	5169351.86	750.468
21653267.42	5171043.29	829.935
21653339.57	5171023.28	844.791
21653411.72	5171003.27	864.622
21653483.86	5170983.26	887.686
21653556.01	5170963.26	821.04
21653628.16	5170943.25	719.089
21653700.3	5170923.24	754.53
21653772.45	5170903.23	724.999
21653844.6	5170883.22	729.769
21653916.74	5170863.21	687.189
21653988.89	5170843.21	619.45
21654061.04	5170823.2	822.221
21654133.18	5170803.19	855.223
21654205.33	5170783.18	802.442
21654277.48	5170763.17	804.573
21654349.62	5170743.17	861.807
21654421.77	5170723.16	830.771
21654493.92	5170703.15	739.277
21654566.06	5170683.14	711.425
21654638.21	5170663.13	833.353
21654710.36	5170643.13	833.238
21654782.5	5170623.12	815.447
21654854.65	5170603.11	829.424
21654926.8	5170583.1	810.342
21654998.94	5170563.09	780.865
21655071.09	5170543.09	769.138
21655143.24	5170523.08	678.983
21655215.38	5170503.07	696.774
21655287.53	5170483.06	590.309
21655359.68	5170463.05	766.336
21655431.82	5170443.05	726.256
21655503.97	5170423.04	751.906
21655576.12	5170403.03	731.881
21655648.26	5170383.02	516.193
21655720.41	5170363.01	455.003
21655792.56	5170343.01	503.573
21655864.7	5170323	712.599
21655936.85	5170302.99	724.886
21656009	5170282.98	666.96
21656081.14	5170262.97	615.756
21656153.29	5170242.97	186.886
21656225.44	5170222.96	31.6702
21656297.58	5170202.95	32.5948
21656369.73	5170182.94	210.341
21656441.88	5170162.93	773.713
21656514.02	5170142.93	399.169
21656586.17	5170122.92	629.714
21656658.32	5170102.91	783.73
21656730.46	5170082.9	803.596
21656802.61	5170062.89	688.641
21656874.76	5170042.88	562.516
21656946.9	5170022.88	670.918
21657019.05	5170002.87	726.229
21657091.2	5169982.86	635.013
21657163.34	5169962.85	747.771
21657235.49	5169942.84	743.085
21657307.64	5169922.84	745.696
21657379.78	5169902.83	623.939
21657451.93	5169882.82	592.541
21657524.08	5169862.81	574.898
21657596.22	5169842.8	605.004
21657668.37	5169822.8	639.962
21657740.52	5169802.79	614.463
21657812.66	5169782.78	562.341
21657884.81	5169762.77	500.93
21657956.96	5169742.76	587.814
21658029.1	5169722.76	598.734
21658101.25	5169702.75	568.298
21658173.4	5169682.74	528.029
21658245.54	5169662.73	560.914
21658317.69	5169642.72	637.584
21658389.84	5169622.72	654.259
21658461.99	5169602.71	571.241
21658534.13	5169582.7	607.882
21658606.28	5169562.69	727.819
21658678.43	5169542.68	626.336
21658750.57	5169522.68	672.085
21658822.72	5169502.67	651.172
21658894.87	5169482.66	628.434
21658967.01	5169462.65	622.894
21659039.16	5169442.64	650.684
21659111.31	5169422.64	747.281
21653287.05	5171114.06	793.481
21653359.2	5171094.05	790.302
21653431.34	5171074.04	788.945
21653503.49	5171054.03	795.107
21653575.64	5171034.03	808.664
21653647.78	5171014.02	799.768
21653719.93	5170994.01	769.537
21653792.08	5170974	781.758
21653864.22	5170953.99	771.107
21653936.37	5170933.99	715.999
21654008.52	5170913.98	761.342
21654080.66	5170893.97	815.283
21654152.81	5170873.96	835.271
21654224.96	5170853.95	821.481
21654297.1	5170833.95	822.984
21654369.25	5170813.94	856.807
21654441.4	5170793.93	820.841
21654513.54	5170773.92	754.464
21654585.69	5170753.91	695.101
21654657.84	5170733.91	793.749
21654729.98	5170713.9	765.305
21654802.13	5170693.89	763.495
21654874.28	5170673.88	733.841
21654946.42	5170653.87	695.625
21655018.57	5170633.86	691.543
21655090.72	5170613.86	671.783
21655162.86	5170593.85	646.584
21655235.01	5170573.84	678.804
21655307.16	5170553.83	699.067
21655379.3	5170533.82	716.083
21655451.45	5170513.82	726.002
21655523.6	5170493.81	693.384
21655595.74	5170473.8	667.089
21655667.89	5170453.79	514.449
21655740.04	5170433.78	567.143
21655812.18	5170413.78	481.661
21655884.33	5170393.77	669.142
21655956.48	5170373.76	651.284
21656028.62	5170353.75	609.427
21656100.77	5170333.74	597.029
21656172.92	5170313.74	147.59
21656245.06	5170293.73	24.7986
21656317.21	5170273.72	10.3379
21656389.36	5170253.71	520.558
21656461.5	5170233.7	488.346
21656533.65	5170213.7	729.089
21656605.8	5170193.69	776.983
21656677.94	5170173.68	850.271
21656750.09	5170153.67	812.22
21656822.24	5170133.66	739.311
21656894.38	5170113.66	551.876
21656966.53	5170093.65	532.631
21657038.68	5170073.64	634.49
21657110.82	5170053.63	588.208
21657182.97	5170033.62	542.633
21657255.12	5170013.62	625.834
21657327.26	5169993.61	509.779
21657399.41	5169973.6	498.426
21657471.56	5169953.59	520.748
21657543.7	5169933.58	568.871
21657615.85	5169913.57	355.626
21657688	5169893.57	452.04
21657760.14	5169873.56	607.207
21657832.29	5169853.55	494.214
21657904.44	5169833.54	523.348
21657976.58	5169813.53	631.373
21658048.73	5169793.53	571.855
21658120.88	5169773.52	524.753
21658193.02	5169753.51	507.091
21658265.17	5169733.5	583.053
21658337.32	5169713.49	535.523
21658409.46	5169693.49	635.407
21658481.61	5169673.48	579.712
21658553.76	5169653.47	591.743
21658625.91	5169633.46	526.977
21658698.05	5169613.45	503.2
21658770.2	5169593.45	633.909
21658842.35	5169573.44	580.21
21658914.49	5169553.43	634.354
21658986.64	5169533.42	679.213
21659058.79	5169513.41	713.558
21653306.68	5171184.83	794.176
21653378.82	5171164.82	754.168
21653450.97	5171144.81	645.673
21653523.12	5171124.8	673.533
21653595.26	5171104.8	791.564
21653667.41	5171084.79	806.142
21653739.56	5171064.78	735.842
21653811.7	5171044.77	768.534
21653883.85	5171024.76	797.499
21653956	5171004.76	727.025
21654028.14	5170984.75	721.313
21654100.29	5170964.74	788.174
21654172.44	5170944.73	811.504
21654244.58	5170924.72	804.043
21654316.73	5170904.72	750.393
21654388.88	5170884.71	667.852
21654461.02	5170864.7	717.337
21654533.17	5170844.69	581.016
21654605.32	5170824.68	337.739
21654677.46	5170804.68	36.9193
21654749.61	5170784.67	584.964
21654821.76	5170764.66	530.78
21654893.9	5170744.65	603.56
21654966.05	5170724.64	585.045
21655038.2	5170704.64	585.227
21655110.34	5170684.63	594.488
21655182.49	5170664.62	523.059
21655254.64	5170644.61	654.475
21655326.78	5170624.6	712.385
21655398.93	5170604.6	660.339
21655471.08	5170584.59	702.48
21655543.22	5170564.58	688.5
21655615.37	5170544.57	731.834
21655687.52	5170524.56	681.016
21655759.66	5170504.56	748.37
21655831.81	5170484.55	662.689
21655903.96	5170464.54	635.112
21655976.1	5170444.53	219.268
21656048.25	5170424.52	328.373
21656120.4	5170404.51	548.422
21656192.54	5170384.51	313.574
21656264.69	5170364.5	270.548
21656336.84	5170344.49	204.519
21656408.98	5170324.48	567.861
21656481.13	5170304.47	598.481
21656553.28	5170284.47	694.473
21656625.42	5170264.46	633.268
21656697.57	5170244.45	693.489
21656769.72	5170224.44	628.133
21656841.86	5170204.43	555.309
21656914.01	5170184.43	513.167
21656986.16	5170164.42	410.847
21657058.3	5170144.41	447.303
21657130.45	5170124.4	424.652
21657202.6	5170104.39	421.916
21657274.74	5170084.39	722.777
21657346.89	5170064.38	469.439
21657419.04	5170044.37	300.322
21657491.18	5170024.36	372.742
21657563.33	5170004.35	592.298
21657635.48	5169984.35	358.182
21657707.62	5169964.34	590.402
21657779.77	5169944.33	518.892
21657851.92	5169924.32	539.684
21657924.06	5169904.31	585.975
21657996.21	5169884.31	496.262
21658068.36	5169864.3	551.969
21658140.5	5169844.29	546.676
21658212.65	5169824.28	429.571
21658284.8	5169804.27	604.047
21658356.94	5169784.27	716.681
21658429.09	5169764.26	613.484
21658501.24	5169744.25	66.1983
21658573.38	5169724.24	204.453
21658645.53	5169704.23	749.287
21658717.68	5169684.22	565.151
21658789.82	5169664.22	691.207
21658861.97	5169644.21	657.394
21658934.12	5169624.2	587.724
21659006.26	5169604.19	679.626
21659078.41	5169584.18	663.883
21653254.15	5171275.61	786.202
21653326.3	5171255.6	771.409
21653398.45	5171235.59	682.192
21653470.6	5171215.58	669.63
21653542.74	5171195.58	638.523
21653614.89	5171175.57	792.067
21653687.04	5171155.56	859.954
21653759.18	5171135.55	844.448
21653831.33	5171115.54	833.837
21653903.48	5171095.54	833.805
21653975.62	5171075.53	833.921
21654047.77	5171055.52	833.819
21654119.92	5171035.51	753.748
21654192.06	5171015.5	754.907
21654264.21	5170995.49	756.76
21654336.36	5170975.49	663.995
21654408.5	5170955.48	472.486
21654480.65	5170935.47	438.186
21654552.8	5170915.46	457.467
21654624.94	5170895.45	338.667
21654697.09	5170875.45	28.7028
21654769.24	5170855.44	200.848
21654841.38	5170835.43	378.83
21654913.53	5170815.42	459.424
21654985.68	5170795.41	577.722
21655057.82	5170775.41	616.624
21655129.97	5170755.4	528.943
21655202.12	5170735.39	550.584
21655274.26	5170715.38	620.038
21655346.41	5170695.37	731.351
21655418.56	5170675.37	761.957
21655490.7	5170655.36	857.659
21655562.85	5170635.35	827.829
21655635	5170615.34	740.943
21655707.14	5170595.33	655.812
21655779.29	5170575.33	725.017
21655851.44	5170555.32	596.142
21655923.58	5170535.31	395.469
21655995.73	5170515.3	37.2545
21656067.88	5170495.29	182.399
21656140.02	5170475.29	331.588
21656212.17	5170455.28	516.397
21656284.32	5170435.27	578.012
21656356.46	5170415.26	453.837
21656428.61	5170395.25	352.407
21656500.76	5170375.25	34.9642
21656572.9	5170355.24	229.813
21656645.05	5170335.23	347.612
21656717.2	5170315.22	166.243
21656789.34	5170295.21	26.5292
21656861.49	5170275.21	34.3381
21656933.64	5170255.2	506.405
21657005.78	5170235.19	443.782
21657077.93	5170215.18	400.701
21657150.08	5170195.17	16.615
21657222.22	5170175.16	216.739
21657294.37	5170155.16	498.835
21657366.52	5170135.15	585.028
21657438.66	5170115.14	679.936
21657510.81	5170095.13	276.452
21657582.96	5170075.12	539.043
21657655.1	5170055.12	256.457
21657727.25	5170035.11	562.549
21657799.4	5170015.1	571.263
21657871.54	5169995.09	563.457
21657943.69	5169975.08	662.223
21658015.84	5169955.08	529.568
21658087.98	5169935.07	524.597
21658160.13	5169915.06	407.907
21658232.28	5169895.05	82.9972
21658304.42	5169875.04	430.254
21658376.57	5169855.04	469.209
21658448.72	5169835.03	395.667
21658520.86	5169815.02	482.694
21658593.01	5169795.01	187.904
21658665.16	5169775	660.524
21658737.3	5169755	459.78
21658809.45	5169734.99	547.891
21658881.6	5169714.98	626.681
21658953.74	5169694.97	662.089
21659025.89	5169674.96	694.533
21659098.04	5169654.96	676.985
21653273.78	5171346.38	751.921
21653345.93	5171326.37	748.617
21653418.07	5171306.36	689.761
21653490.22	5171286.35	631.382
21653562.37	5171266.35	665.687
21653634.51	5171246.34	775.652
21653706.66	5171226.33	759.092
21653778.81	5171206.32	819.688
21653850.96	5171186.31	811.916
21653923.1	5171166.31	819.193
21653995.25	5171146.3	838.942
21654067.4	5171126.29	855.147
21654139.54	5171106.28	777.256
21654211.69	5171086.27	717.244
21654283.84	5171066.27	655.731
21654355.98	5171046.26	548.327
21654428.13	5171026.25	386.723
21654500.28	5171006.24	179.129
21654572.42	5170986.23	79.8228
21654644.57	5170966.23	318.989
21654716.72	5170946.22	168.921
21654788.86	5170926.21	29.3603
21654861.01	5170906.2	29.7091
21654933.16	5170886.19	8.90833
21655005.3	5170866.18	499.637
21655077.45	5170846.18	536.586
21655149.6	5170826.17	179.803
21655221.74	5170806.16	262.367
21655293.89	5170786.15	524.712
21655366.04	5170766.14	545.947
21655438.18	5170746.14	797.844
21655510.33	5170726.13	920.521
21655582.48	5170706.12	869.167
21655654.62	5170686.11	744.326
21655726.77	5170666.1	647.676
21655798.92	5170646.1	560.276
21655871.06	5170626.09	609.298
21655943.21	5170606.08	510.188
21656015.36	5170586.07	224.327
21656087.5	5170566.06	445.194
21656159.65	5170546.06	585.857
21656231.8	5170526.05	508.676
21656303.94	5170506.04	578.512
21656376.09	5170486.03	504.477
21656448.24	5170466.02	206.882
21656520.38	5170446.02	5.775
21656592.53	5170426.01	37.3917
21656664.68	5170406	37.3675
21656736.82	5170385.99	36.686
21656808.97	5170365.98	22.9505
21656881.12	5170345.98	403.207
21656953.26	5170325.97	743.738
21657025.41	5170305.96	542.642
21657097.56	5170285.95	22.8874
21657169.7	5170265.94	16.3302
21657241.85	5170245.94	32.5671
21657314	5170225.93	35.1075
21657386.14	5170205.92	261.301
21657458.29	5170185.91	511.931
21657530.44	5170165.9	398.122
21657602.58	5170145.9	526.869
21657674.73	5170125.89	583.484
21657746.88	5170105.88	499.502
21657819.02	5170085.87	569.44
21657891.17	5170065.86	436.693
21657963.32	5170045.85	210.087
21658035.46	5170025.85	34.8034
21658107.61	5170005.84	30.405
21658179.76	5169985.83	36.7556
21658251.9	5169965.82	89.0011
21658324.05	5169945.81	489.715
21658396.2	5169925.81	488.469
21658468.34	5169905.8	618.338
21658540.49	5169885.79	669.602
21658612.64	5169865.78	587.649
21658684.78	5169845.77	646.76
21658756.93	5169825.77	672.293
21658829.08	5169805.76	737.912
21658901.22	5169785.75	763.668
21658973.37	5169765.74	743.641
21659045.52	5169745.73	671.589
21653293.41	5171417.15	668.797
21653365.55	5171397.14	660.654
21653437.7	5171377.13	636.291
21653509.85	5171357.12	663.975
21653581.99	5171337.12	694.524
21653654.14	5171317.11	758.106
21653726.29	5171297.1	814.958
21653798.43	5171277.09	806.686
21653870.58	5171257.08	776.549
21653942.73	5171237.08	794.249
21654014.87	5171217.07	785.263
21654087.02	5171197.06	759.952
21654159.17	5171177.05	824.659
21654231.32	5171157.04	778.629
21654303.46	5171137.04	748.598
21654375.61	5171117.03	388.137
21654447.76	5171097.02	209.563
21654519.9	5171077.01	307.437
21654592.05	5171057	571.008
21654664.2	5171037	578.759
21654736.34	5171016.99	147.84
21654808.49	5170996.98	30.7301
21654880.64	5170976.97	35.4951
21654952.78	5170956.96	45.3122
21655024.93	5170936.96	303.447
21655097.08	5170916.95	669.284
21655169.22	5170896.94	517.435
21655241.37	5170876.93	229.277
21655313.52	5170856.92	287.839
21655385.66	5170836.92	601.555
21655457.81	5170816.91	746.189
21655529.96	5170796.9	801.442
21655602.1	5170776.89	779.847
21655674.25	5170756.88	679.324
21655746.4	5170736.88	575.892
21655818.54	5170716.87	577.932
21655890.69	5170696.86	613.873
21655962.84	5170676.85	561.12
21656034.98	5170656.84	408.403
21656107.13	5170636.83	412.018
21656179.28	5170616.83	615.646
21656251.42	5170596.82	538.194
21656323.57	5170576.81	452.496
21656395.72	5170556.8	393.321
21656467.86	5170536.79	69.6539
21656540.01	5170516.79	37.2769
21656612.16	5170496.78	33.5633
21656684.3	5170476.77	23.3511
21656756.45	5170456.76	74.8572
21656828.6	5170436.75	75.805
21656900.74	5170416.75	353.259
21656972.89	5170396.74	708.407
21657045.04	5170376.73	353.976
21657117.18	5170356.72	0.5
21657189.33	5170336.71	0.5
21657261.48	5170316.71	33.0182
21657333.62	5170296.7	36.9725
21657405.77	5170276.69	205.236
21657477.92	5170256.68	479.299
21657550.06	5170236.67	430.638
21657622.21	5170216.67	585.535
21657694.36	5170196.66	680.632
21657766.5	5170176.65	559.081
21657838.65	5170156.64	687.436
21657910.8	5170136.63	37.5503
21657982.94	5170116.63	28.9424
21658055.09	5170096.62	28.274
21658127.24	5170076.61	23.4706
21658199.38	5170056.6	16.0138
21658271.53	5170036.59	154.128
21658343.68	5170016.59	617.454
21658415.82	5169996.58	530.319
21658487.97	5169976.57	565.743
21658560.12	5169956.56	494.298
21658632.26	5169936.55	703.547
21658704.41	5169916.55	574.676
21658776.56	5169896.54	641.707
21658848.7	5169876.53	760.299
21658920.85	5169856.52	738.259
21658993	5169836.51	687.501
21659065.14	5169816.5	686.884
21653313.03	5171487.92	660.892
21653385.18	5171467.91	596.124
21653457.33	5171447.9	601.189
21653529.47	5171427.9	652.591
21653601.62	5171407.89	755.722
21653673.77	5171387.88	816.269
21653745.91	5171367.87	859.848
21653818.06	5171347.86	816.451
21653890.21	5171327.86	767.155
21653962.35	5171307.85	769.834
21654034.5	5171287.84	711.962
21654106.65	5171267.83	740.596
21654178.79	5171247.82	787.489
21654250.94	5171227.82	570.469
21654323.09	5171207.81	282.948
21654395.23	5171187.8	38.9578
21654467.38	5171167.79	28.548
21654539.53	5171147.78	588.781
21654611.67	5171127.77	166.553
21654683.82	5171107.77	471.489
21654755.97	5171087.76	606.188
21654828.12	5171067.75	173.882
21654900.26	5171047.74	301.94
21654972.41	5171027.73	187.504
21655044.56	5171007.73	60.38
21655116.7	5170987.72	481.618
21655188.85	5170967.71	721.248
21655261	5170947.7	415.159
21655333.14	5170927.69	160.984
21655405.29	5170907.69	744.271
21655477.44	5170887.68	781.858
21655549.58	5170867.67	775.156
21655621.73	5170847.66	777.264
21655693.88	5170827.65	762.201
21655766.02	5170807.65	609.217
21655838.17	5170787.64	655.691
21655910.32	5170767.63	691.182
21655982.46	5170747.62	676.464
21656054.61	5170727.61	354.667
21656126.76	5170707.61	96.3389
21656198.9	5170687.6	515.253
21656271.05	5170667.59	347.484
21656343.2	5170647.58	207.587
21656415.34	5170627.57	205.048
21656487.49	5170607.57	235.889
21656559.64	5170587.56	32.5681
21656631.78	5170567.55	35.8574
21656703.93	5170547.54	365.27
21656776.08	5170527.53	439.335
21656848.22	5170507.53	85.0594
21656920.37	5170487.52	396.938
21656992.52	5170467.51	664.526
21657064.66	5170447.5	267.733
21657136.81	5170427.49	0.5
21657208.96	5170407.48	0.5
21657281.1	5170387.48	0.5
21657353.25	5170367.47	27.5671
21657425.4	5170347.46	56.0567
21657497.54	5170327.45	169.055
21657569.69	5170307.44	158.415
21657641.84	5170287.44	514.679
21657713.98	5170267.43	687.456
21657786.13	5170247.42	648.033
21657858.28	5170227.41	0.5
21657930.42	5170207.4	32.2495
21658002.57	5170187.4	33.6449
21658074.72	5170167.39	0.5
21658146.86	5170147.38	0.5
21658219.01	5170127.37	19.1584
21658291.16	5170107.36	35.7252
21658363.3	5170087.36	561.847
21658435.45	5170067.35	611.706
21658507.6	5170047.34	570.382
21658579.74	5170027.33	634.171
21658651.89	5170007.32	624.362
21658724.04	5169987.32	627.974
21658796.18	5169967.31	721.152
21658868.33	5169947.3	505.188
21658940.48	5169927.29	641.018
21659012.62	5169907.28	566.614
21659084.77	5169887.28	624.586
21653260.51	5171578.7	645.783
21653332.66	5171558.69	502.118
21653404.81	5171538.68	425.819
21653476.95	5171518.67	519.146
21653549.1	5171498.67	554.269
21653621.25	5171478.66	493.18
21653693.39	5171458.65	772.217
21653765.54	5171438.64	856.587
21653837.69	5171418.63	842.039
21653909.83	5171398.63	780.099
21653981.98	5171378.62	728.137
21654054.13	5171358.61	708.872
21654126.27	5171338.6	828.921
21654198.42	5171318.59	771.068
21654270.57	5171298.59	463.513
21654342.71	5171278.58	212.472
21654414.86	5171258.57	260.414
21654487.01	5171238.56	31.91
21654559.15	5171218.55	426.944
21654631.3	5171198.55	173.909
21654703.45	5171178.54	141.701
21654775.59	5171158.53	206.671
21654847.74	5171138.52	519.708
21654919.89	5171118.51	565.038
21654992.04	5171098.51	315.704
21655064.18	5171078.5	163.828
21655136.33	5171058.49	490.212
21655208.48	5171038.48	613.483
21655280.62	5171018.47	203.746
21655352.77	5170998.47	229.453
21655424.92	5170978.46	730.496
21655497.06	5170958.45	811.474
21655569.21	5170938.44	779.538
21655641.36	5170918.43	769.593
21655713.5	5170898.42	801.11
21655785.65	5170878.42	800.04
21655857.8	5170858.41	805.432
21655929.94	5170838.4	701.382
21656002.09	5170818.39	701.218
21656074.24	5170798.38	631.793
21656146.38	5170778.38	272.074
21656218.53	5170758.37	542.428
21656290.68	5170738.36	514.814
21656362.82	5170718.35	293.554
21656434.97	5170698.34	93.8333
21656507.12	5170678.34	66.79
21656579.26	5170658.33	22.1572
21656651.41	5170638.32	23.2041
21656723.56	5170618.31	283.272
21656795.7	5170598.3	374.946
21656867.85	5170578.3	585.033
21656940	5170558.29	643.366
21657012.14	5170538.28	670.03
21657084.29	5170518.27	564.579
21657156.44	5170498.26	0.5
21657228.58	5170478.26	0.5
21657300.73	5170458.25	0.5
21657372.88	5170438.24	0.5
21657445.02	5170418.23	21.654
21657517.17	5170398.22	15.7079
21657589.32	5170378.22	33.7603
21657661.46	5170358.21	419.371
21657733.61	5170338.2	797.196
21657805.76	5170318.19	738.904
21657877.9	5170298.18	11.7764
21657950.05	5170278.18	83.0061
21658022.2	5170258.17	13.2385
21658094.34	5170238.16	27.0461
21658166.49	5170218.15	447.817
21658238.64	5170198.14	482.462
21658310.78	5170178.13	519.701
21658382.93	5170158.13	671.658
21658455.08	5170138.12	620.764
21658527.22	5170118.11	650.148
21658599.37	5170098.1	711.411
21658671.52	5170078.09	568.302
21658743.66	5170058.09	734.394
21658815.81	5170038.08	743.996
21658887.96	5170018.07	418.139
21658960.1	5169998.06	385.932
21659032.25	5169978.05	464.568
21659104.4	5169958.05	616.547
21653280.14	5171649.47	690.866
21653352.29	5171629.46	695.822
21653424.43	5171609.45	622.592
21653496.58	5171589.45	607.954
21653568.73	5171569.44	604.207
21653640.87	5171549.43	466.301
21653713.02	5171529.42	630.507
21653785.17	5171509.41	774.31
21653857.31	5171489.4	792.498
21653929.46	5171469.4	799.568
21654001.61	5171449.39	806.98
21654073.75	5171429.38	800.302
21654145.9	5171409.37	748.132
21654218.05	5171389.36	652.566
21654290.19	5171369.36	473.981
21654362.34	5171349.35	525.494
21654434.49	5171329.34	92.7406
21654506.63	5171309.33	108.624
21654578.78	5171289.32	250.384
21654650.93	5171269.32	311.193
21654723.07	5171249.31	438.951
21654795.22	5171229.3	466.818
21654867.37	5171209.29	281.768
21654939.51	5171189.28	608.94
21655011.66	5171169.28	132.197
21655083.81	5171149.27	29.8518
21655155.95	5171129.26	202.685
21655228.1	5171109.25	571.43
21655300.25	5171089.24	369.113
21655372.39	5171069.24	676.456
21655444.54	5171049.23	857.605
21655516.69	5171029.22	866.944
21655588.84	5171009.21	793.578
21655660.98	5170989.2	770.315
21655733.13	5170969.2	848.432
21655805.28	5170949.19	800.757
21655877.42	5170929.18	797.134
21655949.57	5170909.17	794.64
21656021.72	5170889.16	728.213
21656093.86	5170869.16	647.875
21656166.01	5170849.15	527.665
21656238.16	5170829.14	577.462
21656310.3	5170809.13	562.456
21656382.45	5170789.12	227.331
21656454.6	5170769.11	53.4556
21656526.74	5170749.11	25.9356
21656598.89	5170729.1	0.5
21656671.04	5170709.09	19.8746
21656743.18	5170689.08	142.561
21656815.33	5170669.07	428.411
21656887.48	5170649.07	808.378
21656959.62	5170629.06	826.986
21657031.77	5170609.05	716.161
21657103.92	5170589.04	551.116
21657176.06	5170569.03	32.762
21657248.21	5170549.03	0.5
21657320.36	5170529.02	0.5
21657392.5	5170509.01	9.78782
21657464.65	5170489	0.5
21657536.8	5170468.99	0.5
21657608.94	5170448.99	25.6363
21657681.09	5170428.98	31.847
21657753.24	5170408.97	30.795
21657825.38	5170388.96	580.907
21657897.53	5170368.95	426.757
21657969.68	5170348.95	0.913889
21658041.82	5170328.94	34.4574
21658113.97	5170308.93	92.6528
21658186.12	5170288.92	597.784
21658258.26	5170268.91	753.365
21658330.41	5170248.91	708.074
21658402.56	5170228.9	779.678
21658474.7	5170208.89	772.823
21658546.85	5170188.88	703.784
21658619	5170168.87	677.794
21658691.14	5170148.87	616.891
21658763.29	5170128.86	737.444
21658835.44	5170108.85	638.201
21658907.58	5170088.84	659.026
21658979.73	5170068.83	495.548
21659051.88	5170048.83	192.984
21653299.77	5171720.24	678.722
21653371.91	5171700.23	718.293
21653444.06	5171680.22	755.087
21653516.21	5171660.22	725.42
21653588.35	5171640.21	716.93
21653660.5	5171620.2	742.028
21653732.65	5171600.19	754.294
21653804.79	5171580.18	767.583
21653876.94	5171560.18	697.88
21653949.09	5171540.17	791.421
21654021.23	5171520.16	860.168
21654093.38	5171500.15	850.117
21654165.53	5171480.14	797.093
21654237.67	5171460.14	772.394
21654309.82	5171440.13	769.791
21654381.97	5171420.12	493.211
21654454.11	5171400.11	142.903
21654526.26	5171380.1	106.788
21654598.41	5171360.09	415.388
21654670.55	5171340.09	460.919
21654742.7	5171320.08	423.772
21654814.85	5171300.07	108.029
21654886.99	5171280.06	30.5006
21654959.14	5171260.05	647.51
21655031.29	5171240.05	132.752
21655103.43	5171220.04	28.2235
21655175.58	5171200.03	294.493
21655247.73	5171180.02	612.481
21655319.87	5171160.01	662.891
21655392.02	5171140.01	760.359
21655464.17	5171120	814.902
21655536.31	5171099.99	829.302
21655608.46	5171079.98	760.094
21655680.61	5171059.97	680.636
21655752.76	5171039.97	785.239
21655824.9	5171019.96	736.353
21655897.05	5170999.95	730.003
21655969.2	5170979.94	709.649
21656041.34	5170959.93	658.499
21656113.49	5170939.93	510.296
21656185.64	5170919.92	601.759
21656257.78	5170899.91	493.367
21656329.93	5170879.9	397.691
21656402.08	5170859.89	329.106
21656474.22	5170839.89	148.073
21656546.37	5170819.88	168.124
21656618.52	5170799.87	28.1384
21656690.66	5170779.86	25.0322
21656762.81	5170759.85	106.848
21656834.96	5170739.85	32.9975
21656907.1	5170719.84	27.9662
21656979.25	5170699.83	124.459
21657051.4	5170679.82	605.308
21657123.54	5170659.81	637.69
21657195.69	5170639.81	177.922
21657267.84	5170619.8	178.341
21657339.98	5170599.79	17.9011
21657412.13	5170579.78	29.2533
21657484.28	5170559.77	27.2709
21657556.42	5170539.76	36.3227
21657628.57	5170519.76	35.8481
21657700.72	5170499.75	35.8319
21657772.86	5170479.74	298.032
21657845.01	5170459.73	410.199
21657917.16	5170439.72	37.5327
21657989.3	5170419.72	32.1412
21658061.45	5170399.71	30.2812
21658133.6	5170379.7	520.498
21658205.74	5170359.69	710.551
21658277.89	5170339.68	749.938
21658350.04	5170319.68	746.227
21658422.18	5170299.67	800.002
21658494.33	5170279.66	636.649
21658566.48	5170259.65	537.114
21658638.62	5170239.64	440.313
21658710.77	5170219.64	716.785
21658782.92	5170199.63	421.194
21658855.06	5170179.62	625.647
21658927.21	5170159.61	579.329
21658999.36	5170139.6	572.056
21659071.5	5170119.6	581.266
21653247.25	5171811.02	766.057
21653319.39	5171791.01	707.921
21653391.54	5171771	781.822
21653463.69	5171750.99	830.699
21653535.83	5171730.99	836.053
21653607.98	5171710.98	853.036
21653680.13	5171690.97	885.856
21653752.27	5171670.96	856.899
21653824.42	5171650.95	811.381
21653896.57	5171630.95	751.235
21653968.71	5171610.94	819.843
21654040.86	5171590.93	910.673
21654113.01	5171570.92	860.944
21654185.15	5171550.91	838.261
21654257.3	5171530.91	783.226
21654329.45	5171510.9	733.433
21654401.59	5171490.89	638.302
21654473.74	5171470.88	386.057
21654545.89	5171450.87	472.413
21654618.03	5171430.87	533.632
21654690.18	5171410.86	496.215
21654762.33	5171390.85	406.015
21654834.47	5171370.84	341.573
21654906.62	5171350.83	373.142
21654978.77	5171330.83	511.949
21655050.91	5171310.82	299.962
21655123.06	5171290.81	201.398
21655195.21	5171270.8	529.511
21655267.35	5171250.79	648.919
21655339.5	5171230.79	782.609
21655411.65	5171210.78	794.684
21655483.79	5171190.77	812.214
21655555.94	5171170.76	828.378
21655628.09	5171150.75	818.049
21655700.23	5171130.74	783.172
21655772.38	5171110.74	741.726
21655844.53	5171090.73	646.428
21655916.67	5171070.72	637.694
21655988.82	5171050.71	622.498
21656060.97	5171030.7	579.556
21656133.11	5171010.7	234.524
21656205.26	5170990.69	552.304
21656277.41	5170970.68	547.791
21656349.56	5170950.67	529.429
21656421.7	5170930.66	540.684
21656493.85	5170910.66	437.01
21656566	5170890.65	361.929
21656638.14	5170870.64	221.853
21656710.29	5170850.63	262.254
21656782.44	5170830.62	69.8411
21656854.58	5170810.62	29.5661
21656926.73	5170790.61	11.4612
21656998.88	5170770.6	25.017
21657071.02	5170750.59	578.132
21657143.17	5170730.58	425.091
21657215.32	5170710.58	409.372
21657287.46	5170690.57	557.058
21657359.61	5170670.56	517.716
21657431.76	5170650.55	309.187
21657503.9	5170630.54	239.969
21657576.05	5170610.54	276.129
21657648.2	5170590.53	259.857
21657720.34	5170570.52	33.8671
21657792.49	5170550.51	30.9308
21657864.64	5170530.5	231.338
21657936.78	5170510.5	24.505
21658008.93	5170490.49	18.893
21658081.08	5170470.48	31.9585
21658153.22	5170450.47	572.644
21658225.37	5170430.46	636.22
21658297.52	5170410.46	543.199
21658369.66	5170390.45	436.765
21658441.81	5170370.44	87.7456
21658513.96	5170350.43	36.1707
21658586.1	5170330.42	35.5948
21658658.25	5170310.41	32.7527
21658730.4	5170290.41	282.572
21658802.54	5170270.4	311.183
21658874.69	5170250.39	548.902
21658946.84	5170230.38	611.557
21659018.98	5170210.37	547.849
21659091.13	5170190.37	581.809
21653266.87	5171881.79	736.932
21653339.02	5171861.78	734.609
21653411.17	5171841.77	847.623
21653483.31	5171821.77	882.769
21653555.46	5171801.76	900.025
21653627.61	5171781.75	937.083
21653699.75	5171761.74	939.686
21653771.9	5171741.73	919.892
21653844.05	5171721.73	871.188
21653916.19	5171701.72	845.677
21653988.34	5171681.71	852.687
21654060.49	5171661.7	899.117
21654132.63	5171641.69	868.638
21654204.78	5171621.68	832.311
21654276.93	5171601.68	779.508
21654349.07	5171581.67	696.497
21654421.22	5171561.66	656.908
21654493.37	5171541.65	644.595
21654565.51	5171521.64	686.735
21654637.66	5171501.64	607.744
21654709.81	5171481.63	559.728
21654781.95	5171461.62	507.924
21654854.1	5171441.61	499.352
21654926.25	5171421.6	527.678
21654998.39	5171401.6	576.436
21655070.54	5171381.59	517.946
21655142.69	5171361.58	416.559
21655214.83	5171341.57	658.418
21655286.98	5171321.56	741.711
21655359.13	5171301.56	796.091
21655431.27	5171281.55	809.378
21655503.42	5171261.54	825.958
21655575.57	5171241.53	856.711
21655647.71	5171221.52	833.264
21655719.86	5171201.52	793.488
21655792.01	5171181.51	684.204
21655864.15	5171161.5	416.28
21655936.3	5171141.49	510.874
21656008.45	5171121.48	544.819
21656080.59	5171101.48	482.009
21656152.74	5171081.47	360.491
21656224.89	5171061.46	741.094
21656297.03	5171041.45	774.773
21656369.18	5171021.44	796.2
21656441.33	5171001.44	406.433
21656513.48	5170981.43	612.433
21656585.62	5170961.42	471.275
21656657.77	5170941.41	567.232
21656729.91	5170921.4	355.547
21656802.06	5170901.39	281.066
21656874.21	5170881.39	223.771
21656946.36	5170861.38	430.891
21657018.5	5170841.37	464.412
21657090.65	5170821.36	759.76
21657162.8	5170801.35	573.657
21657234.94	5170781.35	578.259
21657307.09	5170761.34	622.068
21657379.24	5170741.33	651.12
21657451.38	5170721.32	559.924
21657523.53	5170701.31	366.562
21657595.68	5170681.31	271.852
21657667.82	5170661.3	154.823
21657739.97	5170641.29	59.8467
21657812.12	5170621.28	90.0044
21657884.26	5170601.27	459.874
21657956.41	5170581.27	36.6551
21658028.56	5170561.26	22.8555
21658100.7	5170541.25	398.585
21658172.85	5170521.24	618.665
21658245	5170501.23	374.044
21658317.14	5170481.23	202.643
21658389.29	5170461.22	26.484
21658461.44	5170441.21	13.6613
21658533.58	5170421.2	11.1277
21658605.73	5170401.19	12.1072
21658677.88	5170381.19	31.2662
21658750.02	5170361.18	399.089
21658822.17	5170341.17	549.416
21658894.32	5170321.16	693.655
21658966.46	5170301.15	654.013
21659038.61	5170281.15	765.256
21653286.5	5171952.56	815.102
21653358.65	5171932.55	815.744
21653430.79	5171912.54	873.413
21653502.94	5171892.54	887.857
21653575.09	5171872.53	921.393
21653647.23	5171852.52	945.839
21653719.38	5171832.51	952.211
21653791.53	5171812.5	922.597
21653863.67	5171792.5	906.654
21653935.82	5171772.49	886.723
21654007.97	5171752.48	887.933
21654080.11	5171732.47	873.445
21654152.26	5171712.46	864.296
21654224.41	5171692.46	855.168
21654296.55	5171672.45	836.77
21654368.7	5171652.44	801.997
21654440.85	5171632.43	767.375
21654512.99	5171612.42	759.453
21654585.14	5171592.42	718.443
21654657.29	5171572.41	645.064
21654729.43	5171552.4	527.022
21654801.58	5171532.39	583.742
21654873.73	5171512.38	538.604
21654945.87	5171492.37	519.972
21655018.02	5171472.37	653.795
21655090.17	5171452.36	489.965
21655162.31	5171432.35	509.639
21655234.46	5171412.34	630.733
21655306.61	5171392.33	770.271
21655378.75	5171372.33	812.588
21655450.9	5171352.32	815.006
21655523.05	5171332.31	818.421
21655595.19	5171312.3	812.408
21655667.34	5171292.29	797.633
21655739.49	5171272.29	697.543
21655811.63	5171252.28	595.203
21655883.78	5171232.27	460.557
21655955.93	5171212.26	403.157
21656028.07	5171192.25	387.731
21656100.22	5171172.25	458.081
21656172.37	5171152.24	427.228
21656244.51	5171132.23	500.42
21656316.66	5171112.22	683.213
21656388.81	5171092.21	740.513
21656460.95	5171072.21	680.39
21656533.1	5171052.2	621.093
21656605.25	5171032.19	565.091
21656677.39	5171012.18	739.237
21656749.54	5170992.17	403.279
21656821.69	5170972.17	446.759
21656893.84	5170952.16	336.636
21656965.98	5170932.15	666.029
21657038.13	5170912.14	791.417
21657110.27	5170892.13	783.102
21657182.42	5170872.13	618.001
21657254.57	5170852.12	578.188
21657326.72	5170832.11	738.153
21657398.86	5170812.1	750.826
21657471.01	5170792.09	625.782
21657543.16	5170772.09	251.939
21657615.3	5170752.08	288.915
21657687.45	5170732.07	246.346
21657759.6	5170712.06	382.142
21657831.74	5170692.05	94.3117
21657903.89	5170672.04	655.762
21657976.04	5170652.04	0.5
21658048.18	5170632.03	248.131
21658120.33	5170612.02	492.27
21658192.48	5170592.01	339.217
21658264.62	5170572	34.9436
21658336.77	5170552	32.6431
21658408.92	5170531.99	23.7053
21658481.06	5170511.98	20.622
21658553.21	5170491.97	20.2178
21658625.36	5170471.96	31.3069
21658697.5	5170451.96	35.4131
21658769.65	5170431.95	330.218
21658841.8	5170411.94	435.059
21658913.94	5170391.93	645.471
21658986.09	5170371.92	697.033
21659058.24	5170351.92	801.138
21653306.13	5172023.33	844.694
21653378.27	5172003.32	862.409
21653450.42	5171983.31	877.717
21653522.57	5171963.31	879.058
21653594.71	5171943.3	904.258
21653666.86	5171923.29	921.251
21653739.01	5171903.28	941.602
21653811.15	5171883.27	941.245
21653883.3	5171863.27	910.886
21653955.45	5171843.26	878.764
21654027.59	5171823.25	895.859
21654099.74	5171803.24	903.155
21654171.89	5171783.23	895.287
21654244.03	5171763.23	870.271
21654316.18	5171743.22	858.496
21654388.33	5171723.21	826.385
21654460.47	5171703.2	808.121
21654532.62	5171683.19	798.356
21654604.77	5171663.19	683.555
21654676.91	5171643.18	559.597
21654749.06	5171623.17	419.014
21654821.21	5171603.16	480.585
21654893.35	5171583.15	441.399
21654965.5	5171563.15	416.784
21655037.65	5171543.14	596.219
21655109.79	5171523.13	581.211
21655181.94	5171503.12	618.689
21655254.09	5171483.11	682.904
21655326.23	5171463.11	779.423
21655398.38	5171443.1	800.41
21655470.53	5171423.09	799.974
21655542.67	5171403.08	787.764
21655614.82	5171383.07	787.766
21655686.97	5171363.07	784.751
21655759.11	5171343.06	711.222
21655831.26	5171323.05	636.313
21655903.41	5171303.04	447.223
21655975.55	5171283.03	415.674
21656047.7	5171263.02	446.968
21656119.85	5171243.02	365.342
21656191.99	5171223.01	321.753
21656264.14	5171203	568.878
21656336.29	5171182.99	623.428
21656408.43	5171162.98	733.003
21656480.58	5171142.98	658.752
21656552.73	5171122.97	349.693
21656624.87	5171102.96	237.446
21656697.02	5171082.95	378.577
21656769.17	5171062.94	131.899
21656841.31	5171042.94	353.127
21656913.46	5171022.93	468.569
21656985.61	5171002.92	612.455
21657057.75	5170982.91	693.173
21657129.9	5170962.9	627.402
21657202.05	5170942.9	563.936
21657274.19	5170922.89	411.222
21657346.34	5170902.88	395.993
21657418.49	5170882.87	288.05
21657490.64	5170862.86	285.421
21657562.78	5170842.86	290.426
21657634.93	5170822.85	384.191
21657707.08	5170802.84	400.042
21657779.22	5170782.83	365.924
21657851.37	5170762.82	120.221
21657923.52	5170742.82	294.355
21657995.66	5170722.81	489.443
21658067.81	5170702.8	141.007
21658139.96	5170682.79	351.038
21658212.1	5170662.78	36.06
21658284.25	5170642.78	23.2538
21658356.4	5170622.77	29.2283
21658428.54	5170602.76	248.047
21658500.69	5170582.75	153.209
21658572.84	5170562.74	261.247
21658644.98	5170542.74	345.299
21658717.13	5170522.73	198.958
21658789.28	5170502.72	224.621
21658861.42	5170482.71	451.533
21658933.57	5170462.7	736.551
21659005.72	5170442.69	703.952
21659077.86	5170422.69	776.538
21653253.61	5172114.11	869.627
21653325.75	5172094.1	855.599
21653397.9	5172074.09	861.955
21653470.05	5172054.09	873.029
21653542.19	5172034.08	859.455
21653614.34	5172014.07	867.246
21653686.49	5171994.06	860.177
21653758.63	5171974.05	879.631
21653830.78	5171954.05	926.145
21653902.93	5171934.04	904.924
21653975.07	5171914.03	888.223
21654047.22	5171894.02	891.741
21654119.37	5171874.01	884.383
21654191.51	5171854	902.208
21654263.66	5171834	879.283
21654335.81	5171813.99	851.279
21654407.95	5171793.98	837.711
21654480.1	5171773.97	785.503
21654552.25	5171753.96	603.179
21654624.39	5171733.96	525.914
21654696.54	5171713.95	501.826
21654768.69	5171693.94	434.892
21654840.83	5171673.93	521.578
21654912.98	5171653.92	508.514
21654985.13	5171633.92	391.029
21655057.27	5171613.91	658.656
21655129.42	5171593.9	607.436
21655201.57	5171573.89	719.099
21655273.71	5171553.88	744.629
21655345.86	5171533.88	763.557
21655418.01	5171513.87	726.608
21655490.15	5171493.86	757.493
21655562.3	5171473.85	761.152
21655634.45	5171453.84	782.239
21655706.59	5171433.84	786.634
21655778.74	5171413.83	766.117
21655850.89	5171393.82	654.203
21655923.03	5171373.81	568.732
21655995.18	5171353.8	457.855
21656067.33	5171333.8	509.598
21656139.47	5171313.79	442.039
21656211.62	5171293.78	287.177
21656283.77	5171273.77	511.992
21656355.91	5171253.76	447.951
21656428.06	5171233.76	562.122
21656500.21	5171213.75	467.451
21656572.35	5171193.74	358.911
21656644.5	5171173.73	254.998
21656716.65	5171153.72	153.896
21656788.79	5171133.72	125.073
21656860.94	5171113.71	197.853
21656933.09	5171093.7	282.388
21657005.23	5171073.69	452.879
21657077.38	5171053.68	547.131
21657149.53	5171033.67	535.167
21657221.67	5171013.67	390.911
21657293.82	5170993.66	1.37
21657365.97	5170973.65	37.999
21657438.11	5170953.64	162.111
21657510.26	5170933.63	232.121
21657582.41	5170913.63	280.806
21657654.55	5170893.62	381.574
21657726.7	5170873.61	504.506
21657798.85	5170853.6	469.894
21657870.99	5170833.59	349.816
21657943.14	5170813.59	627.971
21658015.29	5170793.58	616.621
21658087.44	5170773.57	406.408
21658159.58	5170753.56	526.236
21658231.73	5170733.55	37.7023
21658303.88	5170713.55	36.1311
21658376.02	5170693.54	32.4753
21658448.17	5170673.53	6.22889
21658520.32	5170653.52	203.602
21658592.46	5170633.51	390.322
21658664.61	5170613.51	440.424
21658736.76	5170593.5	235.146
21658808.9	5170573.49	320.13
21658881.05	5170553.48	320.491
21658953.2	5170533.47	614.272
21659025.34	5170513.47	777.847
21659097.49	5170493.46	725.217
21653273.23	5172184.88	867.659
21653345.38	5172164.87	868.041
21653417.53	5172144.86	867.34
21653489.67	5172124.86	855.732
21653561.82	5172104.85	861.323
21653633.97	5172084.84	855.697
21653706.11	5172064.83	831.379
21653778.26	5172044.82	825.654
21653850.41	5172024.82	851.189
21653922.55	5172004.81	882.22
21653994.7	5171984.8	890.889
21654066.85	5171964.79	880.046
21654138.99	5171944.78	871.583
21654211.14	5171924.78	867.537
21654283.29	5171904.77	866.773
21654355.43	5171884.76	852.456
21654427.58	5171864.75	824.4
21654499.73	5171844.74	769.093
21654571.87	5171824.74	629.987
21654644.02	5171804.73	525.767
21654716.17	5171784.72	220.502
21654788.31	5171764.71	291.674
21654860.46	5171744.7	492.104
21654932.61	5171724.7	512.556
21655004.75	5171704.69	565.023
21655076.9	5171684.68	665.989
21655149.05	5171664.67	709.916
21655221.19	5171644.66	733.677
21655293.34	5171624.65	716.337
21655365.49	5171604.65	776.316
21655437.63	5171584.64	748.348
21655509.78	5171564.63	784.863
21655581.93	5171544.62	799.935
21655654.07	5171524.61	773.681
21655726.22	5171504.61	795.958
21655798.37	5171484.6	761.301
21655870.51	5171464.59	669.378
21655942.66	5171444.58	649.468
21656014.81	5171424.57	590.684
21656086.95	5171404.57	484.936
21656159.1	5171384.56	349.159
21656231.25	5171364.55	330.729
21656303.39	5171344.54	638.136
21656375.54	5171324.53	366.532
21656447.69	5171304.53	164.467
21656519.83	5171284.52	478.648
21656591.98	5171264.51	414.582
21656664.13	5171244.5	374.946
21656736.27	5171224.49	338.496
21656808.42	5171204.49	219.932
21656880.57	5171184.48	294.573
21656952.71	5171164.47	238.047
21657024.86	5171144.46	280.769
21657097.01	5171124.45	606.313
21657169.15	5171104.45	661.105
21657241.3	5171084.44	361.159
21657313.45	5171064.43	22.8672
21657385.59	5171044.42	151.671
21657457.74	5171024.41	133.374
21657529.89	5171004.41	37.6731
21657602.03	5170984.4	94.1039
21657674.18	5170964.39	279.654
21657746.33	5170944.38	395.758
21657818.47	5170924.37	423.365
21657890.62	5170904.36	535.812
21657962.77	5170884.36	652.915
21658034.91	5170864.35	747.308
21658107.06	5170844.34	606.702
21658179.21	5170824.33	636.989
21658251.36	5170804.32	486.892
21658323.5	5170784.32	366.969
21658395.65	5170764.31	171.513
21658467.8	5170744.3	217.791
21658539.94	5170724.29	563.228
21658612.09	5170704.28	499.059
21658684.24	5170684.28	276.493
21658756.38	5170664.27	166.226
21658828.53	5170644.26	152.929
21658900.68	5170624.25	199.29
21658972.82	5170604.24	350.507
21659044.97	5170584.24	541.899
