21653307.22	5170346.33	595.611
21653379.37	5170326.32	525.596
21653451.52	5170306.31	294.317
21653523.66	5170286.3	552.508
21653595.81	5170266.29	458.414
21653667.96	5170246.29	576.884
21653740.1	5170226.28	165.745
21653812.25	5170206.27	373.04
21653884.4	5170186.26	386.582
21653956.54	5170166.25	422.833
21654028.69	5170146.25	236.802
21654100.84	5170126.24	618.212
21654172.98	5170106.23	375.042
21654245.13	5170086.22	681.462
21654317.28	5170066.21	797.118
21654389.42	5170046.21	489.388
21654461.57	5170026.2	405.607
21654533.72	5170006.19	84.7583
21654605.86	5169986.18	107.915
21654678.01	5169966.17	534.894
21654750.16	5169946.17	265.471
21654822.31	5169926.16	615.904
21654894.45	5169906.15	444.791
21654966.6	5169886.14	536.667
21655038.75	5169866.13	570.772
21655110.89	5169846.13	464.414
21655183.04	5169826.12	27.2934
21655255.19	5169806.11	508.328
21655327.33	5169786.1	501.589
21655399.48	5169766.09	503.13
21653254.7	5170437.11	616.867
21653326.85	5170417.1	439.924
21653399	5170397.09	387.947
21653471.14	5170377.08	207.759
21653543.29	5170357.07	378.802
21653615.44	5170337.07	597.949
21653687.58	5170317.06	534.318
21653759.73	5170297.05	416.951
21653831.88	5170277.04	370.489
21653904.02	5170257.03	172.397
21653976.17	5170237.03	87.5717
21654048.32	5170217.02	35.7753
21654120.46	5170197.01	551.937
21654192.61	5170177	367.795
21654264.76	5170156.99	383.97
21654336.9	5170136.98	690.787
21654409.05	5170116.98	470.134
21654481.2	5170096.97	156.313
21654553.34	5170076.96	210.661
21654625.49	5170056.95	36.4076
21654697.64	5170036.94	15.0789
21654769.78	5170016.94	156.736
21654841.93	5169996.93	484.096
21654914.08	5169976.92	253.544
21654986.23	5169956.91	516.951
21655058.37	5169936.9	699.063
21655130.52	5169916.9	620.363
21655202.66	5169896.89	222.091
21655274.81	5169876.88	662.323
21655346.96	5169856.87	649.983
21655419.11	5169836.86	345.433
21655491.25	5169816.86	36.529
21655563.4	5169796.85	100.464
21655635.55	5169776.84	254.547
21655707.69	5169756.83	135.276
21655779.84	5169736.82	34.3902
21655851.99	5169716.82	36.2772
21655924.13	5169696.81	162.442
21655996.28	5169676.8	141.11
21656068.43	5169656.79	34.8814
21656140.57	5169636.78	2.59778
21656212.72	5169616.78	92.7506
21656284.87	5169596.77	49.3483
21656357.01	5169576.76	372.021
21656429.16	5169556.75	162.095
21656501.31	5169536.74	95.5211
21656573.45	5169516.74	142.034
21656645.6	5169496.73	125.316
21656717.75	5169476.72	29.9144
21656789.89	5169456.71	97.8922
21656862.04	5169436.7	113.352
21656934.19	5169416.69	32.4563
21657006.33	5169396.69	28.8049
21657078.48	5169376.68	32.5397
21657150.63	5169356.67	14.1867
21657222.77	5169336.66	463.276
21657294.92	5169316.65	534.809
21657367.07	5169296.65	397.044
21657439.21	5169276.64	436.87
21657511.36	5169256.63	604.107
21657583.51	5169236.62	600.113
21657655.65	5169216.61	378.544
21657727.8	5169196.61	360.202
21657799.95	5169176.6	291.299
21657872.09	5169156.59	175.443
21657944.24	5169136.58	233.924
21658016.39	5169116.57	175.982
21658088.53	5169096.57	232.145
21658160.68	5169076.56	565.591
21658232.83	5169056.55	565.591
21658304.97	5169036.54	828.516
21658377.12	5169016.53	1005.76
21658449.27	5168996.53	1129.34
21658521.41	5168976.52	1118.78
21658593.56	5168956.51	1018.78
21658665.71	5168936.5	425.044
21658737.85	5168916.49	694.938
21658810	5168896.49	817.139
21658882.15	5168876.48	837.177
21658954.29	5168856.47	811.944
21659026.44	5168836.46	949.385
21659098.59	5168816.45	669.75
21653274.33	5170507.88	615.363
21653346.48	5170487.87	625.836
21653418.62	5170467.86	396.398
21653490.77	5170447.85	74.5556
21653562.92	5170427.84	287.701
21653635.06	5170407.84	599.025
21653707.21	5170387.83	477.39
21653779.36	5170367.82	751.932
21653851.5	5170347.81	591.724
21653923.65	5170327.8	475.56
21653995.8	5170307.8	37.465
21654067.94	5170287.79	23.4175
21654140.09	5170267.78	33.7418
21654212.24	5170247.77	361.908
21654284.38	5170227.76	374.091
21654356.53	5170207.76	635.726
21654428.68	5170187.75	562.822
21654500.82	5170167.74	73.6428
21654572.97	5170147.73	288.565
21654645.12	5170127.72	222.403
21654717.26	5170107.72	110.943
21654789.41	5170087.71	392.923
21654861.56	5170067.7	410.156
21654933.7	5170047.69	437.451
21655005.85	5170027.68	528.358
21655078	5170007.68	602.422
21655150.14	5169987.67	490.995
21655222.29	5169967.66	462.392
21655294.44	5169947.65	693.447
21655366.58	5169927.64	739.996
21655438.73	5169907.63	244.782
21655510.88	5169887.63	269.961
21655583.03	5169867.62	229.855
21655655.17	5169847.61	388.582
21655727.32	5169827.6	477.427
21655799.47	5169807.59	253.803
21655871.61	5169787.59	0.5
21655943.76	5169767.58	0.5
21656015.91	5169747.57	34.3581
21656088.05	5169727.56	32.8831
21656160.2	5169707.55	58.825
21656232.35	5169687.55	275.594
21656304.49	5169667.54	272.576
21656376.64	5169647.53	0.5
21656448.79	5169627.52	444.561
21656520.93	5169607.51	376.381
21656593.08	5169587.51	36.6664
21656665.23	5169567.5	4.98333
21656737.37	5169547.49	16.4074
21656809.52	5169527.48	31.8669
21656881.67	5169507.47	183.373
21656953.81	5169487.47	47.6294
21657025.96	5169467.46	34.5975
21657098.11	5169447.45	34.3131
21657170.25	5169427.44	37.8274
21657242.4	5169407.43	209.569
21657314.55	5169387.43	139.119
21657386.69	5169367.42	287.486
21657458.84	5169347.41	394.981
21657530.99	5169327.4	358.289
21657603.13	5169307.39	357.172
21657675.28	5169287.39	214.384
21657747.43	5169267.38	317.922
21657819.57	5169247.37	297.582
21657891.72	5169227.36	17.47
21657963.87	5169207.35	108.672
21658036.01	5169187.34	217.433
21658108.16	5169167.34	63.2333
21658180.31	5169147.33	252.704
21658252.45	5169127.32	384.376
21658324.6	5169107.31	665.068
21658396.75	5169087.3	917.974
21658468.89	5169067.3	948.94
21658541.04	5169047.29	969.394
21658613.19	5169027.28	360.172
21658685.33	5169007.27	346.456
21658757.48	5168987.26	697.941
21658829.63	5168967.26	430.248
21658901.77	5168947.25	324.988
21658973.92	5168927.24	581.643
21659046.07	5168907.23	325.118
21653293.96	5170578.65	470.782
21653366.1	5170558.64	642.211
21653438.25	5170538.63	436.854
21653510.4	5170518.62	254.991
21653582.54	5170498.61	317.891
21653654.69	5170478.61	455.684
21653726.84	5170458.6	428.752
21653798.98	5170438.59	331.457
21653871.13	5170418.58	664.044
21653943.28	5170398.57	801.798
21654015.42	5170378.57	516.418
21654087.57	5170358.56	61.6239
21654159.72	5170338.55	56.5561
21654231.86	5170318.54	635.502
21654304.01	5170298.53	461.71
21654376.16	5170278.53	745.847
21654448.3	5170258.52	404.196
21654520.45	5170238.51	36.7129
21654592.6	5170218.5	317.795
21654664.74	5170198.49	108.359
21654736.89	5170178.49	36.0729
21654809.04	5170158.48	112.44
21654881.18	5170138.47	580.16
21654953.33	5170118.46	830.133
21655025.48	5170098.45	741.317
21655097.62	5170078.45	457.22
21655169.77	5170058.44	36.2769
21655241.92	5170038.43	232.788
21655314.06	5170018.42	679.343
21655386.21	5169998.41	348.44
21655458.36	5169978.41	490.477
21655530.5	5169958.4	252.251
21655602.65	5169938.39	600.837
21655674.8	5169918.38	577.294
21655746.95	5169898.37	431.619
21655819.09	5169878.37	350.713
21655891.24	5169858.36	33.5682
21655963.38	5169838.35	25.5238
21656035.53	5169818.34	34.1613
21656107.68	5169798.33	162.431
21656179.83	5169778.32	356.043
21656251.97	5169758.32	334.222
21656324.12	5169738.31	562.469
21656396.27	5169718.3	61.0583
21656468.41	5169698.29	106.496
21656540.56	5169678.28	496.149
21656612.71	5169658.28	427.479
21656684.85	5169638.27	38.88
21656757	5169618.26	31.8323
21656829.15	5169598.25	13.65
21656901.29	5169578.24	121.868
21656973.44	5169558.24	36.9423
21657045.59	5169538.23	322.232
21657117.73	5169518.22	169.808
21657189.88	5169498.21	25.6517
21657262.03	5169478.2	125.122
21657334.17	5169458.2	142.323
21657406.32	5169438.19	64.9811
21657478.47	5169418.18	443.802
21657550.61	5169398.17	472.974
21657622.76	5169378.16	391.308
21657694.91	5169358.16	338.028
21657767.05	5169338.15	200.842
21657839.2	5169318.14	45.2061
21657911.35	5169298.13	370.644
21657983.49	5169278.12	340.369
21658055.64	5169258.12	310.434
21658127.79	5169238.11	34.1004
21658199.93	5169218.1	121.032
21658272.08	5169198.09	258.735
21658344.23	5169178.08	399.383
21658416.37	5169158.08	569.516
21658488.52	5169138.07	418.058
21658560.67	5169118.06	154.938
21658632.81	5169098.05	385.611
21658704.96	5169078.04	561.37
21658777.11	5169058.03	736.579
21658849.25	5169038.03	528.214
21658921.4	5169018.02	269.269
21658993.55	5168998.01	54.3033
21659065.69	5168978	35.8268
21653313.58	5170649.42	595.587
21653385.73	5170629.41	647.987
21653457.88	5170609.4	707.375
21653530.02	5170589.39	670.388
21653602.17	5170569.39	597.512
21653674.32	5170549.38	308.717
21653746.46	5170529.37	486.484
21653818.61	5170509.36	118.128
21653890.76	5170489.35	304.356
21653962.9	5170469.35	731.973
21654035.05	5170449.34	808.27
21654107.2	5170429.33	837.889
21654179.34	5170409.32	444.693
21654251.49	5170389.31	603.777
21654323.64	5170369.3	706.398
21654395.78	5170349.3	608.609
21654467.93	5170329.29	216.407
21654540.08	5170309.28	34.3624
21654612.22	5170289.27	254.747
21654684.37	5170269.26	90.3194
21654756.52	5170249.26	207.229
21654828.66	5170229.25	340.629
21654900.81	5170209.24	780.934
21654972.96	5170189.23	631.288
21655045.1	5170169.22	701.987
21655117.25	5170149.22	597.022
21655189.4	5170129.21	401.833
21655261.54	5170109.2	311.247
21655333.69	5170089.19	464.878
21655405.84	5170069.18	528.639
21655477.98	5170049.18	211.224
21655550.13	5170029.17	543.298
21655622.28	5170009.16	833.403
21655694.42	5169989.15	676.632
21655766.57	5169969.14	409.976
21655838.72	5169949.14	567.971
21655910.86	5169929.13	339.265
21655983.01	5169909.12	242.259
21656055.16	5169889.11	148.004
21656127.3	5169869.1	494.177
21656199.45	5169849.1	540.913
21656271.6	5169829.09	284.077
21656343.75	5169809.08	418.068
21656415.89	5169789.07	185.409
21656488.04	5169769.06	37.0119
21656560.19	5169749.06	244.684
21656632.33	5169729.05	33.6578
21656704.48	5169709.04	73.2811
21656776.63	5169689.03	95.0211
21656848.77	5169669.02	442.088
21656920.92	5169649.02	183.519
21656993.07	5169629.01	163.579
21657065.21	5169609	77.9106
21657137.36	5169588.99	88.0811
21657209.51	5169568.98	84.5556
21657281.65	5169548.97	79.7672
21657353.8	5169528.97	177.486
21657425.95	5169508.96	437.538
21657498.09	5169488.95	277.88
21657570.24	5169468.94	233.069
21657642.39	5169448.93	326.11
21657714.53	5169428.93	226.945
21657786.68	5169408.92	230.401
21657858.83	5169388.91	305.145
21657930.97	5169368.9	230.657
21658003.12	5169348.89	308.247
21658075.27	5169328.89	88.4378
21658147.41	5169308.88	36.7313
21658219.56	5169288.87	278.568
21658291.71	5169268.86	265.474
21658363.85	5169248.85	309.222
21658436	5169228.85	333.057
21658508.15	5169208.84	154.911
21658580.29	5169188.83	33.9391
21658652.44	5169168.82	278.665
21658724.59	5169148.81	344.288
21658796.73	5169128.81	414.707
21658868.88	5169108.8	285.173
21658941.03	5169088.79	153.445
21659013.17	5169068.78	46.2661
21659085.32	5169048.77	34.2578
21653261.06	5170740.2	603.944
21653333.21	5170720.19	794.914
21653405.36	5170700.18	934.614
21653477.5	5170680.17	934.033
21653549.65	5170660.16	776.72
21653621.8	5170640.16	797.18
21653693.94	5170620.15	565.363
21653766.09	5170600.14	664.547
21653838.24	5170580.13	49.8306
21653910.38	5170560.12	97.5133
21653982.53	5170540.12	489.213
21654054.68	5170520.11	910.788
21654126.82	5170500.1	815.039
21654198.97	5170480.09	561.729
21654271.12	5170460.08	711.876
21654343.26	5170440.08	742.834
21654415.41	5170420.07	551.639
21654487.56	5170400.06	120.476
21654559.7	5170380.05	21.1877
21654631.85	5170360.04	117.351
21654704	5170340.04	269.988
21654776.14	5170320.03	225.793
21654848.29	5170300.02	396.907
21654920.44	5170280.01	603.302
21654992.58	5170260	448.974
21655064.73	5170240	830.059
21655136.88	5170219.99	790.321
21655209.02	5170199.98	512.439
21655281.17	5170179.97	394.54
21655353.32	5170159.96	443.771
21655425.46	5170139.95	458.413
21655497.61	5170119.95	457.815
21655569.76	5170099.94	431.552
21655641.9	5170079.93	488.148
21655714.05	5170059.92	511.648
21655786.2	5170039.91	420.099
21655858.34	5170019.91	575.559
21655930.49	5169999.9	190.253
21656002.64	5169979.89	349.741
21656074.78	5169959.88	405.245
21656146.93	5169939.87	604.931
21656219.08	5169919.87	701.862
21656291.22	5169899.86	531.942
21656363.37	5169879.85	510.644
21656435.52	5169859.84	560.603
21656507.66	5169839.83	296.747
21656579.81	5169819.83	229.502
21656651.96	5169799.82	320.476
21656724.1	5169779.81	126.693
21656796.25	5169759.8	53.7478
21656868.4	5169739.79	388.107
21656940.55	5169719.79	164.791
21657012.69	5169699.78	237.832
21657084.84	5169679.77	407.342
21657156.99	5169659.76	307.862
21657229.13	5169639.75	219.851
21657301.28	5169619.75	134.819
21657373.43	5169599.74	222.237
21657445.57	5169579.73	35.1111
21657517.72	5169559.72	36.553
21657589.87	5169539.71	36.7431
21657662.01	5169519.71	121.313
21657734.16	5169499.7	89.7878
21657806.31	5169479.69	179.317
21657878.45	5169459.68	279.202
21657950.6	5169439.67	143.025
21658022.75	5169419.66	23.5389
21658094.89	5169399.66	35.734
21658167.04	5169379.65	73.5767
21658239.19	5169359.64	301.182
21658311.33	5169339.63	304.177
21658383.48	5169319.62	242.759
21658455.63	5169299.62	206.751
21658527.77	5169279.61	17.3078
21658599.92	5169259.6	25.2542
21658672.07	5169239.59	32.0726
21658744.21	5169219.58	28.705
21658816.36	5169199.58	210.155
21658888.51	5169179.57	2.64
21658960.65	5169159.56	34.6376
21659032.8	5169139.55	43.7317
21659104.95	5169119.54	23.685
21653280.69	5170810.97	606.4
21653352.84	5170790.96	762.194
21653424.98	5170770.95	778.363
21653497.13	5170750.94	753.368
21653569.28	5170730.93	707.95
21653641.42	5170710.93	606.305
21653713.57	5170690.92	430.993
21653785.72	5170670.91	619.065
21653857.86	5170650.9	486.871
21653930.01	5170630.89	444.992
21654002.16	5170610.89	519.837
21654074.3	5170590.88	383.882
21654146.45	5170570.87	261.612
21654218.6	5170550.86	450.746
21654290.74	5170530.85	551.533
21654362.89	5170510.85	598.613
21654435.04	5170490.84	610.478
21654507.18	5170470.83	305.243
21654579.33	5170450.82	37.372
21654651.48	5170430.81	35.9525
21654723.62	5170410.81	96.2567
21654795.77	5170390.8	194.479
21654867.92	5170370.79	257.478
21654940.06	5170350.78	321.351
21655012.21	5170330.77	428.779
21655084.36	5170310.77	692.656
21655156.5	5170290.76	763.174
21655228.65	5170270.75	316.979
21655300.8	5170250.74	218.014
21655372.94	5170230.73	181.314
21655445.09	5170210.73	432.795
21655517.24	5170190.72	349.921
21655589.38	5170170.71	599.101
21655661.53	5170150.7	232.556
21655733.68	5170130.69	259.802
21655805.82	5170110.69	294.792
21655877.97	5170090.68	591.097
21655950.12	5170070.67	718.338
21656022.26	5170050.66	466.172
21656094.41	5170030.65	287.361
21656166.56	5170010.65	406.114
21656238.7	5169990.64	627.539
21656310.85	5169970.63	769.628
21656383	5169950.62	778.448
21656455.14	5169930.61	561.667
21656527.29	5169910.6	369.246
21656599.44	5169890.6	492.381
21656671.58	5169870.59	294.436
21656743.73	5169850.58	35.2569
21656815.88	5169830.57	32.3065
21656888.02	5169810.56	36.5228
21656960.17	5169790.56	16.1928
21657032.32	5169770.55	30.3778
21657104.47	5169750.54	290.897
21657176.61	5169730.53	320.817
21657248.76	5169710.52	313.793
21657320.91	5169690.52	370.769
21657393.05	5169670.51	284.949
21657465.2	5169650.5	30.1876
21657537.35	5169630.49	30.3161
21657609.49	5169610.48	31.1045
21657681.64	5169590.48	36.7634
21657753.79	5169570.47	309.398
21657825.93	5169550.46	333.864
21657898.08	5169530.45	272.911
21657970.23	5169510.44	232.034
21658042.37	5169490.44	74.435
21658114.52	5169470.43	35.2485
21658186.67	5169450.42	240.839
21658258.81	5169430.41	573.129
21658330.96	5169410.4	543.75
21658403.11	5169390.4	263.104
21658475.25	5169370.39	175.205
21658547.4	5169350.38	28.5638
21658619.55	5169330.37	26.4813
21658691.69	5169310.36	37.6902
21658763.84	5169290.36	52.5778
21658835.99	5169270.35	147.319
21658908.13	5169250.34	105.289
21658980.28	5169230.33	33.6999
21659052.43	5169210.32	25.8881
21653300.32	5170881.74	787.996
21653372.46	5170861.73	762.461
21653444.61	5170841.72	717.936
21653516.76	5170821.71	697.196
21653588.9	5170801.71	584.026
21653661.05	5170781.7	479.536
21653733.2	5170761.69	368.203
21653805.34	5170741.68	397.437
21653877.49	5170721.67	888.707
21653949.64	5170701.67	767.793
21654021.78	5170681.66	778.524
21654093.93	5170661.65	435.663
21654166.08	5170641.64	37.398
21654238.22	5170621.63	35.7479
21654310.37	5170601.63	397.317
21654382.52	5170581.62	705.863
21654454.66	5170561.61	704.636
21654526.81	5170541.6	434.344
21654598.96	5170521.59	157.793
21654671.1	5170501.58	18.2916
21654743.25	5170481.58	36.4197
21654815.4	5170461.57	328.838
21654887.54	5170441.56	548.355
21654959.69	5170421.55	332.928
21655031.84	5170401.54	224.654
21655103.98	5170381.54	709.884
21655176.13	5170361.53	780.889
21655248.28	5170341.52	549.154
21655320.42	5170321.51	579.136
21655392.57	5170301.5	97.4622
21655464.72	5170281.5	118.232
21655536.86	5170261.49	34.1701
21655609.01	5170241.48	391.482
21655681.16	5170221.47	227.568
21655753.3	5170201.46	139.199
21655825.45	5170181.46	233.783
21655897.6	5170161.45	531.888
21655969.74	5170141.44	771.199
21656041.89	5170121.43	724.288
21656114.04	5170101.42	266.504
21656186.18	5170081.42	123.159
21656258.33	5170061.41	601.884
21656330.48	5170041.4	795.549
21656402.62	5170021.39	748.102
21656474.77	5170001.38	539.141
21656546.92	5169981.38	599.042
21656619.06	5169961.37	628.262
21656691.21	5169941.36	257.412
21656763.36	5169921.35	29.3217
21656835.5	5169901.34	35.9334
21656907.65	5169881.34	37.9332
21656979.8	5169861.33	32.1141
21657051.94	5169841.32	100.471
21657124.09	5169821.31	163.492
21657196.24	5169801.3	0.5
21657268.38	5169781.3	299.548
21657340.53	5169761.29	162.341
21657412.68	5169741.28	146.103
21657484.83	5169721.27	67.8994
21657556.97	5169701.26	30.1231
21657629.12	5169681.25	37.3356
21657701.27	5169661.25	185.951
21657773.41	5169641.24	337.429
21657845.56	5169621.23	317.323
21657917.71	5169601.22	70.1456
21657989.85	5169581.21	32.782
21658062	5169561.21	31.6691
21658134.15	5169541.2	32.3805
21658206.29	5169521.19	522.855
21658278.44	5169501.18	812.361
21658350.59	5169481.17	646.667
21658422.73	5169461.17	271.807
21658494.88	5169441.16	34.7137
21658567.03	5169421.15	22.5005
21658639.17	5169401.14	25.3148
21658711.32	5169381.13	33.2188
21658783.47	5169361.13	125.886
21658855.61	5169341.12	37.0014
21658927.76	5169321.11	108.442
21658999.91	5169301.1	36.8948
21659072.05	5169281.09	0.5
21653247.8	5170972.52	577.414
21653319.94	5170952.51	695.41
21653392.09	5170932.5	869.373
21653464.24	5170912.49	841.084
21653536.38	5170892.48	607.413
21653608.53	5170872.48	85.1644
21653680.68	5170852.47	112.055
21653752.82	5170832.46	142.692
21653824.97	5170812.45	431.657
21653897.12	5170792.44	752.398
21653969.26	5170772.44	747.424
21654041.41	5170752.43	822.638
21654113.56	5170732.42	582.507
21654185.7	5170712.41	400.923
21654257.85	5170692.4	149.806
21654330	5170672.4	242.371
21654402.14	5170652.39	715.286
21654474.29	5170632.38	556.183
21654546.44	5170612.37	466.393
21654618.58	5170592.36	21.0389
21654690.73	5170572.36	17.3494
21654762.88	5170552.35	23.4933
21654835.02	5170532.34	27.954
21654907.17	5170512.33	234.329
21654979.32	5170492.32	602.976
21655051.46	5170472.32	738.174
21655123.61	5170452.31	970.907
21655195.76	5170432.3	850.534
21655267.9	5170412.29	735.793
21655340.05	5170392.28	715.572
21655412.2	5170372.28	357.716
21655484.34	5170352.27	661.036
21655556.49	5170332.26	741.025
21655628.64	5170312.25	567.112
21655700.78	5170292.24	524.948
21655772.93	5170272.23	695.081
21655845.08	5170252.23	606.104
21655917.22	5170232.22	543.629
21655989.37	5170212.21	800.407
21656061.52	5170192.2	602.522
21656133.66	5170172.19	445.24
21656205.81	5170152.19	287.734
21656277.96	5170132.18	715.603
21656350.1	5170112.17	623.813
21656422.25	5170092.16	630.058
21656494.4	5170072.15	571.426
21656566.54	5170052.15	782.781
21656638.69	5170032.14	871.459
21656710.84	5170012.13	443.15
21656782.98	5169992.12	25.9035
21656855.13	5169972.11	33.1633
21656927.28	5169952.11	37.3873
21656999.42	5169932.1	0.5
21657071.57	5169912.09	27.2155
21657143.72	5169892.08	30.8912
21657215.86	5169872.07	0.5
21657288.01	5169852.07	0.5
21657360.16	5169832.06	35.9495
21657432.3	5169812.05	35.5964
21657504.45	5169792.04	57.9239
21657576.6	5169772.03	36.7044
21657648.74	5169752.03	296.72
21657720.89	5169732.02	510.479
21657793.04	5169712.01	582.835
21657865.18	5169692	562.046
21657937.33	5169671.99	57.4533
21658009.48	5169651.99	57.4733
21658081.63	5169631.98	253.36
21658153.77	5169611.97	311.848
21658225.92	5169591.96	449.267
21658298.07	5169571.95	486.447
21658370.21	5169551.94	455.44
21658442.36	5169531.94	95.8078
21658514.51	5169511.93	33.2977
21658586.65	5169491.92	30.9205
21658658.8	5169471.91	32.3675
21658730.95	5169451.9	37.5162
21658803.09	5169431.9	255.164
21658875.24	5169411.89	37.7589
21658947.39	5169391.88	31.0557
21659019.53	5169371.87	28.2843
21659091.68	5169351.86	30.6544
21653267.42	5171043.29	654.866
21653339.57	5171023.28	678.104
21653411.72	5171003.27	658.846
21653483.86	5170983.26	787.48
21653556.01	5170963.26	806.723
21653628.16	5170943.25	578.787
21653700.3	5170923.24	420.506
21653772.45	5170903.23	37.8582
21653844.6	5170883.22	450.986
21653916.74	5170863.21	710.453
21653988.89	5170843.21	807.284
21654061.04	5170823.2	628.905
21654133.18	5170803.19	616.031
21654205.33	5170783.18	604.501
21654277.48	5170763.17	425.323
21654349.62	5170743.17	271.107
21654421.77	5170723.16	711.54
21654493.92	5170703.15	717.591
21654566.06	5170683.14	694.461
21654638.21	5170663.13	302.901
21654710.36	5170643.13	1.69111
21654782.5	5170623.12	62.2378
21654854.65	5170603.11	33.0447
21654926.8	5170583.1	24.3526
21654998.94	5170563.09	363.104
21655071.09	5170543.09	805.428
21655143.24	5170523.08	862.12
21655215.38	5170503.07	786.909
21655287.53	5170483.06	821.553
21655359.68	5170463.05	742.709
21655431.82	5170443.05	730.884
21655503.97	5170423.04	804.944
21655576.12	5170403.03	1079.65
21655648.26	5170383.02	1000.13
21655720.41	5170363.01	884.074
21655792.56	5170343.01	625.273
21655864.7	5170323	559.366
21655936.85	5170302.99	671.082
21656009	5170282.98	878.808
21656081.14	5170262.97	585.374
21656153.29	5170242.97	413.301
21656225.44	5170222.96	564.086
21656297.58	5170202.95	828.511
21656369.73	5170182.94	538.825
21656441.88	5170162.93	351.212
21656514.02	5170142.93	328.074
21656586.17	5170122.92	524.759
21656658.32	5170102.91	888.252
21656730.46	5170082.9	387.78
21656802.61	5170062.89	32.7201
21656874.76	5170042.88	28.3562
21656946.9	5170022.88	176.556
21657019.05	5170002.87	84.3733
21657091.2	5169982.86	36.5389
21657163.34	5169962.85	32.0767
21657235.49	5169942.84	30.3075
21657307.64	5169922.84	28.6689
21657379.78	5169902.83	228.752
21657451.93	5169882.82	237.914
21657524.08	5169862.81	435.135
21657596.22	5169842.8	385.019
21657668.37	5169822.8	377.859
21657740.52	5169802.79	365.404
21657812.66	5169782.78	446.135
21657884.81	5169762.77	419.002
21657956.96	5169742.76	239.013
21658029.1	5169722.76	242.138
21658101.25	5169702.75	237.837
21658173.4	5169682.74	262.257
21658245.54	5169662.73	108.594
21658317.69	5169642.72	25.8167
21658389.84	5169622.72	247.009
21658461.99	5169602.71	181.708
21658534.13	5169582.7	19.2506
21658606.28	5169562.69	34.1842
21658678.43	5169542.68	29.2064
21658750.57	5169522.68	538.538
21658822.72	5169502.67	569.348
21658894.87	5169482.66	430.34
21658967.01	5169462.65	91.1989
21659039.16	5169442.64	66.1372
21659111.31	5169422.64	42.9194
21653287.05	5171114.06	478.291
21653359.2	5171094.05	668.678
21653431.34	5171074.04	587.116
21653503.49	5171054.03	581.918
21653575.64	5171034.03	837.463
21653647.78	5171014.02	698.789
21653719.93	5170994.01	477.134
21653792.08	5170974	397.454
21653864.22	5170953.99	478.036
21653936.37	5170933.99	624.951
21654008.52	5170913.98	867.321
21654080.66	5170893.97	563.936
21654152.81	5170873.96	583.155
21654224.96	5170853.95	494.164
21654297.1	5170833.95	561.344
21654369.25	5170813.94	621.167
21654441.4	5170793.93	415.381
21654513.54	5170773.92	504.968
21654585.69	5170753.91	732.075
21654657.84	5170733.91	498.591
21654729.98	5170713.9	185.877
21654802.13	5170693.89	238.139
21654874.28	5170673.88	58.5744
21654946.42	5170653.87	34.4085
21655018.57	5170633.86	369.443
21655090.72	5170613.86	757.574
21655162.86	5170593.85	826.86
21655235.01	5170573.84	734.009
21655307.16	5170553.83	454.788
21655379.3	5170533.82	513.945
21655451.45	5170513.82	562.261
21655523.6	5170493.81	715.821
21655595.74	5170473.8	842.582
21655667.89	5170453.79	591.101
21655740.04	5170433.78	658.223
21655812.18	5170413.78	578.521
21655884.33	5170393.77	568.643
21655956.48	5170373.76	750.327
21656028.62	5170353.75	817.654
21656100.77	5170333.74	665.403
21656172.92	5170313.74	416.065
21656245.06	5170293.73	487.095
21656317.21	5170273.72	651.549
21656389.36	5170253.71	669.247
21656461.5	5170233.7	536.617
21656533.65	5170213.7	220.908
21656605.8	5170193.69	463.496
21656677.94	5170173.68	678.57
21656750.09	5170153.67	341.777
21656822.24	5170133.66	34.5062
21656894.38	5170113.66	35.9213
21656966.53	5170093.65	37.8287
21657038.68	5170073.64	31.9186
21657110.82	5170053.63	89.1133
21657182.97	5170033.62	37.9978
21657255.12	5170013.62	23.1711
21657327.26	5169993.61	37.01
21657399.41	5169973.6	134.171
21657471.56	5169953.59	163.103
21657543.7	5169933.58	324.759
21657615.85	5169913.57	356.554
21657688	5169893.57	196.673
21657760.14	5169873.56	143.243
21657832.29	5169853.55	263.349
21657904.44	5169833.54	267.051
21657976.58	5169813.53	216.797
21658048.73	5169793.53	444.188
21658120.88	5169773.52	217.367
21658193.02	5169753.51	180.257
21658265.17	5169733.5	5.58333
21658337.32	5169713.49	30.1287
21658409.46	5169693.49	768.352
21658481.61	5169673.48	796.487
21658553.76	5169653.47	231.842
21658625.91	5169633.46	28.2073
21658698.05	5169613.45	0.5
21658770.2	5169593.45	322.049
21658842.35	5169573.44	487.023
21658914.49	5169553.43	540.69
21658986.64	5169533.42	311.28
21659058.79	5169513.41	277.111
21653306.68	5171184.83	221.691
21653378.82	5171164.82	323.497
21653450.97	5171144.81	0.5
21653523.12	5171124.8	34.9957
21653595.26	5171104.8	559.957
21653667.41	5171084.79	643.036
21653739.56	5171064.78	281.051
21653811.7	5171044.77	437.4
21653883.85	5171024.76	646.052
21653956	5171004.76	690.682
21654028.14	5170984.75	750.227
21654100.29	5170964.74	714.955
21654172.44	5170944.73	1023.51
21654244.58	5170924.72	900.921
21654316.73	5170904.72	821.423
21654388.88	5170884.71	765.696
21654461.02	5170864.7	401.932
21654533.17	5170844.69	499.827
21654605.32	5170824.68	603.497
21654677.46	5170804.68	591.586
21654749.61	5170784.67	370.102
21654821.76	5170764.66	500.409
21654893.9	5170744.65	205.755
21654966.05	5170724.64	120.339
21655038.2	5170704.64	373.546
21655110.34	5170684.63	619.024
21655182.49	5170664.62	650.483
21655254.64	5170644.61	500.354
21655326.78	5170624.6	498.698
21655398.93	5170604.6	605.461
21655471.08	5170584.59	489.902
21655543.22	5170564.58	867.823
21655615.37	5170544.57	639.622
21655687.52	5170524.56	484.448
21655759.66	5170504.56	231.947
21655831.81	5170484.55	417.697
21655903.96	5170464.54	519.502
21655976.1	5170444.53	643.542
21656048.25	5170424.52	672.746
21656120.4	5170404.51	664.402
21656192.54	5170384.51	505.113
21656264.69	5170364.5	441.133
21656336.84	5170344.49	427.676
21656408.98	5170324.48	550.914
21656481.13	5170304.47	452.824
21656553.28	5170284.47	524.98
21656625.42	5170264.46	400.034
21656697.57	5170244.45	155.48
21656769.72	5170224.44	8.29889
21656841.86	5170204.43	463.108
21656914.01	5170184.43	456.29
21656986.16	5170164.42	378.698
21657058.3	5170144.41	123.613
21657130.45	5170124.4	131.786
21657202.6	5170104.39	218.779
21657274.74	5170084.39	260.202
21657346.89	5170064.38	47.775
21657419.04	5170044.37	109.914
21657491.18	5170024.36	48.2883
21657563.33	5170004.35	401.868
21657635.48	5169984.35	371.562
21657707.62	5169964.34	10.5739
21657779.77	5169944.33	25.3178
21657851.92	5169924.32	30.7386
21657924.06	5169904.31	35.9323
21657996.21	5169884.31	190.871
21658068.36	5169864.3	469.741
21658140.5	5169844.29	421.326
21658212.65	5169824.28	295.807
21658284.8	5169804.27	173.965
21658356.94	5169784.27	411.006
21658429.09	5169764.26	531.864
21658501.24	5169744.25	904.504
21658573.38	5169724.24	477.846
21658645.53	5169704.23	25.4701
21658717.68	5169684.22	20.0911
21658789.82	5169664.22	23.0706
21658861.97	5169644.21	189.523
21658934.12	5169624.2	149.774
21659006.26	5169604.19	179.374
21659078.41	5169584.18	156.902
21653254.15	5171275.61	281.906
21653326.3	5171255.6	146.983
21653398.45	5171235.59	36.7238
21653470.6	5171215.58	196.788
21653542.74	5171195.58	189.364
21653614.89	5171175.57	209.606
21653687.04	5171155.56	277.994
21653759.18	5171135.55	239.85
21653831.33	5171115.54	161.362
21653903.48	5171095.54	547.491
21653975.62	5171075.53	529.146
21654047.77	5171055.52	467.172
21654119.92	5171035.51	594.392
21654192.06	5171015.5	590.697
21654264.21	5170995.49	951.037
21654336.36	5170975.49	915.269
21654408.5	5170955.48	736.009
21654480.65	5170935.47	741.793
21654552.8	5170915.46	728.429
21654624.94	5170895.45	600.479
21654697.09	5170875.45	537.646
21654769.24	5170855.44	720.592
21654841.38	5170835.43	708.513
21654913.53	5170815.42	231.876
21654985.68	5170795.41	32.9188
21655057.82	5170775.41	565.497
21655129.97	5170755.4	572.185
21655202.12	5170735.39	322.616
21655274.26	5170715.38	7.32056
21655346.41	5170695.37	368.569
21655418.56	5170675.37	416.551
21655490.7	5170655.36	463.281
21655562.85	5170635.35	548.567
21655635	5170615.34	584.504
21655707.14	5170595.33	710.861
21655779.29	5170575.33	381.318
21655851.44	5170555.32	442.153
21655923.58	5170535.31	377.954
21655995.73	5170515.3	552.382
21656067.88	5170495.29	560.987
21656140.02	5170475.29	558.789
21656212.17	5170455.28	657.613
21656284.32	5170435.27	522.168
21656356.46	5170415.26	412.671
21656428.61	5170395.25	546.027
21656500.76	5170375.25	519.913
21656572.9	5170355.24	723.922
21656645.05	5170335.23	560.668
21656717.2	5170315.22	526.084
21656789.34	5170295.21	371.397
21656861.49	5170275.21	654.554
21656933.64	5170255.2	493.477
21657005.78	5170235.19	563.967
21657077.93	5170215.18	547.712
21657150.08	5170195.17	249.318
21657222.22	5170175.16	313.48
21657294.37	5170155.16	274.624
21657366.52	5170135.15	185.321
21657438.66	5170115.14	87.8389
21657510.81	5170095.13	36.4705
21657582.96	5170075.12	159.461
21657655.1	5170055.12	347.886
21657727.25	5170035.11	147.764
21657799.4	5170015.1	27.6493
21657871.54	5169995.09	23.0833
21657943.69	5169975.08	30.4486
21658015.84	5169955.08	365.243
21658087.98	5169935.07	555.74
21658160.13	5169915.06	611.994
21658232.28	5169895.05	472.657
21658304.42	5169875.04	529.262
21658376.57	5169855.04	712.086
21658448.72	5169835.03	700.403
21658520.86	5169815.02	382.596
21658593.01	5169795.01	32.4975
21658665.16	5169775	31.3973
21658737.3	5169755	30.41
21658809.45	5169734.99	36.8231
21658881.6	5169714.98	60.2678
21658953.74	5169694.97	36.5574
21659025.89	5169674.96	136.479
21659098.04	5169654.96	308.703
21653273.78	5171346.38	0.5
21653345.93	5171326.37	0.5
21653418.07	5171306.36	0.5
21653490.22	5171286.35	405.607
21653562.37	5171266.35	146.618
21653634.51	5171246.34	240.783
21653706.66	5171226.33	124.463
21653778.81	5171206.32	161.709
21653850.96	5171186.31	320.508
21653923.1	5171166.31	641.777
21653995.25	5171146.3	637.171
21654067.4	5171126.29	0.5
21654139.54	5171106.28	30.9628
21654211.69	5171086.27	72.2817
21654283.84	5171066.27	766.868
21654355.98	5171046.26	701.839
21654428.13	5171026.25	656.211
21654500.28	5171006.24	691.026
21654572.42	5170986.23	844.152
21654644.57	5170966.23	847.608
21654716.72	5170946.22	676.864
21654788.86	5170926.21	836.711
21654861.01	5170906.2	980.505
21654933.16	5170886.19	577.476
21655005.3	5170866.18	306.627
21655077.45	5170846.18	536.254
21655149.6	5170826.17	464.92
21655221.74	5170806.16	504.717
21655293.89	5170786.15	408.567
21655366.04	5170766.14	319.961
21655438.18	5170746.14	303.804
21655510.33	5170726.13	520.201
21655582.48	5170706.12	669.865
21655654.62	5170686.11	400.006
21655726.77	5170666.1	444.925
21655798.92	5170646.1	680.214
21655871.06	5170626.09	521.141
21655943.21	5170606.08	871.364
21656015.36	5170586.07	760.379
21656087.5	5170566.06	871.043
21656159.65	5170546.06	621.451
21656231.8	5170526.05	359.718
21656303.94	5170506.04	616.546
21656376.09	5170486.03	752.036
21656448.24	5170466.02	780.317
21656520.38	5170446.02	829.673
21656592.53	5170426.01	790.066
21656664.68	5170406	807.817
21656736.82	5170385.99	917.626
21656808.97	5170365.98	765.002
21656881.12	5170345.98	488.449
21656953.26	5170325.97	165.722
21657025.41	5170305.96	470.303
21657097.56	5170285.95	434.09
21657169.7	5170265.94	220.389
21657241.85	5170245.94	470.064
21657314	5170225.93	467.023
21657386.14	5170205.92	378.628
21657458.29	5170185.91	312.22
21657530.44	5170165.9	13.2167
21657602.58	5170145.9	87.0278
21657674.73	5170125.89	292.249
21657746.88	5170105.88	59.4422
21657819.02	5170085.87	31.7043
21657891.17	5170065.86	70.1744
21657963.32	5170045.85	157.782
21658035.46	5170025.85	170.323
21658107.61	5170005.84	34.9602
21658179.76	5169985.83	142.774
21658251.9	5169965.82	418.953
21658324.05	5169945.81	644.647
21658396.2	5169925.81	666.073
21658468.34	5169905.8	665.762
21658540.49	5169885.79	168.529
21658612.64	5169865.78	35.685
21658684.78	5169845.77	34.0805
21658756.93	5169825.77	31.3695
21658829.08	5169805.76	36.923
21658901.22	5169785.75	35.4938
21658973.37	5169765.74	32.2233
21659045.52	5169745.73	34.5706
21653293.41	5171417.15	0.5
21653365.55	5171397.14	21.9032
21653437.7	5171377.13	132.394
21653509.85	5171357.12	275.777
21653581.99	5171337.12	148.103
21653654.14	5171317.11	331.5
21653726.29	5171297.1	125.476
21653798.43	5171277.09	35.609
21653870.58	5171257.08	164.796
21653942.73	5171237.08	603.604
21654014.87	5171217.07	503.595
21654087.02	5171197.06	282.113
21654159.17	5171177.05	240.423
21654231.32	5171157.04	33.6272
21654303.46	5171137.04	121.984
21654375.61	5171117.03	253.093
21654447.76	5171097.02	567.914
21654519.9	5171077.01	286.533
21654592.05	5171057	447.657
21654664.2	5171037	498.656
21654736.34	5171016.99	601.99
21654808.49	5170996.98	709.036
21654880.64	5170976.97	853.979
21654952.78	5170956.96	934.391
21655024.93	5170936.96	761.267
21655097.08	5170916.95	735.777
21655169.22	5170896.94	916.445
21655241.37	5170876.93	851.046
21655313.52	5170856.92	483.148
21655385.66	5170836.92	371.337
21655457.81	5170816.91	226.822
21655529.96	5170796.9	850.449
21655602.1	5170776.89	283.097
21655674.25	5170756.88	37.5568
21655746.4	5170736.88	319.606
21655818.54	5170716.87	575.538
21655890.69	5170696.86	378.224
21655962.84	5170676.85	864.833
21656034.98	5170656.84	963.99
21656107.13	5170636.83	846.097
21656179.28	5170616.83	532.83
21656251.42	5170596.82	752.029
21656323.57	5170576.81	840.168
21656395.72	5170556.8	761.946
21656467.86	5170536.79	533.534
21656540.01	5170516.79	520.696
21656612.16	5170496.78	598.394
21656684.3	5170476.77	715.938
21656756.45	5170456.76	923.77
21656828.6	5170436.75	727.087
21656900.74	5170416.75	478.608
21656972.89	5170396.74	314.001
21657045.04	5170376.73	200.034
21657117.18	5170356.72	76.7083
21657189.33	5170336.71	233.088
21657261.48	5170316.71	477.518
21657333.62	5170296.7	709.976
21657405.77	5170276.69	639.706
21657477.92	5170256.68	577.594
21657550.06	5170236.67	323.236
21657622.21	5170216.67	211.342
21657694.36	5170196.66	240.294
21657766.5	5170176.65	35.5964
21657838.65	5170156.64	33.1986
21657910.8	5170136.63	135.853
21657982.94	5170116.63	151.122
21658055.09	5170096.62	100.008
21658127.24	5170076.61	24.758
21658199.38	5170056.6	30.4233
21658271.53	5170036.59	82.2672
21658343.68	5170016.59	531.959
21658415.82	5169996.58	724.667
21658487.97	5169976.57	552.182
21658560.12	5169956.56	204.878
21658632.26	5169936.55	28.4221
21658704.41	5169916.55	20.552
21658776.56	5169896.54	0.5
21658848.7	5169876.53	94.0739
21658920.85	5169856.52	119.266
21658993	5169836.51	158.101
21659065.14	5169816.5	141.656
21653313.03	5171487.92	0.5
21653385.18	5171467.91	111.652
21653457.33	5171447.9	59.2733
21653529.47	5171427.9	40.3572
21653601.62	5171407.89	36.1544
21653673.77	5171387.88	320.828
21653745.91	5171367.87	240.887
21653818.06	5171347.86	59.9056
21653890.21	5171327.86	169.214
21653962.35	5171307.85	487.266
21654034.5	5171287.84	387.626
21654106.65	5171267.83	552.655
21654178.79	5171247.82	400.501
21654250.94	5171227.82	155.797
21654323.09	5171207.81	213.368
21654395.23	5171187.8	80.81
21654467.38	5171167.79	315.377
21654539.53	5171147.78	194.588
21654611.67	5171127.77	566.386
21654683.82	5171107.77	659.981
21654755.97	5171087.76	630.737
21654828.12	5171067.75	660.991
21654900.26	5171047.74	701.584
21654972.41	5171027.73	776.825
21655044.56	5171007.73	638.353
21655116.7	5170987.72	615.347
21655188.85	5170967.71	619.134
21655261	5170947.7	616.713
21655333.14	5170927.69	492.234
21655405.29	5170907.69	691.562
21655477.44	5170887.68	744.538
21655549.58	5170867.67	690.318
21655621.73	5170847.66	182.837
21655693.88	5170827.65	88.8078
21655766.02	5170807.65	219.916
21655838.17	5170787.64	482.991
21655910.32	5170767.63	725.763
21655982.46	5170747.62	690.549
21656054.61	5170727.61	727.873
21656126.76	5170707.61	982.599
21656198.9	5170687.6	871.668
21656271.05	5170667.59	732.078
21656343.2	5170647.58	703.061
21656415.34	5170627.57	627.04
21656487.49	5170607.57	489.219
21656559.64	5170587.56	402.408
21656631.78	5170567.55	524.2
21656703.93	5170547.54	783.751
21656776.08	5170527.53	869.407
21656848.22	5170507.53	370.642
21656920.37	5170487.52	304.292
21656992.52	5170467.51	652.091
21657064.66	5170447.5	326.743
21657136.81	5170427.49	373.541
21657208.96	5170407.48	501.748
21657281.1	5170387.48	462.897
21657353.25	5170367.47	725.701
21657425.4	5170347.46	665.202
21657497.54	5170327.45	601.019
21657569.69	5170307.44	623.787
21657641.84	5170287.44	410.082
21657713.98	5170267.43	97.0944
21657786.13	5170247.42	25.9893
21657858.28	5170227.41	28.7503
21657930.42	5170207.4	25.9219
21658002.57	5170187.4	334.053
21658074.72	5170167.39	486.421
21658146.86	5170147.38	105.522
21658219.01	5170127.37	77.1939
21658291.16	5170107.36	411.848
21658363.3	5170087.36	659.232
21658435.45	5170067.35	828.164
21658507.6	5170047.34	619.931
21658579.74	5170027.33	36.1068
21658651.89	5170007.32	27.7511
21658724.04	5169987.32	26.5315
21658796.18	5169967.31	27.6397
21658868.33	5169947.3	24.4003
21658940.48	5169927.29	25.9274
21659012.62	5169907.28	113.542
21659084.77	5169887.28	16.6489
21653260.51	5171578.7	27.7489
21653332.66	5171558.69	349.594
21653404.81	5171538.68	356.554
21653476.95	5171518.67	475.502
21653549.1	5171498.67	437.211
21653621.25	5171478.66	24.2708
21653693.39	5171458.65	30.4911
21653765.54	5171438.64	261.656
21653837.69	5171418.63	219.296
21653909.83	5171398.63	214.181
21653981.98	5171378.62	388.848
21654054.13	5171358.61	457.707
21654126.27	5171338.6	392.655
21654198.42	5171318.59	515.774
21654270.57	5171298.59	570.341
21654342.71	5171278.58	588.144
21654414.86	5171258.57	406.038
21654487.01	5171238.56	599.258
21654559.15	5171218.55	698.345
21654631.3	5171198.55	788.999
21654703.45	5171178.54	719.011
21654775.59	5171158.53	808.189
21654847.74	5171138.52	760.332
21654919.89	5171118.51	721.906
21654992.04	5171098.51	738.694
21655064.18	5171078.5	762.628
21655136.33	5171058.49	537.524
21655208.48	5171038.48	359.531
21655280.62	5171018.47	270.803
21655352.77	5170998.47	572.446
21655424.92	5170978.46	317.284
21655497.06	5170958.45	214.455
21655569.21	5170938.44	281.671
21655641.36	5170918.43	395.469
21655713.5	5170898.42	261.634
21655785.65	5170878.42	236.334
21655857.8	5170858.41	535.206
21655929.94	5170838.4	750.283
21656002.09	5170818.39	689.998
21656074.24	5170798.38	604.687
21656146.38	5170778.38	612.031
21656218.53	5170758.37	954.787
21656290.68	5170738.36	697.055
21656362.82	5170718.35	498.636
21656434.97	5170698.34	248.143
21656507.12	5170678.34	378.078
21656579.26	5170658.33	524.785
21656651.41	5170638.32	480.928
21656723.56	5170618.31	663.297
21656795.7	5170598.3	475.57
21656867.85	5170578.3	489.352
21656940	5170558.29	339.496
21657012.14	5170538.28	346.226
21657084.29	5170518.27	567.638
21657156.44	5170498.26	671.063
21657228.58	5170478.26	837.866
21657300.73	5170458.25	855.386
21657372.88	5170438.24	700.321
21657445.02	5170418.23	783.072
21657517.17	5170398.22	851.253
21657589.32	5170378.22	964.177
21657661.46	5170358.21	717.125
21657733.61	5170338.2	217.405
21657805.76	5170318.19	30.0281
21657877.9	5170298.18	22.2848
21657950.05	5170278.18	0.5
21658022.2	5170258.17	78.9511
21658094.34	5170238.16	637.869
21658166.49	5170218.15	498.942
21658238.64	5170198.14	484.781
21658310.78	5170178.13	715.924
21658382.93	5170158.13	735.624
21658455.08	5170138.12	813.383
21658527.22	5170118.11	192.882
21658599.37	5170098.1	152.121
21658671.52	5170078.09	0.5
21658743.66	5170058.09	31.603
21658815.81	5170038.08	36.8098
21658887.96	5170018.07	26.0131
21658960.1	5169998.06	32.853
21659032.25	5169978.05	36.2075
21659104.4	5169958.05	31.9892
21653280.14	5171649.47	36.3164
21653352.29	5171629.46	314.736
21653424.43	5171609.45	295.96
21653496.58	5171589.45	526.543
21653568.73	5171569.44	577.416
21653640.87	5171549.43	0.5
21653713.02	5171529.42	24.1342
21653785.17	5171509.41	116.979
21653857.31	5171489.4	32.0089
21653929.46	5171469.4	33.1688
21654001.61	5171449.39	399.826
21654073.75	5171429.38	683.356
21654145.9	5171409.37	411.804
21654218.05	5171389.36	347.378
21654290.19	5171369.36	742.082
21654362.34	5171349.35	756.621
21654434.49	5171329.34	762.146
21654506.63	5171309.33	780.032
21654578.78	5171289.32	725.343
21654650.93	5171269.32	914.476
21654723.07	5171249.31	716.856
21654795.22	5171229.3	700.745
21654867.37	5171209.29	832.114
21654939.51	5171189.28	842.176
21655011.66	5171169.28	796.335
21655083.81	5171149.27	789.446
21655155.95	5171129.26	664.456
21655228.1	5171109.25	283.849
21655300.25	5171089.24	276.884
21655372.39	5171069.24	218.928
21655444.54	5171049.23	671.276
21655516.69	5171029.22	252.481
21655588.84	5171009.21	346.966
21655660.98	5170989.2	395.191
21655733.13	5170969.2	452.212
21655805.28	5170949.19	42.7667
21655877.42	5170929.18	419.274
21655949.57	5170909.17	745.729
21656021.72	5170889.16	706.56
21656093.86	5170869.16	774.384
21656166.01	5170849.15	640.474
21656238.16	5170829.14	836.111
21656310.3	5170809.13	657.486
21656382.45	5170789.12	632.951
21656454.6	5170769.11	425.786
21656526.74	5170749.11	631.468
21656598.89	5170729.1	709.876
21656671.04	5170709.09	335.07
21656743.18	5170689.08	331.033
21656815.33	5170669.07	255.514
21656887.48	5170649.07	580.574
21656959.62	5170629.06	525.093
21657031.77	5170609.05	606.797
21657103.92	5170589.04	648.376
21657176.06	5170569.03	647.668
21657248.21	5170549.03	763.546
21657320.36	5170529.02	885.454
21657392.5	5170509.01	768.807
21657464.65	5170489	776.063
21657536.8	5170468.99	893.32
21657608.94	5170448.99	1071.46
21657681.09	5170428.98	875.275
21657753.24	5170408.97	433.656
21657825.38	5170388.96	37.1171
21657897.53	5170368.95	36.415
21657969.68	5170348.95	311.232
21658041.82	5170328.94	142.14
21658113.97	5170308.93	341.85
21658186.12	5170288.92	407.722
21658258.26	5170268.91	598.16
21658330.41	5170248.91	913.334
21658402.56	5170228.9	846.343
21658474.7	5170208.89	1076.87
21658546.85	5170188.88	150.759
21658619	5170168.87	96.825
21658691.14	5170148.87	287.183
21658763.29	5170128.86	18.1794
21658835.44	5170108.85	13.6317
21658907.58	5170088.84	36.2612
21658979.73	5170068.83	33.0451
21659051.88	5170048.83	33.5493
21653299.77	5171720.24	80.7522
21653371.91	5171700.23	112.16
21653444.06	5171680.22	21.8456
21653516.21	5171660.22	234.391
21653588.35	5171640.21	577.853
21653660.5	5171620.2	80.3856
21653732.65	5171600.19	53.7361
21653804.79	5171580.18	237.402
21653876.94	5171560.18	24.9057
21653949.09	5171540.17	184.258
21654021.23	5171520.16	577.354
21654093.38	5171500.15	722.943
21654165.53	5171480.14	612.095
21654237.67	5171460.14	541.656
21654309.82	5171440.13	651.794
21654381.97	5171420.12	770.946
21654454.11	5171400.11	862.201
21654526.26	5171380.1	648.608
21654598.41	5171360.09	570.327
21654670.55	5171340.09	259.699
21654742.7	5171320.08	451.244
21654814.85	5171300.07	775.852
21654886.99	5171280.06	756.37
21654959.14	5171260.05	911.192
21655031.29	5171240.05	807.601
21655103.43	5171220.04	542.818
21655175.58	5171200.03	543.087
21655247.73	5171180.02	553.419
21655319.87	5171160.01	284.441
21655392.02	5171140.01	14.2983
21655464.17	5171120	487.173
21655536.31	5171099.99	413.138
21655608.46	5171079.98	242.129
21655680.61	5171059.97	90.8594
21655752.76	5171039.97	525.873
21655824.9	5171019.96	209.346
21655897.05	5170999.95	281.551
21655969.2	5170979.94	643.076
21656041.34	5170959.93	811.952
21656113.49	5170939.93	670.171
21656185.64	5170919.92	620.491
21656257.78	5170899.91	688.305
21656329.93	5170879.9	623.406
21656402.08	5170859.89	617.857
21656474.22	5170839.89	367.062
21656546.37	5170819.88	1.49556
21656618.52	5170799.87	36.8027
21656690.66	5170779.86	666.122
21656762.81	5170759.85	799.901
21656834.96	5170739.85	457.387
21656907.1	5170719.84	272.119
21656979.25	5170699.83	146.298
21657051.4	5170679.82	395.072
21657123.54	5170659.81	707.999
21657195.69	5170639.81	532.42
21657267.84	5170619.8	607.803
21657339.98	5170599.79	619.541
21657412.13	5170579.78	611.355
21657484.28	5170559.77	613.479
21657556.42	5170539.76	489.807
21657628.57	5170519.76	563.85
21657700.72	5170499.75	696.048
21657772.86	5170479.74	824.693
21657845.01	5170459.73	806.204
21657917.16	5170439.72	549.369
21657989.3	5170419.72	337.537
21658061.45	5170399.71	241.686
21658133.6	5170379.7	90.435
21658205.74	5170359.69	283.184
21658277.89	5170339.68	585.237
21658350.04	5170319.68	954.003
21658422.18	5170299.67	837.884
21658494.33	5170279.66	945.566
21658566.48	5170259.65	399.468
21658638.62	5170239.64	59.7467
21658710.77	5170219.64	238.151
21658782.92	5170199.63	54.6489
21658855.06	5170179.62	31.8128
21658927.21	5170159.61	395.179
21658999.36	5170139.6	643.46
21659071.5	5170119.6	63.015
21653247.25	5171811.02	34.2061
21653319.39	5171791.01	34.7033
21653391.54	5171771	30.0434
21653463.69	5171750.99	195.726
21653535.83	5171730.99	558.246
21653607.98	5171710.98	740.464
21653680.13	5171690.97	390.933
21653752.27	5171670.96	247.536
21653824.42	5171650.95	271.652
21653896.57	5171630.95	322.335
21653968.71	5171610.94	667.621
21654040.86	5171590.93	817.469
21654113.01	5171570.92	651.115
21654185.15	5171550.91	670.791
21654257.3	5171530.91	684.698
21654329.45	5171510.9	761.831
21654401.59	5171490.89	762.696
21654473.74	5171470.88	782.203
21654545.89	5171450.87	783.517
21654618.03	5171430.87	581.334
21654690.18	5171410.86	274.353
21654762.33	5171390.85	305.087
21654834.47	5171370.84	483.525
21654906.62	5171350.83	583.526
21654978.77	5171330.83	616.867
21655050.91	5171310.82	727.474
21655123.06	5171290.81	654.16
21655195.21	5171270.8	599.841
21655267.35	5171250.79	570.989
21655339.5	5171230.79	372.347
21655411.65	5171210.78	354.862
21655483.79	5171190.77	454.757
21655555.94	5171170.76	365.385
21655628.09	5171150.75	280.743
21655700.23	5171130.74	353.791
21655772.38	5171110.74	432.641
21655844.53	5171090.73	255.862
21655916.67	5171070.72	539.914
21655988.82	5171050.71	624.737
21656060.97	5171030.7	630.049
21656133.11	5171010.7	473.831
21656205.26	5170990.69	687.792
21656277.41	5170970.68	716.217
21656349.56	5170950.67	744.402
21656421.7	5170930.66	650.304
21656493.85	5170910.66	654.298
21656566	5170890.65	612.214
21656638.14	5170870.64	498.558
21656710.29	5170850.63	564.557
21656782.44	5170830.62	720.663
21656854.58	5170810.62	711.072
21656926.73	5170790.61	90.5267
21656998.88	5170770.6	169.324
21657071.02	5170750.59	266.578
21657143.17	5170730.58	450.727
21657215.32	5170710.58	389.346
21657287.46	5170690.57	464.789
21657359.61	5170670.56	459.304
21657431.76	5170650.55	473.918
21657503.9	5170630.54	350.051
21657576.05	5170610.54	318.984
21657648.2	5170590.53	97.0044
21657720.34	5170570.52	316.694
21657792.49	5170550.51	586.932
21657864.64	5170530.5	756.289
21657936.78	5170510.5	878.356
21658008.93	5170490.49	735.852
21658081.08	5170470.48	352.149
21658153.22	5170450.47	245.773
21658225.37	5170430.46	349.827
21658297.52	5170410.46	562.974
21658369.66	5170390.45	607.668
21658441.81	5170370.44	602.954
21658513.96	5170350.43	654.295
21658586.1	5170330.42	418.492
21658658.25	5170310.41	8.41389
21658730.4	5170290.41	573.959
21658802.54	5170270.4	289.974
21658874.69	5170250.39	36.499
21658946.84	5170230.38	231.731
21659018.98	5170210.37	265.676
21659091.13	5170190.37	178.809
21653266.87	5171881.79	125.203
21653339.02	5171861.78	35.6613
21653411.17	5171841.77	23.4122
21653483.31	5171821.77	563.128
21653555.46	5171801.76	490.484
21653627.61	5171781.75	643.521
21653699.75	5171761.74	774.156
21653771.9	5171741.73	479.124
21653844.05	5171721.73	478.121
21653916.19	5171701.72	549.366
21653988.34	5171681.71	693.154
21654060.49	5171661.7	729.089
21654132.63	5171641.69	737.18
21654204.78	5171621.68	528.996
21654276.93	5171601.68	597.973
21654349.07	5171581.67	733.621
21654421.22	5171561.66	781.722
21654493.37	5171541.65	751.214
21654565.51	5171521.64	735.461
21654637.66	5171501.64	526.004
21654709.81	5171481.63	425.94
21654781.95	5171461.62	428.132
21654854.1	5171441.61	380.783
21654926.25	5171421.6	363.547
21654998.39	5171401.6	496.75
21655070.54	5171381.59	631.767
21655142.69	5171361.58	646.141
21655214.83	5171341.57	673.751
21655286.98	5171321.56	535.486
21655359.13	5171301.56	498.324
21655431.27	5171281.55	475.889
21655503.42	5171261.54	475.009
21655575.57	5171241.53	547.18
21655647.71	5171221.52	268.797
21655719.86	5171201.52	114.998
21655792.01	5171181.51	134.536
21655864.15	5171161.5	133.495
21655936.3	5171141.49	576.683
21656008.45	5171121.48	607.918
21656080.59	5171101.48	939.578
21656152.74	5171081.47	681.624
21656224.89	5171061.46	697.243
21656297.03	5171041.45	707.236
21656369.18	5171021.44	595.984
21656441.33	5171001.44	900.123
21656513.48	5170981.43	805.982
21656585.62	5170961.42	1061.89
21656657.77	5170941.41	858.66
21656729.91	5170921.4	798.224
21656802.06	5170901.39	655.342
21656874.21	5170881.39	433.679
21656946.36	5170861.38	80.6672
21657018.5	5170841.37	228.179
21657090.65	5170821.36	167.854
21657162.8	5170801.35	104.159
21657234.94	5170781.35	282.868
21657307.09	5170761.34	151.252
21657379.24	5170741.33	223.745
21657451.38	5170721.32	181.329
21657523.53	5170701.31	37.8876
21657595.68	5170681.31	31.5521
21657667.82	5170661.3	28.9522
21657739.97	5170641.29	6.63889
21657812.12	5170621.28	358.811
21657884.26	5170601.27	319.107
21657956.41	5170581.27	437.517
21658028.56	5170561.26	493.33
21658100.7	5170541.25	627.911
21658172.85	5170521.24	649.377
21658245	5170501.23	667.343
21658317.14	5170481.23	588.504
21658389.29	5170461.22	555.336
21658461.44	5170441.21	640.814
21658533.58	5170421.2	511.006
21658605.73	5170401.19	510.541
21658677.88	5170381.19	235.722
21658750.02	5170361.18	456.801
21658822.17	5170341.17	635.479
21658894.32	5170321.16	527.423
21658966.46	5170301.15	175.951
21659038.61	5170281.15	37.0359
21653286.5	5171952.56	440.442
21653358.65	5171932.55	2.04222
21653430.79	5171912.54	213.474
21653502.94	5171892.54	474.419
21653575.09	5171872.53	521.504
21653647.23	5171852.52	742.071
21653719.38	5171832.51	752.231
21653791.53	5171812.5	556.806
21653863.67	5171792.5	693.297
21653935.82	5171772.49	712.221
21654007.97	5171752.48	787.725
21654080.11	5171732.47	753.122
21654152.26	5171712.46	734.828
21654224.41	5171692.46	751.068
21654296.55	5171672.45	767.744
21654368.7	5171652.44	730.097
21654440.85	5171632.43	754.998
21654512.99	5171612.42	697.815
21654585.14	5171592.42	767.085
21654657.29	5171572.41	515.034
21654729.43	5171552.4	497.599
21654801.58	5171532.39	238.086
21654873.73	5171512.38	93.6206
21654945.87	5171492.37	154.979
21655018.02	5171472.37	454.261
21655090.17	5171452.36	665.293
21655162.31	5171432.35	758.427
21655234.46	5171412.34	517.307
21655306.61	5171392.33	472.163
21655378.75	5171372.33	628.343
21655450.9	5171352.32	542.948
21655523.05	5171332.31	461.783
21655595.19	5171312.3	402.488
21655667.34	5171292.29	209.631
21655739.49	5171272.29	29.6745
21655811.63	5171252.28	28.3948
21655883.78	5171232.27	237.496
21655955.93	5171212.26	612.634
21656028.07	5171192.25	624.107
21656100.22	5171172.25	875.118
21656172.37	5171152.24	578.669
21656244.51	5171132.23	487.671
21656316.66	5171112.22	658.298
21656388.81	5171092.21	640.901
21656460.95	5171072.21	879.198
21656533.1	5171052.2	660.19
21656605.25	5171032.19	896.575
21656677.39	5171012.18	831.69
21656749.54	5170992.17	681.176
21656821.69	5170972.17	688.208
21656893.84	5170952.16	313.597
21656965.98	5170932.15	138.929
21657038.13	5170912.14	64.135
21657110.27	5170892.13	31.1094
21657182.42	5170872.13	36.7428
21657254.57	5170852.12	33.6055
21657326.72	5170832.11	33.7436
21657398.86	5170812.1	37.5442
21657471.01	5170792.09	37.2639
21657543.16	5170772.09	27.2336
21657615.3	5170752.08	26.5517
21657687.45	5170732.07	25.5297
21657759.6	5170712.06	34.8113
21657831.74	5170692.05	37.6462
21657903.89	5170672.04	35.6761
21657976.04	5170652.04	33.1247
21658048.18	5170632.03	656.172
21658120.33	5170612.02	684.325
21658192.48	5170592.01	648.727
21658264.62	5170572	520.272
21658336.77	5170552	543.278
21658408.92	5170531.99	620.861
21658481.06	5170511.98	674.142
21658553.21	5170491.97	658.979
21658625.36	5170471.96	631.797
21658697.5	5170451.96	283.864
21658769.65	5170431.95	207.734
21658841.8	5170411.94	549.501
21658913.94	5170391.93	683.266
21658986.09	5170371.92	561.156
21659058.24	5170351.92	41.9711
21653306.13	5172023.33	516.84
21653378.27	5172003.32	301.121
21653450.42	5171983.31	299.662
21653522.57	5171963.31	483.492
21653594.71	5171943.3	534.899
21653666.86	5171923.29	683.314
21653739.01	5171903.28	761.23
21653811.15	5171883.27	783.394
21653883.3	5171863.27	829.237
21653955.45	5171843.26	846.307
21654027.59	5171823.25	834.465
21654099.74	5171803.24	892.391
21654171.89	5171783.23	890.665
21654244.03	5171763.23	813.03
21654316.18	5171743.22	826.946
21654388.33	5171723.21	726.443
21654460.47	5171703.2	631.952
21654532.62	5171683.19	746.494
21654604.77	5171663.19	568.74
21654676.91	5171643.18	352.752
21654749.06	5171623.17	235.421
21654821.21	5171603.16	10.5922
21654893.35	5171583.15	37.978
21654965.5	5171563.15	42.8167
21655037.65	5171543.14	191.495
21655109.79	5171523.13	445.38
21655181.94	5171503.12	673.849
21655254.09	5171483.11	663.965
21655326.23	5171463.11	478.258
21655398.38	5171443.1	564.298
21655470.53	5171423.09	498.612
21655542.67	5171403.08	374.094
21655614.82	5171383.07	344.2
21655686.97	5171363.07	84.5706
21655759.11	5171343.06	115.558
21655831.26	5171323.05	227.109
21655903.41	5171303.04	153.269
21655975.55	5171283.03	283.332
21656047.7	5171263.02	346.206
21656119.85	5171243.02	54.9694
21656191.99	5171223.01	129.732
21656264.14	5171203	398.142
21656336.29	5171182.99	670.407
21656408.43	5171162.98	595.467
21656480.58	5171142.98	726.287
21656552.73	5171122.97	670.856
21656624.87	5171102.96	804.382
21656697.02	5171082.95	718.18
21656769.17	5171062.94	444.832
21656841.31	5171042.94	381.868
21656913.46	5171022.93	158.813
21656985.61	5171002.92	35.7571
21657057.75	5170982.91	31.5597
21657129.9	5170962.9	26.3905
21657202.05	5170942.9	24.5587
21657274.19	5170922.89	22.6774
21657346.34	5170902.88	18.8908
21657418.49	5170882.87	24.5412
21657490.64	5170862.86	23.8906
21657562.78	5170842.86	24.0153
21657634.93	5170822.85	30.4301
21657707.08	5170802.84	33.7619
21657779.22	5170782.83	36.175
21657851.37	5170762.82	36.7439
21657923.52	5170742.82	32.1341
21657995.66	5170722.81	36.0762
21658067.81	5170702.8	478.301
21658139.96	5170682.79	477.757
21658212.1	5170662.78	432.155
21658284.25	5170642.78	567.686
21658356.4	5170622.77	503.552
21658428.54	5170602.76	689.239
21658500.69	5170582.75	685.782
21658572.84	5170562.74	797.541
21658644.98	5170542.74	840.601
21658717.13	5170522.73	581.224
21658789.28	5170502.72	421.348
21658861.42	5170482.71	543.802
21658933.57	5170462.7	543.09
21659005.72	5170442.69	392.823
21659077.86	5170422.69	107.981
21653253.61	5172114.11	741.743
21653325.75	5172094.1	623.076
21653397.9	5172074.09	277.153
21653470.05	5172054.09	300.094
21653542.19	5172034.08	477.514
21653614.34	5172014.07	762.089
21653686.49	5171994.06	642.182
21653758.63	5171974.05	484.554
21653830.78	5171954.05	729.801
21653902.93	5171934.04	761.289
21653975.07	5171914.03	778.769
21654047.22	5171894.02	838.084
21654119.37	5171874.01	791.356
21654191.51	5171854	922.713
21654263.66	5171834	830.932
21654335.81	5171813.99	721.546
21654407.95	5171793.98	681.464
21654480.1	5171773.97	626.967
21654552.25	5171753.96	521.463
21654624.39	5171733.96	225.318
21654696.54	5171713.95	152.182
21654768.69	5171693.94	33.7983
21654840.83	5171673.93	11.3861
21654912.98	5171653.92	57.795
21654985.13	5171633.92	14.4256
21655057.27	5171613.91	289.394
21655129.42	5171593.9	388.433
21655201.57	5171573.89	708.798
21655273.71	5171553.88	612.907
21655345.86	5171533.88	433.926
21655418.01	5171513.87	363.879
21655490.15	5171493.86	376.225
21655562.3	5171473.85	292.011
21655634.45	5171453.84	404.977
21655706.59	5171433.84	458.876
21655778.74	5171413.83	417.696
21655850.89	5171393.82	297.191
21655923.03	5171373.81	272.021
21655995.18	5171353.8	236.741
21656067.33	5171333.8	284.607
21656139.47	5171313.79	249.671
21656211.62	5171293.78	139.732
21656283.77	5171273.77	396.24
21656355.91	5171253.76	414.492
21656428.06	5171233.76	804.57
21656500.21	5171213.75	510.611
21656572.35	5171193.74	786.448
21656644.5	5171173.73	647.096
21656716.65	5171153.72	479.863
21656788.79	5171133.72	267.973
21656860.94	5171113.71	79.025
21656933.09	5171093.7	33.0756
21657005.23	5171073.69	28.2974
21657077.38	5171053.68	22.5644
21657149.53	5171033.67	17.1045
21657221.67	5171013.67	16.043
21657293.82	5170993.66	15.5966
21657365.97	5170973.65	13.3693
21657438.11	5170953.64	15.6449
21657510.26	5170933.63	18.3347
21657582.41	5170913.63	21.3064
21657654.55	5170893.62	29.3297
21657726.7	5170873.61	51.1611
21657798.85	5170853.6	151.067
21657870.99	5170833.59	61.9078
21657943.14	5170813.59	32.1758
21658015.29	5170793.58	119.731
21658087.44	5170773.57	280.743
21658159.58	5170753.56	458.627
21658231.73	5170733.55	342.323
21658303.88	5170713.55	469.809
21658376.02	5170693.54	567.278
21658448.17	5170673.53	548.287
21658520.32	5170653.52	608.042
21658592.46	5170633.51	674.263
21658664.61	5170613.51	830.992
21658736.76	5170593.5	362.39
21658808.9	5170573.49	185.821
21658881.05	5170553.48	278.829
21658953.2	5170533.47	426.948
21659025.34	5170513.47	15.5
21659097.49	5170493.46	269.347
21653273.23	5172184.88	681.947
21653345.38	5172164.87	737.848
21653417.53	5172144.86	457.066
21653489.67	5172124.86	409.913
21653561.82	5172104.85	584.269
21653633.97	5172084.84	593.797
21653706.11	5172064.83	446.948
21653778.26	5172044.82	260.956
21653850.41	5172024.82	457.544
21653922.55	5172004.81	728.522
21653994.7	5171984.8	816.486
21654066.85	5171964.79	799.21
21654138.99	5171944.78	750.026
21654211.14	5171924.78	757.512
21654283.29	5171904.77	774.286
21654355.43	5171884.76	771.031
21654427.58	5171864.75	604.433
21654499.73	5171844.74	704.875
21654571.87	5171824.74	556.206
21654644.02	5171804.73	196.427
21654716.17	5171784.72	33.2704
21654788.31	5171764.71	19.9294
21654860.46	5171744.7	22.0516
21654932.61	5171724.7	23.7068
21655004.75	5171704.69	37.731
21655076.9	5171684.68	288.178
21655149.05	5171664.67	493.94
21655221.19	5171644.66	679.796
21655293.34	5171624.65	538.147
21655365.49	5171604.65	495.84
21655437.63	5171584.64	534.608
21655509.78	5171564.63	563.306
21655581.93	5171544.62	591.983
21655654.07	5171524.61	497.393
21655726.22	5171504.61	611.167
21655798.37	5171484.6	467.416
21655870.51	5171464.59	260.633
21655942.66	5171444.58	330.111
21656014.81	5171424.57	310.618
21656086.95	5171404.57	487.239
21656159.1	5171384.56	377.271
21656231.25	5171364.55	300.645
21656303.39	5171344.54	368.222
21656375.54	5171324.53	386.643
21656447.69	5171304.53	609.258
21656519.83	5171284.52	487.213
21656591.98	5171264.51	727.087
21656664.13	5171244.5	430.439
21656736.27	5171224.49	452.922
21656808.42	5171204.49	165.857
21656880.57	5171184.48	34.9028
21656952.71	5171164.47	28.4959
21657024.86	5171144.46	22.9002
21657097.01	5171124.45	21.2754
21657169.15	5171104.45	16.773
21657241.3	5171084.44	15.5
21657313.45	5171064.43	15.5
21657385.59	5171044.42	13.2597
21657457.74	5171024.41	15.311
21657529.89	5171004.41	15.5
21657602.03	5170984.4	15.5774
21657674.18	5170964.39	25.7105
21657746.33	5170944.38	35.2315
21657818.47	5170924.37	98.1111
21657890.62	5170904.36	143.516
21657962.77	5170884.36	32.8574
21658034.91	5170864.35	148.042
21658107.06	5170844.34	250.967
21658179.21	5170824.33	528.466
21658251.36	5170804.32	618.849
21658323.5	5170784.32	478.106
21658395.65	5170764.31	441.552
21658467.8	5170744.3	502.175
21658539.94	5170724.29	665.544
21658612.09	5170704.28	641.94
21658684.24	5170684.28	508.09
21658756.38	5170664.27	180.744
21658828.53	5170644.26	32.8095
21658900.68	5170624.25	23.8019
21658972.82	5170604.24	15.9802
21659044.97	5170584.24	22.2939
