21653307.22	5170346.33	1102.11
21653379.37	5170326.32	723.673
21653451.52	5170306.31	1124.95
21653523.66	5170286.3	1148.85
21653595.81	5170266.29	857.677
21653667.96	5170246.29	522.451
21653740.1	5170226.28	718.057
21653812.25	5170206.27	581.336
21653884.4	5170186.26	757.063
21653956.54	5170166.25	911.262
21654028.69	5170146.25	1101.3
21654100.84	5170126.24	975.869
21654172.98	5170106.23	513.157
21654245.13	5170086.22	252.407
21654317.28	5170066.21	36.7825
21654389.42	5170046.21	24.1994
21654461.57	5170026.2	27.2787
21654533.72	5170006.19	118.65
21654605.86	5169986.18	428.671
21654678.01	5169966.17	450.438
21654750.16	5169946.17	15.2521
21654822.31	5169926.16	222.167
21654894.45	5169906.15	1068.46
21654966.6	5169886.14	734.723
21655038.75	5169866.13	589.072
21655110.89	5169846.13	677.923
21655183.04	5169826.12	1082.4
21655255.19	5169806.11	866.531
21655327.33	5169786.1	1151.14
21655399.48	5169766.09	635.165
21653254.7	5170437.11	1118.26
21653326.85	5170417.1	1113.19
21653399	5170397.09	813.984
21653471.14	5170377.08	1117.25
21653543.29	5170357.07	898.833
21653615.44	5170337.07	766.082
21653687.58	5170317.06	908.287
21653759.73	5170297.05	711.417
21653831.88	5170277.04	599.08
21653904.02	5170257.03	807.121
21653976.17	5170237.03	985.883
21654048.32	5170217.02	835.038
21654120.46	5170197.01	191.219
21654192.61	5170177	416.958
21654264.76	5170156.99	259.855
21654336.9	5170136.98	97.6206
21654409.05	5170116.98	36.049
21654481.2	5170096.97	31.0111
21654553.34	5170076.96	21.4028
21654625.49	5170056.95	10.8844
21654697.64	5170036.94	461.364
21654769.78	5170016.94	201.625
21654841.93	5169996.93	30.076
21654914.08	5169976.92	752.603
21654986.23	5169956.91	639.358
21655058.37	5169936.9	561.905
21655130.52	5169916.9	836.064
21655202.66	5169896.89	1158.07
21655274.81	5169876.88	924.241
21655346.96	5169856.87	1102.65
21655419.11	5169836.86	520.466
21655491.25	5169816.86	370.378
21655563.4	5169796.85	94.2172
21655635.55	5169776.84	215.018
21655707.69	5169756.83	647.277
21655779.84	5169736.82	887.733
21655851.99	5169716.82	37.9217
21655924.13	5169696.81	0.5
21655996.28	5169676.8	521.322
21656068.43	5169656.79	437.449
21656140.57	5169636.78	663.636
21656212.72	5169616.78	0.5
21656284.87	5169596.77	0.5
21656357.01	5169576.76	0.5
21656429.16	5169556.75	24.6282
21656501.31	5169536.74	20.2017
21656573.45	5169516.74	14.6664
21656645.6	5169496.73	24.4198
21656717.75	5169476.72	16.3437
21656789.89	5169456.71	26.9121
21656862.04	5169436.7	343.383
21656934.19	5169416.69	687.444
21657006.33	5169396.69	704.199
21657078.48	5169376.68	614.564
21657150.63	5169356.67	547.22
21657222.77	5169336.66	620.724
21657294.92	5169316.65	736.204
21657367.07	5169296.65	565.744
21657439.21	5169276.64	153.796
21657511.36	5169256.63	162.233
21657583.51	5169236.62	406.73
21657655.65	5169216.61	229.008
21657727.8	5169196.61	30.1558
21657799.95	5169176.6	107.125
21657872.09	5169156.59	144.038
21657944.24	5169136.58	36.1853
21658016.39	5169116.57	17.5177
21658088.53	5169096.57	22.293
21658160.68	5169076.56	20.3399
21658232.83	5169056.55	15.5
21658304.97	5169036.54	33.0268
21658377.12	5169016.53	50.5278
21658449.27	5168996.53	373.944
21658521.41	5168976.52	482.469
21658593.56	5168956.51	272.053
21658665.71	5168936.5	301.291
21658737.85	5168916.49	547.707
21658810	5168896.49	564.014
21658882.15	5168876.48	581.533
21658954.29	5168856.47	880.52
21659026.44	5168836.46	458.024
21659098.59	5168816.45	714.867
21653274.33	5170507.88	1134.25
21653346.48	5170487.87	1169.2
21653418.62	5170467.86	1114.47
21653490.77	5170447.85	1143.72
21653562.92	5170427.84	801.077
21653635.06	5170407.84	814.609
21653707.21	5170387.83	465.613
21653779.36	5170367.82	448.049
21653851.5	5170347.81	665.828
21653923.65	5170327.8	568.912
21653995.8	5170307.8	468.464
21654067.94	5170287.79	656.799
21654140.09	5170267.78	632.754
21654212.24	5170247.77	246.117
21654284.38	5170227.76	89.3317
21654356.53	5170207.76	33.8904
21654428.68	5170187.75	35.6864
21654500.82	5170167.74	36.8026
21654572.97	5170147.73	33.3492
21654645.12	5170127.72	30.7551
21654717.26	5170107.72	362.534
21654789.41	5170087.71	476.08
21654861.56	5170067.7	286.741
21654933.7	5170047.69	577.855
21655005.85	5170027.68	793.759
21655078	5170007.68	514.622
21655150.14	5169987.67	511.303
21655222.29	5169967.66	1072.48
21655294.44	5169947.65	1101.66
21655366.58	5169927.64	1030.86
21655438.73	5169907.63	442.443
21655510.88	5169887.63	516.453
21655583.03	5169867.62	217.012
21655655.17	5169847.61	324.704
21655727.32	5169827.6	759.497
21655799.47	5169807.59	814.553
21655871.61	5169787.59	115.979
21655943.76	5169767.58	33.7536
21656015.91	5169747.57	833.689
21656088.05	5169727.56	1090.05
21656160.2	5169707.55	852.683
21656232.35	5169687.55	36.3251
21656304.49	5169667.54	0.5
21656376.64	5169647.53	15.2588
21656448.79	5169627.52	25.9407
21656520.93	5169607.51	34.2399
21656593.08	5169587.51	22.8723
21656665.23	5169567.5	30.4093
21656737.37	5169547.49	15.4413
21656809.52	5169527.48	27.4323
21656881.67	5169507.47	281.487
21656953.81	5169487.47	595.898
21657025.96	5169467.46	692.685
21657098.11	5169447.45	516.426
21657170.25	5169427.44	303.288
21657242.4	5169407.43	0.5
21657314.55	5169387.43	235.884
21657386.69	5169367.42	129.482
21657458.84	5169347.41	97.4439
21657530.99	5169327.4	69.2361
21657603.13	5169307.39	385.136
21657675.28	5169287.39	263.836
21657747.43	5169267.38	295.884
21657819.57	5169247.37	775.792
21657891.72	5169227.36	281.317
21657963.87	5169207.35	28.9525
21658036.01	5169187.34	17.5177
21658108.16	5169167.34	29.6422
21658180.31	5169147.33	1.42444
21658252.45	5169127.32	15.5
21658324.6	5169107.31	426.998
21658396.75	5169087.3	154.848
21658468.89	5169067.3	252.804
21658541.04	5169047.29	348.997
21658613.19	5169027.28	237.688
21658685.33	5169007.27	573.168
21658757.48	5168987.26	808.963
21658829.63	5168967.26	649.379
21658901.77	5168947.25	576.203
21658973.92	5168927.24	605.063
21659046.07	5168907.23	723.581
21653293.96	5170578.65	888.144
21653366.1	5170558.64	1042.38
21653438.25	5170538.63	1093.34
21653510.4	5170518.62	1002.71
21653582.54	5170498.61	860.171
21653654.69	5170478.61	731.882
21653726.84	5170458.6	27.45
21653798.98	5170438.59	201.235
21653871.13	5170418.58	826.317
21653943.28	5170398.57	641.117
21654015.42	5170378.57	499.129
21654087.57	5170358.56	728.067
21654159.72	5170338.55	577.146
21654231.86	5170318.54	257.77
21654304.01	5170298.53	32.3087
21654376.16	5170278.53	109.039
21654448.3	5170258.52	106.919
21654520.45	5170238.51	104.315
21654592.6	5170218.5	55.5917
21654664.74	5170198.49	37.3984
21654736.89	5170178.49	273.302
21654809.04	5170158.48	601.716
21654881.18	5170138.47	371.277
21654953.33	5170118.46	314.174
21655025.48	5170098.45	764.063
21655097.62	5170078.45	601.356
21655169.77	5170058.44	330.846
21655241.92	5170038.43	743.958
21655314.06	5170018.42	885.729
21655386.21	5169998.41	891.998
21655458.36	5169978.41	534.974
21655530.5	5169958.4	857.439
21655602.65	5169938.39	464.248
21655674.8	5169918.38	331.557
21655746.95	5169898.37	754.011
21655819.09	5169878.37	949.16
21655891.24	5169858.36	228.989
21655963.38	5169838.35	276.397
21656035.53	5169818.34	545.389
21656107.68	5169798.33	1062.06
21656179.83	5169778.32	763.718
21656251.97	5169758.32	141.751
21656324.12	5169738.31	26.1946
21656396.27	5169718.3	37.9916
21656468.41	5169698.29	475.276
21656540.56	5169678.28	591.663
21656612.71	5169658.28	37.2379
21656684.85	5169638.27	30.6853
21656757	5169618.26	34.5347
21656829.15	5169598.25	50.3294
21656901.29	5169578.24	36.9141
21656973.44	5169558.24	427.371
21657045.59	5169538.23	676.426
21657117.73	5169518.22	631.778
21657189.88	5169498.21	231.161
21657262.03	5169478.2	0.5
21657334.17	5169458.2	0.5
21657406.32	5169438.19	259.361
21657478.47	5169418.18	291.129
21657550.61	5169398.17	12.2628
21657622.76	5169378.16	496.844
21657694.91	5169358.16	784.359
21657767.05	5169338.15	854.044
21657839.2	5169318.14	723.394
21657911.35	5169298.13	363.252
21657983.49	5169278.12	255.056
21658055.64	5169258.12	317.375
21658127.79	5169238.11	425.308
21658199.93	5169218.1	200.911
21658272.08	5169198.09	18.3353
21658344.23	5169178.08	195.139
21658416.37	5169158.08	0.5
21658488.52	5169138.07	294.726
21658560.67	5169118.06	142.349
21658632.81	5169098.05	105.488
21658704.96	5169078.04	789.614
21658777.11	5169058.03	777.14
21658849.25	5169038.03	614.933
21658921.4	5169018.02	628.492
21658993.55	5168998.01	599.461
21659065.69	5168978	744.342
21653313.58	5170649.42	1020.48
21653385.73	5170629.41	745.315
21653457.88	5170609.4	628.657
21653530.02	5170589.39	284.434
21653602.17	5170569.39	317.56
21653674.32	5170549.38	186.607
21653746.46	5170529.37	34.5081
21653818.61	5170509.36	27.4744
21653890.76	5170489.35	313.076
21653962.9	5170469.35	543.559
21654035.05	5170449.34	516.781
21654107.2	5170429.33	632.578
21654179.34	5170409.32	494.003
21654251.49	5170389.31	543.644
21654323.64	5170369.3	248.038
21654395.78	5170349.3	190.578
21654467.93	5170329.29	114.771
21654540.08	5170309.28	329.062
21654612.22	5170289.27	377.307
21654684.37	5170269.26	363.989
21654756.52	5170249.26	511.788
21654828.66	5170229.25	521.706
21654900.81	5170209.24	405.48
21654972.96	5170189.23	662.249
21655045.1	5170169.22	744.108
21655117.25	5170149.22	689.802
21655189.4	5170129.21	265.645
21655261.54	5170109.2	695.22
21655333.69	5170089.19	654.022
21655405.84	5170069.18	508.911
21655477.98	5170049.18	533.906
21655550.13	5170029.17	824.367
21655622.28	5170009.16	393.164
21655694.42	5169989.15	485.046
21655766.57	5169969.14	460.35
21655838.72	5169949.14	383.991
21655910.86	5169929.13	172.571
21655983.01	5169909.12	240.455
21656055.16	5169889.11	596.674
21656127.3	5169869.1	764.079
21656199.45	5169849.1	813.319
21656271.6	5169829.09	458.589
21656343.75	5169809.08	28.892
21656415.89	5169789.07	108.639
21656488.04	5169769.06	781.617
21656560.19	5169749.06	806.065
21656632.33	5169729.05	253.216
21656704.48	5169709.04	23.8342
21656776.63	5169689.03	29.621
21656848.77	5169669.02	135.016
21656920.92	5169649.02	17.7289
21656993.07	5169629.01	149.772
21657065.21	5169609	406.903
21657137.36	5169588.99	497.636
21657209.51	5169568.98	364.041
21657281.65	5169548.97	746.565
21657353.8	5169528.97	237.577
21657425.95	5169508.96	303.026
21657498.09	5169488.95	321.538
21657570.24	5169468.94	336.881
21657642.39	5169448.93	590.411
21657714.53	5169428.93	898.754
21657786.68	5169408.92	923.093
21657858.83	5169388.91	634.659
21657930.97	5169368.9	552.057
21658003.12	5169348.89	751.993
21658075.27	5169328.89	625.637
21658147.41	5169308.88	639.024
21658219.56	5169288.87	658.234
21658291.71	5169268.86	294.067
21658363.85	5169248.85	32.729
21658436	5169228.85	399.052
21658508.15	5169208.84	205.393
21658580.29	5169188.83	138.929
21658652.44	5169168.82	345.476
21658724.59	5169148.81	562.346
21658796.73	5169128.81	692.713
21658868.88	5169108.8	669.046
21658941.03	5169088.79	676.479
21659013.17	5169068.78	837.752
21659085.32	5169048.77	989.924
21653261.06	5170740.2	1038.44
21653333.21	5170720.19	1028.12
21653405.36	5170700.18	869.512
21653477.5	5170680.17	357.551
21653549.65	5170660.16	77.8428
21653621.8	5170640.16	282.529
21653693.94	5170620.15	177.713
21653766.09	5170600.14	205.139
21653838.24	5170580.13	210.603
21653910.38	5170560.12	355.053
21653982.53	5170540.12	373.766
21654054.68	5170520.11	866.448
21654126.82	5170500.1	511.258
21654198.97	5170480.09	568.096
21654271.12	5170460.08	773.129
21654343.26	5170440.08	476.174
21654415.41	5170420.07	195.085
21654487.56	5170400.06	24.0017
21654559.7	5170380.05	219.277
21654631.85	5170360.04	763.597
21654704	5170340.04	866.739
21654776.14	5170320.03	976.983
21654848.29	5170300.02	986.564
21654920.44	5170280.01	851.796
21654992.58	5170260	704.473
21655064.73	5170240	790.375
21655136.88	5170219.99	384.831
21655209.02	5170199.98	36.6428
21655281.17	5170179.97	511.167
21655353.32	5170159.96	865.929
21655425.46	5170139.95	489.231
21655497.61	5170119.95	408.678
21655569.76	5170099.94	159.738
21655641.9	5170079.93	604.839
21655714.05	5170059.92	828.079
21655786.2	5170039.91	716.781
21655858.34	5170019.91	761.042
21655930.49	5169999.9	263.908
21656002.64	5169979.89	273.726
21656074.78	5169959.88	866.985
21656146.93	5169939.87	692.064
21656219.08	5169919.87	700.443
21656291.22	5169899.86	461.267
21656363.37	5169879.85	35.9891
21656435.52	5169859.84	29.2062
21656507.66	5169839.83	421.943
21656579.81	5169819.83	362.3
21656651.96	5169799.82	36.1586
21656724.1	5169779.81	36.7888
21656796.25	5169759.8	176.274
21656868.4	5169739.79	231.448
21656940.55	5169719.79	211.878
21657012.69	5169699.78	239.133
21657084.84	5169679.77	495.651
21657156.99	5169659.76	508.062
21657229.13	5169639.75	363.651
21657301.28	5169619.75	316.418
21657373.43	5169599.74	504.857
21657445.57	5169579.73	506.688
21657517.72	5169559.72	369.994
21657589.87	5169539.71	348.545
21657662.01	5169519.71	615.352
21657734.16	5169499.7	797.142
21657806.31	5169479.69	810.019
21657878.45	5169459.68	697.153
21657950.6	5169439.67	658.733
21658022.75	5169419.66	754.996
21658094.89	5169399.66	719.331
21658167.04	5169379.65	581.244
21658239.19	5169359.64	792.91
21658311.33	5169339.63	744.388
21658383.48	5169319.62	599.564
21658455.63	5169299.62	518.614
21658527.77	5169279.61	57.5189
21658599.92	5169259.6	155.253
21658672.07	5169239.59	157.266
21658744.21	5169219.58	607.166
21658816.36	5169199.58	663.003
21658888.51	5169179.57	716.865
21658960.65	5169159.56	676.337
21659032.8	5169139.55	812.346
21659104.95	5169119.54	963.821
21653280.69	5170810.97	827.45
21653352.84	5170790.96	691.578
21653424.98	5170770.95	341.397
21653497.13	5170750.94	31.4688
21653569.28	5170730.93	36.26
21653641.42	5170710.93	149.228
21653713.57	5170690.92	30.7328
21653785.72	5170670.91	375.482
21653857.86	5170650.9	403.051
21653930.01	5170630.89	429.757
21654002.16	5170610.89	357.457
21654074.3	5170590.88	498.324
21654146.45	5170570.87	465.068
21654218.6	5170550.86	629.3
21654290.74	5170530.85	642.48
21654362.89	5170510.85	139.297
21654435.04	5170490.84	58.9261
21654507.18	5170470.83	33.4466
21654579.33	5170450.82	39.2011
21654651.48	5170430.81	531.096
21654723.62	5170410.81	499.768
21654795.77	5170390.8	849.905
21654867.92	5170370.79	1058.4
21654940.06	5170350.78	979.704
21655012.21	5170330.77	342.963
21655084.36	5170310.77	73.8872
21655156.5	5170290.76	32.5824
21655228.65	5170270.75	28.6209
21655300.8	5170250.74	442.305
21655372.94	5170230.73	1103.02
21655445.09	5170210.73	952.814
21655517.24	5170190.72	329.546
21655589.38	5170170.71	30.6026
21655661.53	5170150.7	14.8794
21655733.68	5170130.69	192.872
21655805.82	5170110.69	367.354
21655877.97	5170090.68	855.872
21655950.12	5170070.67	1065.9
21656022.26	5170050.66	1157.76
21656094.41	5170030.65	927.343
21656166.56	5170010.65	459.028
21656238.7	5169990.64	394.279
21656310.85	5169970.63	716.697
21656383	5169950.62	565.037
21656455.14	5169930.61	167.523
21656527.29	5169910.6	300.326
21656599.44	5169890.6	31.3141
21656671.58	5169870.59	30.3516
21656743.73	5169850.58	46.4639
21656815.88	5169830.57	349.015
21656888.02	5169810.56	280.655
21656960.17	5169790.56	123.253
21657032.32	5169770.55	33.1161
21657104.47	5169750.54	148.782
21657176.61	5169730.53	550.714
21657248.76	5169710.52	472.651
21657320.91	5169690.52	353.688
21657393.05	5169670.51	688.675
21657465.2	5169650.5	687.492
21657537.35	5169630.49	359.316
21657609.49	5169610.48	254.343
21657681.64	5169590.48	588.676
21657753.79	5169570.47	625.136
21657825.93	5169550.46	738.439
21657898.08	5169530.45	864.432
21657970.23	5169510.44	803.461
21658042.37	5169490.44	601.759
21658114.52	5169470.43	547.089
21658186.67	5169450.42	684.935
21658258.81	5169430.41	988.139
21658330.96	5169410.4	1060.02
21658403.11	5169390.4	562.136
21658475.25	5169370.39	51.8172
21658547.4	5169350.38	35.1702
21658619.55	5169330.37	149.282
21658691.69	5169310.36	451.997
21658763.84	5169290.36	648.324
21658835.99	5169270.35	761.086
21658908.13	5169250.34	708.657
21658980.28	5169230.33	616.442
21659052.43	5169210.32	537.025
21653300.32	5170881.74	589.652
21653372.46	5170861.73	283.348
21653444.61	5170841.72	241.999
21653516.76	5170821.71	37.0751
21653588.9	5170801.71	26.2801
21653661.05	5170781.7	30.6877
21653733.2	5170761.69	28.0505
21653805.34	5170741.68	305.585
21653877.49	5170721.67	522.701
21653949.64	5170701.67	63.6622
21654021.78	5170681.66	24.8007
21654093.93	5170661.65	115.815
21654166.08	5170641.64	582.191
21654238.22	5170621.63	630.926
21654310.37	5170601.63	324.508
21654382.52	5170581.62	19.4393
21654454.66	5170561.61	20.3687
21654526.81	5170541.6	324.413
21654598.96	5170521.59	362.267
21654671.1	5170501.58	799.921
21654743.25	5170481.58	333.868
21654815.4	5170461.57	183.828
21654887.54	5170441.56	853.597
21654959.69	5170421.55	823.734
21655031.84	5170401.54	606.666
21655103.98	5170381.54	146.866
21655176.13	5170361.53	30.9072
21655248.28	5170341.52	34.7916
21655320.42	5170321.51	250.322
21655392.57	5170301.5	222.542
21655464.72	5170281.5	573.592
21655536.86	5170261.49	414.635
21655609.01	5170241.48	33.5524
21655681.16	5170221.47	34.2082
21655753.3	5170201.46	26.205
21655825.45	5170181.46	23.8348
21655897.6	5170161.45	34.6957
21655969.74	5170141.44	721.394
21656041.89	5170121.43	1009.38
21656114.04	5170101.42	726.203
21656186.18	5170081.42	288.357
21656258.33	5170061.41	290.017
21656330.48	5170041.4	713.041
21656402.62	5170021.39	521.413
21656474.77	5170001.38	198.009
21656546.92	5169981.38	282.349
21656619.06	5169961.37	30.9527
21656691.21	5169941.36	25.9259
21656763.36	5169921.35	24.4494
21656835.5	5169901.34	30.8068
21656907.65	5169881.34	81.13
21656979.8	5169861.33	63.3861
21657051.94	5169841.32	36.8996
21657124.09	5169821.31	30.09
21657196.24	5169801.3	266.847
21657268.38	5169781.3	452.478
21657340.53	5169761.29	379.6
21657412.68	5169741.28	693.106
21657484.83	5169721.27	1066.59
21657556.97	5169701.26	950.112
21657629.12	5169681.25	522.51
21657701.27	5169661.25	374.652
21657773.41	5169641.24	293.44
21657845.56	5169621.23	286.302
21657917.71	5169601.22	877.034
21657989.85	5169581.21	632.938
21658062	5169561.21	484.949
21658134.15	5169541.2	347.527
21658206.29	5169521.19	639.606
21658278.44	5169501.18	669.837
21658350.59	5169481.17	733.631
21658422.73	5169461.17	622.881
21658494.88	5169441.16	393.586
21658567.03	5169421.15	539.677
21658639.17	5169401.14	387.823
21658711.32	5169381.13	290.991
21658783.47	5169361.13	742.181
21658855.61	5169341.12	764.076
21658927.76	5169321.11	660.509
21658999.91	5169301.1	434.199
21659072.05	5169281.09	369.076
21653247.8	5170972.52	889.563
21653319.94	5170952.51	824.603
21653392.09	5170932.5	615.687
21653464.24	5170912.49	625.828
21653536.38	5170892.48	438.681
21653608.53	5170872.48	53.1578
21653680.68	5170852.47	234.999
21653752.82	5170832.46	36.7446
21653824.97	5170812.45	37.774
21653897.12	5170792.44	227.967
21653969.26	5170772.44	37.8597
21654041.41	5170752.43	27.1875
21654113.56	5170732.42	192.75
21654185.7	5170712.41	716.63
21654257.85	5170692.4	335.901
21654330	5170672.4	35.1242
21654402.14	5170652.39	0.5
21654474.29	5170632.38	31.7274
21654546.44	5170612.37	28.4089
21654618.58	5170592.36	395.976
21654690.73	5170572.36	552.279
21654762.88	5170552.35	362.614
21654835.02	5170532.34	27.9704
21654907.17	5170512.33	378.039
21654979.32	5170492.32	591.477
21655051.46	5170472.32	97.0528
21655123.61	5170452.31	45.4994
21655195.76	5170432.3	31.1842
21655267.9	5170412.29	37.9926
21655340.05	5170392.28	518.873
21655412.2	5170372.28	610.172
21655484.34	5170352.27	735.813
21655556.49	5170332.26	834.362
21655628.64	5170312.25	543.867
21655700.78	5170292.24	502.34
21655772.93	5170272.23	829.921
21655845.08	5170252.23	447.823
21655917.22	5170232.22	37.6446
21655989.37	5170212.21	367.898
21656061.52	5170192.2	634.445
21656133.66	5170172.19	693.843
21656205.81	5170152.19	143.764
21656277.96	5170132.18	328.091
21656350.1	5170112.17	656.438
21656422.25	5170092.16	689.119
21656494.4	5170072.15	638.829
21656566.54	5170052.15	745.524
21656638.69	5170032.14	576.343
21656710.84	5170012.13	37.905
21656782.98	5169992.12	30.4584
21656855.13	5169972.11	32.0788
21656927.28	5169952.11	37.6124
21656999.42	5169932.1	66.3917
21657071.57	5169912.09	37.3724
21657143.72	5169892.08	14.4733
21657215.86	5169872.07	109.108
21657288.01	5169852.07	167.388
21657360.16	5169832.06	97.02
21657432.3	5169812.05	157.119
21657504.45	5169792.04	894.348
21657576.6	5169772.03	740.794
21657648.74	5169752.03	471.659
21657720.89	5169732.02	514.327
21657793.04	5169712.01	370.964
21657865.18	5169692	16.7678
21657937.33	5169671.99	593.384
21658009.48	5169651.99	633.385
21658081.63	5169631.98	584.815
21658153.77	5169611.97	388.344
21658225.92	5169591.96	541.638
21658298.07	5169571.95	647.891
21658370.21	5169551.94	695.669
21658442.36	5169531.94	660.775
21658514.51	5169511.93	144.803
21658586.65	5169491.92	571.114
21658658.8	5169471.91	798.456
21658730.95	5169451.9	618.948
21658803.09	5169431.9	655.284
21658875.24	5169411.89	607.246
21658947.39	5169391.88	598.294
21659019.53	5169371.87	587.512
21659091.68	5169351.86	573.703
21653267.42	5171043.29	907.851
21653339.57	5171023.28	863.787
21653411.72	5171003.27	751.009
21653483.86	5170983.26	705.902
21653556.01	5170963.26	622.617
21653628.16	5170943.25	306.622
21653700.3	5170923.24	476.694
21653772.45	5170903.23	36.7031
21653844.6	5170883.22	19.1878
21653916.74	5170863.21	25.0495
21653988.89	5170843.21	122.481
21654061.04	5170823.2	25.871
21654133.18	5170803.19	32.6071
21654205.33	5170783.18	585.422
21654277.48	5170763.17	490.56
21654349.62	5170743.17	25.9839
21654421.77	5170723.16	190.052
21654493.92	5170703.15	215.707
21654566.06	5170683.14	34.1952
21654638.21	5170663.13	128.126
21654710.36	5170643.13	162.687
21654782.5	5170623.12	31.2562
21654854.65	5170603.11	37.6936
21654926.8	5170583.1	284.411
21654998.94	5170563.09	539.453
21655071.09	5170543.09	351.619
21655143.24	5170523.08	65.8939
21655215.38	5170503.07	41.7328
21655287.53	5170483.06	14.1339
21655359.68	5170463.05	449.193
21655431.82	5170443.05	627.602
21655503.97	5170423.04	661.579
21655576.12	5170403.03	737.773
21655648.26	5170383.02	395.831
21655720.41	5170363.01	36.1149
21655792.56	5170343.01	742.399
21655864.7	5170323	567.144
21655936.85	5170302.99	352.968
21656009	5170282.98	414.097
21656081.14	5170262.97	487.069
21656153.29	5170242.97	431.795
21656225.44	5170222.96	35.67
21656297.58	5170202.95	34.0844
21656369.73	5170182.94	519.377
21656441.88	5170162.93	604.962
21656514.02	5170142.93	244.53
21656586.17	5170122.92	600.222
21656658.32	5170102.91	570.991
21656730.46	5170082.9	59.3328
21656802.61	5170062.89	36.6227
21656874.76	5170042.88	17.6922
21656946.9	5170022.88	141.309
21657019.05	5170002.87	355.149
21657091.2	5169982.86	36.3838
21657163.34	5169962.85	43.2067
21657235.49	5169942.84	127.315
21657307.64	5169922.84	34.8507
21657379.78	5169902.83	251.859
21657451.93	5169882.82	406.373
21657524.08	5169862.81	510.144
21657596.22	5169842.8	531.764
21657668.37	5169822.8	444.426
21657740.52	5169802.79	469.588
21657812.66	5169782.78	512.436
21657884.81	5169762.77	35.5722
21657956.96	5169742.76	581.13
21658029.1	5169722.76	814.489
21658101.25	5169702.75	527.738
21658173.4	5169682.74	399.835
21658245.54	5169662.73	597.941
21658317.69	5169642.72	554.597
21658389.84	5169622.72	453.74
21658461.99	5169602.71	516.737
21658534.13	5169582.7	56.9039
21658606.28	5169562.69	550.801
21658678.43	5169542.68	886.828
21658750.57	5169522.68	652.834
21658822.72	5169502.67	568.533
21658894.87	5169482.66	711.498
21658967.01	5169462.65	692.039
21659039.16	5169442.64	639.286
21659111.31	5169422.64	397.021
21653287.05	5171114.06	805.352
21653359.2	5171094.05	727.301
21653431.34	5171074.04	702.582
21653503.49	5171054.03	670.709
21653575.64	5171034.03	506.761
21653647.78	5171014.02	323.036
21653719.93	5170994.01	185.57
21653792.08	5170974	28.2706
21653864.22	5170953.99	65.0022
21653936.37	5170933.99	0.5
21654008.52	5170913.98	111.444
21654080.66	5170893.97	31.2217
21654152.81	5170873.96	26.1247
21654224.96	5170853.95	17.0223
21654297.1	5170833.95	75.7656
21654369.25	5170813.94	35.55
21654441.4	5170793.93	391.424
21654513.54	5170773.92	510.308
21654585.69	5170753.91	36.7649
21654657.84	5170733.91	233.504
21654729.98	5170713.9	32.8082
21654802.13	5170693.89	22.4375
21654874.28	5170673.88	363.846
21654946.42	5170653.87	315.65
21655018.57	5170633.86	892.508
21655090.72	5170613.86	688.004
21655162.86	5170593.85	27.0392
21655235.01	5170573.84	1.51222
21655307.16	5170553.83	18.7383
21655379.3	5170533.82	112.709
21655451.45	5170513.82	417.422
21655523.6	5170493.81	496.409
21655595.74	5170473.8	557.967
21655667.89	5170453.79	873.48
21655740.04	5170433.78	676.444
21655812.18	5170413.78	536.984
21655884.33	5170393.77	427.464
21655956.48	5170373.76	59.315
21656028.62	5170353.75	347.518
21656100.77	5170333.74	617.192
21656172.92	5170313.74	448.726
21656245.06	5170293.73	35.7817
21656317.21	5170273.72	33.8583
21656389.36	5170253.71	36.4337
21656461.5	5170233.7	488.169
21656533.65	5170213.7	213.29
21656605.8	5170193.69	373.311
21656677.94	5170173.68	347.729
21656750.09	5170153.67	349.51
21656822.24	5170133.66	32.4951
21656894.38	5170113.66	32.0364
21656966.53	5170093.65	11.1289
21657038.68	5170073.64	219.219
21657110.82	5170053.63	33.9885
21657182.97	5170033.62	34.3933
21657255.12	5170013.62	33.9325
21657327.26	5169993.61	31.8951
21657399.41	5169973.6	280.455
21657471.56	5169953.59	560.462
21657543.7	5169933.58	624.058
21657615.85	5169913.57	389.576
21657688	5169893.57	238.253
21657760.14	5169873.56	287.002
21657832.29	5169853.55	603.682
21657904.44	5169833.54	548.563
21657976.58	5169813.53	468.282
21658048.73	5169793.53	574.601
21658120.88	5169773.52	368.191
21658193.02	5169753.51	99.3639
21658265.17	5169733.5	67.7094
21658337.32	5169713.49	501.518
21658409.46	5169693.49	344.232
21658481.61	5169673.48	258.029
21658553.76	5169653.47	501.917
21658625.91	5169633.46	681.018
21658698.05	5169613.45	742.327
21658770.2	5169593.45	274.432
21658842.35	5169573.44	100.73
21658914.49	5169553.43	317.844
21658986.64	5169533.42	707.264
21659058.79	5169513.41	881.105
21653306.68	5171184.83	650.613
21653378.82	5171164.82	553.799
21653450.97	5171144.81	540.707
21653523.12	5171124.8	569.438
21653595.26	5171104.8	574.365
21653667.41	5171084.79	59.935
21653739.56	5171064.78	272.977
21653811.7	5171044.77	66.8878
21653883.85	5171024.76	413.993
21653956	5171004.76	26.8903
21654028.14	5170984.75	7.435
21654100.29	5170964.74	569.521
21654172.44	5170944.73	338.669
21654244.58	5170924.72	14.1117
21654316.73	5170904.72	167.385
21654388.88	5170884.71	597.112
21654461.02	5170864.7	111.147
21654533.17	5170844.69	305.316
21654605.32	5170824.68	120.088
21654677.46	5170804.68	0.5
21654749.61	5170784.67	33.1052
21654821.76	5170764.66	34.1103
21654893.9	5170744.65	325.118
21654966.05	5170724.64	265.016
21655038.2	5170704.64	449.734
21655110.34	5170684.63	749.881
21655182.49	5170664.62	987.203
21655254.64	5170644.61	13
21655326.78	5170624.6	86.6906
21655398.93	5170604.6	249.103
21655471.08	5170584.59	479.939
21655543.22	5170564.58	667.951
21655615.37	5170544.57	704.423
21655687.52	5170524.56	426.372
21655759.66	5170504.56	252.916
21655831.81	5170484.55	278.472
21655903.96	5170464.54	203.529
21655976.1	5170444.53	180.124
21656048.25	5170424.52	184.332
21656120.4	5170404.51	139.032
21656192.54	5170384.51	85.1344
21656264.69	5170364.5	50.9506
21656336.84	5170344.49	130.358
21656408.98	5170324.48	344.474
21656481.13	5170304.47	384.384
21656553.28	5170284.47	134.906
21656625.42	5170264.46	96.9511
21656697.57	5170244.45	219.583
21656769.72	5170224.44	609.601
21656841.86	5170204.43	149.02
21656914.01	5170184.43	34.8086
21656986.16	5170164.42	31.7018
21657058.3	5170144.41	44.0244
21657130.45	5170124.4	71.8867
21657202.6	5170104.39	32.7546
21657274.74	5170084.39	28.7796
21657346.89	5170064.38	75.5461
21657419.04	5170044.37	470.112
21657491.18	5170024.36	496.66
21657563.33	5170004.35	661.467
21657635.48	5169984.35	449.209
21657707.62	5169964.34	559.311
21657779.77	5169944.33	736.51
21657851.92	5169924.32	643.468
21657924.06	5169904.31	624.778
21657996.21	5169884.31	515.883
21658068.36	5169864.3	563.516
21658140.5	5169844.29	96.6228
21658212.65	5169824.28	36.6089
21658284.8	5169804.27	33.6641
21658356.94	5169784.27	431.026
21658429.09	5169764.26	528.549
21658501.24	5169744.25	65.8767
21658573.38	5169724.24	448.439
21658645.53	5169704.23	480.377
21658717.68	5169684.22	265.618
21658789.82	5169664.22	188.47
21658861.97	5169644.21	126.884
21658934.12	5169624.2	202.148
21659006.26	5169604.19	634.361
21659078.41	5169584.18	958.457
21653254.15	5171275.61	552.457
21653326.3	5171255.6	607.319
21653398.45	5171235.59	660.918
21653470.6	5171215.58	631.98
21653542.74	5171195.58	507.907
21653614.89	5171175.57	158.939
21653687.04	5171155.56	650.56
21653759.18	5171135.55	520.036
21653831.33	5171115.54	162.899
21653903.48	5171095.54	506.297
21653975.62	5171075.53	180.386
21654047.77	5171055.52	20.2328
21654119.92	5171035.51	37.8137
21654192.06	5171015.5	370.664
21654264.21	5170995.49	290.622
21654336.36	5170975.49	307.489
21654408.5	5170955.48	350.774
21654480.65	5170935.47	37.2244
21654552.8	5170915.46	546.307
21654624.94	5170895.45	379.623
21654697.09	5170875.45	169.718
21654769.24	5170855.44	33.0715
21654841.38	5170835.43	23.8822
21654913.53	5170815.42	34.6327
21654985.68	5170795.41	64.5439
21655057.82	5170775.41	661.094
21655129.97	5170755.4	961.909
21655202.12	5170735.39	454.103
21655274.26	5170715.38	43.2239
21655346.41	5170695.37	238.763
21655418.56	5170675.37	445.845
21655490.7	5170655.36	27.4772
21655562.85	5170635.35	808.898
21655635	5170615.34	733.471
21655707.14	5170595.33	253.634
21655779.29	5170575.33	404.976
21655851.44	5170555.32	181.582
21655923.58	5170535.31	36.9956
21655995.73	5170515.3	181.961
21656067.88	5170495.29	581.833
21656140.02	5170475.29	326.204
21656212.17	5170455.28	36.9863
21656284.32	5170435.27	165.711
21656356.46	5170415.26	161.609
21656428.61	5170395.25	697.304
21656500.76	5170375.25	349.344
21656572.9	5170355.24	4.34167
21656645.05	5170335.23	27.3211
21656717.2	5170315.22	69.4361
21656789.34	5170295.21	429.404
21656861.49	5170275.21	528.271
21656933.64	5170255.2	315.828
21657005.78	5170235.19	37.3302
21657077.93	5170215.18	30.0577
21657150.08	5170195.17	193.869
21657222.22	5170175.16	194.339
21657294.37	5170155.16	7.02389
21657366.52	5170135.15	199.968
21657438.66	5170115.14	422.351
21657510.81	5170095.13	661.892
21657582.96	5170075.12	532.398
21657655.1	5170055.12	511.171
21657727.25	5170035.11	153.831
21657799.4	5170015.1	632.315
21657871.54	5169995.09	757.135
21657943.69	5169975.08	612.327
21658015.84	5169955.08	722.714
21658087.98	5169935.07	199.043
21658160.13	5169915.06	114.805
21658232.28	5169895.05	268.337
21658304.42	5169875.04	98.2711
21658376.57	5169855.04	835.192
21658448.72	5169835.03	792.295
21658520.86	5169815.02	37.9799
21658593.01	5169795.01	589.321
21658665.16	5169775	466.849
21658737.3	5169755	8.83333
21658809.45	5169734.99	24.0233
21658881.6	5169714.98	153.101
21658953.74	5169694.97	285.482
21659025.89	5169674.96	464.117
21659098.04	5169654.96	833.833
21653273.78	5171346.38	632.845
21653345.93	5171326.37	371.888
21653418.07	5171306.36	626.839
21653490.22	5171286.35	795.242
21653562.37	5171266.35	811.136
21653634.51	5171246.34	767.131
21653706.66	5171226.33	826.471
21653778.81	5171206.32	728.912
21653850.96	5171186.31	87.0217
21653923.1	5171166.31	108.833
21653995.25	5171146.3	628.596
21654067.4	5171126.29	0.5
21654139.54	5171106.28	24.3921
21654211.69	5171086.27	32.2942
21654283.84	5171066.27	234.299
21654355.98	5171046.26	35.5632
21654428.13	5171026.25	22.7611
21654500.28	5171006.24	29.2822
21654572.42	5170986.23	73.4267
21654644.57	5170966.23	170.63
21654716.72	5170946.22	719.407
21654788.86	5170926.21	190.498
21654861.01	5170906.2	171.897
21654933.16	5170886.19	635.939
21655005.3	5170866.18	988.063
21655077.45	5170846.18	950.181
21655149.6	5170826.17	833.681
21655221.74	5170806.16	465.161
21655293.89	5170786.15	344.845
21655366.04	5170766.14	183.598
21655438.18	5170746.14	426.326
21655510.33	5170726.13	8.11944
21655582.48	5170706.12	219.058
21655654.62	5170686.11	134.005
21655726.77	5170666.1	109.516
21655798.92	5170646.1	634.123
21655871.06	5170626.09	506.698
21655943.21	5170606.08	33.2621
21656015.36	5170586.07	32.2494
21656087.5	5170566.06	542.462
21656159.65	5170546.06	469.057
21656231.8	5170526.05	266.637
21656303.94	5170506.04	562.018
21656376.09	5170486.03	219.438
21656448.24	5170466.02	30.1789
21656520.38	5170446.02	32.4189
21656592.53	5170426.01	37.1632
21656664.68	5170406	95.2128
21656736.82	5170385.99	36.9853
21656808.97	5170365.98	218.234
21656881.12	5170345.98	330.096
21656953.26	5170325.97	18.59
21657025.41	5170305.96	32.6061
21657097.56	5170285.95	167.587
21657169.7	5170265.94	0.5
21657241.85	5170245.94	0.5
21657314	5170225.93	28.3911
21657386.14	5170205.92	160.081
21657458.29	5170185.91	527.262
21657530.44	5170165.9	427.234
21657602.58	5170145.9	538.748
21657674.73	5170125.89	411.949
21657746.88	5170105.88	180.539
21657819.02	5170085.87	221.224
21657891.17	5170065.86	447.77
21657963.32	5170045.85	590.926
21658035.46	5170025.85	494.852
21658107.61	5170005.84	531.648
21658179.76	5169985.83	588.332
21658251.9	5169965.82	578.204
21658324.05	5169945.81	436.044
21658396.2	5169925.81	711.848
21658468.34	5169905.8	427.078
21658540.49	5169885.79	29.3267
21658612.64	5169865.78	618.624
21658684.78	5169845.77	261.256
21658756.93	5169825.77	27.8465
21658829.08	5169805.76	24.1886
21658901.22	5169785.75	36.645
21658973.37	5169765.74	271.837
21659045.52	5169745.73	316.914
21653293.41	5171417.15	568.123
21653365.55	5171397.14	37.751
21653437.7	5171377.13	409.171
21653509.85	5171357.12	1026.69
21653581.99	5171337.12	990.918
21653654.14	5171317.11	666.457
21653726.29	5171297.1	550.831
21653798.43	5171277.09	314.765
21653870.58	5171257.08	37.8979
21653942.73	5171237.08	34.7224
21654014.87	5171217.07	31.5838
21654087.02	5171197.06	18.5555
21654159.17	5171177.05	31.6125
21654231.32	5171157.04	24.7118
21654303.46	5171137.04	27.274
21654375.61	5171117.03	28.1997
21654447.76	5171097.02	93.5511
21654519.9	5171077.01	134.484
21654592.05	5171057	22.42
21654664.2	5171037	308.019
21654736.34	5171016.99	453.635
21654808.49	5170996.98	103.508
21654880.64	5170976.97	424.153
21654952.78	5170956.96	814.567
21655024.93	5170936.96	706.816
21655097.08	5170916.95	676.627
21655169.22	5170896.94	581.509
21655241.37	5170876.93	223.076
21655313.52	5170856.92	465.666
21655385.66	5170836.92	218.299
21655457.81	5170816.91	33.2329
21655529.96	5170796.9	72.835
21655602.1	5170776.89	629.483
21655674.25	5170756.88	836.361
21655746.4	5170736.88	905.71
21655818.54	5170716.87	734.651
21655890.69	5170696.86	690.958
21655962.84	5170676.85	166.541
21656034.98	5170656.84	22.3888
21656107.13	5170636.83	26.461
21656179.28	5170616.83	28.8435
21656251.42	5170596.82	37.4019
21656323.57	5170576.81	83.8117
21656395.72	5170556.8	136.025
21656467.86	5170536.79	583.869
21656540.01	5170516.79	35.4292
21656612.16	5170496.78	126.482
21656684.3	5170476.77	358.713
21656756.45	5170456.76	404.274
21656828.6	5170436.75	441.138
21656900.74	5170416.75	672.329
21656972.89	5170396.74	817.482
21657045.04	5170376.73	197.694
21657117.18	5170356.72	176.143
21657189.33	5170336.71	0.605
21657261.48	5170316.71	0.5
21657333.62	5170296.7	131.875
21657405.77	5170276.69	271.314
21657477.92	5170256.68	444.573
21657550.06	5170236.67	301.163
21657622.21	5170216.67	633.221
21657694.36	5170196.66	390.802
21657766.5	5170176.65	135.007
21657838.65	5170156.64	298.856
21657910.8	5170136.63	604.8
21657982.94	5170116.63	593.446
21658055.09	5170096.62	768.294
21658127.24	5170076.61	733.603
21658199.38	5170056.6	34.0394
21658271.53	5170036.59	363.447
21658343.68	5170016.59	772.989
21658415.82	5169996.58	730.275
21658487.97	5169976.57	304.386
21658560.12	5169956.56	26.8608
21658632.26	5169936.55	719.685
21658704.41	5169916.55	610.469
21658776.56	5169896.54	81.2839
21658848.7	5169876.53	37.8369
21658920.85	5169856.52	211.905
21658993	5169836.51	156.866
21659065.14	5169816.5	274.856
21653313.03	5171487.92	652.052
21653385.18	5171467.91	595.147
21653457.33	5171447.9	714.719
21653529.47	5171427.9	1005.04
21653601.62	5171407.89	1115.56
21653673.77	5171387.88	590.58
21653745.91	5171367.87	465.716
21653818.06	5171347.86	412.7
21653890.21	5171327.86	136.598
21653962.35	5171307.85	0.5
21654034.5	5171287.84	104.258
21654106.65	5171267.83	661.341
21654178.79	5171247.82	343.074
21654250.94	5171227.82	37.8531
21654323.09	5171207.81	26.5033
21654395.23	5171187.8	35.3891
21654467.38	5171167.79	39.7278
21654539.53	5171147.78	43.2411
21654611.67	5171127.77	31.7542
21654683.82	5171107.77	445.065
21654755.97	5171087.76	352.063
21654828.12	5171067.75	92.7106
21654900.26	5171047.74	37.7389
21654972.41	5171027.73	643.91
21655044.56	5171007.73	23.1938
21655116.7	5170987.72	423.202
21655188.85	5170967.71	1020.46
21655261	5170947.7	289.496
21655333.14	5170927.69	326.267
21655405.29	5170907.69	661.923
21655477.44	5170887.68	550.658
21655549.58	5170867.67	267.989
21655621.73	5170847.66	518.049
21655693.88	5170827.65	767.699
21655766.02	5170807.65	736.551
21655838.17	5170787.64	623.51
21655910.32	5170767.63	750.277
21655982.46	5170747.62	350.313
21656054.61	5170727.61	35.754
21656126.76	5170707.61	55.4106
21656198.9	5170687.6	518.269
21656271.05	5170667.59	963.462
21656343.2	5170647.58	310.364
21656415.34	5170627.57	617.859
21656487.49	5170607.57	471.56
21656559.64	5170587.56	92.6506
21656631.78	5170567.55	29.3878
21656703.93	5170547.54	199.274
21656776.08	5170527.53	343.184
21656848.22	5170507.53	583.662
21656920.37	5170487.52	558.653
21656992.52	5170467.51	597.597
21657064.66	5170447.5	213.236
21657136.81	5170427.49	139.562
21657208.96	5170407.48	289.269
21657281.1	5170387.48	101.836
21657353.25	5170367.47	289.548
21657425.4	5170347.46	578.234
21657497.54	5170327.45	637.797
21657569.69	5170307.44	353.984
21657641.84	5170287.44	444.058
21657713.98	5170267.43	437.974
21657786.13	5170247.42	110.765
21657858.28	5170227.41	339.128
21657930.42	5170207.4	803.59
21658002.57	5170187.4	734.596
21658074.72	5170167.39	870.551
21658146.86	5170147.38	475.286
21658219.01	5170127.37	175.872
21658291.16	5170107.36	799.779
21658363.3	5170087.36	922.548
21658435.45	5170067.35	855.034
21658507.6	5170047.34	497.515
21658579.74	5170027.33	682.729
21658651.89	5170007.32	728.037
21658724.04	5169987.32	203.377
21658796.18	5169967.31	53.1189
21658868.33	5169947.3	205.468
21658940.48	5169927.29	198.748
21659012.62	5169907.28	273.854
21659084.77	5169887.28	271.906
21653260.51	5171578.7	394.344
21653332.66	5171558.69	334.758
21653404.81	5171538.68	94.4144
21653476.95	5171518.67	480.398
21653549.1	5171498.67	677.84
21653621.25	5171478.66	757.363
21653693.39	5171458.65	605.934
21653765.54	5171438.64	376.487
21653837.69	5171418.63	610.013
21653909.83	5171398.63	36.2404
21653981.98	5171378.62	21.6657
21654054.13	5171358.61	36.3271
21654126.27	5171338.6	321.294
21654198.42	5171318.59	142.759
21654270.57	5171298.59	35.8979
21654342.71	5171278.58	34.8811
21654414.86	5171258.57	190.883
21654487.01	5171238.56	32.6756
21654559.15	5171218.55	208.862
21654631.3	5171198.55	89.6161
21654703.45	5171178.54	205.353
21654775.59	5171158.53	130.139
21654847.74	5171138.52	21.563
21654919.89	5171118.51	0.5
21654992.04	5171098.51	68.3694
21655064.18	5171078.5	46.7611
21655136.33	5171058.49	185.452
21655208.48	5171038.48	771.589
21655280.62	5171018.47	691.858
21655352.77	5170998.47	742.875
21655424.92	5170978.46	509.814
21655497.06	5170958.45	438.163
21655569.21	5170938.44	264.552
21655641.36	5170918.43	402.516
21655713.5	5170898.42	512.112
21655785.65	5170878.42	471.815
21655857.8	5170858.41	336.211
21655929.94	5170838.4	570.833
21656002.09	5170818.39	727.657
21656074.24	5170798.38	467.43
21656146.38	5170778.38	460.171
21656218.53	5170758.37	999.622
21656290.68	5170738.36	776.748
21656362.82	5170718.35	674.313
21656434.97	5170698.34	597.654
21656507.12	5170678.34	37.3577
21656579.26	5170658.33	31.3479
21656651.41	5170638.32	30.5866
21656723.56	5170618.31	34.1259
21656795.7	5170598.3	173.973
21656867.85	5170578.3	326.359
21656940	5170558.29	178.241
21657012.14	5170538.28	121.904
21657084.29	5170518.27	35.8629
21657156.44	5170498.26	102.527
21657228.58	5170478.26	368.822
21657300.73	5170458.25	365.064
21657372.88	5170438.24	422.301
21657445.02	5170418.23	281.889
21657517.17	5170398.22	217.871
21657589.32	5170378.22	296.849
21657661.46	5170358.21	482.955
21657733.61	5170338.2	823.716
21657805.76	5170318.19	587.424
21657877.9	5170298.18	346.093
21657950.05	5170278.18	1000.87
21658022.2	5170258.17	810.096
21658094.34	5170238.16	686.414
21658166.49	5170218.15	409.754
21658238.64	5170198.14	278.077
21658310.78	5170178.13	738.824
21658382.93	5170158.13	837.057
21658455.08	5170138.12	284.186
21658527.22	5170118.11	752.303
21658599.37	5170098.1	861.684
21658671.52	5170078.09	521.63
21658743.66	5170058.09	297.722
21658815.81	5170038.08	37.3782
21658887.96	5170018.07	477.059
21658960.1	5169998.06	547.676
21659032.25	5169978.05	666.066
21659104.4	5169958.05	493.663
21653280.14	5171649.47	62.61
21653352.29	5171629.46	19.3531
21653424.43	5171609.45	15.5
21653496.58	5171589.45	90.0844
21653568.73	5171569.44	31.8043
21653640.87	5171549.43	183.031
21653713.02	5171529.42	43.8267
21653785.17	5171509.41	107.213
21653857.31	5171489.4	0.5
21653929.46	5171469.4	0.5
21654001.61	5171449.39	3.235
21654073.75	5171429.38	755.989
21654145.9	5171409.37	165.246
21654218.05	5171389.36	27.7675
21654290.19	5171369.36	30.1389
21654362.34	5171349.35	15.5828
21654434.49	5171329.34	253.04
21654506.63	5171309.33	250.02
21654578.78	5171289.32	180.308
21654650.93	5171269.32	43.5272
21654723.07	5171249.31	362.033
21654795.22	5171229.3	334.833
21654867.37	5171209.29	31.0951
21654939.51	5171189.28	25.8519
21655011.66	5171169.28	525.564
21655083.81	5171149.27	23.4044
21655155.95	5171129.26	182.848
21655228.1	5171109.25	690.519
21655300.25	5171089.24	839.671
21655372.39	5171069.24	748.912
21655444.54	5171049.23	269.986
21655516.69	5171029.22	68.2778
21655588.84	5171009.21	211.195
21655660.98	5170989.2	207.181
21655733.13	5170969.2	88.3939
21655805.28	5170949.19	21.1178
21655877.42	5170929.18	36.4996
21655949.57	5170909.17	298.998
21656021.72	5170889.16	636.147
21656093.86	5170869.16	542.149
21656166.01	5170849.15	457.278
21656238.16	5170829.14	848.285
21656310.3	5170809.13	910.536
21656382.45	5170789.12	591.794
21656454.6	5170769.11	421.885
21656526.74	5170749.11	119.757
21656598.89	5170729.1	266.386
21656671.04	5170709.09	32.7122
21656743.18	5170689.08	37.8692
21656815.33	5170669.07	474.337
21656887.48	5170649.07	162.02
21656959.62	5170629.06	41.4894
21657031.77	5170609.05	30.8396
21657103.92	5170589.04	30.4928
21657176.06	5170569.03	25.6128
21657248.21	5170549.03	350.302
21657320.36	5170529.02	617.982
21657392.5	5170509.01	645.625
21657464.65	5170489	139.667
21657536.8	5170468.99	89.4517
21657608.94	5170448.99	206.756
21657681.09	5170428.98	370.229
21657753.24	5170408.97	781.077
21657825.38	5170388.96	597.415
21657897.53	5170368.95	568.884
21657969.68	5170348.95	1011.02
21658041.82	5170328.94	916.626
21658113.97	5170308.93	726.449
21658186.12	5170288.92	573.369
21658258.26	5170268.91	210.988
21658330.41	5170248.91	418.773
21658402.56	5170228.9	651.184
21658474.7	5170208.89	487.304
21658546.85	5170188.88	392.491
21658619	5170168.87	332.897
21658691.14	5170148.87	275.352
21658763.29	5170128.86	539.063
21658835.44	5170108.85	395.259
21658907.58	5170088.84	801.887
21658979.73	5170068.83	625.018
21659051.88	5170048.83	616.82
21653371.91	5171700.23	15.5
21653444.06	5171680.22	28.4371
21653516.21	5171660.22	32.2596
21653588.35	5171640.21	9.47093
21653660.5	5171620.2	41.0117
21653732.65	5171600.19	96.9522
21653804.79	5171580.18	32.8799
21653876.94	5171560.18	28.8976
21653949.09	5171540.17	0.5
21654021.23	5171520.16	413.873
21654093.38	5171500.15	674.559
21654165.53	5171480.14	32.0914
21654237.67	5171460.14	18.5786
21654309.82	5171440.13	23.8936
21654381.97	5171420.12	36.5211
21654454.11	5171400.11	17.86
21654526.26	5171380.1	203.188
21654598.41	5171360.09	115.386
21654670.55	5171340.09	110.824
21654742.7	5171320.08	48.4644
21654814.85	5171300.07	337.828
21654886.99	5171280.06	200.57
21654959.14	5171260.05	210.614
21655031.29	5171240.05	174.25
21655103.43	5171220.04	31.497
21655175.58	5171200.03	16.7269
21655247.73	5171180.02	718.227
21655319.87	5171160.01	821.84
21655392.02	5171140.01	328.719
21655464.17	5171120	219.542
21655536.31	5171099.99	189.347
21655608.46	5171079.98	374.952
21655680.61	5171059.97	483.542
21655752.76	5171039.97	243.311
21655824.9	5171019.96	32.0794
21655897.05	5170999.95	35.215
21655969.2	5170979.94	33.7416
21656041.34	5170959.93	844.775
21656113.49	5170939.93	490.669
21656185.64	5170919.92	696.673
21656257.78	5170899.91	783.036
21656329.93	5170879.9	330.538
21656402.08	5170859.89	540.01
21656474.22	5170839.89	388.663
21656546.37	5170819.88	260.628
21656618.52	5170799.87	391.607
21656690.66	5170779.86	338.883
21656762.81	5170759.85	731.39
21656834.96	5170739.85	158.497
21656907.1	5170719.84	275.001
21656979.25	5170699.83	33.92
21657051.4	5170679.82	37.0732
21657123.54	5170659.81	113.108
21657195.69	5170639.81	109.197
21657267.84	5170619.8	508.88
21657339.98	5170599.79	500.04
21657412.13	5170579.78	342.481
21657484.28	5170559.77	186.308
21657556.42	5170539.76	182.429
21657628.57	5170519.76	90.3811
21657700.72	5170499.75	352.506
21657772.86	5170479.74	549.621
21657845.01	5170459.73	751.051
21657917.16	5170439.72	83.4367
21657989.3	5170419.72	220.089
21658061.45	5170399.71	853.478
21658133.6	5170379.7	501.716
21658205.74	5170359.69	492.906
21658277.89	5170339.68	266.697
21658350.04	5170319.68	251.325
21658422.18	5170299.67	462.732
21658494.33	5170279.66	165.28
21658566.48	5170259.65	281.646
21658638.62	5170239.64	462.192
21658710.77	5170219.64	244.47
21658782.92	5170199.63	708.418
21658855.06	5170179.62	386.914
21658927.21	5170159.61	56.1772
21658999.36	5170139.6	0.5
21659071.5	5170119.6	352.329
21653535.83	5171730.99	97.9278
21653607.98	5171710.98	33.94
21653680.13	5171690.97	726.359
21653752.27	5171670.96	712.504
21653824.42	5171650.95	138.42
21653896.57	5171630.95	73.0528
21653968.71	5171610.94	141.976
21654040.86	5171590.93	129.946
21654113.01	5171570.92	27.9298
21654185.15	5171550.91	22.6687
21654257.3	5171530.91	26.7307
21654329.45	5171510.9	27.5493
21654401.59	5171490.89	35.406
21654473.74	5171470.88	11.69
21654545.89	5171450.87	135.932
21654618.03	5171430.87	9.02556
21654690.18	5171410.86	174.928
21654762.33	5171390.85	143.159
21654834.47	5171370.84	557.339
21654906.62	5171350.83	290.773
21654978.77	5171330.83	385.426
21655050.91	5171310.82	261.972
21655123.06	5171290.81	327.116
21655195.21	5171270.8	257.464
21655267.35	5171250.79	811.719
21655339.5	5171230.79	582.612
21655411.65	5171210.78	578.037
21655483.79	5171190.77	407.015
21655555.94	5171170.76	102.976
21655628.09	5171150.75	365.169
21655700.23	5171130.74	529.509
21655772.38	5171110.74	482.096
21655844.53	5171090.73	37.5
21655916.67	5171070.72	193.029
21655988.82	5171050.71	485.814
21656060.97	5171030.7	717.242
21656133.11	5171010.7	561.048
21656205.26	5170990.69	560.571
21656277.41	5170970.68	591.449
21656349.56	5170950.67	120.285
21656421.7	5170930.66	313.362
21656493.85	5170910.66	36.6822
21656566	5170890.65	24.675
21656638.14	5170870.64	161.658
21656710.29	5170850.63	490.053
21656782.44	5170830.62	518.696
21656854.58	5170810.62	32.1428
21656926.73	5170790.61	141.312
21656998.88	5170770.6	258.199
21657071.02	5170750.59	267.608
21657143.17	5170730.58	481.167
21657215.32	5170710.58	462.136
21657287.46	5170690.57	729.308
21657359.61	5170670.56	795.715
21657431.76	5170650.55	591.494
21657503.9	5170630.54	388.038
21657576.05	5170610.54	447.808
21657648.2	5170590.53	173.613
21657720.34	5170570.52	379.009
21657792.49	5170550.51	355.736
21657864.64	5170530.5	562.359
21657936.78	5170510.5	201.174
21658008.93	5170490.49	190.061
21658081.08	5170470.48	395.087
21658153.22	5170450.47	424.382
21658225.37	5170430.46	35.75
21658297.52	5170410.46	294.547
21658369.66	5170390.45	339.398
21658441.81	5170370.44	349.708
21658513.96	5170350.43	199.34
21658586.1	5170330.42	560.351
21658658.25	5170310.41	186.404
21658730.4	5170290.41	275.925
21658802.54	5170270.4	263.179
21658874.69	5170250.39	178.038
21658946.84	5170230.38	79.3089
21659018.98	5170210.37	13.3733
21659091.13	5170190.37	228.453
21653555.46	5171801.76	527.828
21653627.61	5171781.75	612.635
21653699.75	5171761.74	915.719
21653771.9	5171741.73	818.204
21653844.05	5171721.73	446.656
21653916.19	5171701.72	332.554
21653988.34	5171681.71	427.7
21654060.49	5171661.7	308.443
21654132.63	5171641.69	34.7332
21654204.78	5171621.68	23.8279
21654276.93	5171601.68	31.3666
21654349.07	5171581.67	34.4204
21654421.22	5171561.66	33.5563
21654493.37	5171541.65	22.785
21654565.51	5171521.64	59.4283
21654637.66	5171501.64	11.4094
21654709.81	5171481.63	174.146
21654781.95	5171461.62	562.448
21654854.1	5171441.61	505.735
21654926.25	5171421.6	623.702
21654998.39	5171401.6	524.071
21655070.54	5171381.59	257.292
21655142.69	5171361.58	415.964
21655214.83	5171341.57	589.759
21655286.98	5171321.56	1018.08
21655359.13	5171301.56	895.003
21655431.27	5171281.55	744.579
21655503.42	5171261.54	423.902
21655575.57	5171241.53	37.7291
21655647.71	5171221.52	274.105
21655719.86	5171201.52	434.806
21655792.01	5171181.51	363.995
21655864.15	5171161.5	362.733
21655936.3	5171141.49	368.76
21656008.45	5171121.48	391.888
21656080.59	5171101.48	583.874
21656152.74	5171081.47	602.634
21656224.89	5171061.46	490.081
21656297.03	5171041.45	42.8094
21656369.18	5171021.44	107.18
21656441.33	5171001.44	26.9911
21656513.48	5170981.43	37.9329
21656585.62	5170961.42	36.4298
21656657.77	5170941.41	37.7203
21656729.91	5170921.4	83.6978
21656802.06	5170901.39	0.5
21656874.21	5170881.39	15.5
21656946.36	5170861.38	27.7045
21657018.5	5170841.37	394.972
21657090.65	5170821.36	520.036
21657162.8	5170801.35	745.604
21657234.94	5170781.35	927.466
21657307.09	5170761.34	1161.54
21657379.24	5170741.33	1106.39
21657451.38	5170721.32	953.647
21657523.53	5170701.31	465.141
21657595.68	5170681.31	215.339
21657667.82	5170661.3	305.573
21657739.97	5170641.29	116.699
21657812.12	5170621.28	317.477
21657884.26	5170601.27	373.211
21657956.41	5170581.27	318.168
21658028.56	5170561.26	621.689
21658100.7	5170541.25	727.708
21658172.85	5170521.24	681.581
21658245	5170501.23	813.042
21658317.14	5170481.23	569.338
21658389.29	5170461.22	475.747
21658461.44	5170441.21	540.913
21658533.58	5170421.2	925.327
21658605.73	5170401.19	785.384
21658677.88	5170381.19	758.758
21658750.02	5170361.18	37.1476
21658822.17	5170341.17	37.8598
21658894.32	5170321.16	37.4991
21658966.46	5170301.15	35.2925
21659038.61	5170281.15	34.9496
21653502.94	5171892.54	319.856
21653575.09	5171872.53	584.694
21653647.23	5171852.52	716.164
21653719.38	5171832.51	814.157
21653791.53	5171812.5	925.791
21653863.67	5171792.5	332.961
21653935.82	5171772.49	286.577
21654007.97	5171752.48	410.542
21654080.11	5171732.47	375.946
21654152.26	5171712.46	145.773
21654224.41	5171692.46	119.788
21654296.55	5171672.45	14.3128
21654368.7	5171652.44	87.0328
21654440.85	5171632.43	79.0939
21654512.99	5171612.42	70.0922
21654585.14	5171592.42	26.6822
21654657.29	5171572.41	82.0922
21654729.43	5171552.4	180.768
21654801.58	5171532.39	572.141
21654873.73	5171512.38	755.551
21654945.87	5171492.37	604.87
21655018.02	5171472.37	587.216
21655090.17	5171452.36	436.335
21655162.31	5171432.35	797.187
21655234.46	5171412.34	811.087
21655306.61	5171392.33	1098.67
21655378.75	5171372.33	864.044
21655450.9	5171352.32	638.379
21655523.05	5171332.31	493.616
21655595.19	5171312.3	177.897
21655667.34	5171292.29	316.36
21655739.49	5171272.29	609.827
21655811.63	5171252.28	179.682
21655883.78	5171232.27	71.1111
21655955.93	5171212.26	323.059
21656028.07	5171192.25	283.615
21656100.22	5171172.25	330.707
21656172.37	5171152.24	298.802
21656244.51	5171132.23	33.2299
21656316.66	5171112.22	31.8999
21656388.81	5171092.21	26.8967
21656460.95	5171072.21	33.3608
21656533.1	5171052.2	23.3813
21656605.25	5171032.19	26.6133
21656677.39	5171012.18	32.9071
21656749.54	5170992.17	24.2204
21656821.69	5170972.17	15.5
21656893.84	5170952.16	16.2785
21656965.98	5170932.15	19.2072
21657038.13	5170912.14	109.171
21657110.27	5170892.13	447.811
21657182.42	5170872.13	801.272
21657254.57	5170852.12	860.116
21657326.72	5170832.11	925.722
21657398.86	5170812.1	1019.43
21657471.01	5170792.09	867.606
21657543.16	5170772.09	415.312
21657615.3	5170752.08	419.93
21657687.45	5170732.07	641.057
21657759.6	5170712.06	312.114
21657831.74	5170692.05	259.947
21657903.89	5170672.04	186.108
21657976.04	5170652.04	276.424
21658048.18	5170632.03	488.009
21658120.33	5170612.02	796.421
21658192.48	5170592.01	1001.26
21658264.62	5170572	1012.8
21658336.77	5170552	703.611
21658408.92	5170531.99	493.558
21658481.06	5170511.98	437.817
21658553.21	5170491.97	160.557
21658625.36	5170471.96	677.423
21658697.5	5170451.96	643.966
21658769.65	5170431.95	308.953
21658841.8	5170411.94	33.2421
21658913.94	5170391.93	31.8757
21658986.09	5170371.92	36.009
21659058.24	5170351.92	31.6917
21653522.57	5171963.31	37.4031
21653594.71	5171943.3	372.544
21653666.86	5171923.29	571.743
21653739.01	5171903.28	812.796
21653811.15	5171883.27	782.723
21653883.3	5171863.27	478.355
21653955.45	5171843.26	450.058
21654027.59	5171823.25	695.262
21654099.74	5171803.24	577.673
21654171.89	5171783.23	175.106
21654244.03	5171763.23	259.594
21654316.18	5171743.22	270.166
21654388.33	5171723.21	250.243
21654460.47	5171703.2	264.237
21654532.62	5171683.19	199.304
21654604.77	5171663.19	27.6456
21654676.91	5171643.18	1.82111
21654749.06	5171623.17	59.7361
21654821.21	5171603.16	304.851
21654893.35	5171583.15	573.904
21654965.5	5171563.15	445.004
21655037.65	5171543.14	463.439
21655109.79	5171523.13	558.647
21655181.94	5171503.12	748.523
21655254.09	5171483.11	940.072
21655326.23	5171463.11	993.781
21655398.38	5171443.1	1029.98
21655470.53	5171423.09	813.079
21655542.67	5171403.08	648.92
21655614.82	5171383.07	496.725
21655686.97	5171363.07	538.126
21655759.11	5171343.06	881.692
21655831.26	5171323.05	517.237
21655903.41	5171303.04	397.607
21655975.55	5171283.03	395.056
21656047.7	5171263.02	180.292
21656119.85	5171243.02	378.167
21656191.99	5171223.01	60.5472
21656264.14	5171203	37.4772
21656336.29	5171182.99	34.9739
21656408.43	5171162.98	0.602222
21656480.58	5171142.98	0.5
21656552.73	5171122.97	0.5
21656624.87	5171102.96	19.2476
21656697.02	5171082.95	16.0698
21656769.17	5171062.94	16.6314
21656841.31	5171042.94	16.9184
21656913.46	5171022.93	16.3323
21656985.61	5171002.92	18.3432
21657057.75	5170982.91	26.9904
21657129.9	5170962.9	141.564
21657202.05	5170942.9	509.428
21657274.19	5170922.89	680.616
21657346.34	5170902.88	772.992
21657418.49	5170882.87	707.917
21657490.64	5170862.86	778.327
21657562.78	5170842.86	566.587
21657634.93	5170822.85	798.384
21657707.08	5170802.84	659.901
21657779.22	5170782.83	465.917
21657851.37	5170762.82	302.279
21657923.52	5170742.82	51.4494
21657995.66	5170722.81	240.984
21658067.81	5170702.8	413.116
21658139.96	5170682.79	779.231
21658212.1	5170662.78	497.154
21658284.25	5170642.78	662.427
21658356.4	5170622.77	638.433
21658428.54	5170602.76	569.683
21658500.69	5170582.75	256.931
21658572.84	5170562.74	183.344
21658644.98	5170542.74	230.899
21658717.13	5170522.73	234.376
21658789.28	5170502.72	108.664
21658861.42	5170482.71	26.5517
21658933.57	5170462.7	20.8229
21659005.72	5170442.69	19.2154
21659077.86	5170422.69	18.6637
21653470.05	5172054.09	29.0542
21653542.19	5172034.08	34.4259
21653614.34	5172014.07	282.977
21653686.49	5171994.06	439.493
21653758.63	5171974.05	643.414
21653830.78	5171954.05	793.668
21653902.93	5171934.04	421.095
21653975.07	5171914.03	523.488
21654047.22	5171894.02	644.511
21654119.37	5171874.01	461.444
21654191.51	5171854	265.567
21654263.66	5171834	294.094
21654335.81	5171813.99	269.745
21654407.95	5171793.98	41.3928
21654480.1	5171773.97	144.111
21654552.25	5171753.96	162.305
21654624.39	5171733.96	83.5711
21654696.54	5171713.95	36.2201
21654768.69	5171693.94	37.922
21654840.83	5171673.93	373.035
21654912.98	5171653.92	475.426
21654985.13	5171633.92	506.002
21655057.27	5171613.91	604.707
21655129.42	5171593.9	718.601
21655201.57	5171573.89	824.772
21655273.71	5171553.88	887.544
21655345.86	5171533.88	975.308
21655418.01	5171513.87	1066.71
21655490.15	5171493.86	973.275
21655562.3	5171473.85	781.542
21655634.45	5171453.84	757.652
21655706.59	5171433.84	642.833
21655778.74	5171413.83	1099.48
21655850.89	5171393.82	1026.81
21655923.03	5171373.81	793.162
21655995.18	5171353.8	516.898
21656067.33	5171333.8	436.86
21656139.47	5171313.79	184.523
21656211.62	5171293.78	36.1673
21656283.77	5171273.77	36.3569
21656355.91	5171253.76	30.8919
21656428.06	5171233.76	25.9755
21656500.21	5171213.75	15.5
21656572.35	5171193.74	13
21656644.5	5171173.73	13
21656716.65	5171153.72	15.4191
21656788.79	5171133.72	15.5
21656860.94	5171113.71	15.5
21656933.09	5171093.7	15.5
21657005.23	5171073.69	15.5636
21657077.38	5171053.68	18.4232
21657149.53	5171033.67	35.3061
21657221.67	5171013.67	291.135
21657293.82	5170993.66	244.972
21657365.97	5170973.65	340.63
21657438.11	5170953.64	407.642
21657510.26	5170933.63	622.873
21657582.41	5170913.63	594.137
21657654.55	5170893.62	479.767
21657726.7	5170873.61	417.435
21657798.85	5170853.6	354.553
21657870.99	5170833.59	481.198
21657943.14	5170813.59	228.762
21658015.29	5170793.58	98.7978
21658087.44	5170773.57	87.4439
21658159.58	5170753.56	128.061
21658231.73	5170733.55	32.4495
21658303.88	5170713.55	181.023
21658376.02	5170693.54	499.305
21658448.17	5170673.53	381.244
21658520.32	5170653.52	359.333
21658592.46	5170633.51	478.291
21658664.61	5170613.51	404.044
21658736.76	5170593.5	350.586
21658808.9	5170573.49	144.21
21658881.05	5170553.48	27.4549
21658953.2	5170533.47	20.996
21659025.34	5170513.47	0.5
21659097.49	5170493.46	13.3281
21653489.67	5172124.86	23.5313
21653561.82	5172104.85	82.1506
21653633.97	5172084.84	308.503
21653706.11	5172064.83	415.787
21653778.26	5172044.82	382.058
21653850.41	5172024.82	662.347
21653922.55	5172004.81	635.448
21653994.7	5171984.8	381.323
21654066.85	5171964.79	616.026
21654138.99	5171944.78	414.033
21654211.14	5171924.78	113.853
21654283.29	5171904.77	44.4161
21654355.43	5171884.76	122.081
21654427.58	5171864.75	84.0839
21654499.73	5171844.74	111.847
21654571.87	5171824.74	92.2478
21654644.02	5171804.73	36.7419
21654716.17	5171784.72	35.3701
21654788.31	5171764.71	106.008
21654860.46	5171744.7	406.709
21654932.61	5171724.7	447.809
21655004.75	5171704.69	622.319
21655076.9	5171684.68	636.179
21655149.05	5171664.67	715.893
21655221.19	5171644.66	810.246
21655293.34	5171624.65	832.223
21655365.49	5171604.65	896.359
21655437.63	5171584.64	972.088
21655509.78	5171564.63	880.044
21655581.93	5171544.62	826.101
21655654.07	5171524.61	871.855
21655726.22	5171504.61	764.32
21655798.37	5171484.6	1070.04
21655870.51	5171464.59	1021.08
21655942.66	5171444.58	818.261
21656014.81	5171424.57	758.969
21656086.95	5171404.57	371.594
21656159.1	5171384.56	35.9168
21656231.25	5171364.55	36.3942
21656303.39	5171344.54	36.0102
21656375.54	5171324.53	28.8412
21656447.69	5171304.53	22.7157
21656519.83	5171284.52	18.6697
21656591.98	5171264.51	15.6863
21656664.13	5171244.5	13
21656736.27	5171224.49	14.5595
21656808.42	5171204.49	15.5
21656880.57	5171184.48	15.5
21656952.71	5171164.47	15.5
21657024.86	5171144.46	15.5
21657097.01	5171124.45	17.2161
21657169.15	5171104.45	22.0836
21657241.3	5171084.44	33.1509
21657313.45	5171064.43	121.974
21657385.59	5171044.42	390.769
21657457.74	5171024.41	390.358
21657529.89	5171004.41	468.542
21657602.03	5170984.4	441.627
21657674.18	5170964.39	342.103
21657746.33	5170944.38	227.038
21657818.47	5170924.37	121.019
21657890.62	5170904.36	130.816
21657962.77	5170884.36	372.944
21658034.91	5170864.35	128.848
21658107.06	5170844.34	59.8439
21658179.21	5170824.33	150.578
21658251.36	5170804.32	58.8111
21658323.5	5170784.32	272.003
21658395.65	5170764.31	603.6
21658467.8	5170744.3	375.696
21658539.94	5170724.29	175.862
21658612.09	5170704.28	206.447
21658684.24	5170684.28	350.738
21658756.38	5170664.27	309.247
21658828.53	5170644.26	79.4478
21658900.68	5170624.25	31.8279
21658972.82	5170604.24	25.3171
21659044.97	5170584.24	14.1457
