21653307.22	5170346.33	13
21653379.37	5170326.32	0.5
21653451.52	5170306.31	0.5
21653523.66	5170286.3	0.5
21653595.81	5170266.29	0.5
21653667.96	5170246.29	16.0834
21653740.1	5170226.28	0.5
21653812.25	5170206.27	0.5
21653884.4	5170186.26	0.5
21653956.54	5170166.25	0.5
21654028.69	5170146.25	0.5
21654100.84	5170126.24	0.5
21654172.98	5170106.23	0.5
21654245.13	5170086.22	0.5
21654317.28	5170066.21	0.5
21654389.42	5170046.21	0.5
21654461.57	5170026.2	0.5
21654533.72	5170006.19	0.5
21654605.86	5169986.18	0.5
21654678.01	5169966.17	0.5
21654750.16	5169946.17	0.5
21654822.31	5169926.16	0.5
21654894.45	5169906.15	0.5
21654966.6	5169886.14	0.5
21655038.75	5169866.13	0.5
21655110.89	5169846.13	8.83337
21655183.04	5169826.12	0.5
21655255.19	5169806.11	8.83337
21655327.33	5169786.1	12.77
21655399.48	5169766.09	17.8408
21653254.7	5170437.11	13.6884
21653326.85	5170417.1	13
21653399	5170397.09	14.6253
21653471.14	5170377.08	0.5
21653543.29	5170357.07	0.5
21653615.44	5170337.07	0.5
21653687.58	5170317.06	552.358
21653759.73	5170297.05	29.8942
21653831.88	5170277.04	23.4875
21653904.02	5170257.03	0.5
21653976.17	5170237.03	0.5
21654048.32	5170217.02	0.5
21654120.46	5170197.01	0.5
21654192.61	5170177	0.5
21654264.76	5170156.99	0.5
21654336.9	5170136.98	0.5
21654409.05	5170116.98	0.5
21654481.2	5170096.97	0.5
21654553.34	5170076.96	0.5
21654625.49	5170056.95	24.2893
21654697.64	5170036.94	15.2504
21654769.78	5170016.94	0.5
21654841.93	5169996.93	0.5
21654914.08	5169976.92	0.5
21654986.23	5169956.91	0.5
21655058.37	5169936.9	0.5
21655130.52	5169916.9	13.8756
21655202.66	5169896.89	16.4242
21655274.81	5169876.88	16.7001
21655346.96	5169856.87	16.5944
21655419.11	5169836.86	20.1822
21655491.25	5169816.86	20.8434
21655563.4	5169796.85	33.1545
21655635.55	5169776.84	0.5
21655707.69	5169756.83	0.5
21655779.84	5169736.82	0.5
21655851.99	5169716.82	0.5
21655924.13	5169696.81	0.5
21655996.28	5169676.8	0.5
21656068.43	5169656.79	0.5
21656140.57	5169636.78	0.5
21656212.72	5169616.78	0.5
21656284.87	5169596.77	36.9555
21656357.01	5169576.76	17.2222
21656429.16	5169556.75	25.154
21656501.31	5169536.74	473.373
21656573.45	5169516.74	707.935
21656645.6	5169496.73	376.192
21656717.75	5169476.72	36.2861
21656789.89	5169456.71	37.0038
21656862.04	5169436.7	0.5
21656934.19	5169416.69	0.5
21657006.33	5169396.69	0.5
21657078.48	5169376.68	0.5
21657150.63	5169356.67	0.5
21657222.77	5169336.66	0.5
21657294.92	5169316.65	0.5
21657367.07	5169296.65	25.1495
21657439.21	5169276.64	26.6843
21657511.36	5169256.63	0.5
21657583.51	5169236.62	0.5
21657655.65	5169216.61	0.5
21657727.8	5169196.61	0.5
21657799.95	5169176.6	0.5
21657872.09	5169156.59	0.5
21657944.24	5169136.58	5.97742
21658016.39	5169116.57	0.5
21658088.53	5169096.57	12.4772
21658160.68	5169076.56	35.0401
21658232.83	5169056.55	37.5503
21658304.97	5169036.54	34.9928
21658377.12	5169016.53	38.6039
21658449.27	5168996.53	240.207
21658521.41	5168976.52	198.078
21658593.56	5168956.51	427.085
21658665.71	5168936.5	760.823
21658737.85	5168916.49	783.468
21658810	5168896.49	191.976
21658882.15	5168876.48	31.1259
21658954.29	5168856.47	28.8733
21659026.44	5168836.46	28.9429
21659098.59	5168816.45	27.3347
21653274.33	5170507.88	15.608
21653346.48	5170487.87	16.3572
21653418.62	5170467.86	14.6507
21653490.77	5170447.85	17.7413
21653562.92	5170427.84	0.5
21653635.06	5170407.84	0.5
21653707.21	5170387.83	569.601
21653779.36	5170367.82	37.9629
21653851.5	5170347.81	20.9481
21653923.65	5170327.8	0.5
21653995.8	5170307.8	0.5
21654067.94	5170287.79	0.5
21654140.09	5170267.78	0.5
21654212.24	5170247.77	0.5
21654284.38	5170227.76	0.5
21654356.53	5170207.76	0.5
21654428.68	5170187.75	0.5
21654500.82	5170167.74	27.1008
21654572.97	5170147.73	703.579
21654645.12	5170127.72	259.002
21654717.26	5170107.72	19.9042
21654789.41	5170087.71	0.5
21654861.56	5170067.7	0.5
21654933.7	5170047.69	0.5
21655005.85	5170027.68	0.5
21655078	5170007.68	0.5
21655150.14	5169987.67	0.5
21655222.29	5169967.66	20.5412
21655294.44	5169947.65	17.2072
21655366.58	5169927.64	18.3641
21655438.73	5169907.63	18.1772
21655510.88	5169887.63	18.7667
21655583.03	5169867.62	0.5
21655655.17	5169847.61	0.5
21655727.32	5169827.6	0.5
21655799.47	5169807.59	0.5
21655871.61	5169787.59	0.5
21655943.76	5169767.58	0.5
21656015.91	5169747.57	0.5
21656088.05	5169727.56	0.5
21656160.2	5169707.55	0.5
21656232.35	5169687.55	0.5
21656304.49	5169667.54	21.5993
21656376.64	5169647.53	14.1806
21656448.79	5169627.52	23.3597
21656520.93	5169607.51	546.037
21656593.08	5169587.51	617.224
21656665.23	5169567.5	568.885
21656737.37	5169547.49	111.01
21656809.52	5169527.48	28.0051
21656881.67	5169507.47	26.4757
21656953.81	5169487.47	0.5
21657025.96	5169467.46	0.5
21657098.11	5169447.45	0.5
21657170.25	5169427.44	0.5
21657242.4	5169407.43	0.5
21657314.55	5169387.43	0.5
21657386.69	5169367.42	0.5
21657458.84	5169347.41	0.5
21657530.99	5169327.4	0.5
21657603.13	5169307.39	0.5
21657675.28	5169287.39	0.5
21657747.43	5169267.38	0.5
21657819.57	5169247.37	0.5
21657891.72	5169227.36	0.5
21657963.87	5169207.35	0.5
21658036.01	5169187.34	0.5
21658108.16	5169167.34	0.5
21658180.31	5169147.33	490.169
21658252.45	5169127.32	433.104
21658324.6	5169107.31	223.274
21658396.75	5169087.3	164.778
21658468.89	5169067.3	286.992
21658541.04	5169047.29	405.562
21658613.19	5169027.28	271.491
21658685.33	5169007.27	221.811
21658757.48	5168987.26	132.45
21658829.63	5168967.26	22.9471
21658901.77	5168947.25	24.0897
21658973.92	5168927.24	24.6127
21659046.07	5168907.23	22.9402
21653293.96	5170578.65	0.5
21653366.1	5170558.64	0.5
21653438.25	5170538.63	20.4586
21653510.4	5170518.62	27.3069
21653582.54	5170498.61	27.4675
21653654.69	5170478.61	187.178
21653726.84	5170458.6	377.032
21653798.98	5170438.59	30.8639
21653871.13	5170418.58	0.5
21653943.28	5170398.57	0.5
21654015.42	5170378.57	0.5
21654087.57	5170358.56	0.5
21654159.72	5170338.55	0.5
21654231.86	5170318.54	0.5
21654304.01	5170298.53	30.1753
21654376.16	5170278.53	0.5
21654448.3	5170258.52	0.5
21654520.45	5170238.51	586.405
21654592.6	5170218.5	597.451
21654664.74	5170198.49	581.774
21654736.89	5170178.49	32.6259
21654809.04	5170158.48	424.413
21654881.18	5170138.47	35.3208
21654953.33	5170118.46	0.5
21655025.48	5170098.45	0.5
21655097.62	5170078.45	0.5
21655169.77	5170058.44	0.5
21655241.92	5170038.43	0.5
21655314.06	5170018.42	0.5
21655386.21	5169998.41	0.5
21655458.36	5169978.41	0.5
21655530.5	5169958.4	0.5
21655602.65	5169938.39	0.5
21655674.8	5169918.38	0.5
21655746.95	5169898.37	0.5
21655819.09	5169878.37	0.5
21655891.24	5169858.36	0.5
21655963.38	5169838.35	0.5
21656035.53	5169818.34	0.5
21656107.68	5169798.33	0.5
21656179.83	5169778.32	0.5
21656251.97	5169758.32	0.5
21656324.12	5169738.31	0.5
21656396.27	5169718.3	31.8161
21656468.41	5169698.29	480.696
21656540.56	5169678.28	535.799
21656612.71	5169658.28	510.919
21656684.85	5169638.27	587.647
21656757	5169618.26	36.5237
21656829.15	5169598.25	20.4936
21656901.29	5169578.24	19.1947
21656973.44	5169558.24	0.5
21657045.59	5169538.23	0.5
21657117.73	5169518.22	0.5
21657189.88	5169498.21	0.5
21657262.03	5169478.2	0.5
21657334.17	5169458.2	0.5
21657406.32	5169438.19	0.5
21657478.47	5169418.18	0.5
21657550.61	5169398.17	0.5
21657622.76	5169378.16	0.5
21657694.91	5169358.16	0.5
21657767.05	5169338.15	0.5
21657839.2	5169318.14	0.5
21657911.35	5169298.13	0.5
21657983.49	5169278.12	0.5
21658055.64	5169258.12	0.5
21658127.79	5169238.11	0.5
21658199.93	5169218.1	173.977
21658272.08	5169198.09	528.683
21658344.23	5169178.08	482.762
21658416.37	5169158.08	394.838
21658488.52	5169138.07	491.652
21658560.67	5169118.06	437.024
21658632.81	5169098.05	52.6428
21658704.96	5169078.04	32.2061
21658777.11	5169058.03	30.6009
21658849.25	5169038.03	33.3421
21658921.4	5169018.02	24.9983
21658993.55	5168998.01	21.3126
21659065.69	5168978	29.1972
21653313.58	5170649.42	14.9163
21653385.73	5170629.41	30.0133
21653457.88	5170609.4	24.2752
21653530.02	5170589.39	27.9652
21653602.17	5170569.39	412.414
21653674.32	5170549.38	588.482
21653746.46	5170529.37	35.0139
21653818.61	5170509.36	0.5
21653890.76	5170489.35	0.5
21653962.9	5170469.35	0.5
21654035.05	5170449.34	0.5
21654107.2	5170429.33	0.5
21654179.34	5170409.32	0.5
21654251.49	5170389.31	0.5
21654323.64	5170369.3	17.837
21654395.78	5170349.3	33.1334
21654467.93	5170329.29	636.872
21654540.08	5170309.28	718.256
21654612.22	5170289.27	499.224
21654684.37	5170269.26	137.048
21654756.52	5170249.26	32.3889
21654828.66	5170229.25	144.995
21654900.81	5170209.24	25.4275
21654972.96	5170189.23	0.5
21655045.1	5170169.22	37.5323
21655117.25	5170149.22	36.4288
21655189.4	5170129.21	0.5
21655261.54	5170109.2	0.5
21655333.69	5170089.19	0.5
21655405.84	5170069.18	0.5
21655477.98	5170049.18	0.5
21655550.13	5170029.17	0.5
21655622.28	5170009.16	0.5
21655694.42	5169989.15	0.5
21655766.57	5169969.14	0.5
21655838.72	5169949.14	0.5
21655910.86	5169929.13	34.8057
21655983.01	5169909.12	35.9933
21656055.16	5169889.11	16.95
21656127.3	5169869.1	22.8179
21656199.45	5169849.1	21.5353
21656271.6	5169829.09	0.5
21656343.75	5169809.08	77.5433
21656415.89	5169789.07	323.437
21656488.04	5169769.06	359.241
21656560.19	5169749.06	396.903
21656632.33	5169729.05	632.669
21656704.48	5169709.04	486.634
21656776.63	5169689.03	32.4322
21656848.77	5169669.02	23.8748
21656920.92	5169649.02	24.0992
21656993.07	5169629.01	0.5
21657065.21	5169609	0.5
21657137.36	5169588.99	0.5
21657209.51	5169568.98	0.5
21657281.65	5169548.97	0.5
21657353.8	5169528.97	0.5
21657425.95	5169508.96	0.5
21657498.09	5169488.95	18.5489
21657570.24	5169468.94	19.7404
21657642.39	5169448.93	0.5
21657714.53	5169428.93	0.5
21657786.68	5169408.92	16.4314
21657858.83	5169388.91	18.5606
21657930.97	5169368.9	23.5506
21658003.12	5169348.89	191.143
21658075.27	5169328.89	377.185
21658147.41	5169308.88	0.5
21658219.56	5169288.87	607.806
21658291.71	5169268.86	565.405
21658363.85	5169248.85	500.044
21658436	5169228.85	636.343
21658508.15	5169208.84	623.76
21658580.29	5169188.83	287.226
21658652.44	5169168.82	35.7244
21658724.59	5169148.81	36.7077
21658796.73	5169128.81	112.178
21658868.88	5169108.8	47.7272
21658941.03	5169088.79	0.5
21659013.17	5169068.78	0.5
21659085.32	5169048.77	0.5
21653261.06	5170740.2	15.7363
21653333.21	5170720.19	15.6576
21653405.36	5170700.18	0.5
21653477.5	5170680.17	56.5183
21653549.65	5170660.16	398.511
21653621.8	5170640.16	575.981
21653693.94	5170620.15	342.097
21653766.09	5170600.14	0.5
21653838.24	5170580.13	26.1344
21653910.38	5170560.12	34.2044
21653982.53	5170540.12	222.693
21654054.68	5170520.11	37.2772
21654126.82	5170500.1	0.5
21654198.97	5170480.09	0.5
21654271.12	5170460.08	0.5
21654343.26	5170440.08	0.5
21654415.41	5170420.07	22.145
21654487.56	5170400.06	684.02
21654559.7	5170380.05	597.628
21654631.85	5170360.04	216.243
21654704	5170340.04	24.4689
21654776.14	5170320.03	23.6758
21654848.29	5170300.02	27.142
21654920.44	5170280.01	0.5
21654992.58	5170260	0.5
21655064.73	5170240	4.635
21655136.88	5170219.99	36.239
21655209.02	5170199.98	23.0362
21655281.17	5170179.97	0.5
21655353.32	5170159.96	0.5
21655425.46	5170139.95	0.5
21655497.61	5170119.95	0.5
21655569.76	5170099.94	0.5
21655641.9	5170079.93	0.5
21655714.05	5170059.92	0.5
21655786.2	5170039.91	0.5
21655858.34	5170019.91	0.5
21655930.49	5169999.9	493.527
21656002.64	5169979.89	230.456
21656074.78	5169959.88	31.4626
21656146.93	5169939.87	29.6539
21656219.08	5169919.87	31.934
21656291.22	5169899.86	156.616
21656363.37	5169879.85	687.263
21656435.52	5169859.84	830.606
21656507.66	5169839.83	544.579
21656579.81	5169819.83	314.429
21656651.96	5169799.82	317.169
21656724.1	5169779.81	299.727
21656796.25	5169759.8	33.3372
21656868.4	5169739.79	29.1453
21656940.55	5169719.79	23.2692
21657012.69	5169699.78	0.5
21657084.84	5169679.77	0.5
21657156.99	5169659.76	0.5
21657229.13	5169639.75	0.5
21657301.28	5169619.75	0.5
21657373.43	5169599.74	0.5
21657445.57	5169579.73	18.6082
21657517.72	5169559.72	19.7936
21657589.87	5169539.71	19.1779
21657662.01	5169519.71	17.5234
21657734.16	5169499.7	22.2084
21657806.31	5169479.69	24.584
21657878.45	5169459.68	35.132
21657950.6	5169439.67	399.337
21658022.75	5169419.66	714.771
21658094.89	5169399.66	696.198
21658167.04	5169379.65	714.251
21658239.19	5169359.64	518.646
21658311.33	5169339.63	461.928
21658383.48	5169319.62	460.586
21658455.63	5169299.62	533.895
21658527.77	5169279.61	444.341
21658599.92	5169259.6	164.764
21658672.07	5169239.59	36.6818
21658744.21	5169219.58	127.174
21658816.36	5169199.58	79.4544
21658888.51	5169179.57	51.3139
21658960.65	5169159.56	0.5
21659032.8	5169139.55	0.5
21659104.95	5169119.54	0.5
21653280.69	5170810.97	19.0276
21653352.84	5170790.96	19.2664
21653424.98	5170770.95	27.0496
21653497.13	5170750.94	24.7817
21653569.28	5170730.93	378.439
21653641.42	5170710.93	508.446
21653713.57	5170690.92	0.5
21653785.72	5170670.91	0.5
21653857.86	5170650.9	32.992
21653930.01	5170630.89	324.764
21654002.16	5170610.89	277.42
21654074.3	5170590.88	22.6653
21654146.45	5170570.87	0.5
21654218.6	5170550.86	29.7466
21654290.74	5170530.85	33.3553
21654362.89	5170510.85	28.6896
21654435.04	5170490.84	275.049
21654507.18	5170470.83	523.609
21654579.33	5170450.82	35.8772
21654651.48	5170430.81	98.3478
21654723.62	5170410.81	188.929
21654795.77	5170390.8	29.652
21654867.92	5170370.79	0.5
21654940.06	5170350.78	0.5
21655012.21	5170330.77	0.5
21655084.36	5170310.77	0.5
21655156.5	5170290.76	0.5
21655228.65	5170270.75	0.5
21655300.8	5170250.74	0.5
21655372.94	5170230.73	0.5
21655445.09	5170210.73	0.5
21655517.24	5170190.72	0.5
21655589.38	5170170.71	0.5
21655661.53	5170150.7	0.5
21655733.68	5170130.69	0.5
21655805.82	5170110.69	0.5
21655877.97	5170090.68	0.5
21655950.12	5170070.67	401.359
21656022.26	5170050.66	107.409
21656094.41	5170030.65	266.04
21656166.56	5170010.65	36.7973
21656238.7	5169990.64	205.223
21656310.85	5169970.63	659.1
21656383	5169950.62	793.972
21656455.14	5169930.61	698.707
21656527.29	5169910.6	665.206
21656599.44	5169890.6	222.538
21656671.58	5169870.59	79.1344
21656743.73	5169850.58	32.5919
21656815.88	5169830.57	22.8865
21656888.02	5169810.56	23.9719
21656960.17	5169790.56	29.233
21657032.32	5169770.55	0.5
21657104.47	5169750.54	33.9531
21657176.61	5169730.53	35.1447
21657248.76	5169710.52	309.339
21657320.91	5169690.52	0.5
21657393.05	5169670.51	691.946
21657465.2	5169650.5	231.818
21657537.35	5169630.49	24.9549
21657609.49	5169610.48	19.5734
21657681.64	5169590.48	25.8416
21657753.79	5169570.47	36.9614
21657825.93	5169550.46	213.273
21657898.08	5169530.45	623.13
21657970.23	5169510.44	443.668
21658042.37	5169490.44	448.064
21658114.52	5169470.43	521.095
21658186.67	5169450.42	531.544
21658258.81	5169430.41	473.617
21658330.96	5169410.4	664.263
21658403.11	5169390.4	633.514
21658475.25	5169370.39	524.453
21658547.4	5169350.38	417.236
21658619.55	5169330.37	492.218
21658691.69	5169310.36	235.27
21658763.84	5169290.36	29.8671
21658835.99	5169270.35	0.5
21658908.13	5169250.34	0.5
21658980.28	5169230.33	0.5
21659052.43	5169210.32	0.5
21653300.32	5170881.74	19.8696
21653372.46	5170861.73	22.8249
21653444.61	5170841.72	30.2046
21653516.76	5170821.71	593.927
21653588.9	5170801.71	36.2548
21653661.05	5170781.7	0.5
21653733.2	5170761.69	0.5
21653805.34	5170741.68	0.5
21653877.49	5170721.67	29.8531
21653949.64	5170701.67	313.344
21654021.78	5170681.66	241.637
21654093.93	5170661.65	0.5
21654166.08	5170641.64	278.422
21654238.22	5170621.63	597.379
21654310.37	5170601.63	298.761
21654382.52	5170581.62	32.12
21654454.66	5170561.61	513.238
21654526.81	5170541.6	582.004
21654598.96	5170521.59	214.961
21654671.1	5170501.58	209.318
21654743.25	5170481.58	215.609
21654815.4	5170461.57	36.8487
21654887.54	5170441.56	400.297
21654959.69	5170421.55	636.027
21655031.84	5170401.54	0.5
21655103.98	5170381.54	0.5
21655176.13	5170361.53	0.5
21655248.28	5170341.52	0.5
21655320.42	5170321.51	0.5
21655392.57	5170301.5	23.823
21655464.72	5170281.5	24.3082
21655536.86	5170261.49	0.5
21655609.01	5170241.48	0.5
21655681.16	5170221.47	18.3542
21655753.3	5170201.46	106.943
21655825.45	5170181.46	0.5
21655897.6	5170161.45	0.5
21655969.74	5170141.44	0.5
21656041.89	5170121.43	0.5
21656114.04	5170101.42	0.5
21656186.18	5170081.42	152.533
21656258.33	5170061.41	478.511
21656330.48	5170041.4	573.378
21656402.62	5170021.39	917.801
21656474.77	5170001.38	700.155
21656546.92	5169981.38	133.628
21656619.06	5169961.37	0.5
21656691.21	5169941.36	0.5
21656763.36	5169921.35	0.5
21656835.5	5169901.34	0.5
21656907.65	5169881.34	0.5
21656979.8	5169861.33	0.5
21657051.94	5169841.32	320.584
21657124.09	5169821.31	279.971
21657196.24	5169801.3	449.123
21657268.38	5169781.3	458.506
21657340.53	5169761.29	375.968
21657412.68	5169741.28	472.093
21657484.83	5169721.27	643.159
21657556.97	5169701.26	34.5624
21657629.12	5169681.25	25.3337
21657701.27	5169661.25	37.3455
21657773.41	5169641.24	452.303
21657845.56	5169621.23	443.708
21657917.71	5169601.22	483.351
21657989.85	5169581.21	478.891
21658062	5169561.21	499.148
21658134.15	5169541.2	518.867
21658206.29	5169521.19	482.421
21658278.44	5169501.18	420.718
21658350.59	5169481.17	634.462
21658422.73	5169461.17	554.286
21658494.88	5169441.16	489.174
21658567.03	5169421.15	379.627
21658639.17	5169401.14	400.473
21658711.32	5169381.13	338.319
21658783.47	5169361.13	33.7893
21658855.61	5169341.12	0.5
21658927.76	5169321.11	0.5
21658999.91	5169301.1	0.5
21659072.05	5169281.09	0.5
21653247.8	5170972.52	13.5456
21653319.94	5170952.51	17.5778
21653392.09	5170932.5	18.267
21653464.24	5170912.49	32.8975
21653536.38	5170892.48	231.381
21653608.53	5170872.48	339.937
21653680.68	5170852.47	24.6228
21653752.82	5170832.46	0.5
21653824.97	5170812.45	0.5
21653897.12	5170792.44	0.5
21653969.26	5170772.44	0.5
21654041.41	5170752.43	0.5
21654113.56	5170732.42	23.9216
21654185.7	5170712.41	55.73
21654257.85	5170692.4	392.228
21654330	5170672.4	449.968
21654402.14	5170652.39	30.6067
21654474.29	5170632.38	50.4033
21654546.44	5170612.37	722.03
21654618.58	5170592.36	82.025
21654690.73	5170572.36	465.792
21654762.88	5170552.35	36.8094
21654835.02	5170532.34	34.6283
21654907.17	5170512.33	513.651
21654979.32	5170492.32	631.506
21655051.46	5170472.32	0.5
21655123.61	5170452.31	0.5
21655195.76	5170432.3	0.5
21655267.9	5170412.29	0.5
21655340.05	5170392.28	0.5
21655412.2	5170372.28	35.4243
21655484.34	5170352.27	35.3014
21655556.49	5170332.26	20.4246
21655628.64	5170312.25	13.0888
21655700.78	5170292.24	0.5
21655772.93	5170272.23	0.5
21655845.08	5170252.23	0.5
21655917.22	5170232.22	0.5
21655989.37	5170212.21	0.5
21656061.52	5170192.2	0.5
21656133.66	5170172.19	146.141
21656205.81	5170152.19	205.871
21656277.96	5170132.18	702.68
21656350.1	5170112.17	663.879
21656422.25	5170092.16	732.142
21656494.4	5170072.15	759.309
21656566.54	5170052.15	80.1106
21656638.69	5170032.14	0.5
21656710.84	5170012.13	0.5
21656782.98	5169992.12	0.5
21656855.13	5169972.11	0.5
21656927.28	5169952.11	0.5
21656999.42	5169932.1	0.5
21657071.57	5169912.09	426.531
21657143.72	5169892.08	382.512
21657215.86	5169872.07	519.14
21657288.01	5169852.07	661.839
21657360.16	5169832.06	585.416
21657432.3	5169812.05	619.721
21657504.45	5169792.04	419.802
21657576.6	5169772.03	29.7908
21657648.74	5169752.03	185.999
21657720.89	5169732.02	549.249
21657793.04	5169712.01	650.057
21657865.18	5169692	510.121
21657937.33	5169671.99	563.077
21658009.48	5169651.99	757.609
21658081.63	5169631.98	308.417
21658153.77	5169611.97	125.801
21658225.92	5169591.96	33.0694
21658298.07	5169571.95	240.725
21658370.21	5169551.94	644.638
21658442.36	5169531.94	238.768
21658514.51	5169511.93	307.763
21658586.65	5169491.92	525.941
21658658.8	5169471.91	653.674
21658730.95	5169451.9	495.031
21658803.09	5169431.9	35.2271
21658875.24	5169411.89	0.5
21658947.39	5169391.88	0.5
21659019.53	5169371.87	0.5
21659091.68	5169351.86	0.5
21653267.42	5171043.29	16.6469
21653339.57	5171023.28	15.4768
21653411.72	5171003.27	20.8705
21653483.86	5170983.26	35.9561
21653556.01	5170963.26	315.205
21653628.16	5170943.25	750.943
21653700.3	5170923.24	700.235
21653772.45	5170903.23	0.5
21653844.6	5170883.22	0.5
21653916.74	5170863.21	0.5
21653988.89	5170843.21	23.5685
21654061.04	5170823.2	0.5
21654133.18	5170803.19	0.5
21654205.33	5170783.18	29.0495
21654277.48	5170763.17	30.8402
21654349.62	5170743.17	34.2448
21654421.77	5170723.16	97.1417
21654493.92	5170703.15	36.3708
21654566.06	5170683.14	179.501
21654638.21	5170663.13	54.1411
21654710.36	5170643.13	669.863
21654782.5	5170623.12	580.284
21654854.65	5170603.11	274.656
21654926.8	5170583.1	32.4667
21654998.94	5170563.09	0.5
21655071.09	5170543.09	0.5
21655143.24	5170523.08	0.5
21655215.38	5170503.07	0.5
21655287.53	5170483.06	0.5
21655359.68	5170463.05	0.5
21655431.82	5170443.05	33.9738
21655503.97	5170423.04	0.584444
21655576.12	5170403.03	29.6219
21655648.26	5170383.02	18.2663
21655720.41	5170363.01	0.5
21655792.56	5170343.01	0.5
21655864.7	5170323	690.162
21655936.85	5170302.99	847.784
21656009	5170282.98	237.792
21656081.14	5170262.97	161.885
21656153.29	5170242.97	267.736
21656225.44	5170222.96	582.788
21656297.58	5170202.95	629.132
21656369.73	5170182.94	525.181
21656441.88	5170162.93	628.386
21656514.02	5170142.93	703.75
21656586.17	5170122.92	110.041
21656658.32	5170102.91	0.5
21656730.46	5170082.9	0.5
21656802.61	5170062.89	0.5
21656874.76	5170042.88	0.5
21656946.9	5170022.88	0.5
21657019.05	5170002.87	28.3701
21657091.2	5169982.86	22.3946
21657163.34	5169962.85	17.9256
21657235.49	5169942.84	21.3566
21657307.64	5169922.84	35.5101
21657379.78	5169902.83	708.828
21657451.93	5169882.82	734.527
21657524.08	5169862.81	371.616
21657596.22	5169842.8	30.685
21657668.37	5169822.8	123.441
21657740.52	5169802.79	469.502
21657812.66	5169782.78	573.267
21657884.81	5169762.77	516.887
21657956.96	5169742.76	26.0464
21658029.1	5169722.76	0.5
21658101.25	5169702.75	0.5
21658173.4	5169682.74	0.5
21658245.54	5169662.73	24.6679
21658317.69	5169642.72	37.9268
21658389.84	5169622.72	605.147
21658461.99	5169602.71	121.901
21658534.13	5169582.7	127.438
21658606.28	5169562.69	455.739
21658678.43	5169542.68	708.041
21658750.57	5169522.68	540.433
21658822.72	5169502.67	28.4643
21658894.87	5169482.66	0.5
21658967.01	5169462.65	0.5
21659039.16	5169442.64	0.5
21659111.31	5169422.64	0.5
21653287.05	5171114.06	18.0167
21653359.2	5171094.05	20.9147
21653431.34	5171074.04	35.7958
21653503.49	5171054.03	287.903
21653575.64	5171034.03	110.236
21653647.78	5171014.02	350.398
21653719.93	5170994.01	0.5
21653792.08	5170974	0.5
21653864.22	5170953.99	0.5
21653936.37	5170933.99	0.5
21654008.52	5170913.98	0.5
21654080.66	5170893.97	0.5
21654152.81	5170873.96	0.5
21654224.96	5170853.95	0.5
21654297.1	5170833.95	20.771
21654369.25	5170813.94	32.0381
21654441.4	5170793.93	20.7022
21654513.54	5170773.92	121.366
21654585.69	5170753.91	36.2031
21654657.84	5170733.91	33.5695
21654729.98	5170713.9	359.173
21654802.13	5170693.89	192.153
21654874.28	5170673.88	31.2416
21654946.42	5170653.87	34.7155
21655018.57	5170633.86	0.5
21655090.72	5170613.86	0.5
21655162.86	5170593.85	0.5
21655235.01	5170573.84	0.5
21655307.16	5170553.83	0.5
21655379.3	5170533.82	0.5
21655451.45	5170513.82	26.8581
21655523.6	5170493.81	31.1819
21655595.74	5170473.8	29.1572
21655667.89	5170453.79	0.5
21655740.04	5170433.78	0.5
21655812.18	5170413.78	0.5
21655884.33	5170393.77	0.5
21655956.48	5170373.76	816.694
21656028.62	5170353.75	415.836
21656100.77	5170333.74	464.249
21656172.92	5170313.74	579.837
21656245.06	5170293.73	878.368
21656317.21	5170273.72	574.866
21656389.36	5170253.71	488.139
21656461.5	5170233.7	605.389
21656533.65	5170213.7	917.714
21656605.8	5170193.69	0.5
21656677.94	5170173.68	0.5
21656750.09	5170153.67	0.5
21656822.24	5170133.66	0.5
21656894.38	5170113.66	0.5
21656966.53	5170093.65	0.5
21657038.68	5170073.64	29.1824
21657110.82	5170053.63	17.4601
21657182.97	5170033.62	0.5
21657255.12	5170013.62	13.564
21657327.26	5169993.61	0.5
21657399.41	5169973.6	0.5
21657471.56	5169953.59	514.431
21657543.7	5169933.58	26.002
21657615.85	5169913.57	25.1633
21657688	5169893.57	37.7169
21657760.14	5169873.56	186.724
21657832.29	5169853.55	0.5
21657904.44	5169833.54	22.9106
21657976.58	5169813.53	23.8222
21658048.73	5169793.53	31.22
21658120.88	5169773.52	0.5
21658193.02	5169753.51	0.5
21658265.17	5169733.5	37.5924
21658337.32	5169713.49	423.728
21658409.46	5169693.49	422.461
21658481.61	5169673.48	36.5075
21658553.76	5169653.47	82.825
21658625.91	5169633.46	818.232
21658698.05	5169613.45	649.322
21658770.2	5169593.45	559.781
21658842.35	5169573.44	0.5
21658914.49	5169553.43	0.5
21658986.64	5169533.42	0.5
21659058.79	5169513.41	0.5
21653306.68	5171184.83	20.3172
21653378.82	5171164.82	30.4657
21653450.97	5171144.81	715.013
21653523.12	5171124.8	244.555
21653595.26	5171104.8	0.5
21653667.41	5171084.79	0.5
21653739.56	5171064.78	0.5
21653811.7	5171044.77	0.5
21653883.85	5171024.76	27.0715
21653956	5171004.76	25.5729
21654028.14	5170984.75	25.8213
21654100.29	5170964.74	35.5503
21654172.44	5170944.73	28.006
21654244.58	5170924.72	56.4961
21654316.73	5170904.72	24.3793
21654388.88	5170884.71	33.3236
21654461.02	5170864.7	27.4948
21654533.17	5170844.69	0.5
21654605.32	5170824.68	0.5
21654677.46	5170804.68	0.5
21654749.61	5170784.67	574.04
21654821.76	5170764.66	144.674
21654893.9	5170744.65	0.5
21654966.05	5170724.64	0.5
21655038.2	5170704.64	0.5
21655110.34	5170684.63	0.5
21655182.49	5170664.62	0.5
21655254.64	5170644.61	0.5
21655326.78	5170624.6	0.5
21655398.93	5170604.6	0.5
21655471.08	5170584.59	123.368
21655543.22	5170564.58	44.9783
21655615.37	5170544.57	35.4828
21655687.52	5170524.56	0.5
21655759.66	5170504.56	0.5
21655831.81	5170484.55	0.5
21655903.96	5170464.54	0.5
21655976.1	5170444.53	340.36
21656048.25	5170424.52	765.849
21656120.4	5170404.51	422.136
21656192.54	5170384.51	700.721
21656264.69	5170364.5	881.818
21656336.84	5170344.49	775.487
21656408.98	5170324.48	491.723
21656481.13	5170304.47	99.0883
21656553.28	5170284.47	0.5
21656625.42	5170264.46	0.5
21656697.57	5170244.45	0.5
21656769.72	5170224.44	0.5
21656841.86	5170204.43	0.5
21656914.01	5170184.43	0.5
21656986.16	5170164.42	0.5
21657058.3	5170144.41	0.5
21657130.45	5170124.4	0.5
21657202.6	5170104.39	0.5
21657274.74	5170084.39	0.5
21657346.89	5170064.38	0.5
21657419.04	5170044.37	0.5
21657491.18	5170024.36	672.197
21657563.33	5170004.35	36.6065
21657635.48	5169984.35	28.5072
21657707.62	5169964.34	425.617
21657779.77	5169944.33	477.143
21657851.92	5169924.32	65.745
21657924.06	5169904.31	28.7164
21657996.21	5169884.31	33.7841
21658068.36	5169864.3	26.3412
21658140.5	5169844.29	28.9414
21658212.65	5169824.28	28.1886
21658284.8	5169804.27	35.042
21658356.94	5169784.27	260.296
21658429.09	5169764.26	600.657
21658501.24	5169744.25	26.2531
21658573.38	5169724.24	107.244
21658645.53	5169704.23	629.138
21658717.68	5169684.22	471.282
21658789.82	5169664.22	364.419
21658861.97	5169644.21	26.2791
21658934.12	5169624.2	0.5
21659006.26	5169604.19	0.5
21659078.41	5169584.18	0.5
21653254.15	5171275.61	37.9038
21653326.3	5171255.6	35.4463
21653398.45	5171235.59	265.627
21653470.6	5171215.58	0.5
21653542.74	5171195.58	0.5
21653614.89	5171175.57	0.5
21653687.04	5171155.56	0.5
21653759.18	5171135.55	118.106
21653831.33	5171115.54	230.411
21653903.48	5171095.54	32.5752
21653975.62	5171075.53	27.6068
21654047.77	5171055.52	28.1124
21654119.92	5171035.51	105.633
21654192.06	5171015.5	22.976
21654264.21	5170995.49	24.0054
21654336.36	5170975.49	23.9648
21654408.5	5170955.48	0.5
21654480.65	5170935.47	0.5
21654552.8	5170915.46	0.5
21654624.94	5170895.45	0.5
21654697.09	5170875.45	0.5
21654769.24	5170855.44	0.5
21654841.38	5170835.43	0.5
21654913.53	5170815.42	0.5
21654985.68	5170795.41	0.5
21655057.82	5170775.41	0.5
21655129.97	5170755.4	0.5
21655202.12	5170735.39	0.5
21655274.26	5170715.38	0.5
21655346.41	5170695.37	0.5
21655418.56	5170675.37	10.0969
21655490.7	5170655.36	83.15
21655562.85	5170635.35	75.8017
21655635	5170615.34	0.5
21655707.14	5170595.33	0.5
21655779.29	5170575.33	0.5
21655851.44	5170555.32	22.7933
21655923.58	5170535.31	55.7089
21655995.73	5170515.3	15.6311
21656067.88	5170495.29	729.374
21656140.02	5170475.29	708.461
21656212.17	5170455.28	694.283
21656284.32	5170435.27	493.717
21656356.46	5170415.26	480.185
21656428.61	5170395.25	266.529
21656500.76	5170375.25	21.6533
21656572.9	5170355.24	0.5
21656645.05	5170335.23	0.5
21656717.2	5170315.22	0.5
21656789.34	5170295.21	0.5
21656861.49	5170275.21	0.5
21656933.64	5170255.2	0.5
21657005.78	5170235.19	21.3543
21657077.93	5170215.18	26.352
21657150.08	5170195.17	0.5
21657222.22	5170175.16	0.5
21657294.37	5170155.16	0.5
21657366.52	5170135.15	0.5
21657438.66	5170115.14	0.5
21657510.81	5170095.13	542.948
21657582.96	5170075.12	639.329
21657655.1	5170055.12	27.6821
21657727.25	5170035.11	600.126
21657799.4	5170015.1	476
21657871.54	5169995.09	130.836
21657943.69	5169975.08	34.2954
21658015.84	5169955.08	31.1002
21658087.98	5169935.07	0.5
21658160.13	5169915.06	30.6097
21658232.28	5169895.05	26.4349
21658304.42	5169875.04	77.6578
21658376.57	5169855.04	313.161
21658448.72	5169835.03	315.561
21658520.86	5169815.02	0.5
21658593.01	5169795.01	16.5898
21658665.16	5169775	610.937
21658737.3	5169755	623.759
21658809.45	5169734.99	412.083
21658881.6	5169714.98	615.058
21658953.74	5169694.97	112.999
21659025.89	5169674.96	0.5
21659098.04	5169654.96	0.5
21653273.78	5171346.38	205.981
21653345.93	5171326.37	372.319
21653418.07	5171306.36	307.661
21653490.22	5171286.35	477.448
21653562.37	5171266.35	162.618
21653634.51	5171246.34	19.6196
21653706.66	5171226.33	0.5
21653778.81	5171206.32	318.338
21653850.96	5171186.31	427.518
21653923.1	5171166.31	568.583
21653995.25	5171146.3	514.082
21654067.4	5171126.29	0.5
21654139.54	5171106.28	35.9371
21654211.69	5171086.27	24.3223
21654283.84	5171066.27	19.5784
21654355.98	5171046.26	29.775
21654428.13	5171026.25	131.681
21654500.28	5171006.24	37.3947
21654572.42	5170986.23	427.97
21654644.57	5170966.23	0.5
21654716.72	5170946.22	0.5
21654788.86	5170926.21	0.5
21654861.01	5170906.2	0.5
21654933.16	5170886.19	0.5
21655005.3	5170866.18	0.5
21655077.45	5170846.18	0.5
21655149.6	5170826.17	0.5
21655221.74	5170806.16	0.5
21655293.89	5170786.15	0.5
21655366.04	5170766.14	0.5
21655438.18	5170746.14	0.5
21655510.33	5170726.13	263.393
21655582.48	5170706.12	28.91
21655654.62	5170686.11	0.5
21655726.77	5170666.1	34.8138
21655798.92	5170646.1	30.6457
21655871.06	5170626.09	22.8867
21655943.21	5170606.08	20.2034
21656015.36	5170586.07	352.396
21656087.5	5170566.06	610.411
21656159.65	5170546.06	574.044
21656231.8	5170526.05	720.941
21656303.94	5170506.04	610.765
21656376.09	5170486.03	391.885
21656448.24	5170466.02	116.888
21656520.38	5170446.02	34.8535
21656592.53	5170426.01	0.5
21656664.68	5170406	0.5
21656736.82	5170385.99	25.8756
21656808.97	5170365.98	0.5
21656881.12	5170345.98	0.5
21656953.26	5170325.97	33.7392
21657025.41	5170305.96	0.5
21657097.56	5170285.95	0.5
21657169.7	5170265.94	448.142
21657241.85	5170245.94	60.7433
21657314	5170225.93	0.5
21657386.14	5170205.92	0.5
21657458.29	5170185.91	30.5358
21657530.44	5170165.9	38.5506
21657602.58	5170145.9	325.586
21657674.73	5170125.89	22.7419
21657746.88	5170105.88	101.307
21657819.02	5170085.87	0.5
21657891.17	5170065.86	0.5
21657963.32	5170045.85	0.5
21658035.46	5170025.85	0.5
21658107.61	5170005.84	29.7465
21658179.76	5169985.83	28.4328
21658251.9	5169965.82	25.9479
21658324.05	5169945.81	166.293
21658396.2	5169925.81	733.947
21658468.34	5169905.8	608.062
21658540.49	5169885.79	34.479
21658612.64	5169865.78	0.5
21658684.78	5169845.77	598.286
21658756.93	5169825.77	415.188
21658829.08	5169805.76	689.611
21658901.22	5169785.75	439.592
21658973.37	5169765.74	37.7682
21659045.52	5169745.73	0.5
21653293.41	5171417.15	207.715
21653365.55	5171397.14	118.263
21653437.7	5171377.13	316.661
21653509.85	5171357.12	651.167
21653581.99	5171337.12	424.148
21653654.14	5171317.11	27.7304
21653726.29	5171297.1	0.5
21653798.43	5171277.09	488.284
21653870.58	5171257.08	638.836
21653942.73	5171237.08	0.5
21654014.87	5171217.07	0.5
21654087.02	5171197.06	0.5
21654159.17	5171177.05	35.7901
21654231.32	5171157.04	34.1085
21654303.46	5171137.04	358.218
21654375.61	5171117.03	438.629
21654447.76	5171097.02	660.05
21654519.9	5171077.01	16.0217
21654592.05	5171057	0.5
21654664.2	5171037	0.5
21654736.34	5171016.99	0.5
21654808.49	5170996.98	0.5
21654880.64	5170976.97	0.5
21654952.78	5170956.96	0.5
21655024.93	5170936.96	0.5
21655097.08	5170916.95	0.5
21655169.22	5170896.94	0.5
21655241.37	5170876.93	0.5
21655313.52	5170856.92	19.062
21655385.66	5170836.92	25.5934
21655457.81	5170816.91	40.9422
21655529.96	5170796.9	22.3733
21655602.1	5170776.89	34.3742
21655674.25	5170756.88	25.3204
21655746.4	5170736.88	41.6167
21655818.54	5170716.87	36.0544
21655890.69	5170696.86	31.6681
21655962.84	5170676.85	0.5
21656034.98	5170656.84	37.4694
21656107.13	5170636.83	730.158
21656179.28	5170616.83	683.646
21656251.42	5170596.82	770.859
21656323.57	5170576.81	721.906
21656395.72	5170556.8	0.5
21656467.86	5170536.79	0.5
21656540.01	5170516.79	0.5
21656612.16	5170496.78	0.5
21656684.3	5170476.77	0.5
21656756.45	5170456.76	0.5
21656828.6	5170436.75	0.5
21656900.74	5170416.75	0.5
21656972.89	5170396.74	18.4005
21657045.04	5170376.73	19.8145
21657117.18	5170356.72	0.5
21657189.33	5170336.71	47.4956
21657261.48	5170316.71	21.4129
21657333.62	5170296.7	22.2858
21657405.77	5170276.69	36.3096
21657477.92	5170256.68	370.946
21657550.06	5170236.67	402.562
21657622.21	5170216.67	651.277
21657694.36	5170196.66	314.09
21657766.5	5170176.65	379.966
21657838.65	5170156.64	330.706
21657910.8	5170136.63	0.5
21657982.94	5170116.63	0.5
21658055.09	5170096.62	0.5
21658127.24	5170076.61	0.5
21658199.38	5170056.6	33.1688
21658271.53	5170036.59	33.9187
21658343.68	5170016.59	579.899
21658415.82	5169996.58	770.956
21658487.97	5169976.57	771.523
21658560.12	5169956.56	508.269
21658632.26	5169936.55	433.744
21658704.41	5169916.55	182.047
21658776.56	5169896.54	366.014
21658848.7	5169876.53	35.1119
21658920.85	5169856.52	24.9411
21658993	5169836.51	24.6019
21659065.14	5169816.5	0.5
21653313.03	5171487.92	253.968
21653385.18	5171467.91	69.9178
21653457.33	5171447.9	420.179
21653529.47	5171427.9	719.814
21653601.62	5171407.89	576.704
21653673.77	5171387.88	31.6366
21653745.91	5171367.87	35.0591
21653818.06	5171347.86	227.416
21653890.21	5171327.86	0.5
21653962.35	5171307.85	351.374
21654034.5	5171287.84	49.7361
21654106.65	5171267.83	0.5
21654178.79	5171247.82	0.5
21654250.94	5171227.82	32.0863
21654323.09	5171207.81	187.553
21654395.23	5171187.8	353.079
21654467.38	5171167.79	858.758
21654539.53	5171147.78	538.657
21654611.67	5171127.77	0.5
21654683.82	5171107.77	0.5
21654755.97	5171087.76	0.5
21654828.12	5171067.75	0.5
21654900.26	5171047.74	0.5
21654972.41	5171027.73	0.5
21655044.56	5171007.73	0.5
21655116.7	5170987.72	0.5
21655188.85	5170967.71	0.5
21655261	5170947.7	0.5
21655333.14	5170927.69	27.6601
21655405.29	5170907.69	335.613
21655477.44	5170887.68	515.786
21655549.58	5170867.67	34.5841
21655621.73	5170847.66	25.9999
21655693.88	5170827.65	36.5268
21655766.02	5170807.65	33.3201
21655838.17	5170787.64	34.9025
21655910.32	5170767.63	334.148
21655982.46	5170747.62	26.309
21656054.61	5170727.61	48.9889
21656126.76	5170707.61	763.287
21656198.9	5170687.6	470.623
21656271.05	5170667.59	627.049
21656343.2	5170647.58	222.646
21656415.34	5170627.57	0.5
21656487.49	5170607.57	0.5
21656559.64	5170587.56	0.5
21656631.78	5170567.55	0.5
21656703.93	5170547.54	0.5
21656776.08	5170527.53	0.5
21656848.22	5170507.53	0.5
21656920.37	5170487.52	0.5
21656992.52	5170467.51	0.5
21657064.66	5170447.5	29.5319
21657136.81	5170427.49	37.0106
21657208.96	5170407.48	31.722
21657281.1	5170387.48	79.1206
21657353.25	5170367.47	585.309
21657425.4	5170347.46	439.093
21657497.54	5170327.45	592.201
21657569.69	5170307.44	587.085
21657641.84	5170287.44	434.684
21657713.98	5170267.43	33.7599
21657786.13	5170247.42	92.3483
21657858.28	5170227.41	734.056
21657930.42	5170207.4	529.612
21658002.57	5170187.4	24.2165
21658074.72	5170167.39	0.5
21658146.86	5170147.38	0.5
21658219.01	5170127.37	0.5
21658291.16	5170107.36	52.3378
21658363.3	5170087.36	785.759
21658435.45	5170067.35	703.472
21658507.6	5170047.34	374.607
21658579.74	5170027.33	688.92
21658651.89	5170007.32	342.831
21658724.04	5169987.32	281.882
21658796.18	5169967.31	0.5
21658868.33	5169947.3	0.5
21658940.48	5169927.29	0.5
21659012.62	5169907.28	0.5
21659084.77	5169887.28	18.7863
21653260.51	5171578.7	237.036
21653332.66	5171558.69	102.969
21653404.81	5171538.68	285.979
21653476.95	5171518.67	818.123
21653549.1	5171498.67	397.668
21653621.25	5171478.66	527.06
21653693.39	5171458.65	475.154
21653765.54	5171438.64	37.7321
21653837.69	5171418.63	207.169
21653909.83	5171398.63	631.994
21653981.98	5171378.62	412.275
21654054.13	5171358.61	79.08
21654126.27	5171338.6	35.5205
21654198.42	5171318.59	0.5
21654270.57	5171298.59	14.996
21654342.71	5171278.58	26.2889
21654414.86	5171258.57	89.4244
21654487.01	5171238.56	56.3372
21654559.15	5171218.55	28.6311
21654631.3	5171198.55	0.5
21654703.45	5171178.54	0.5
21654775.59	5171158.53	0.5
21654847.74	5171138.52	0.5
21654919.89	5171118.51	0.5
21654992.04	5171098.51	0.5
21655064.18	5171078.5	0.5
21655136.33	5171058.49	0.5
21655208.48	5171038.48	0.5
21655280.62	5171018.47	0.5
21655352.77	5170998.47	0.5
21655424.92	5170978.46	35.1398
21655497.06	5170958.45	438.086
21655569.21	5170938.44	499.552
21655641.36	5170918.43	2.14833
21655713.5	5170898.42	34.5035
21655785.65	5170878.42	0.5
21655857.8	5170858.41	0.5
21655929.94	5170838.4	0.5
21656002.09	5170818.39	21.9459
21656074.24	5170798.38	0.5
21656146.38	5170778.38	307.541
21656218.53	5170758.37	494.92
21656290.68	5170738.36	411.961
21656362.82	5170718.35	37.4081
21656434.97	5170698.34	0.5
21656507.12	5170678.34	0.5
21656579.26	5170658.33	0.5
21656651.41	5170638.32	0.5
21656723.56	5170618.31	0.5
21656795.7	5170598.3	0.5
21656867.85	5170578.3	0.5
21656940	5170558.29	0.5
21657012.14	5170538.28	0.5
21657084.29	5170518.27	27.3836
21657156.44	5170498.26	0.5
21657228.58	5170478.26	0.5
21657300.73	5170458.25	725.726
21657372.88	5170438.24	350.211
21657445.02	5170418.23	68.045
21657517.17	5170398.22	423.063
21657589.32	5170378.22	679.523
21657661.46	5170358.21	37.1482
21657733.61	5170338.2	25.993
21657805.76	5170318.19	32.3588
21657877.9	5170298.18	156.023
21657950.05	5170278.18	584.351
21658022.2	5170258.17	0.5
21658094.34	5170238.16	19.7349
21658166.49	5170218.15	20.6698
21658238.64	5170198.14	16.4724
21658310.78	5170178.13	463.774
21658382.93	5170158.13	638.879
21658455.08	5170138.12	304.349
21658527.22	5170118.11	100.091
21658599.37	5170098.1	364.333
21658671.52	5170078.09	558.268
21658743.66	5170058.09	479.352
21658815.81	5170038.08	0.5
21658887.96	5170018.07	0.5
21658960.1	5169998.06	0.5
21659032.25	5169978.05	0.5
21659104.4	5169958.05	21.6227
21653280.14	5171649.47	27.6094
21653352.29	5171629.46	26.4146
21653424.43	5171609.45	235.856
21653496.58	5171589.45	279.205
21653568.73	5171569.44	97.9778
21653640.87	5171549.43	483.281
21653713.02	5171529.42	361.809
21653785.17	5171509.41	17.7184
21653857.31	5171489.4	237.723
21653929.46	5171469.4	513.619
21654001.61	5171449.39	672.948
21654073.75	5171429.38	71.2233
21654145.9	5171409.37	145.719
21654218.05	5171389.36	0.5
21654290.19	5171369.36	0.5
21654362.34	5171349.35	33.2925
21654434.49	5171329.34	444.637
21654506.63	5171309.33	141.38
21654578.78	5171289.32	24.9613
21654650.93	5171269.32	0.5
21654723.07	5171249.31	0.5
21654795.22	5171229.3	0.5
21654867.37	5171209.29	0.5
21654939.51	5171189.28	0.5
21655011.66	5171169.28	0.5
21655083.81	5171149.27	0.5
21655155.95	5171129.26	0.5
21655228.1	5171109.25	0.5
21655300.25	5171089.24	0.5
21655372.39	5171069.24	0.5
21655444.54	5171049.23	0.5
21655516.69	5171029.22	0.5
21655588.84	5171009.21	0.5
21655660.98	5170989.2	641.869
21655733.13	5170969.2	555.308
21655805.28	5170949.19	36.3237
21655877.42	5170929.18	71.5594
21655949.57	5170909.17	344.926
21656021.72	5170889.16	0.5
21656093.86	5170869.16	0.5
21656166.01	5170849.15	29.8829
21656238.16	5170829.14	408.381
21656310.3	5170809.13	323.43
21656382.45	5170789.12	27.6378
21656454.6	5170769.11	0.5
21656526.74	5170749.11	0.5
21656598.89	5170729.1	0.5
21656671.04	5170709.09	0.5
21656743.18	5170689.08	0.5
21656815.33	5170669.07	0.5
21656887.48	5170649.07	0.5
21656959.62	5170629.06	0.5
21657031.77	5170609.05	21.0067
21657103.92	5170589.04	22.2622
21657176.06	5170569.03	0.5
21657248.21	5170549.03	0.5
21657320.36	5170529.02	0.5
21657392.5	5170509.01	19.5101
21657464.65	5170489	21.2492
21657536.8	5170468.99	40.8322
21657608.94	5170448.99	186.732
21657681.09	5170428.98	29.9059
21657753.24	5170408.97	18.2046
21657825.38	5170388.96	0.5
21657897.53	5170368.95	0.5
21657969.68	5170348.95	0.5
21658041.82	5170328.94	0.5
21658113.97	5170308.93	24.9366
21658186.12	5170288.92	28.7096
21658258.26	5170268.91	25.6045
21658330.41	5170248.91	454.024
21658402.56	5170228.9	588.812
21658474.7	5170208.89	0.5
21658546.85	5170188.88	0.5
21658619	5170168.87	104.634
21658691.14	5170148.87	558.941
21658763.29	5170128.86	759.741
21658835.44	5170108.85	631.641
21658907.58	5170088.84	26.6618
21658979.73	5170068.83	21.4578
21659051.88	5170048.83	24.6345
21653299.77	5171720.24	29.6329
21653371.91	5171700.23	17.6012
21653444.06	5171680.22	0.5
21653516.21	5171660.22	0.5
21653588.35	5171640.21	0.5
21653660.5	5171620.2	235.826
21653732.65	5171600.19	548.953
21653804.79	5171580.18	0.5
21653876.94	5171560.18	564.319
21653949.09	5171540.17	360.427
21654021.23	5171520.16	799.829
21654093.38	5171500.15	37.1377
21654165.53	5171480.14	0.5
21654237.67	5171460.14	0.5
21654309.82	5171440.13	32.195
21654381.97	5171420.12	170.548
21654454.11	5171400.11	758.337
21654526.26	5171380.1	23.6
21654598.41	5171360.09	0.5
21654670.55	5171340.09	0.5
21654742.7	5171320.08	34.382
21654814.85	5171300.07	0.5
21654886.99	5171280.06	0.5
21654959.14	5171260.05	0.5
21655031.29	5171240.05	0.5
21655103.43	5171220.04	0.5
21655175.58	5171200.03	0.5
21655247.73	5171180.02	0.5
21655319.87	5171160.01	22.3993
21655392.02	5171140.01	0.5
21655464.17	5171120	0.5
21655536.31	5171099.99	0.5
21655608.46	5171079.98	0.5
21655680.61	5171059.97	231.077
21655752.76	5171039.97	581.482
21655824.9	5171019.96	641.609
21655897.05	5170999.95	288.408
21655969.2	5170979.94	412.719
21656041.34	5170959.93	29.5891
21656113.49	5170939.93	37.8519
21656185.64	5170919.92	41.6406
21656257.78	5170899.91	235.945
21656329.93	5170879.9	520.464
21656402.08	5170859.89	0.5
21656474.22	5170839.89	0.5
21656546.37	5170819.88	0.5
21656618.52	5170799.87	0.5
21656690.66	5170779.86	0.5
21656762.81	5170759.85	0.5
21656834.96	5170739.85	0.5
21656907.1	5170719.84	0.5
21656979.25	5170699.83	0.5
21657051.4	5170679.82	28.9351
21657123.54	5170659.81	0.5
21657195.69	5170639.81	0.5
21657267.84	5170619.8	0.5
21657339.98	5170599.79	0.5
21657412.13	5170579.78	20.0764
21657484.28	5170559.77	32.1426
21657556.42	5170539.76	527.903
21657628.57	5170519.76	657.69
21657700.72	5170499.75	0.5
21657772.86	5170479.74	0.5
21657845.01	5170459.73	0.5
21657917.16	5170439.72	0.5
21657989.3	5170419.72	37.6407
21658061.45	5170399.71	0.5
21658133.6	5170379.7	28.778
21658205.74	5170359.69	23.0783
21658277.89	5170339.68	27.2789
21658350.04	5170319.68	387.057
21658422.18	5170299.67	593.518
21658494.33	5170279.66	389.295
21658566.48	5170259.65	24.8596
21658638.62	5170239.64	301.539
21658710.77	5170219.64	578.246
21658782.92	5170199.63	725.006
21658855.06	5170179.62	279.459
21658927.21	5170159.61	34.1172
21658999.36	5170139.6	25.407
21659071.5	5170119.6	32.4133
21653247.25	5171811.02	0.5
21653319.39	5171791.01	0.5
21653391.54	5171771	0.5
21653463.69	5171750.99	0.5
21653535.83	5171730.99	0.5
21653607.98	5171710.98	0.5
21653680.13	5171690.97	19.7181
21653752.27	5171670.96	0.5
21653824.42	5171650.95	0.5
21653896.57	5171630.95	0.5
21653968.71	5171610.94	0.5
21654040.86	5171590.93	0.5
21654113.01	5171570.92	0.5
21654185.15	5171550.91	0.5
21654257.3	5171530.91	0.5
21654329.45	5171510.9	67.8578
21654401.59	5171490.89	60.4017
21654473.74	5171470.88	517.193
21654545.89	5171450.87	0.5
21654618.03	5171430.87	0.5
21654690.18	5171410.86	0.5
21654762.33	5171390.85	0.5
21654834.47	5171370.84	0.5
21654906.62	5171350.83	0.5
21654978.77	5171330.83	0.5
21655050.91	5171310.82	0.5
21655123.06	5171290.81	0.5
21655195.21	5171270.8	0.5
21655267.35	5171250.79	20.3029
21655339.5	5171230.79	27.0604
21655411.65	5171210.78	25.1864
21655483.79	5171190.77	0.5
21655555.94	5171170.76	0.5
21655628.09	5171150.75	0.5
21655700.23	5171130.74	30.1305
21655772.38	5171110.74	455.58
21655844.53	5171090.73	677.258
21655916.67	5171070.72	324.133
21655988.82	5171050.71	436.007
21656060.97	5171030.7	35.5023
21656133.11	5171010.7	222.019
21656205.26	5170990.69	387.209
21656277.41	5170970.68	207.726
21656349.56	5170950.67	116.386
21656421.7	5170930.66	0.5
21656493.85	5170910.66	0.5
21656566	5170890.65	0.5
21656638.14	5170870.64	0.5
21656710.29	5170850.63	0.5
21656782.44	5170830.62	0.5
21656854.58	5170810.62	0.5
21656926.73	5170790.61	0.5
21656998.88	5170770.6	0.5
21657071.02	5170750.59	23.3304
21657143.17	5170730.58	0.5
21657215.32	5170710.58	0.5
21657287.46	5170690.57	0.5
21657359.61	5170670.56	17.4746
21657431.76	5170650.55	19.6103
21657503.9	5170630.54	28.3746
21657576.05	5170610.54	590.254
21657648.2	5170590.53	630.237
21657720.34	5170570.52	0.5
21657792.49	5170550.51	0.5
21657864.64	5170530.5	0.5
21657936.78	5170510.5	0.5
21658008.93	5170490.49	106.421
21658081.08	5170470.48	23.2663
21658153.22	5170450.47	146.35
21658225.37	5170430.46	458.928
21658297.52	5170410.46	0.5
21658369.66	5170390.45	433.192
21658441.81	5170370.44	409.399
21658513.96	5170350.43	627.753
21658586.1	5170330.42	458.652
21658658.25	5170310.41	711.161
21658730.4	5170290.41	607.312
21658802.54	5170270.4	491.471
21658874.69	5170250.39	677.963
21658946.84	5170230.38	14.7111
21659018.98	5170210.37	35.2727
21659091.13	5170190.37	59.9189
21653266.87	5171881.79	0.5
21653339.02	5171861.78	0.5
21653411.17	5171841.77	0.5
21653483.31	5171821.77	0.5
21653555.46	5171801.76	0.5
21653627.61	5171781.75	0.5
21653699.75	5171761.74	0.5
21653771.9	5171741.73	0.5
21653844.05	5171721.73	0.5
21653916.19	5171701.72	0.5
21653988.34	5171681.71	0.5
21654060.49	5171661.7	0.5
21654132.63	5171641.69	0.5
21654204.78	5171621.68	0.5
21654276.93	5171601.68	0.5
21654349.07	5171581.67	33.4432
21654421.22	5171561.66	30.3754
21654493.37	5171541.65	30.1296
21654565.51	5171521.64	0.5
21654637.66	5171501.64	0.5
21654709.81	5171481.63	0.5
21654781.95	5171461.62	0.5
21654854.1	5171441.61	0.5
21654926.25	5171421.6	0.5
21654998.39	5171401.6	0.5
21655070.54	5171381.59	0.5
21655142.69	5171361.58	0.5
21655214.83	5171341.57	0.5
21655286.98	5171321.56	20.0548
21655359.13	5171301.56	19.1264
21655431.27	5171281.55	23.773
21655503.42	5171261.54	26.4937
21655575.57	5171241.53	30.7192
21655647.71	5171221.52	0.5
21655719.86	5171201.52	33.0609
21655792.01	5171181.51	61.1744
21655864.15	5171161.5	397.847
21655936.3	5171141.49	674.732
21656008.45	5171121.48	780.677
21656080.59	5171101.48	433.582
21656152.74	5171081.47	417.669
21656224.89	5171061.46	498.256
21656297.03	5171041.45	220.016
21656369.18	5171021.44	20.9108
21656441.33	5171001.44	0.5
21656513.48	5170981.43	0.5
21656585.62	5170961.42	0.5
21656657.77	5170941.41	0.5
21656729.91	5170921.4	0.5
21656802.06	5170901.39	0.5
21656874.21	5170881.39	0.5
21656946.36	5170861.38	0.5
21657018.5	5170841.37	0.5
21657090.65	5170821.36	0.5
21657162.8	5170801.35	0.5
21657234.94	5170781.35	0.5
21657307.09	5170761.34	0.5
21657379.24	5170741.33	0.5
21657451.38	5170721.32	18.7637
21657523.53	5170701.31	26.0145
21657595.68	5170681.31	357.42
21657667.82	5170661.3	367.362
21657739.97	5170641.29	0.5
21657812.12	5170621.28	0.5
21657884.26	5170601.27	0.5
21657956.41	5170581.27	0.5
21658028.56	5170561.26	0.5
21658100.7	5170541.25	0.5
21658172.85	5170521.24	0.5
21658245	5170501.23	0.5
21658317.14	5170481.23	10.1455
21658389.29	5170461.22	25.2192
21658461.44	5170441.21	562.34
21658533.58	5170421.2	685.276
21658605.73	5170401.19	720.238
21658677.88	5170381.19	679.501
21658750.02	5170361.18	733.347
21658822.17	5170341.17	580.594
21658894.32	5170321.16	509.143
21658966.46	5170301.15	347.26
21659038.61	5170281.15	34.865
21653286.5	5171952.56	23.4042
21653358.65	5171932.55	0.5
21653430.79	5171912.54	0.5
21653502.94	5171892.54	0.5
21653575.09	5171872.53	0.5
21653647.23	5171852.52	13
21653719.38	5171832.51	13
21653791.53	5171812.5	0.5
21653863.67	5171792.5	0.5
21653935.82	5171772.49	0.5
21654007.97	5171752.48	0.5
21654080.11	5171732.47	0.5
21654152.26	5171712.46	0.5
21654224.41	5171692.46	0.5
21654296.55	5171672.45	0.5
21654368.7	5171652.44	0.5
21654440.85	5171632.43	0.5
21654512.99	5171612.42	0.5
21654585.14	5171592.42	0.5
21654657.29	5171572.41	0.5
21654729.43	5171552.4	0.5
21654801.58	5171532.39	0.5
21654873.73	5171512.38	0.5
21654945.87	5171492.37	0.5
21655018.02	5171472.37	0.5
21655090.17	5171452.36	0.5
21655162.31	5171432.35	0.5
21655234.46	5171412.34	0.5
21655306.61	5171392.33	0.5
21655378.75	5171372.33	0.5
21655450.9	5171352.32	23.1638
21655523.05	5171332.31	30.0727
21655595.19	5171312.3	30.2739
21655667.34	5171292.29	68.9439
21655739.49	5171272.29	34.2678
21655811.63	5171252.28	38.8294
21655883.78	5171232.27	379.603
21655955.93	5171212.26	813.195
21656028.07	5171192.25	483.333
21656100.22	5171172.25	352.936
21656172.37	5171152.24	339.777
21656244.51	5171132.23	482.096
21656316.66	5171112.22	78.5178
21656388.81	5171092.21	17.4293
21656460.95	5171072.21	0.5
21656533.1	5171052.2	0.5
21656605.25	5171032.19	0.5
21656677.39	5171012.18	0.5
21656749.54	5170992.17	0.5
21656821.69	5170972.17	0.5
21656893.84	5170952.16	0.5
21656965.98	5170932.15	0.5
21657038.13	5170912.14	0.5
21657110.27	5170892.13	0.5
21657182.42	5170872.13	0.5
21657254.57	5170852.12	0.5
21657326.72	5170832.11	0.5
21657398.86	5170812.1	0.5
21657471.01	5170792.09	0.5
21657543.16	5170772.09	0.5
21657615.3	5170752.08	0.5
21657687.45	5170732.07	0.5
21657759.6	5170712.06	0.5
21657831.74	5170692.05	0.5
21657903.89	5170672.04	0.5
21657976.04	5170652.04	0.5
21658048.18	5170632.03	0.5
21658120.33	5170612.02	0.5
21658192.48	5170592.01	13
21658264.62	5170572	0.5
21658336.77	5170552	14.169
21658408.92	5170531.99	12.1567
21658481.06	5170511.98	7.70389
21658553.21	5170491.97	789.797
21658625.36	5170471.96	763.756
21658697.5	5170451.96	716.291
21658769.65	5170431.95	678.972
21658841.8	5170411.94	577.709
21658913.94	5170391.93	497.07
21658986.09	5170371.92	520.015
21659058.24	5170351.92	411.059
21653306.13	5172023.33	21.3396
21653378.27	5172003.32	16.1431
21653450.42	5171983.31	0.5
21653522.57	5171963.31	0.5
21653594.71	5171943.3	21.75
21653666.86	5171923.29	0.5
21653739.01	5171903.28	13
21653811.15	5171883.27	0.5
21653883.3	5171863.27	0.5
21653955.45	5171843.26	0.5
21654027.59	5171823.25	0.5
21654099.74	5171803.24	0.5
21654171.89	5171783.23	0.5
21654244.03	5171763.23	0.5
21654316.18	5171743.22	0.5
21654388.33	5171723.21	0.5
21654460.47	5171703.2	0.5
21654532.62	5171683.19	0.5
21654604.77	5171663.19	0.5
21654676.91	5171643.18	0.5
21654749.06	5171623.17	0.5
21654821.21	5171603.16	0.5
21654893.35	5171583.15	0.5
21654965.5	5171563.15	0.5
21655037.65	5171543.14	0.5
21655109.79	5171523.13	0.5
21655181.94	5171503.12	0.5
21655254.09	5171483.11	0.5
21655326.23	5171463.11	0.5
21655398.38	5171443.1	22.8515
21655470.53	5171423.09	23.3895
21655542.67	5171403.08	29.1255
21655614.82	5171383.07	29.8918
21655686.97	5171363.07	56.2861
21655759.11	5171343.06	32.5279
21655831.26	5171323.05	34.4178
21655903.41	5171303.04	429.251
21655975.55	5171283.03	680.749
21656047.7	5171263.02	297.424
21656119.85	5171243.02	36.7175
21656191.99	5171223.01	23.9727
21656264.14	5171203	0.5
21656336.29	5171182.99	0.5
21656408.43	5171162.98	0.5
21656480.58	5171142.98	0.5
21656552.73	5171122.97	0.5
21656624.87	5171102.96	0.5
21656697.02	5171082.95	0.5
21656769.17	5171062.94	0.5
21656841.31	5171042.94	0.5
21656913.46	5171022.93	0.5
21656985.61	5171002.92	0.5
21657057.75	5170982.91	0.5
21657129.9	5170962.9	0.5
21657202.05	5170942.9	0.5
21657274.19	5170922.89	0.5
21657346.34	5170902.88	0.5
21657418.49	5170882.87	0.5
21657490.64	5170862.86	0.5
21657562.78	5170842.86	0.5
21657634.93	5170822.85	0.5
21657707.08	5170802.84	0.5
21657779.22	5170782.83	0.5
21657851.37	5170762.82	0.5
21657923.52	5170742.82	0.5
21657995.66	5170722.81	0.5
21658067.81	5170702.8	0.5
21658139.96	5170682.79	0.5
21658212.1	5170662.78	22.9446
21658284.25	5170642.78	36.4862
21658356.4	5170622.77	12.5772
21658428.54	5170602.76	12.4121
21658500.69	5170582.75	320.606
21658572.84	5170562.74	624.847
21658644.98	5170542.74	728.609
21658717.13	5170522.73	729.034
21658789.28	5170502.72	712.553
21658861.42	5170482.71	590.842
21658933.57	5170462.7	406.564
21659005.72	5170442.69	513.803
21659077.86	5170422.69	648.61
21653253.61	5172114.11	22.4084
21653325.75	5172094.1	19.2038
21653397.9	5172074.09	15.7354
21653470.05	5172054.09	21.75
21653542.19	5172034.08	21.75
21653614.34	5172014.07	21.75
21653686.49	5171994.06	0.5
21653758.63	5171974.05	13
21653830.78	5171954.05	21.75
21653902.93	5171934.04	0.5
21653975.07	5171914.03	0.5
21654047.22	5171894.02	0.5
21654119.37	5171874.01	0.5
21654191.51	5171854	0.5
21654263.66	5171834	0.5
21654335.81	5171813.99	0.5
21654407.95	5171793.98	0.5
21654480.1	5171773.97	0.5
21654552.25	5171753.96	0.5
21654624.39	5171733.96	0.5
21654696.54	5171713.95	0.5
21654768.69	5171693.94	0.5
21654840.83	5171673.93	0.5
21654912.98	5171653.92	0.5
21654985.13	5171633.92	0.5
21655057.27	5171613.91	0.5
21655129.42	5171593.9	0.5
21655201.57	5171573.89	0.5
21655273.71	5171553.88	0.5
21655345.86	5171533.88	0.5
21655418.01	5171513.87	24.7602
21655490.15	5171493.86	19.884
21655562.3	5171473.85	23.0103
21655634.45	5171453.84	19.2174
21655706.59	5171433.84	31.3348
21655778.74	5171413.83	32.7443
21655850.89	5171393.82	33.229
21655923.03	5171373.81	217.597
21655995.18	5171353.8	71.0494
21656067.33	5171333.8	0.5
21656139.47	5171313.79	0.5
21656211.62	5171293.78	0.5
21656283.77	5171273.77	0.5
21656355.91	5171253.76	0.5
21656428.06	5171233.76	0.5
21656500.21	5171213.75	0.5
21656572.35	5171193.74	0.5
21656644.5	5171173.73	0.5
21656716.65	5171153.72	0.5
21656788.79	5171133.72	0.5
21656860.94	5171113.71	0.5
21656933.09	5171093.7	0.5
21657005.23	5171073.69	0.5
21657077.38	5171053.68	0.5
21657149.53	5171033.67	0.5
21657221.67	5171013.67	0.5
21657293.82	5170993.66	0.5
21657365.97	5170973.65	0.5
21657438.11	5170953.64	0.5
21657510.26	5170933.63	0.5
21657582.41	5170913.63	0.5
21657654.55	5170893.62	0.5
21657726.7	5170873.61	0.5
21657798.85	5170853.6	0.5
21657870.99	5170833.59	0.5
21657943.14	5170813.59	0.5
21658015.29	5170793.58	0.5
21658087.44	5170773.57	0.5
21658159.58	5170753.56	27.3619
21658231.73	5170733.55	228.161
21658303.88	5170713.55	335.118
21658376.02	5170693.54	11.204
21658448.17	5170673.53	16.0835
21658520.32	5170653.52	443.667
21658592.46	5170633.51	594.243
21658664.61	5170613.51	733.233
21658736.76	5170593.5	764.264
21658808.9	5170573.49	676.387
21658881.05	5170553.48	489.719
21658953.2	5170533.47	390.249
21659025.34	5170513.47	422.959
21659097.49	5170493.46	524.647
21653273.23	5172184.88	22.5092
21653345.38	5172164.87	21.063
21653417.53	5172144.86	16.7605
21653489.67	5172124.86	21.75
21653561.82	5172104.85	21.75
21653633.97	5172084.84	0.5
21653706.11	5172064.83	0.5
21653778.26	5172044.82	0.5
21653850.41	5172024.82	0.5
21653922.55	5172004.81	0.5
21653994.7	5171984.8	0.5
21654066.85	5171964.79	0.5
21654138.99	5171944.78	0.5
21654211.14	5171924.78	0.5
21654283.29	5171904.77	0.5
21654355.43	5171884.76	0.5
21654427.58	5171864.75	0.5
21654499.73	5171844.74	0.5
21654571.87	5171824.74	0.5
21654644.02	5171804.73	0.5
21654716.17	5171784.72	0.5
21654788.31	5171764.71	0.5
21654860.46	5171744.7	0.5
21654932.61	5171724.7	0.5
21655004.75	5171704.69	0.5
21655076.9	5171684.68	0.5
21655149.05	5171664.67	0.5
21655221.19	5171644.66	0.5
21655293.34	5171624.65	0.5
21655365.49	5171604.65	0.5
21655437.63	5171584.64	24.1667
21655509.78	5171564.63	18.5533
21655581.93	5171544.62	18.8305
21655654.07	5171524.61	17.4591
21655726.22	5171504.61	22.4272
21655798.37	5171484.6	22.1332
21655870.51	5171464.59	23.1407
21655942.66	5171444.58	35.1877
21656014.81	5171424.57	19.5194
21656086.95	5171404.57	0.5
21656159.1	5171384.56	0.5
21656231.25	5171364.55	0.5
21656303.39	5171344.54	0.5
21656375.54	5171324.53	0.5
21656447.69	5171304.53	0.5
21656519.83	5171284.52	0.5
21656591.98	5171264.51	0.5
21656664.13	5171244.5	0.5
21656736.27	5171224.49	0.5
21656808.42	5171204.49	0.5
21656880.57	5171184.48	0.5
21656952.71	5171164.47	0.5
21657024.86	5171144.46	0.5
21657097.01	5171124.45	0.5
21657169.15	5171104.45	0.5
21657241.3	5171084.44	0.5
21657313.45	5171064.43	0.5
21657385.59	5171044.42	0.5
21657457.74	5171024.41	0.5
21657529.89	5171004.41	0.5
21657602.03	5170984.4	0.5
21657674.18	5170964.39	0.5
21657746.33	5170944.38	0.5
21657818.47	5170924.37	0.5
21657890.62	5170904.36	0.5
21657962.77	5170884.36	0.5
21658034.91	5170864.35	0.5
21658107.06	5170844.34	24.9397
21658179.21	5170824.33	27.0887
21658251.36	5170804.32	178.495
21658323.5	5170784.32	112.681
21658395.65	5170764.31	11.2765
21658467.8	5170744.3	12.0251
21658539.94	5170724.29	218.688
21658612.09	5170704.28	593.424
21658684.24	5170684.28	725.058
21658756.38	5170664.27	764.143
21658828.53	5170644.26	709.947
21658900.68	5170624.25	572.293
21658972.82	5170604.24	434.682
21659044.97	5170584.24	574.119
