21653307.22	5170346.33	0.200921
21653379.37	5170326.32	0.232664
21653451.52	5170306.31	0.230174
21653523.66	5170286.3	0.267133
21653595.81	5170266.29	0.247606
21653667.96	5170246.29	0.241634
21653740.1	5170226.28	0.269814
21653812.25	5170206.27	0.276152
21653884.4	5170186.26	0.217441
21653956.54	5170166.25	0.28639
21654028.69	5170146.25	0.287872
21654100.84	5170126.24	0.225276
21654172.98	5170106.23	0.318315
21654245.13	5170086.22	0.341307
21654317.28	5170066.21	0.318421
21654389.42	5170046.21	0.2519
21654461.57	5170026.2	0.191475
21654533.72	5170006.19	0.200452
21654605.86	5169986.18	0.260276
21654678.01	5169966.17	0.230919
21654750.16	5169946.17	0.257638
21654822.31	5169926.16	0.252297
21654894.45	5169906.15	0.262704
21654966.6	5169886.14	0.284542
21655038.75	5169866.13	0.262608
21655110.89	5169846.13	0.218594
21655183.04	5169826.12	0.177223
21655255.19	5169806.11	0.220027
21655327.33	5169786.1	0.218567
21655399.48	5169766.09	0.233995
21653254.7	5170437.11	0.193856
21653326.85	5170417.1	0.211269
21653399	5170397.09	0.261599
21653471.14	5170377.08	0.273631
21653543.29	5170357.07	0.280511
21653615.44	5170337.07	0.286023
21653687.58	5170317.06	0.280976
21653759.73	5170297.05	0.279256
21653831.88	5170277.04	0.247978
21653904.02	5170257.03	0.172634
21653976.17	5170237.03	0.258606
21654048.32	5170217.02	0.264497
21654120.46	5170197.01	0.223806
21654192.61	5170177	0.347998
21654264.76	5170156.99	0.346919
21654336.9	5170136.98	0.338336
21654409.05	5170116.98	0.192609
21654481.2	5170096.97	0.130449
21654553.34	5170076.96	0.178886
21654625.49	5170056.95	0.242264
21654697.64	5170036.94	0.266801
21654769.78	5170016.94	0.256243
21654841.93	5169996.93	0.250385
21654914.08	5169976.92	0.255292
21654986.23	5169956.91	0.273414
21655058.37	5169936.9	0.256891
21655130.52	5169916.9	0.202308
21655202.66	5169896.89	0.145898
21655274.81	5169876.88	0.290032
21655346.96	5169856.87	0.261666
21655419.11	5169836.86	0.224187
21655491.25	5169816.86	0.229999
21655563.4	5169796.85	0.248707
21655635.55	5169776.84	0.231881
21655707.69	5169756.83	0.244823
21655779.84	5169736.82	0.27103
21655851.99	5169716.82	0.261827
21655924.13	5169696.81	0.300454
21655996.28	5169676.8	0.29291
21656068.43	5169656.79	0.270732
21656140.57	5169636.78	0.308431
21656212.72	5169616.78	0.330562
21656284.87	5169596.77	0.326547
21656357.01	5169576.76	0.330559
21656429.16	5169556.75	0.310455
21656501.31	5169536.74	0.274298
21656573.45	5169516.74	0.251871
21656645.6	5169496.73	0.131445
21656717.75	5169476.72	0.121589
21656789.89	5169456.71	0.234145
21656862.04	5169436.7	0.180349
21656934.19	5169416.69	0.170252
21657006.33	5169396.69	0.135966
21657078.48	5169376.68	0.221255
21657150.63	5169356.67	0.279792
21657222.77	5169336.66	0.262323
21657294.92	5169316.65	0.255575
21657367.07	5169296.65	0.245123
21657439.21	5169276.64	0.243538
21657511.36	5169256.63	0.274512
21657583.51	5169236.62	0.289557
21657655.65	5169216.61	0.266562
21657727.8	5169196.61	0.219915
21657799.95	5169176.6	0.196526
21657872.09	5169156.59	0.173564
21657944.24	5169136.58	0.218533
21658016.39	5169116.57	0.22805
21658088.53	5169096.57	0.296922
21658160.68	5169076.56	0.235349
21658232.83	5169056.55	0.203999
21658304.97	5169036.54	0.307574
21658377.12	5169016.53	0.283705
21658449.27	5168996.53	0.307496
21658521.41	5168976.52	0.351131
21658593.56	5168956.51	0.335482
21658665.71	5168936.5	0.267682
21658737.85	5168916.49	0.264092
21658810	5168896.49	0.253416
21658882.15	5168876.48	0.254412
21658954.29	5168856.47	0.239013
21659026.44	5168836.46	0.243185
21659098.59	5168816.45	0.266637
21653274.33	5170507.88	0.095774
21653346.48	5170487.87	0.213831
21653418.62	5170467.86	0.279188
21653490.77	5170447.85	0.275488
21653562.92	5170427.84	0.285586
21653635.06	5170407.84	0.214652
21653707.21	5170387.83	0.250823
21653779.36	5170367.82	0.262739
21653851.5	5170347.81	0.291827
21653923.65	5170327.8	0.241315
21653995.8	5170307.8	0.249981
21654067.94	5170287.79	0.233647
21654140.09	5170267.78	0.279616
21654212.24	5170247.77	0.292294
21654284.38	5170227.76	0.301578
21654356.53	5170207.76	0.301737
21654428.68	5170187.75	0.230615
21654500.82	5170167.74	0.116956
21654572.97	5170147.73	0.239499
21654645.12	5170127.72	0.27718
21654717.26	5170107.72	0.270998
21654789.41	5170087.71	0.272484
21654861.56	5170067.7	0.262415
21654933.7	5170047.69	0.252194
21655005.85	5170027.68	0.237932
21655078	5170007.68	0.205397
21655150.14	5169987.67	0.194467
21655222.29	5169967.66	0.231363
21655294.44	5169947.65	0.322173
21655366.58	5169927.64	0.287398
21655438.73	5169907.63	0.194124
21655510.88	5169887.63	0.25664
21655583.03	5169867.62	0.27313
21655655.17	5169847.61	0.278003
21655727.32	5169827.6	0.239652
21655799.47	5169807.59	0.269194
21655871.61	5169787.59	0.279414
21655943.76	5169767.58	0.316023
21656015.91	5169747.57	0.317372
21656088.05	5169727.56	0.26224
21656160.2	5169707.55	0.317866
21656232.35	5169687.55	0.321073
21656304.49	5169667.54	0.312467
21656376.64	5169647.53	0.310171
21656448.79	5169627.52	0.140995
21656520.93	5169607.51	0.228442
21656593.08	5169587.51	0.252551
21656665.23	5169567.5	0.161537
21656737.37	5169547.49	0.111548
21656809.52	5169527.48	0.197111
21656881.67	5169507.47	0.174578
21656953.81	5169487.47	0.171325
21657025.96	5169467.46	0.18201
21657098.11	5169447.45	0.149012
21657170.25	5169427.44	0.144971
21657242.4	5169407.43	0.226971
21657314.55	5169387.43	0.237448
21657386.69	5169367.42	0.23926
21657458.84	5169347.41	0.285736
21657530.99	5169327.4	0.281505
21657603.13	5169307.39	0.269947
21657675.28	5169287.39	0.260374
21657747.43	5169267.38	0.168073
21657819.57	5169247.37	0.17831
21657891.72	5169227.36	0.17163
21657963.87	5169207.35	0.163537
21658036.01	5169187.34	0.202804
21658108.16	5169167.34	0.200871
21658180.31	5169147.33	0.202706
21658252.45	5169127.32	0.224954
21658324.6	5169107.31	0.285929
21658396.75	5169087.3	0.285599
21658468.89	5169067.3	0.286351
21658541.04	5169047.29	0.330217
21658613.19	5169027.28	0.289919
21658685.33	5169007.27	0.261017
21658757.48	5168987.26	0.267293
21658829.63	5168967.26	0.264185
21658901.77	5168947.25	0.2572
21658973.92	5168927.24	0.255123
21659046.07	5168907.23	0.265675
21653293.96	5170578.65	0.177284
21653366.1	5170558.64	0.23702
21653438.25	5170538.63	0.287359
21653510.4	5170518.62	0.28811
21653582.54	5170498.61	0.287921
21653654.69	5170478.61	0.26907
21653726.84	5170458.6	0.255318
21653798.98	5170438.59	0.246849
21653871.13	5170418.58	0.204158
21653943.28	5170398.57	0.220884
21654015.42	5170378.57	0.23978
21654087.57	5170358.56	0.22151
21654159.72	5170338.55	0.206534
21654231.86	5170318.54	0.179297
21654304.01	5170298.53	0.158415
21654376.16	5170278.53	0.258585
21654448.3	5170258.52	0.24818
21654520.45	5170238.51	0.236811
21654592.6	5170218.5	0.266318
21654664.74	5170198.49	0.297937
21654736.89	5170178.49	0.264347
21654809.04	5170158.48	0.258499
21654881.18	5170138.47	0.261919
21654953.33	5170118.46	0.253015
21655025.48	5170098.45	0.278446
21655097.62	5170078.45	0.222378
21655169.77	5170058.44	0.157263
21655241.92	5170038.43	0.192177
21655314.06	5170018.42	0.284379
21655386.21	5169998.41	0.274513
21655458.36	5169978.41	0.181082
21655530.5	5169958.4	0.230219
21655602.65	5169938.39	0.295269
21655674.8	5169918.38	0.260772
21655746.95	5169898.37	0.250882
21655819.09	5169878.37	0.14422
21655891.24	5169858.36	0.290174
21655963.38	5169838.35	0.309436
21656035.53	5169818.34	0.296258
21656107.68	5169798.33	0.271937
21656179.83	5169778.32	0.289474
21656251.97	5169758.32	0.255852
21656324.12	5169738.31	0.223553
21656396.27	5169718.3	0.178342
21656468.41	5169698.29	0.147538
21656540.56	5169678.28	0.22219
21656612.71	5169658.28	0.254214
21656684.85	5169638.27	0.253341
21656757	5169618.26	0.220845
21656829.15	5169598.25	0.210315
21656901.29	5169578.24	0.249297
21656973.44	5169558.24	0.185435
21657045.59	5169538.23	0.168752
21657117.73	5169518.22	0.0835382
21657189.88	5169498.21	0.0584158
21657262.03	5169478.2	0
21657334.17	5169458.2	0.155668
21657406.32	5169438.19	0.209658
21657478.47	5169418.18	0.216296
21657550.61	5169398.17	0.21371
21657622.76	5169378.16	0.237135
21657694.91	5169358.16	0.233885
21657767.05	5169338.15	0.177541
21657839.2	5169318.14	0.167534
21657911.35	5169298.13	0.188975
21657983.49	5169278.12	0.219468
21658055.64	5169258.12	0.230015
21658127.79	5169238.11	0.17083
21658199.93	5169218.1	0.148311
21658272.08	5169198.09	0.18158
21658344.23	5169178.08	0.228148
21658416.37	5169158.08	0.259612
21658488.52	5169138.07	0.256513
21658560.67	5169118.06	0.275609
21658632.81	5169098.05	0.265776
21658704.96	5169078.04	0.260652
21658777.11	5169058.03	0.28032
21658849.25	5169038.03	0.278531
21658921.4	5169018.02	0.255682
21658993.55	5168998.01	0.255217
21659065.69	5168978	0.262413
21653313.58	5170649.42	0.112496
21653385.73	5170629.41	0.200246
21653457.88	5170609.4	0.255576
21653530.02	5170589.39	0.266093
21653602.17	5170569.39	0.263122
21653674.32	5170549.38	0.212754
21653746.46	5170529.37	0.236894
21653818.61	5170509.36	0.179999
21653890.76	5170489.35	0.142479
21653962.9	5170469.35	0.163528
21654035.05	5170449.34	0.216753
21654107.2	5170429.33	0.266076
21654179.34	5170409.32	0.196998
21654251.49	5170389.31	0.0946867
21654323.64	5170369.3	0.111519
21654395.78	5170349.3	0.158629
21654467.93	5170329.29	0.176787
21654540.08	5170309.28	0.247428
21654612.22	5170289.27	0.245851
21654684.37	5170269.26	0.27176
21654756.52	5170249.26	0.255896
21654828.66	5170229.25	0.275776
21654900.81	5170209.24	0.267444
21654972.96	5170189.23	0.249316
21655045.1	5170169.22	0.256201
21655117.25	5170149.22	0.234147
21655189.4	5170129.21	0.18865
21655261.54	5170109.2	0.217907
21655333.69	5170089.19	0.23935
21655405.84	5170069.18	0.24915
21655477.98	5170049.18	0.235785
21655550.13	5170029.17	0.24144
21655622.28	5170009.16	0.263849
21655694.42	5169989.15	0.283527
21655766.57	5169969.14	0.332835
21655838.72	5169949.14	0.257427
21655910.86	5169929.13	0.284009
21655983.01	5169909.12	0.291236
21656055.16	5169889.11	0.256734
21656127.3	5169869.1	0.258191
21656199.45	5169849.1	0.247414
21656271.6	5169829.09	0.209259
21656343.75	5169809.08	0.193273
21656415.89	5169789.07	0.209609
21656488.04	5169769.06	0.0710937
21656560.19	5169749.06	0.146473
21656632.33	5169729.05	0.222615
21656704.48	5169709.04	0.258344
21656776.63	5169689.03	0.262085
21656848.77	5169669.02	0.272692
21656920.92	5169649.02	0.238203
21656993.07	5169629.01	0.185271
21657065.21	5169609	0.131655
21657137.36	5169588.99	0.0731606
21657209.51	5169568.98	0
21657281.65	5169548.97	0
21657353.8	5169528.97	0.0599874
21657425.95	5169508.96	0.170558
21657498.09	5169488.95	0.169661
21657570.24	5169468.94	0.137941
21657642.39	5169448.93	0.160323
21657714.53	5169428.93	0.171782
21657786.68	5169408.92	0.203554
21657858.83	5169388.91	0.175759
21657930.97	5169368.9	0.194137
21658003.12	5169348.89	0.226656
21658075.27	5169328.89	0.213193
21658147.41	5169308.88	0.204227
21658219.56	5169288.87	0.188241
21658291.71	5169268.86	0.178239
21658363.85	5169248.85	0.168361
21658436	5169228.85	0.215432
21658508.15	5169208.84	0.247686
21658580.29	5169188.83	0.24059
21658652.44	5169168.82	0.246428
21658724.59	5169148.81	0.251177
21658796.73	5169128.81	0.239181
21658868.88	5169108.8	0.266632
21658941.03	5169088.79	0.24447
21659013.17	5169068.78	0.227834
21659085.32	5169048.77	0.228713
21653261.06	5170740.2	0.100006
21653333.21	5170720.19	0.114891
21653405.36	5170700.18	0.182157
21653477.5	5170680.17	0.243016
21653549.65	5170660.16	0.267485
21653621.8	5170640.16	0.258188
21653693.94	5170620.15	0.232148
21653766.09	5170600.14	0.26153
21653838.24	5170580.13	0.17458
21653910.38	5170560.12	0.126143
21653982.53	5170540.12	0.129623
21654054.68	5170520.11	0.136795
21654126.82	5170500.1	0.248336
21654198.97	5170480.09	0.28079
21654271.12	5170460.08	0.198404
21654343.26	5170440.08	0.138406
21654415.41	5170420.07	0.129088
21654487.56	5170400.06	0.172873
21654559.7	5170380.05	0.252145
21654631.85	5170360.04	0.234182
21654704	5170340.04	0.242615
21654776.14	5170320.03	0.256863
21654848.29	5170300.02	0.2713
21654920.44	5170280.01	0.276733
21654992.58	5170260	0.263886
21655064.73	5170240	0.25202
21655136.88	5170219.99	0.247429
21655209.02	5170199.98	0.243526
21655281.17	5170179.97	0.23937
21655353.32	5170159.96	0.252108
21655425.46	5170139.95	0.282207
21655497.61	5170119.95	0.270365
21655569.76	5170099.94	0.198345
21655641.9	5170079.93	0.246254
21655714.05	5170059.92	0.310105
21655786.2	5170039.91	0.243742
21655858.34	5170019.91	0.254636
21655930.49	5169999.9	0.260796
21656002.64	5169979.89	0.254623
21656074.78	5169959.88	0.265389
21656146.93	5169939.87	0.240206
21656219.08	5169919.87	0.218755
21656291.22	5169899.86	0.191193
21656363.37	5169879.85	0.150171
21656435.52	5169859.84	0.154019
21656507.66	5169839.83	0.106674
21656579.81	5169819.83	0.102687
21656651.96	5169799.82	0.157608
21656724.1	5169779.81	0.235874
21656796.25	5169759.8	0.259127
21656868.4	5169739.79	0.267027
21656940.55	5169719.79	0.180584
21657012.69	5169699.78	0.151974
21657084.84	5169679.77	0.0973114
21657156.99	5169659.76	0.0629478
21657229.13	5169639.75	0
21657301.28	5169619.75	0
21657373.43	5169599.74	0
21657445.57	5169579.73	0.103315
21657517.72	5169559.72	0.119606
21657589.87	5169539.71	0.159264
21657662.01	5169519.71	0.156036
21657734.16	5169499.7	0.2078
21657806.31	5169479.69	0.242478
21657878.45	5169459.68	0.258974
21657950.6	5169439.67	0.225245
21658022.75	5169419.66	0.187306
21658094.89	5169399.66	0.176792
21658167.04	5169379.65	0.246691
21658239.19	5169359.64	0.205003
21658311.33	5169339.63	0.19107
21658383.48	5169319.62	0.164765
21658455.63	5169299.62	0.186084
21658527.77	5169279.61	0.185041
21658599.92	5169259.6	0.154012
21658672.07	5169239.59	0.14869
21658744.21	5169219.58	0.196594
21658816.36	5169199.58	0.197234
21658888.51	5169179.57	0.235086
21658960.65	5169159.56	0.230706
21659032.8	5169139.55	0.229591
21659104.95	5169119.54	0.233248
21653280.69	5170810.97	0.0740034
21653352.84	5170790.96	0.111619
21653424.98	5170770.95	0.204438
21653497.13	5170750.94	0.23895
21653569.28	5170730.93	0.253711
21653641.42	5170710.93	0.196316
21653713.57	5170690.92	0.196124
21653785.72	5170670.91	0.269589
21653857.86	5170650.9	0.187453
21653930.01	5170630.89	0.120674
21654002.16	5170610.89	0.0572157
21654074.3	5170590.88	0.0962665
21654146.45	5170570.87	0.172529
21654218.6	5170550.86	0.279999
21654290.74	5170530.85	0.240082
21654362.89	5170510.85	0.176682
21654435.04	5170490.84	0.172747
21654507.18	5170470.83	0.234787
21654579.33	5170450.82	0.268617
21654651.48	5170430.81	0.246262
21654723.62	5170410.81	0.245794
21654795.77	5170390.8	0.247597
21654867.92	5170370.79	0.252346
21654940.06	5170350.78	0.275441
21655012.21	5170330.77	0.265286
21655084.36	5170310.77	0.261056
21655156.5	5170290.76	0.25403
21655228.65	5170270.75	0.252213
21655300.8	5170250.74	0.276784
21655372.94	5170230.73	0.236137
21655445.09	5170210.73	0.286281
21655517.24	5170190.72	0.231661
21655589.38	5170170.71	0.206791
21655661.53	5170150.7	0.292831
21655733.68	5170130.69	0.265557
21655805.82	5170110.69	0.202268
21655877.97	5170090.68	0.2274
21655950.12	5170070.67	0.258931
21656022.26	5170050.66	0.231988
21656094.41	5170030.65	0.221721
21656166.56	5170010.65	0.202658
21656238.7	5169990.64	0.170522
21656310.85	5169970.63	0.189395
21656383	5169950.62	0.223165
21656455.14	5169930.61	0.243372
21656527.29	5169910.6	0.201734
21656599.44	5169890.6	0.170253
21656671.58	5169870.59	0.194475
21656743.73	5169850.58	0.219126
21656815.88	5169830.57	0.245059
21656888.02	5169810.56	0.254576
21656960.17	5169790.56	0.219206
21657032.32	5169770.55	0.14638
21657104.47	5169750.54	0
21657176.61	5169730.53	0
21657248.76	5169710.52	0.0676347
21657320.91	5169690.52	0.0598008
21657393.05	5169670.51	0
21657465.2	5169650.5	0.0499903
21657537.35	5169630.49	0.0891884
21657609.49	5169610.48	0.174606
21657681.64	5169590.48	0.23308
21657753.79	5169570.47	0.246104
21657825.93	5169550.46	0.246299
21657898.08	5169530.45	0.236582
21657970.23	5169510.44	0.242651
21658042.37	5169490.44	0.198654
21658114.52	5169470.43	0.192152
21658186.67	5169450.42	0.227225
21658258.81	5169430.41	0.258099
21658330.96	5169410.4	0.243948
21658403.11	5169390.4	0.219941
21658475.25	5169370.39	0.184267
21658547.4	5169350.38	0.165158
21658619.55	5169330.37	0.205462
21658691.69	5169310.36	0.219418
21658763.84	5169290.36	0.22039
21658835.99	5169270.35	0.20919
21658908.13	5169250.34	0.24495
21658980.28	5169230.33	0.248609
21659052.43	5169210.32	0.233667
21653300.32	5170881.74	0.0775211
21653372.46	5170861.73	0.109595
21653444.61	5170841.72	0.186097
21653516.76	5170821.71	0.120162
21653588.9	5170801.71	0.148751
21653661.05	5170781.7	0.15931
21653733.2	5170761.69	0.219992
21653805.34	5170741.68	0.256816
21653877.49	5170721.67	0.148133
21653949.64	5170701.67	0
21654021.78	5170681.66	0.0928106
21654093.93	5170661.65	0.145183
21654166.08	5170641.64	0.236899
21654238.22	5170621.63	0.276178
21654310.37	5170601.63	0.272714
21654382.52	5170581.62	0.253098
21654454.66	5170561.61	0.244794
21654526.81	5170541.6	0.262524
21654598.96	5170521.59	0.257458
21654671.1	5170501.58	0.251229
21654743.25	5170481.58	0.251557
21654815.4	5170461.57	0.200483
21654887.54	5170441.56	0.214986
21654959.69	5170421.55	0.265976
21655031.84	5170401.54	0.264947
21655103.98	5170381.54	0.24443
21655176.13	5170361.53	0.26426
21655248.28	5170341.52	0.269209
21655320.42	5170321.51	0.265208
21655392.57	5170301.5	0.219809
21655464.72	5170281.5	0.271053
21655536.86	5170261.49	0.292097
21655609.01	5170241.48	0.164379
21655681.16	5170221.47	0.224045
21655753.3	5170201.46	0.24755
21655825.45	5170181.46	0.25095
21655897.6	5170161.45	0.18834
21655969.74	5170141.44	0.145192
21656041.89	5170121.43	0.238851
21656114.04	5170101.42	0.241723
21656186.18	5170081.42	0.208369
21656258.33	5170061.41	0.134223
21656330.48	5170041.4	0.152177
21656402.62	5170021.39	0.220057
21656474.77	5170001.38	0.249195
21656546.92	5169981.38	0.223044
21656619.06	5169961.37	0.207438
21656691.21	5169941.36	0.194941
21656763.36	5169921.35	0.211268
21656835.5	5169901.34	0.256278
21656907.65	5169881.34	0.24081
21656979.8	5169861.33	0.234478
21657051.94	5169841.32	0.18539
21657124.09	5169821.31	0
21657196.24	5169801.3	0.128647
21657268.38	5169781.3	0.186534
21657340.53	5169761.29	0.183294
21657412.68	5169741.28	0.147971
21657484.83	5169721.27	0.132122
21657556.97	5169701.26	0.111633
21657629.12	5169681.25	0.169508
21657701.27	5169661.25	0.245747
21657773.41	5169641.24	0.240541
21657845.56	5169621.23	0.262671
21657917.71	5169601.22	0.258509
21657989.85	5169581.21	0.222473
21658062	5169561.21	0.228597
21658134.15	5169541.2	0.213586
21658206.29	5169521.19	0.22298
21658278.44	5169501.18	0.293101
21658350.59	5169481.17	0.288937
21658422.73	5169461.17	0.230034
21658494.88	5169441.16	0.17666
21658567.03	5169421.15	0.152684
21658639.17	5169401.14	0.264332
21658711.32	5169381.13	0.22024
21658783.47	5169361.13	0.243057
21658855.61	5169341.12	0.224486
21658927.76	5169321.11	0.231283
21658999.91	5169301.1	0.24026
21659072.05	5169281.09	0.242859
21653247.8	5170972.52	0
21653319.94	5170952.51	0
21653392.09	5170932.5	0
21653464.24	5170912.49	0
21653536.38	5170892.48	0.0744997
21653608.53	5170872.48	0.145852
21653680.68	5170852.47	0.177454
21653752.82	5170832.46	0.221141
21653824.97	5170812.45	0.253524
21653897.12	5170792.44	0.194532
21653969.26	5170772.44	0.153633
21654041.41	5170752.43	0.103693
21654113.56	5170732.42	0.194307
21654185.7	5170712.41	0.265828
21654257.85	5170692.4	0.276536
21654330	5170672.4	0.25398
21654402.14	5170652.39	0.26089
21654474.29	5170632.38	0.271899
21654546.44	5170612.37	0.257422
21654618.58	5170592.36	0.251637
21654690.73	5170572.36	0.258697
21654762.88	5170552.35	0.242573
21654835.02	5170532.34	0.237411
21654907.17	5170512.33	0.252361
21654979.32	5170492.32	0.272139
21655051.46	5170472.32	0.276119
21655123.61	5170452.31	0.245661
21655195.76	5170432.3	0.252521
21655267.9	5170412.29	0.287168
21655340.05	5170392.28	0.275083
21655412.2	5170372.28	0.288693
21655484.34	5170352.27	0.269502
21655556.49	5170332.26	0.238475
21655628.64	5170312.25	0.127379
21655700.78	5170292.24	0.134104
21655772.93	5170272.23	0.255127
21655845.08	5170252.23	0.27008
21655917.22	5170232.22	0.179886
21655989.37	5170212.21	0.133309
21656061.52	5170192.2	0.279163
21656133.66	5170172.19	0.26021
21656205.81	5170152.19	0.250622
21656277.96	5170132.18	0.148063
21656350.1	5170112.17	0.139352
21656422.25	5170092.16	0.193062
21656494.4	5170072.15	0.217053
21656566.54	5170052.15	0.20325
21656638.69	5170032.14	0.203621
21656710.84	5170012.13	0.201937
21656782.98	5169992.12	0.194652
21656855.13	5169972.11	0.219604
21656927.28	5169952.11	0.185477
21656999.42	5169932.1	0.166875
21657071.57	5169912.09	0.239912
21657143.72	5169892.08	0.254069
21657215.86	5169872.07	0.307354
21657288.01	5169852.07	0.310652
21657360.16	5169832.06	0.257399
21657432.3	5169812.05	0.241666
21657504.45	5169792.04	0.237138
21657576.6	5169772.03	0.236328
21657648.74	5169752.03	0.236652
21657720.89	5169732.02	0.255666
21657793.04	5169712.01	0.251087
21657865.18	5169692	0.243395
21657937.33	5169671.99	0.214543
21658009.48	5169651.99	0.215286
21658081.63	5169631.98	0.221456
21658153.77	5169611.97	0.225058
21658225.92	5169591.96	0.227096
21658298.07	5169571.95	0.239264
21658370.21	5169551.94	0.239307
21658442.36	5169531.94	0.236752
21658514.51	5169511.93	0.206566
21658586.65	5169491.92	0.190025
21658658.8	5169471.91	0.190952
21658730.95	5169451.9	0.165988
21658803.09	5169431.9	0.185435
21658875.24	5169411.89	0.210533
21658947.39	5169391.88	0.169544
21659019.53	5169371.87	0.170566
21659091.68	5169351.86	0.214884
21653267.42	5171043.29	0
21653339.57	5171023.28	0
21653411.72	5171003.27	0
21653483.86	5170983.26	0
21653556.01	5170963.26	0.0872686
21653628.16	5170943.25	0.133656
21653700.3	5170923.24	0.193605
21653772.45	5170903.23	0.208771
21653844.6	5170883.22	0.256759
21653916.74	5170863.21	0.231771
21653988.89	5170843.21	0.200655
21654061.04	5170823.2	0.216305
21654133.18	5170803.19	0.221784
21654205.33	5170783.18	0.251489
21654277.48	5170763.17	0.259011
21654349.62	5170743.17	0.265736
21654421.77	5170723.16	0.285953
21654493.92	5170703.15	0.275722
21654566.06	5170683.14	0.27858
21654638.21	5170663.13	0.28368
21654710.36	5170643.13	0.263499
21654782.5	5170623.12	0.266896
21654854.65	5170603.11	0.276072
21654926.8	5170583.1	0.2538
21654998.94	5170563.09	0.251031
21655071.09	5170543.09	0.266299
21655143.24	5170523.08	0.264745
21655215.38	5170503.07	0.268693
21655287.53	5170483.06	0.270837
21655359.68	5170463.05	0.262799
21655431.82	5170443.05	0.204863
21655503.97	5170423.04	0.257169
21655576.12	5170403.03	0.259144
21655648.26	5170383.02	0.182473
21655720.41	5170363.01	0.154274
21655792.56	5170343.01	0.274984
21655864.7	5170323	0.263872
21655936.85	5170302.99	0.262095
21656009	5170282.98	0.170823
21656081.14	5170262.97	0.229467
21656153.29	5170242.97	0.245799
21656225.44	5170222.96	0.26957
21656297.58	5170202.95	0.229523
21656369.73	5170182.94	0.171585
21656441.88	5170162.93	0.181407
21656514.02	5170142.93	0.180108
21656586.17	5170122.92	0.190777
21656658.32	5170102.91	0.18971
21656730.46	5170082.9	0.197594
21656802.61	5170062.89	0.160724
21656874.76	5170042.88	0.130555
21656946.9	5170022.88	0.147181
21657019.05	5170002.87	0.114746
21657091.2	5169982.86	0.304464
21657163.34	5169962.85	0.320674
21657235.49	5169942.84	0.264903
21657307.64	5169922.84	0.222908
21657379.78	5169902.83	0.296977
21657451.93	5169882.82	0.297365
21657524.08	5169862.81	0.285263
21657596.22	5169842.8	0.282446
21657668.37	5169822.8	0.262718
21657740.52	5169802.79	0.253575
21657812.66	5169782.78	0.237118
21657884.81	5169762.77	0.17773
21657956.96	5169742.76	0.145314
21658029.1	5169722.76	0
21658101.25	5169702.75	0.164683
21658173.4	5169682.74	0.138794
21658245.54	5169662.73	0.151941
21658317.69	5169642.72	0.145429
21658389.84	5169622.72	0.18693
21658461.99	5169602.71	0.205482
21658534.13	5169582.7	0.2019
21658606.28	5169562.69	0.205084
21658678.43	5169542.68	0.210187
21658750.57	5169522.68	0.223896
21658822.72	5169502.67	0.206113
21658894.87	5169482.66	0.20829
21658967.01	5169462.65	0.189769
21659039.16	5169442.64	0.190205
21659111.31	5169422.64	0.216713
21653287.05	5171114.06	0.174745
21653359.2	5171094.05	0.195213
21653431.34	5171074.04	0.162269
21653503.49	5171054.03	0.175818
21653575.64	5171034.03	0.178542
21653647.78	5171014.02	0.155916
21653719.93	5170994.01	0.195044
21653792.08	5170974	0.201373
21653864.22	5170953.99	0.22749
21653936.37	5170933.99	0.263726
21654008.52	5170913.98	0.216957
21654080.66	5170893.97	0.249567
21654152.81	5170873.96	0.204428
21654224.96	5170853.95	0.239355
21654297.1	5170833.95	0.268872
21654369.25	5170813.94	0.234933
21654441.4	5170793.93	0.252145
21654513.54	5170773.92	0.275534
21654585.69	5170753.91	0.27687
21654657.84	5170733.91	0.271066
21654729.98	5170713.9	0.286293
21654802.13	5170693.89	0.289886
21654874.28	5170673.88	0.276976
21654946.42	5170653.87	0.255805
21655018.57	5170633.86	0.263717
21655090.72	5170613.86	0.271659
21655162.86	5170593.85	0.275598
21655235.01	5170573.84	0.275578
21655307.16	5170553.83	0.257083
21655379.3	5170533.82	0.224813
21655451.45	5170513.82	0.115995
21655523.6	5170493.81	0.17388
21655595.74	5170473.8	0.239162
21655667.89	5170453.79	0.243961
21655740.04	5170433.78	0.209949
21655812.18	5170413.78	0.226185
21655884.33	5170393.77	0.265246
21655956.48	5170373.76	0.289563
21656028.62	5170353.75	0.254849
21656100.77	5170333.74	0.269812
21656172.92	5170313.74	0.284378
21656245.06	5170293.73	0.277681
21656317.21	5170273.72	0.225769
21656389.36	5170253.71	0.17303
21656461.5	5170233.7	0.210973
21656533.65	5170213.7	0.228796
21656605.8	5170193.69	0.230798
21656677.94	5170173.68	0.224776
21656750.09	5170153.67	0.243626
21656822.24	5170133.66	0.193773
21656894.38	5170113.66	0.15314
21656966.53	5170093.65	0
21657038.68	5170073.64	0.155958
21657110.82	5170053.63	0.249091
21657182.97	5170033.62	0.214868
21657255.12	5170013.62	0.187105
21657327.26	5169993.61	0.181527
21657399.41	5169973.6	0.266778
21657471.56	5169953.59	0.275339
21657543.7	5169933.58	0.243853
21657615.85	5169913.57	0.260109
21657688	5169893.57	0.273487
21657760.14	5169873.56	0.271357
21657832.29	5169853.55	0.216058
21657904.44	5169833.54	0.181519
21657976.58	5169813.53	0.09824
21658048.73	5169793.53	0.0904549
21658120.88	5169773.52	0.135305
21658193.02	5169753.51	0.266582
21658265.17	5169733.5	0.259188
21658337.32	5169713.49	0.165433
21658409.46	5169693.49	0.184354
21658481.61	5169673.48	0.189524
21658553.76	5169653.47	0.194369
21658625.91	5169633.46	0.199576
21658698.05	5169613.45	0.205709
21658770.2	5169593.45	0.196778
21658842.35	5169573.44	0.214625
21658914.49	5169553.43	0.223392
21658986.64	5169533.42	0.221774
21659058.79	5169513.41	0.227252
21653306.68	5171184.83	0.190118
21653378.82	5171164.82	0.168365
21653450.97	5171144.81	0.162158
21653523.12	5171124.8	0.142134
21653595.26	5171104.8	0.156514
21653667.41	5171084.79	0.167129
21653739.56	5171064.78	0.243162
21653811.7	5171044.77	0.211998
21653883.85	5171024.76	0.1346
21653956	5171004.76	0.239821
21654028.14	5170984.75	0.212653
21654100.29	5170964.74	0
21654172.44	5170944.73	0.192592
21654244.58	5170924.72	0.257558
21654316.73	5170904.72	0.249252
21654388.88	5170884.71	0.267072
21654461.02	5170864.7	0.258938
21654533.17	5170844.69	0.26652
21654605.32	5170824.68	0.276612
21654677.46	5170804.68	0.272731
21654749.61	5170784.67	0.28347
21654821.76	5170764.66	0.281127
21654893.9	5170744.65	0.258078
21654966.05	5170724.64	0.260608
21655038.2	5170704.64	0.274627
21655110.34	5170684.63	0.276454
21655182.49	5170664.62	0.2787
21655254.64	5170644.61	0.263076
21655326.78	5170624.6	0.224515
21655398.93	5170604.6	0.218566
21655471.08	5170584.59	0.135975
21655543.22	5170564.58	0.134154
21655615.37	5170544.57	0.208861
21655687.52	5170524.56	0.231918
21655759.66	5170504.56	0.121909
21655831.81	5170484.55	0.0968396
21655903.96	5170464.54	0.201321
21655976.1	5170444.53	0.201332
21656048.25	5170424.52	0.289648
21656120.4	5170404.51	0.289779
21656192.54	5170384.51	0.264911
21656264.69	5170364.5	0.231335
21656336.84	5170344.49	0.214582
21656408.98	5170324.48	0.189401
21656481.13	5170304.47	0.207369
21656553.28	5170284.47	0.211564
21656625.42	5170264.46	0.18996
21656697.57	5170244.45	0.169093
21656769.72	5170224.44	0.224103
21656841.86	5170204.43	0.230213
21656914.01	5170184.43	0.190791
21656986.16	5170164.42	0.152534
21657058.3	5170144.41	0.134679
21657130.45	5170124.4	0.189852
21657202.6	5170104.39	0.22046
21657274.74	5170084.39	0.223593
21657346.89	5170064.38	0.209828
21657419.04	5170044.37	0.240879
21657491.18	5170024.36	0.23015
21657563.33	5170004.35	0.237796
21657635.48	5169984.35	0.244489
21657707.62	5169964.34	0.261656
21657779.77	5169944.33	0.266085
21657851.92	5169924.32	0.244676
21657924.06	5169904.31	0.213525
21657996.21	5169884.31	0.164166
21658068.36	5169864.3	0.101822
21658140.5	5169844.29	0.175231
21658212.65	5169824.28	0.267474
21658284.8	5169804.27	0.285105
21658356.94	5169784.27	0.236729
21658429.09	5169764.26	0.185447
21658501.24	5169744.25	0.184948
21658573.38	5169724.24	0.216498
21658645.53	5169704.23	0.182383
21658717.68	5169684.22	0.149605
21658789.82	5169664.22	0.151603
21658861.97	5169644.21	0.163802
21658934.12	5169624.2	0.203674
21659006.26	5169604.19	0.219625
21659078.41	5169584.18	0.199827
21653254.15	5171275.61	0.169271
21653326.3	5171255.6	0.16832
21653398.45	5171235.59	0.157873
21653470.6	5171215.58	0.158351
21653542.74	5171195.58	0.222253
21653614.89	5171175.57	0.210908
21653687.04	5171155.56	0.159267
21653759.18	5171135.55	0.192501
21653831.33	5171115.54	0.223187
21653903.48	5171095.54	0.231211
21653975.62	5171075.53	0.272276
21654047.77	5171055.52	0.222346
21654119.92	5171035.51	0.211507
21654192.06	5171015.5	0.257311
21654264.21	5170995.49	0.301781
21654336.36	5170975.49	0.269791
21654408.5	5170955.48	0.255646
21654480.65	5170935.47	0.273709
21654552.8	5170915.46	0.276693
21654624.94	5170895.45	0.270385
21654697.09	5170875.45	0.275118
21654769.24	5170855.44	0.272827
21654841.38	5170835.43	0.273856
21654913.53	5170815.42	0.258763
21654985.68	5170795.41	0.235427
21655057.82	5170775.41	0.22549
21655129.97	5170755.4	0.266247
21655202.12	5170735.39	0.274808
21655274.26	5170715.38	0.258764
21655346.41	5170695.37	0.234095
21655418.56	5170675.37	0.246666
21655490.7	5170655.36	0.211573
21655562.85	5170635.35	0.218241
21655635	5170615.34	0.255916
21655707.14	5170595.33	0.230863
21655779.29	5170575.33	0.171001
21655851.44	5170555.32	0.221856
21655923.58	5170535.31	0.27638
21655995.73	5170515.3	0.221811
21656067.88	5170495.29	0.211647
21656140.02	5170475.29	0.222513
21656212.17	5170455.28	0.223874
21656284.32	5170435.27	0.171179
21656356.46	5170415.26	0.206546
21656428.61	5170395.25	0.219168
21656500.76	5170375.25	0.200515
21656572.9	5170355.24	0.207848
21656645.05	5170335.23	0.205997
21656717.2	5170315.22	0.209631
21656789.34	5170295.21	0.195474
21656861.49	5170275.21	0.230608
21656933.64	5170255.2	0.226943
21657005.78	5170235.19	0.163645
21657077.93	5170215.18	0.191375
21657150.08	5170195.17	0.205739
21657222.22	5170175.16	0.233995
21657294.37	5170155.16	0.230104
21657366.52	5170135.15	0.242211
21657438.66	5170115.14	0.244699
21657510.81	5170095.13	0.266743
21657582.96	5170075.12	0.279612
21657655.1	5170055.12	0.298685
21657727.25	5170035.11	0.304362
21657799.4	5170015.1	0.280791
21657871.54	5169995.09	0.273927
21657943.69	5169975.08	0.281479
21658015.84	5169955.08	0.229145
21658087.98	5169935.07	0.112013
21658160.13	5169915.06	0.185869
21658232.28	5169895.05	0.290498
21658304.42	5169875.04	0.328535
21658376.57	5169855.04	0.228895
21658448.72	5169835.03	0.219309
21658520.86	5169815.02	0.195295
21658593.01	5169795.01	0.148519
21658665.16	5169775	0.218395
21658737.3	5169755	0.193191
21658809.45	5169734.99	0.155382
21658881.6	5169714.98	0.17053
21658953.74	5169694.97	0.226337
21659025.89	5169674.96	0.23696
21659098.04	5169654.96	0.232322
21653273.78	5171346.38	0.188204
21653345.93	5171326.37	0.189324
21653418.07	5171306.36	0.0764524
21653490.22	5171286.35	0.125641
21653562.37	5171266.35	0.182115
21653634.51	5171246.34	0.226545
21653706.66	5171226.33	0.149761
21653778.81	5171206.32	0.162872
21653850.96	5171186.31	0.249916
21653923.1	5171166.31	0.258231
21653995.25	5171146.3	0.285262
21654067.4	5171126.29	0.293309
21654139.54	5171106.28	0.27473
21654211.69	5171086.27	0.266066
21654283.84	5171066.27	0.28603
21654355.98	5171046.26	0.287792
21654428.13	5171026.25	0.292022
21654500.28	5171006.24	0.288765
21654572.42	5170986.23	0.276353
21654644.57	5170966.23	0.283608
21654716.72	5170946.22	0.295575
21654788.86	5170926.21	0.289962
21654861.01	5170906.2	0.283193
21654933.16	5170886.19	0.274643
21655005.3	5170866.18	0.250195
21655077.45	5170846.18	0.190264
21655149.6	5170826.17	0.229483
21655221.74	5170806.16	0.224063
21655293.89	5170786.15	0.236389
21655366.04	5170766.14	0.236302
21655438.18	5170746.14	0.254615
21655510.33	5170726.13	0.245962
21655582.48	5170706.12	0.27723
21655654.62	5170686.11	0.285839
21655726.77	5170666.1	0.259192
21655798.92	5170646.1	0.260796
21655871.06	5170626.09	0.25823
21655943.21	5170606.08	0.276952
21656015.36	5170586.07	0.220561
21656087.5	5170566.06	0.155068
21656159.65	5170546.06	0.1414
21656231.8	5170526.05	0.192172
21656303.94	5170506.04	0.233613
21656376.09	5170486.03	0.269101
21656448.24	5170466.02	0.279176
21656520.38	5170446.02	0.233989
21656592.53	5170426.01	0.21019
21656664.68	5170406	0.244861
21656736.82	5170385.99	0.277928
21656808.97	5170365.98	0.256367
21656881.12	5170345.98	0.27103
21656953.26	5170325.97	0.295383
21657025.41	5170305.96	0.25227
21657097.56	5170285.95	0.191393
21657169.7	5170265.94	0.22657
21657241.85	5170245.94	0.246922
21657314	5170225.93	0.293604
21657386.14	5170205.92	0.247726
21657458.29	5170185.91	0.247845
21657530.44	5170165.9	0.254596
21657602.58	5170145.9	0.27516
21657674.73	5170125.89	0.316054
21657746.88	5170105.88	0.318046
21657819.02	5170085.87	0.274935
21657891.17	5170065.86	0.280109
21657963.32	5170045.85	0.275807
21658035.46	5170025.85	0.248424
21658107.61	5170005.84	0.312562
21658179.76	5169985.83	0.226237
21658251.9	5169965.82	0.263342
21658324.05	5169945.81	0.272526
21658396.2	5169925.81	0.228782
21658468.34	5169905.8	0.228237
21658540.49	5169885.79	0.19802
21658612.64	5169865.78	0.158414
21658684.78	5169845.77	0.215517
21658756.93	5169825.77	0.205536
21658829.08	5169805.76	0.197469
21658901.22	5169785.75	0.221799
21658973.37	5169765.74	0.23983
21659045.52	5169745.73	0.226867
21653293.41	5171417.15	0.278268
21653365.55	5171397.14	0.193516
21653437.7	5171377.13	0.0974988
21653509.85	5171357.12	0.118234
21653581.99	5171337.12	0.13239
21653654.14	5171317.11	0.205204
21653726.29	5171297.1	0.21024
21653798.43	5171277.09	0.207389
21653870.58	5171257.08	0.229088
21653942.73	5171237.08	0.212017
21654014.87	5171217.07	0.252304
21654087.02	5171197.06	0.258212
21654159.17	5171177.05	0.263653
21654231.32	5171157.04	0.270889
21654303.46	5171137.04	0.277188
21654375.61	5171117.03	0.280521
21654447.76	5171097.02	0.286974
21654519.9	5171077.01	0.288385
21654592.05	5171057	0.273854
21654664.2	5171037	0.295981
21654736.34	5171016.99	0.295588
21654808.49	5170996.98	0.286219
21654880.64	5170976.97	0.28163
21654952.78	5170956.96	0.265812
21655024.93	5170936.96	0.26364
21655097.08	5170916.95	0.24271
21655169.22	5170896.94	0.260491
21655241.37	5170876.93	0.279206
21655313.52	5170856.92	0.190454
21655385.66	5170836.92	0.185479
21655457.81	5170816.91	0.230377
21655529.96	5170796.9	0.314958
21655602.1	5170776.89	0.289295
21655674.25	5170756.88	0.238978
21655746.4	5170736.88	0.268503
21655818.54	5170716.87	0.289908
21655890.69	5170696.86	0.304556
21655962.84	5170676.85	0.275829
21656034.98	5170656.84	0.230594
21656107.13	5170636.83	0.197589
21656179.28	5170616.83	0.130319
21656251.42	5170596.82	0.199718
21656323.57	5170576.81	0.23625
21656395.72	5170556.8	0.247515
21656467.86	5170536.79	0.254049
21656540.01	5170516.79	0.225723
21656612.16	5170496.78	0.224659
21656684.3	5170476.77	0.232274
21656756.45	5170456.76	0.271092
21656828.6	5170436.75	0.290361
21656900.74	5170416.75	0.289716
21656972.89	5170396.74	0.31116
21657045.04	5170376.73	0.334545
21657117.18	5170356.72	0.275997
21657189.33	5170336.71	0.269513
21657261.48	5170316.71	0.286516
21657333.62	5170296.7	0.267546
21657405.77	5170276.69	0.227906
21657477.92	5170256.68	0.228776
21657550.06	5170236.67	0.256142
21657622.21	5170216.67	0.255545
21657694.36	5170196.66	0.28672
21657766.5	5170176.65	0.300884
21657838.65	5170156.64	0.282852
21657910.8	5170136.63	0.320269
21657982.94	5170116.63	0.297749
21658055.09	5170096.62	0.26343
21658127.24	5170076.61	0.252223
21658199.38	5170056.6	0.106602
21658271.53	5170036.59	0.190775
21658343.68	5170016.59	0.245962
21658415.82	5169996.58	0.177156
21658487.97	5169976.57	0.215275
21658560.12	5169956.56	0.12826
21658632.26	5169936.55	0.090386
21658704.41	5169916.55	0.123566
21658776.56	5169896.54	0.18078
21658848.7	5169876.53	0.21674
21658920.85	5169856.52	0.217539
21658993	5169836.51	0.238601
21659065.14	5169816.5	0.242266
21653313.03	5171487.92	0.247348
21653385.18	5171467.91	0.23919
21653457.33	5171447.9	0.217601
21653529.47	5171427.9	0.173222
21653601.62	5171407.89	0.152325
21653673.77	5171387.88	0.202502
21653745.91	5171367.87	0.27182
21653818.06	5171347.86	0.234099
21653890.21	5171327.86	0.197047
21653962.35	5171307.85	0.172788
21654034.5	5171287.84	0.170355
21654106.65	5171267.83	0.0970655
21654178.79	5171247.82	0.261494
21654250.94	5171227.82	0.266642
21654323.09	5171207.81	0.255078
21654395.23	5171187.8	0.248132
21654467.38	5171167.79	0.250652
21654539.53	5171147.78	0.271754
21654611.67	5171127.77	0.221165
21654683.82	5171107.77	0.274166
21654755.97	5171087.76	0.267121
21654828.12	5171067.75	0.287932
21654900.26	5171047.74	0.265456
21654972.41	5171027.73	0.261682
21655044.56	5171007.73	0.224457
21655116.7	5170987.72	0.242227
21655188.85	5170967.71	0.249814
21655261	5170947.7	0.201589
21655333.14	5170927.69	0.165994
21655405.29	5170907.69	0.239834
21655477.44	5170887.68	0.259319
21655549.58	5170867.67	0.296764
21655621.73	5170847.66	0.270547
21655693.88	5170827.65	0.241842
21655766.02	5170807.65	0.268956
21655838.17	5170787.64	0.294673
21655910.32	5170767.63	0.215644
21655982.46	5170747.62	0.248321
21656054.61	5170727.61	0.23003
21656126.76	5170707.61	0.187368
21656198.9	5170687.6	0.171901
21656271.05	5170667.59	0.244748
21656343.2	5170647.58	0.267529
21656415.34	5170627.57	0.250025
21656487.49	5170607.57	0.252468
21656559.64	5170587.56	0.214367
21656631.78	5170567.55	0.213629
21656703.93	5170547.54	0.242846
21656776.08	5170527.53	0.266357
21656848.22	5170507.53	0.306401
21656920.37	5170487.52	0.271935
21656992.52	5170467.51	0.269733
21657064.66	5170447.5	0.267118
21657136.81	5170427.49	0.283419
21657208.96	5170407.48	0.271888
21657281.1	5170387.48	0.279802
21657353.25	5170367.47	0.197904
21657425.4	5170347.46	0.142303
21657497.54	5170327.45	0.166655
21657569.69	5170307.44	0.20572
21657641.84	5170287.44	0.262971
21657713.98	5170267.43	0.300392
21657786.13	5170247.42	0.266858
21657858.28	5170227.41	0.269682
21657930.42	5170207.4	0.246617
21658002.57	5170187.4	0.253549
21658074.72	5170167.39	0.230863
21658146.86	5170147.38	0.270393
21658219.01	5170127.37	0.216025
21658291.16	5170107.36	0.242057
21658363.3	5170087.36	0.239464
21658435.45	5170067.35	0.185317
21658507.6	5170047.34	0.208878
21658579.74	5170027.33	0.232773
21658651.89	5170007.32	0.167279
21658724.04	5169987.32	0.177295
21658796.18	5169967.31	0.189022
21658868.33	5169947.3	0.260529
21658940.48	5169927.29	0.244574
21659012.62	5169907.28	0.262502
21659084.77	5169887.28	0.247179
21653260.51	5171578.7	0.185434
21653332.66	5171558.69	0.212024
21653404.81	5171538.68	0.257078
21653476.95	5171518.67	0.200945
21653549.1	5171498.67	0.212754
21653621.25	5171478.66	0.16224
21653693.39	5171458.65	0.252685
21653765.54	5171438.64	0.25256
21653837.69	5171418.63	0.247762
21653909.83	5171398.63	0.292657
21653981.98	5171378.62	0.213374
21654054.13	5171358.61	0.283277
21654126.27	5171338.6	0.261639
21654198.42	5171318.59	0.267686
21654270.57	5171298.59	0.276718
21654342.71	5171278.58	0.265747
21654414.86	5171258.57	0.261273
21654487.01	5171238.56	0.251958
21654559.15	5171218.55	0.256774
21654631.3	5171198.55	0.244732
21654703.45	5171178.54	0.270242
21654775.59	5171158.53	0.258625
21654847.74	5171138.52	0.246252
21654919.89	5171118.51	0.258947
21654992.04	5171098.51	0.303053
21655064.18	5171078.5	0.299953
21655136.33	5171058.49	0.282576
21655208.48	5171038.48	0.184635
21655280.62	5171018.47	0.139111
21655352.77	5170998.47	0.132708
21655424.92	5170978.46	0.248966
21655497.06	5170958.45	0.270935
21655569.21	5170938.44	0.289628
21655641.36	5170918.43	0.286404
21655713.5	5170898.42	0.239251
21655785.65	5170878.42	0.192182
21655857.8	5170858.41	0.157476
21655929.94	5170838.4	0.164868
21656002.09	5170818.39	0.217259
21656074.24	5170798.38	0.230817
21656146.38	5170778.38	0.165709
21656218.53	5170758.37	0.123143
21656290.68	5170738.36	0.20462
21656362.82	5170718.35	0.256964
21656434.97	5170698.34	0.226077
21656507.12	5170678.34	0.261197
21656579.26	5170658.33	0.256822
21656651.41	5170638.32	0.252312
21656723.56	5170618.31	0.262684
21656795.7	5170598.3	0.276092
21656867.85	5170578.3	0.325164
21656940	5170558.29	0.281418
21657012.14	5170538.28	0.250825
21657084.29	5170518.27	0.278384
21657156.44	5170498.26	0.250745
21657228.58	5170478.26	0.256755
21657300.73	5170458.25	0.264989
21657372.88	5170438.24	0.208501
21657445.02	5170418.23	0
21657517.17	5170398.22	0.121927
21657589.32	5170378.22	0.192904
21657661.46	5170358.21	0.238451
21657733.61	5170338.2	0.290892
21657805.76	5170318.19	0.268539
21657877.9	5170298.18	0.245111
21657950.05	5170278.18	0.206642
21658022.2	5170258.17	0.154849
21658094.34	5170238.16	0.221978
21658166.49	5170218.15	0.25013
21658238.64	5170198.14	0.270509
21658310.78	5170178.13	0.260847
21658382.93	5170158.13	0.265072
21658455.08	5170138.12	0.271155
21658527.22	5170118.11	0.25418
21658599.37	5170098.1	0.24635
21658671.52	5170078.09	0.165969
21658743.66	5170058.09	0.21384
21658815.81	5170038.08	0.194221
21658887.96	5170018.07	0.273691
21658960.1	5169998.06	0.216475
21659032.25	5169978.05	0.247318
21659104.4	5169958.05	0.219648
21653280.14	5171649.47	0.295201
21653352.29	5171629.46	0.196037
21653424.43	5171609.45	0.289318
21653496.58	5171589.45	0.232255
21653568.73	5171569.44	0.271004
21653640.87	5171549.43	0.237158
21653713.02	5171529.42	0.236219
21653785.17	5171509.41	0.188982
21653857.31	5171489.4	0.233513
21653929.46	5171469.4	0.265195
21654001.61	5171449.39	0.189977
21654073.75	5171429.38	0.261189
21654145.9	5171409.37	0.280591
21654218.05	5171389.36	0.270726
21654290.19	5171369.36	0.279045
21654362.34	5171349.35	0.278655
21654434.49	5171329.34	0.256705
21654506.63	5171309.33	0.245847
21654578.78	5171289.32	0.242131
21654650.93	5171269.32	0.254157
21654723.07	5171249.31	0.259068
21654795.22	5171229.3	0.27226
21654867.37	5171209.29	0.268969
21654939.51	5171189.28	0.269573
21655011.66	5171169.28	0.295589
21655083.81	5171149.27	0.27876
21655155.95	5171129.26	0.258156
21655228.1	5171109.25	0.228355
21655300.25	5171089.24	0.200789
21655372.39	5171069.24	0.180562
21655444.54	5171049.23	0.224151
21655516.69	5171029.22	0.210499
21655588.84	5171009.21	0.27223
21655660.98	5170989.2	0.26406
21655733.13	5170969.2	0.264077
21655805.28	5170949.19	0.258703
21655877.42	5170929.18	0.231505
21655949.57	5170909.17	0.232605
21656021.72	5170889.16	0.272681
21656093.86	5170869.16	0.27387
21656166.01	5170849.15	0.198722
21656238.16	5170829.14	0.140839
21656310.3	5170809.13	0.160575
21656382.45	5170789.12	0.275078
21656454.6	5170769.11	0.264123
21656526.74	5170749.11	0.279046
21656598.89	5170729.1	0.289062
21656671.04	5170709.09	0.270126
21656743.18	5170689.08	0.289971
21656815.33	5170669.07	0.266651
21656887.48	5170649.07	0.222476
21656959.62	5170629.06	0.256431
21657031.77	5170609.05	0.254559
21657103.92	5170589.04	0.271512
21657176.06	5170569.03	0.248334
21657248.21	5170549.03	0.253854
21657320.36	5170529.02	0.233377
21657392.5	5170509.01	0.225232
21657464.65	5170489	0.180979
21657536.8	5170468.99	0.17726
21657608.94	5170448.99	0.239893
21657681.09	5170428.98	0.270869
21657753.24	5170408.97	0.278068
21657825.38	5170388.96	0.311095
21657897.53	5170368.95	0.219674
21657969.68	5170348.95	0.217423
21658041.82	5170328.94	0.217557
21658113.97	5170308.93	0.232509
21658186.12	5170288.92	0.254861
21658258.26	5170268.91	0.244348
21658330.41	5170248.91	0.260122
21658402.56	5170228.9	0.233158
21658474.7	5170208.89	0.24108
21658546.85	5170188.88	0.239138
21658619	5170168.87	0.232298
21658691.14	5170148.87	0.082812
21658763.29	5170128.86	0.225541
21658835.44	5170108.85	0.216738
21658907.58	5170088.84	0.216504
21658979.73	5170068.83	0.250427
21659051.88	5170048.83	0.226816
21653299.77	5171720.24	0.348404
21653371.91	5171700.23	0.269331
21653444.06	5171680.22	0.309118
21653516.21	5171660.22	0.284583
21653588.35	5171640.21	0.292736
21653660.5	5171620.2	0.27697
21653732.65	5171600.19	0.273385
21653804.79	5171580.18	0.230338
21653876.94	5171560.18	0.276772
21653949.09	5171540.17	0.290078
21654021.23	5171520.16	0.254561
21654093.38	5171500.15	0.287634
21654165.53	5171480.14	0.271485
21654237.67	5171460.14	0.280992
21654309.82	5171440.13	0.282755
21654381.97	5171420.12	0.283401
21654454.11	5171400.11	0.179012
21654526.26	5171380.1	0.282718
21654598.41	5171360.09	0.260008
21654670.55	5171340.09	0.260044
21654742.7	5171320.08	0.241572
21654814.85	5171300.07	0.278316
21654886.99	5171280.06	0.270762
21654959.14	5171260.05	0.260898
21655031.29	5171240.05	0.253383
21655103.43	5171220.04	0.274077
21655175.58	5171200.03	0.267361
21655247.73	5171180.02	0.242258
21655319.87	5171160.01	0.245412
21655392.02	5171140.01	0.254562
21655464.17	5171120	0.255796
21655536.31	5171099.99	0.196555
21655608.46	5171079.98	0.266268
21655680.61	5171059.97	0.247005
21655752.76	5171039.97	0.250241
21655824.9	5171019.96	0.158334
21655897.05	5170999.95	0.251497
21655969.2	5170979.94	0.296624
21656041.34	5170959.93	0.289428
21656113.49	5170939.93	0.25709
21656185.64	5170919.92	0.207338
21656257.78	5170899.91	0.0992985
21656329.93	5170879.9	0.0499716
21656402.08	5170859.89	0.177821
21656474.22	5170839.89	0.252828
21656546.37	5170819.88	0.268792
21656618.52	5170799.87	0.215062
21656690.66	5170779.86	0.130632
21656762.81	5170759.85	0.173831
21656834.96	5170739.85	0.216753
21656907.1	5170719.84	0.190501
21656979.25	5170699.83	0.197676
21657051.4	5170679.82	0.265464
21657123.54	5170659.81	0.26528
21657195.69	5170639.81	0.259564
21657267.84	5170619.8	0.265776
21657339.98	5170599.79	0.265886
21657412.13	5170579.78	0.268925
21657484.28	5170559.77	0.241238
21657556.42	5170539.76	0.231857
21657628.57	5170519.76	0.270445
21657700.72	5170499.75	0.283488
21657772.86	5170479.74	0.26744
21657845.01	5170459.73	0.290841
21657917.16	5170439.72	0.235374
21657989.3	5170419.72	0
21658061.45	5170399.71	0.132614
21658133.6	5170379.7	0.154142
21658205.74	5170359.69	0.211941
21658277.89	5170339.68	0.231964
21658350.04	5170319.68	0.201604
21658422.18	5170299.67	0.205331
21658494.33	5170279.66	0.240871
21658566.48	5170259.65	0.233958
21658638.62	5170239.64	0.217353
21658710.77	5170219.64	0.186249
21658782.92	5170199.63	0.15176
21658855.06	5170179.62	0.178676
21658927.21	5170159.61	0.143088
21658999.36	5170139.6	0.230943
21659071.5	5170119.6	0.249807
21653247.25	5171811.02	0.341031
21653319.39	5171791.01	0.350596
21653391.54	5171771	0.357059
21653463.69	5171750.99	0.350836
21653535.83	5171730.99	0.307585
21653607.98	5171710.98	0.313078
21653680.13	5171690.97	0.317164
21653752.27	5171670.96	0.300697
21653824.42	5171650.95	0.295947
21653896.57	5171630.95	0.282351
21653968.71	5171610.94	0.30133
21654040.86	5171590.93	0.315475
21654113.01	5171570.92	0.280573
21654185.15	5171550.91	0.250154
21654257.3	5171530.91	0.263822
21654329.45	5171510.9	0.273322
21654401.59	5171490.89	0.272297
21654473.74	5171470.88	0.269726
21654545.89	5171450.87	0.256662
21654618.03	5171430.87	0.213711
21654690.18	5171410.86	0.210851
21654762.33	5171390.85	0.237803
21654834.47	5171370.84	0.242314
21654906.62	5171350.83	0.280996
21654978.77	5171330.83	0.2629
21655050.91	5171310.82	0.260278
21655123.06	5171290.81	0.260465
21655195.21	5171270.8	0.274597
21655267.35	5171250.79	0.288598
21655339.5	5171230.79	0.302045
21655411.65	5171210.78	0.307217
21655483.79	5171190.77	0.342648
21655555.94	5171170.76	0.33356
21655628.09	5171150.75	0.318608
21655700.23	5171130.74	0.285568
21655772.38	5171110.74	0.258643
21655844.53	5171090.73	0.166411
21655916.67	5171070.72	0.263959
21655988.82	5171050.71	0.283818
21656060.97	5171030.7	0.281085
21656133.11	5171010.7	0.234049
21656205.26	5170990.69	0.211101
21656277.41	5170970.68	0.164949
21656349.56	5170950.67	0.119089
21656421.7	5170930.66	0.18232
21656493.85	5170910.66	0.260004
21656566	5170890.65	0.265738
21656638.14	5170870.64	0.218179
21656710.29	5170850.63	0.210648
21656782.44	5170830.62	0.233925
21656854.58	5170810.62	0.269259
21656926.73	5170790.61	0.217544
21656998.88	5170770.6	0.210929
21657071.02	5170750.59	0.260181
21657143.17	5170730.58	0.279681
21657215.32	5170710.58	0.273493
21657287.46	5170690.57	0.251298
21657359.61	5170670.56	0.272507
21657431.76	5170650.55	0.262586
21657503.9	5170630.54	0.249565
21657576.05	5170610.54	0.246801
21657648.2	5170590.53	0.279493
21657720.34	5170570.52	0.280316
21657792.49	5170550.51	0.278933
21657864.64	5170530.5	0.287796
21657936.78	5170510.5	0.218322
21658008.93	5170490.49	0.123182
21658081.08	5170470.48	0.122805
21658153.22	5170450.47	0.176088
21658225.37	5170430.46	0.229406
21658297.52	5170410.46	0.258496
21658369.66	5170390.45	0.211917
21658441.81	5170370.44	0.24943
21658513.96	5170350.43	0.262978
21658586.1	5170330.42	0.256123
21658658.25	5170310.41	0.277703
21658730.4	5170290.41	0.273207
21658802.54	5170270.4	0.176504
21658874.69	5170250.39	0.235899
21658946.84	5170230.38	0.235581
21659018.98	5170210.37	0.270323
21659091.13	5170190.37	0.241491
21653266.87	5171881.79	0.351253
21653339.02	5171861.78	0.360917
21653411.17	5171841.77	0.372191
21653483.31	5171821.77	0.359907
21653555.46	5171801.76	0.323334
21653627.61	5171781.75	0.325503
21653699.75	5171761.74	0.324791
21653771.9	5171741.73	0.317577
21653844.05	5171721.73	0.302553
21653916.19	5171701.72	0.305713
21653988.34	5171681.71	0.334985
21654060.49	5171661.7	0.329861
21654132.63	5171641.69	0.317095
21654204.78	5171621.68	0.249347
21654276.93	5171601.68	0.266988
21654349.07	5171581.67	0.259831
21654421.22	5171561.66	0.247011
21654493.37	5171541.65	0.253315
21654565.51	5171521.64	0.241563
21654637.66	5171501.64	0.229036
21654709.81	5171481.63	0.210195
21654781.95	5171461.62	0.232215
21654854.1	5171441.61	0.252007
21654926.25	5171421.6	0.262852
21654998.39	5171401.6	0.252534
21655070.54	5171381.59	0.237321
21655142.69	5171361.58	0.259657
21655214.83	5171341.57	0.313973
21655286.98	5171321.56	0.336659
21655359.13	5171301.56	0.348946
21655431.27	5171281.55	0.344396
21655503.42	5171261.54	0.36337
21655575.57	5171241.53	0.365606
21655647.71	5171221.52	0.340797
21655719.86	5171201.52	0.292246
21655792.01	5171181.51	0.254532
21655864.15	5171161.5	0.200237
21655936.3	5171141.49	0.239935
21656008.45	5171121.48	0.267809
21656080.59	5171101.48	0.26875
21656152.74	5171081.47	0.267378
21656224.89	5171061.46	0.288581
21656297.03	5171041.45	0.261354
21656369.18	5171021.44	0.24837
21656441.33	5171001.44	0.230332
21656513.48	5170981.43	0.24269
21656585.62	5170961.42	0.230678
21656657.77	5170941.41	0.262357
21656729.91	5170921.4	0.290745
21656802.06	5170901.39	0.310661
21656874.21	5170881.39	0.273426
21656946.36	5170861.38	0.191605
21657018.5	5170841.37	0.237159
21657090.65	5170821.36	0.261114
21657162.8	5170801.35	0.265405
21657234.94	5170781.35	0.282603
21657307.09	5170761.34	0.278741
21657379.24	5170741.33	0.269135
21657451.38	5170721.32	0.25635
21657523.53	5170701.31	0.248169
21657595.68	5170681.31	0.237867
21657667.82	5170661.3	0.257125
21657739.97	5170641.29	0.278752
21657812.12	5170621.28	0.272761
21657884.26	5170601.27	0.235136
21657956.41	5170581.27	0.182915
21658028.56	5170561.26	0.199516
21658100.7	5170541.25	0.193103
21658172.85	5170521.24	0.231097
21658245	5170501.23	0.256968
21658317.14	5170481.23	0.261738
21658389.29	5170461.22	0.267688
21658461.44	5170441.21	0.258047
21658533.58	5170421.2	0.241852
21658605.73	5170401.19	0.235264
21658677.88	5170381.19	0.233114
21658750.02	5170361.18	0.237539
21658822.17	5170341.17	0.215851
21658894.32	5170321.16	0.22087
21658966.46	5170301.15	0.310539
21659038.61	5170281.15	0.271631
21653286.5	5171952.56	0.369532
21653358.65	5171932.55	0.370171
21653430.79	5171912.54	0.376986
21653502.94	5171892.54	0.375268
21653575.09	5171872.53	0.323584
21653647.23	5171852.52	0.325278
21653719.38	5171832.51	0.325425
21653791.53	5171812.5	0.320147
21653863.67	5171792.5	0.311868
21653935.82	5171772.49	0.333914
21654007.97	5171752.48	0.35396
21654080.11	5171732.47	0.343186
21654152.26	5171712.46	0.325631
21654224.41	5171692.46	0.263257
21654296.55	5171672.45	0.253579
21654368.7	5171652.44	0.242311
21654440.85	5171632.43	0.253244
21654512.99	5171612.42	0.245951
21654585.14	5171592.42	0.258935
21654657.29	5171572.41	0.228771
21654729.43	5171552.4	0.222063
21654801.58	5171532.39	0.235508
21654873.73	5171512.38	0.237315
21654945.87	5171492.37	0.256285
21655018.02	5171472.37	0.264827
21655090.17	5171452.36	0.26552
21655162.31	5171432.35	0.264608
21655234.46	5171412.34	0.309743
21655306.61	5171392.33	0.343943
21655378.75	5171372.33	0.356291
21655450.9	5171352.32	0.359587
21655523.05	5171332.31	0.360451
21655595.19	5171312.3	0.352647
21655667.34	5171292.29	0.317697
21655739.49	5171272.29	0.283717
21655811.63	5171252.28	0.267432
21655883.78	5171232.27	0.239463
21655955.93	5171212.26	0.232153
21656028.07	5171192.25	0.260385
21656100.22	5171172.25	0.288369
21656172.37	5171152.24	0.266314
21656244.51	5171132.23	0.26104
21656316.66	5171112.22	0.270333
21656388.81	5171092.21	0.282053
21656460.95	5171072.21	0.266378
21656533.1	5171052.2	0.262861
21656605.25	5171032.19	0.263488
21656677.39	5171012.18	0.319412
21656749.54	5170992.17	0.29659
21656821.69	5170972.17	0.32488
21656893.84	5170952.16	0.252142
21656965.98	5170932.15	0.221539
21657038.13	5170912.14	0.238459
21657110.27	5170892.13	0.266952
21657182.42	5170872.13	0.263317
21657254.57	5170852.12	0.258747
21657326.72	5170832.11	0.271855
21657398.86	5170812.1	0.274992
21657471.01	5170792.09	0.245811
21657543.16	5170772.09	0.236319
21657615.3	5170752.08	0.243499
21657687.45	5170732.07	0.231428
21657759.6	5170712.06	0.254819
21657831.74	5170692.05	0.238379
21657903.89	5170672.04	0.249756
21657976.04	5170652.04	0.198184
21658048.18	5170632.03	0.216226
21658120.33	5170612.02	0.237047
21658192.48	5170592.01	0.166755
21658264.62	5170572	0.267686
21658336.77	5170552	0.296872
21658408.92	5170531.99	0.264112
21658481.06	5170511.98	0.259784
21658553.21	5170491.97	0.247971
21658625.36	5170471.96	0.234485
21658697.5	5170451.96	0.256081
21658769.65	5170431.95	0.261258
21658841.8	5170411.94	0.249161
21658913.94	5170391.93	0.240991
21658986.09	5170371.92	0.276068
21659058.24	5170351.92	0.30919
21653306.13	5172023.33	0.370175
21653378.27	5172003.32	0.373833
21653450.42	5171983.31	0.377661
21653522.57	5171963.31	0.353275
21653594.71	5171943.3	0.319835
21653666.86	5171923.29	0.320193
21653739.01	5171903.28	0.323192
21653811.15	5171883.27	0.322811
21653883.3	5171863.27	0.312878
21653955.45	5171843.26	0.348721
21654027.59	5171823.25	0.35723
21654099.74	5171803.24	0.354919
21654171.89	5171783.23	0.345832
21654244.03	5171763.23	0.293587
21654316.18	5171743.22	0.270597
21654388.33	5171723.21	0.252178
21654460.47	5171703.2	0.23758
21654532.62	5171683.19	0.261025
21654604.77	5171663.19	0.239663
21654676.91	5171643.18	0.211345
21654749.06	5171623.17	0.185803
21654821.21	5171603.16	0.190885
21654893.35	5171583.15	0.205408
21654965.5	5171563.15	0.226386
21655037.65	5171543.14	0.242982
21655109.79	5171523.13	0.257088
21655181.94	5171503.12	0.270096
21655254.09	5171483.11	0.31697
21655326.23	5171463.11	0.345746
21655398.38	5171443.1	0.35341
21655470.53	5171423.09	0.354705
21655542.67	5171403.08	0.351303
21655614.82	5171383.07	0.343125
21655686.97	5171363.07	0.32316
21655759.11	5171343.06	0.315175
21655831.26	5171323.05	0.281111
21655903.41	5171303.04	0.259286
21655975.55	5171283.03	0.262445
21656047.7	5171263.02	0.278352
21656119.85	5171243.02	0.275895
21656191.99	5171223.01	0.267836
21656264.14	5171203	0.263881
21656336.29	5171182.99	0.260475
21656408.43	5171162.98	0.266075
21656480.58	5171142.98	0.252626
21656552.73	5171122.97	0.231132
21656624.87	5171102.96	0.213244
21656697.02	5171082.95	0.254913
21656769.17	5171062.94	0.202163
21656841.31	5171042.94	0.210306
21656913.46	5171022.93	0.224757
21656985.61	5171002.92	0.203132
21657057.75	5170982.91	0.224689
21657129.9	5170962.9	0.256339
21657202.05	5170942.9	0.238725
21657274.19	5170922.89	0.228823
21657346.34	5170902.88	0.244986
21657418.49	5170882.87	0.267024
21657490.64	5170862.86	0.242146
21657562.78	5170842.86	0.238828
21657634.93	5170822.85	0.257931
21657707.08	5170802.84	0.237954
21657779.22	5170782.83	0.252578
21657851.37	5170762.82	0.233097
21657923.52	5170742.82	0.248436
21657995.66	5170722.81	0.227432
21658067.81	5170702.8	0.221733
21658139.96	5170682.79	0.199526
21658212.1	5170662.78	0.155169
21658284.25	5170642.78	0.218675
21658356.4	5170622.77	0.286586
21658428.54	5170602.76	0.260138
21658500.69	5170582.75	0.264389
21658572.84	5170562.74	0.270275
21658644.98	5170542.74	0.268985
21658717.13	5170522.73	0.270185
21658789.28	5170502.72	0.261105
21658861.42	5170482.71	0.246245
21658933.57	5170462.7	0.253167
21659005.72	5170442.69	0.23383
21659077.86	5170422.69	0.256806
21653253.61	5172114.11	0.377704
21653325.75	5172094.1	0.373316
21653397.9	5172074.09	0.373918
21653470.05	5172054.09	0.375611
21653542.19	5172034.08	0.351327
21653614.34	5172014.07	0.310728
21653686.49	5171994.06	0.308383
21653758.63	5171974.05	0.310217
21653830.78	5171954.05	0.318933
21653902.93	5171934.04	0.310626
21653975.07	5171914.03	0.329762
21654047.22	5171894.02	0.35928
21654119.37	5171874.01	0.352146
21654191.51	5171854	0.352078
21654263.66	5171834	0.28672
21654335.81	5171813.99	0.268011
21654407.95	5171793.98	0.257298
21654480.1	5171773.97	0.24691
21654552.25	5171753.96	0.255593
21654624.39	5171733.96	0.211497
21654696.54	5171713.95	0.191728
21654768.69	5171693.94	0.175622
21654840.83	5171673.93	0.202427
21654912.98	5171653.92	0.220983
21654985.13	5171633.92	0.214379
21655057.27	5171613.91	0.254754
21655129.42	5171593.9	0.265292
21655201.57	5171573.89	0.300115
21655273.71	5171553.88	0.328987
21655345.86	5171533.88	0.343665
21655418.01	5171513.87	0.34487
21655490.15	5171493.86	0.347155
21655562.3	5171473.85	0.336592
21655634.45	5171453.84	0.337067
21655706.59	5171433.84	0.328263
21655778.74	5171413.83	0.316084
21655850.89	5171393.82	0.284661
21655923.03	5171373.81	0.262805
21655995.18	5171353.8	0.269698
21656067.33	5171333.8	0.264757
21656139.47	5171313.79	0.282198
21656211.62	5171293.78	0.268448
21656283.77	5171273.77	0.278137
21656355.91	5171253.76	0.232755
21656428.06	5171233.76	0.208395
21656500.21	5171213.75	0.199444
21656572.35	5171193.74	0.224241
21656644.5	5171173.73	0.211214
21656716.65	5171153.72	0.189913
21656788.79	5171133.72	0.181805
21656860.94	5171113.71	0.159794
21656933.09	5171093.7	0.16037
21657005.23	5171073.69	0.180364
21657077.38	5171053.68	0.226495
21657149.53	5171033.67	0.268499
21657221.67	5171013.67	0.232294
21657293.82	5170993.66	0.200356
21657365.97	5170973.65	0.239188
21657438.11	5170953.64	0.277356
21657510.26	5170933.63	0.254566
21657582.41	5170913.63	0.241315
21657654.55	5170893.62	0.24649
21657726.7	5170873.61	0.269694
21657798.85	5170853.6	0.266268
21657870.99	5170833.59	0.244432
21657943.14	5170813.59	0.259584
21658015.29	5170793.58	0.276937
21658087.44	5170773.57	0.252385
21658159.58	5170753.56	0.220217
21658231.73	5170733.55	0.176426
21658303.88	5170713.55	0.235727
21658376.02	5170693.54	0.290426
21658448.17	5170673.53	0.242261
21658520.32	5170653.52	0.26774
21658592.46	5170633.51	0.278459
21658664.61	5170613.51	0.276988
21658736.76	5170593.5	0.27966
21658808.9	5170573.49	0.280915
21658881.05	5170553.48	0.241521
21658953.2	5170533.47	0.246663
21659025.34	5170513.47	0.239146
21659097.49	5170493.46	0.269736
21653273.23	5172184.88	0.372623
21653345.38	5172164.87	0.375418
21653417.53	5172144.86	0.374366
21653489.67	5172124.86	0.37083
21653561.82	5172104.85	0.357818
21653633.97	5172084.84	0.307602
21653706.11	5172064.83	0.300943
21653778.26	5172044.82	0.296349
21653850.41	5172024.82	0.299175
21653922.55	5172004.81	0.302584
21653994.7	5171984.8	0.34123
21654066.85	5171964.79	0.355158
21654138.99	5171944.78	0.350395
21654211.14	5171924.78	0.336332
21654283.29	5171904.77	0.288696
21654355.43	5171884.76	0.279881
21654427.58	5171864.75	0.264068
21654499.73	5171844.74	0.24229
21654571.87	5171824.74	0.29224
21654644.02	5171804.73	0.183094
21654716.17	5171784.72	0.134936
21654788.31	5171764.71	0.153999
21654860.46	5171744.7	0.194374
21654932.61	5171724.7	0.211756
21655004.75	5171704.69	0.241113
21655076.9	5171684.68	0.277742
21655149.05	5171664.67	0.253715
21655221.19	5171644.66	0.289338
21655293.34	5171624.65	0.321859
21655365.49	5171604.65	0.344813
21655437.63	5171584.64	0.346312
21655509.78	5171564.63	0.350528
21655581.93	5171544.62	0.350759
21655654.07	5171524.61	0.333975
21655726.22	5171504.61	0.341701
21655798.37	5171484.6	0.325703
21655870.51	5171464.59	0.28532
21655942.66	5171444.58	0.255448
21656014.81	5171424.57	0.243528
21656086.95	5171404.57	0.256403
21656159.1	5171384.56	0.274008
21656231.25	5171364.55	0.271651
21656303.39	5171344.54	0.25591
21656375.54	5171324.53	0.171161
21656447.69	5171304.53	0.144299
21656519.83	5171284.52	0.172444
21656591.98	5171264.51	0.211974
21656664.13	5171244.5	0.23326
21656736.27	5171224.49	0.21179
21656808.42	5171204.49	0.176278
21656880.57	5171184.48	0.178733
21656952.71	5171164.47	0.158726
21657024.86	5171144.46	0.157634
21657097.01	5171124.45	0.179434
21657169.15	5171104.45	0.227409
21657241.3	5171084.44	0.183867
21657313.45	5171064.43	0.163507
21657385.59	5171044.42	0.214443
21657457.74	5171024.41	0.248327
21657529.89	5171004.41	0.263831
21657602.03	5170984.4	0.27324
21657674.18	5170964.39	0.263705
21657746.33	5170944.38	0.288688
21657818.47	5170924.37	0.287289
21657890.62	5170904.36	0.263118
21657962.77	5170884.36	0.254626
21658034.91	5170864.35	0.284408
21658107.06	5170844.34	0.275118
21658179.21	5170824.33	0.257048
21658251.36	5170804.32	0.26982
21658323.5	5170784.32	0.264765
21658395.65	5170764.31	0.236304
21658467.8	5170744.3	0.24642
21658539.94	5170724.29	0.275485
21658612.09	5170704.28	0.278157
21658684.24	5170684.28	0.262151
21658756.38	5170664.27	0.28234
21658828.53	5170644.26	0.272447
21658900.68	5170624.25	0.251315
21658972.82	5170604.24	0.199683
21659044.97	5170584.24	0.215617
