21653307.22	5170346.33	0.121106
21653379.37	5170326.32	0.101598
21653451.52	5170306.31	0.126434
21653523.66	5170286.3	0.137332
21653595.81	5170266.29	0.170076
21653667.96	5170246.29	0.163168
21653740.1	5170226.28	0.174587
21653812.25	5170206.27	0.194277
21653884.4	5170186.26	0.212858
21653956.54	5170166.25	0.257009
21654028.69	5170146.25	0.27929
21654100.84	5170126.24	0.267747
21654172.98	5170106.23	0.244098
21654245.13	5170086.22	0.23034
21654317.28	5170066.21	0.194758
21654389.42	5170046.21	0.1812
21654461.57	5170026.2	0.186838
21654533.72	5170006.19	0.180956
21654605.86	5169986.18	0.187961
21654678.01	5169966.17	0.182211
21654750.16	5169946.17	0.201325
21654822.31	5169926.16	0.215494
21654894.45	5169906.15	0.205676
21654966.6	5169886.14	0.221007
21655038.75	5169866.13	0.214921
21655110.89	5169846.13	0.196726
21655183.04	5169826.12	0.178532
21655255.19	5169806.11	0.182602
21655327.33	5169786.1	0.191118
21655399.48	5169766.09	0.236243
21653254.7	5170437.11	0.12358
21653326.85	5170417.1	0.114798
21653399	5170397.09	0.114822
21653471.14	5170377.08	0.12229
21653543.29	5170357.07	0.129338
21653615.44	5170337.07	0.170112
21653687.58	5170317.06	0.19276
21653759.73	5170297.05	0.195763
21653831.88	5170277.04	0.211336
21653904.02	5170257.03	0.222912
21653976.17	5170237.03	0.21898
21654048.32	5170217.02	0.233421
21654120.46	5170197.01	0.239045
21654192.61	5170177	0.227513
21654264.76	5170156.99	0.215987
21654336.9	5170136.98	0.187945
21654409.05	5170116.98	0.172191
21654481.2	5170096.97	0.180033
21654553.34	5170076.96	0.192596
21654625.49	5170056.95	0.201105
21654697.64	5170036.94	0.187438
21654769.78	5170016.94	0.200794
21654841.93	5169996.93	0.197693
21654914.08	5169976.92	0.186265
21654986.23	5169956.91	0.177069
21655058.37	5169936.9	0.200562
21655130.52	5169916.9	0.18893
21655202.66	5169896.89	0.182549
21655274.81	5169876.88	0.187377
21655346.96	5169856.87	0.194084
21655419.11	5169836.86	0.222181
21655491.25	5169816.86	0.233876
21655563.4	5169796.85	0.241574
21655635.55	5169776.84	0.225046
21655707.69	5169756.83	0.218104
21655779.84	5169736.82	0.222395
21655851.99	5169716.82	0.20767
21655924.13	5169696.81	0.191502
21655996.28	5169676.8	0.191612
21656068.43	5169656.79	0.194927
21656140.57	5169636.78	0.187554
21656212.72	5169616.78	0.187072
21656284.87	5169596.77	0.203171
21656357.01	5169576.76	0.218361
21656429.16	5169556.75	0.203024
21656501.31	5169536.74	0.235224
21656573.45	5169516.74	0.163654
21656645.6	5169496.73	0.169203
21656717.75	5169476.72	0.199268
21656789.89	5169456.71	0.205845
21656862.04	5169436.7	0.203802
21656934.19	5169416.69	0.215914
21657006.33	5169396.69	0.224506
21657078.48	5169376.68	0.218607
21657150.63	5169356.67	0.208447
21657222.77	5169336.66	0.212718
21657294.92	5169316.65	0.224604
21657367.07	5169296.65	0.253056
21657439.21	5169276.64	0.275008
21657511.36	5169256.63	0.229912
21657583.51	5169236.62	0.23439
21657655.65	5169216.61	0.225185
21657727.8	5169196.61	0.182525
21657799.95	5169176.6	0.194882
21657872.09	5169156.59	0.19738
21657944.24	5169136.58	0.192872
21658016.39	5169116.57	0.195121
21658088.53	5169096.57	0.223237
21658160.68	5169076.56	0.279355
21658232.83	5169056.55	0.279365
21658304.97	5169036.54	0.168568
21658377.12	5169016.53	0.160162
21658449.27	5168996.53	0.175772
21658521.41	5168976.52	0.167142
21658593.56	5168956.51	0.15633
21658665.71	5168936.5	0.15245
21658737.85	5168916.49	0.170037
21658810	5168896.49	0.178275
21658882.15	5168876.48	0.207945
21658954.29	5168856.47	0.214005
21659026.44	5168836.46	0.203217
21659098.59	5168816.45	0.215713
21653274.33	5170507.88	0.141781
21653346.48	5170487.87	0.140215
21653418.62	5170467.86	0.130748
21653490.77	5170447.85	0.14247
21653562.92	5170427.84	0.13879
21653635.06	5170407.84	0.152922
21653707.21	5170387.83	0.174193
21653779.36	5170367.82	0.223119
21653851.5	5170347.81	0.247123
21653923.65	5170327.8	0.215091
21653995.8	5170307.8	0.153526
21654067.94	5170287.79	0.177478
21654140.09	5170267.78	0.20635
21654212.24	5170247.77	0.22041
21654284.38	5170227.76	0.22837
21654356.53	5170207.76	0.18423
21654428.68	5170187.75	0.170883
21654500.82	5170167.74	0.184149
21654572.97	5170147.73	0.22206
21654645.12	5170127.72	0.243559
21654717.26	5170107.72	0.2222
21654789.41	5170087.71	0.199758
21654861.56	5170067.7	0.184205
21654933.7	5170047.69	0.172606
21655005.85	5170027.68	0.116208
21655078	5170007.68	0.198372
21655150.14	5169987.67	0.18368
21655222.29	5169967.66	0.195468
21655294.44	5169947.65	0.171289
21655366.58	5169927.64	0.183703
21655438.73	5169907.63	0.182248
21655510.88	5169887.63	0.200285
21655583.03	5169867.62	0.216047
21655655.17	5169847.61	0.1957
21655727.32	5169827.6	0.215698
21655799.47	5169807.59	0.227216
21655871.61	5169787.59	0.224195
21655943.76	5169767.58	0.222996
21656015.91	5169747.57	0.22105
21656088.05	5169727.56	0.203549
21656160.2	5169707.55	0.186773
21656232.35	5169687.55	0.192231
21656304.49	5169667.54	0.187462
21656376.64	5169647.53	0.19548
21656448.79	5169627.52	0.189243
21656520.93	5169607.51	0.154535
21656593.08	5169587.51	0.158527
21656665.23	5169567.5	0.19864
21656737.37	5169547.49	0.19731
21656809.52	5169527.48	0.205533
21656881.67	5169507.47	0.200413
21656953.81	5169487.47	0.195219
21657025.96	5169467.46	0.205935
21657098.11	5169447.45	0.205762
21657170.25	5169427.44	0.215701
21657242.4	5169407.43	0.217967
21657314.55	5169387.43	0.211029
21657386.69	5169367.42	0.230345
21657458.84	5169347.41	0.242134
21657530.99	5169327.4	0.246436
21657603.13	5169307.39	0.236628
21657675.28	5169287.39	0.216569
21657747.43	5169267.38	0.193049
21657819.57	5169247.37	0.210132
21657891.72	5169227.36	0.194561
21657963.87	5169207.35	0.200202
21658036.01	5169187.34	0.197362
21658108.16	5169167.34	0.195242
21658180.31	5169147.33	0.262825
21658252.45	5169127.32	0.262267
21658324.6	5169107.31	0.171243
21658396.75	5169087.3	0.164914
21658468.89	5169067.3	0.161523
21658541.04	5169047.29	0.162324
21658613.19	5169027.28	0.155574
21658685.33	5169007.27	0.152275
21658757.48	5168987.26	0.151264
21658829.63	5168967.26	0.152336
21658901.77	5168947.25	0.18299
21658973.92	5168927.24	0.199266
21659046.07	5168907.23	0.199136
21653293.96	5170578.65	0.161122
21653366.1	5170558.64	0.161618
21653438.25	5170538.63	0.159663
21653510.4	5170518.62	0.176908
21653582.54	5170498.61	0.160403
21653654.69	5170478.61	0.167014
21653726.84	5170458.6	0.171231
21653798.98	5170438.59	0.204727
21653871.13	5170418.58	0.220531
21653943.28	5170398.57	0.200986
21654015.42	5170378.57	0.131827
21654087.57	5170358.56	0.16507
21654159.72	5170338.55	0.174177
21654231.86	5170318.54	0.214777
21654304.01	5170298.53	0.253994
21654376.16	5170278.53	0.251525
21654448.3	5170258.52	0.207748
21654520.45	5170238.51	0.197884
21654592.6	5170218.5	0.216845
21654664.74	5170198.49	0.242363
21654736.89	5170178.49	0.220452
21654809.04	5170158.48	0.20627
21654881.18	5170138.47	0.19675
21654953.33	5170118.46	0.21007
21655025.48	5170098.45	0.197063
21655097.62	5170078.45	0.273076
21655169.77	5170058.44	0.171969
21655241.92	5170038.43	0.177109
21655314.06	5170018.42	0.135165
21655386.21	5169998.41	0.141851
21655458.36	5169978.41	0.159996
21655530.5	5169958.4	0.178539
21655602.65	5169938.39	0.1567
21655674.8	5169918.38	0.157117
21655746.95	5169898.37	0.198103
21655819.09	5169878.37	0.19909
21655891.24	5169858.36	0.21385
21655963.38	5169838.35	0.221926
21656035.53	5169818.34	0.224184
21656107.68	5169798.33	0.216305
21656179.83	5169778.32	0.188559
21656251.97	5169758.32	0.181048
21656324.12	5169738.31	0.192884
21656396.27	5169718.3	0.169929
21656468.41	5169698.29	0.169991
21656540.56	5169678.28	0.120541
21656612.71	5169658.28	0.199316
21656684.85	5169638.27	0.221376
21656757	5169618.26	0.211298
21656829.15	5169598.25	0.185896
21656901.29	5169578.24	0.179375
21656973.44	5169558.24	0.171997
21657045.59	5169538.23	0.183529
21657117.73	5169518.22	0.197467
21657189.88	5169498.21	0.190497
21657262.03	5169478.2	0.194746
21657334.17	5169458.2	0.190063
21657406.32	5169438.19	0.211115
21657478.47	5169418.18	0.223062
21657550.61	5169398.17	0.235762
21657622.76	5169378.16	0.221874
21657694.91	5169358.16	0.212974
21657767.05	5169338.15	0.207573
21657839.2	5169318.14	0.20907
21657911.35	5169298.13	0.211576
21657983.49	5169278.12	0.198208
21658055.64	5169258.12	0.18646
21658127.79	5169238.11	0.193111
21658199.93	5169218.1	0.263396
21658272.08	5169198.09	0.210416
21658344.23	5169178.08	0.150192
21658416.37	5169158.08	0.160178
21658488.52	5169138.07	0.166488
21658560.67	5169118.06	0.155822
21658632.81	5169098.05	0.130343
21658704.96	5169078.04	0.136257
21658777.11	5169058.03	0.144216
21658849.25	5169038.03	0.158899
21658921.4	5169018.02	0.175874
21658993.55	5168998.01	0.184626
21659065.69	5168978	0.201306
21653313.58	5170649.42	0.225773
21653385.73	5170629.41	0.191034
21653457.88	5170609.4	0.193556
21653530.02	5170589.39	0.19131
21653602.17	5170569.39	0.186555
21653674.32	5170549.38	0.179569
21653746.46	5170529.37	0.174262
21653818.61	5170509.36	0.17839
21653890.76	5170489.35	0.183654
21653962.9	5170469.35	0.17265
21654035.05	5170449.34	0.169524
21654107.2	5170429.33	0.158528
21654179.34	5170409.32	0.157611
21654251.49	5170389.31	0.178745
21654323.64	5170369.3	0.225151
21654395.78	5170349.3	0.234542
21654467.93	5170329.29	0.213493
21654540.08	5170309.28	0.190985
21654612.22	5170289.27	0.203189
21654684.37	5170269.26	0.213788
21654756.52	5170249.26	0.202976
21654828.66	5170229.25	0.183724
21654900.81	5170209.24	0.193963
21654972.96	5170189.23	0.203109
21655045.1	5170169.22	0.184222
21655117.25	5170149.22	0.206728
21655189.4	5170129.21	0.159613
21655261.54	5170109.2	0.129462
21655333.69	5170089.19	0.104781
21655405.84	5170069.18	0
21655477.98	5170049.18	0.110911
21655550.13	5170029.17	0.144216
21655622.28	5170009.16	0.115116
21655694.42	5169989.15	0.103224
21655766.57	5169969.14	0.130271
21655838.72	5169949.14	0.165858
21655910.86	5169929.13	0.204945
21655983.01	5169909.12	0.223046
21656055.16	5169889.11	0.223801
21656127.3	5169869.1	0.23158
21656199.45	5169849.1	0.21879
21656271.6	5169829.09	0.196688
21656343.75	5169809.08	0.194104
21656415.89	5169789.07	0.180228
21656488.04	5169769.06	0.181367
21656560.19	5169749.06	0.188284
21656632.33	5169729.05	0.226352
21656704.48	5169709.04	0.230392
21656776.63	5169689.03	0.198695
21656848.77	5169669.02	0.16609
21656920.92	5169649.02	0.142509
21656993.07	5169629.01	0.140704
21657065.21	5169609	0.147697
21657137.36	5169588.99	0.182624
21657209.51	5169568.98	0.18226
21657281.65	5169548.97	0.166564
21657353.8	5169528.97	0.160141
21657425.95	5169508.96	0.224923
21657498.09	5169488.95	0.269983
21657570.24	5169468.94	0.252641
21657642.39	5169448.93	0.219822
21657714.53	5169428.93	0.19174
21657786.68	5169408.92	0.192521
21657858.83	5169388.91	0.179621
21657930.97	5169368.9	0.170573
21658003.12	5169348.89	0.181723
21658075.27	5169328.89	0.182816
21658147.41	5169308.88	0.243004
21658219.56	5169288.87	0.236808
21658291.71	5169268.86	0.216599
21658363.85	5169248.85	0.160712
21658436	5169228.85	0.152295
21658508.15	5169208.84	0.179739
21658580.29	5169188.83	0.152015
21658652.44	5169168.82	0.116576
21658724.59	5169148.81	0.117989
21658796.73	5169128.81	0.150613
21658868.88	5169108.8	0.171661
21658941.03	5169088.79	0.177219
21659013.17	5169068.78	0.182266
21659085.32	5169048.77	0.197629
21653261.06	5170740.2	0.28458
21653333.21	5170720.19	0.219563
21653405.36	5170700.18	0.188127
21653477.5	5170680.17	0.219929
21653549.65	5170660.16	0.245539
21653621.8	5170640.16	0.202741
21653693.94	5170620.15	0.16787
21653766.09	5170600.14	0.156519
21653838.24	5170580.13	0.160368
21653910.38	5170560.12	0.190356
21653982.53	5170540.12	0.175619
21654054.68	5170520.11	0.174709
21654126.82	5170500.1	0.163005
21654198.97	5170480.09	0.17248
21654271.12	5170460.08	0.212875
21654343.26	5170440.08	0.268352
21654415.41	5170420.07	0.166176
21654487.56	5170400.06	0.163844
21654559.7	5170380.05	0.16236
21654631.85	5170360.04	0.18865
21654704	5170340.04	0.207258
21654776.14	5170320.03	0.192687
21654848.29	5170300.02	0.197322
21654920.44	5170280.01	0.193642
21654992.58	5170260	0.180008
21655064.73	5170240	0.15956
21655136.88	5170219.99	0.16874
21655209.02	5170199.98	0.180547
21655281.17	5170179.97	0.139391
21655353.32	5170159.96	0.0994567
21655425.46	5170139.95	0.116113
21655497.61	5170119.95	0.165003
21655569.76	5170099.94	0.215868
21655641.9	5170079.93	0.152718
21655714.05	5170059.92	0.104666
21655786.2	5170039.91	0.145571
21655858.34	5170019.91	0.190638
21655930.49	5169999.9	0.254341
21656002.64	5169979.89	0.245209
21656074.78	5169959.88	0.235078
21656146.93	5169939.87	0.227338
21656219.08	5169919.87	0.210342
21656291.22	5169899.86	0.192379
21656363.37	5169879.85	0.187297
21656435.52	5169859.84	0.19984
21656507.66	5169839.83	0.209497
21656579.81	5169819.83	0.20992
21656651.96	5169799.82	0.23707
21656724.1	5169779.81	0.255092
21656796.25	5169759.8	0.190338
21656868.4	5169739.79	0.153521
21656940.55	5169719.79	0.120051
21657012.69	5169699.78	0.106831
21657084.84	5169679.77	0.159608
21657156.99	5169659.76	0.194543
21657229.13	5169639.75	0.185819
21657301.28	5169619.75	0.148049
21657373.43	5169599.74	0.127866
21657445.57	5169579.73	0.143998
21657517.72	5169559.72	0.227159
21657589.87	5169539.71	0.278988
21657662.01	5169519.71	0.234919
21657734.16	5169499.7	0.177773
21657806.31	5169479.69	0.191104
21657878.45	5169459.68	0.195681
21657950.6	5169439.67	0.187314
21658022.75	5169419.66	0.193782
21658094.89	5169399.66	0.21726
21658167.04	5169379.65	0.219043
21658239.19	5169359.64	0.231019
21658311.33	5169339.63	0.21867
21658383.48	5169319.62	0.198881
21658455.63	5169299.62	0.186677
21658527.77	5169279.61	0.174998
21658599.92	5169259.6	0.153901
21658672.07	5169239.59	0.130826
21658744.21	5169219.58	0.148394
21658816.36	5169199.58	0.168583
21658888.51	5169179.57	0.184125
21658960.65	5169159.56	0.173195
21659032.8	5169139.55	0.171268
21659104.95	5169119.54	0.175421
21653280.69	5170810.97	0.18308
21653352.84	5170790.96	0.170563
21653424.98	5170770.95	0.167661
21653497.13	5170750.94	0.204769
21653569.28	5170730.93	0.234201
21653641.42	5170710.93	0.203915
21653713.57	5170690.92	0.174799
21653785.72	5170670.91	0.165627
21653857.86	5170650.9	0.170818
21653930.01	5170630.89	0.194296
21654002.16	5170610.89	0.174183
21654074.3	5170590.88	0.174749
21654146.45	5170570.87	0.188255
21654218.6	5170550.86	0.227133
21654290.74	5170530.85	0.233196
21654362.89	5170510.85	0.211933
21654435.04	5170490.84	0.160971
21654507.18	5170470.83	0.140792
21654579.33	5170450.82	0.147009
21654651.48	5170430.81	0.179894
21654723.62	5170410.81	0.209771
21654795.77	5170390.8	0.213054
21654867.92	5170370.79	0.204346
21654940.06	5170350.78	0.192909
21655012.21	5170330.77	0.140795
21655084.36	5170310.77	0.155578
21655156.5	5170290.76	0.178828
21655228.65	5170270.75	0.191145
21655300.8	5170250.74	0.170267
21655372.94	5170230.73	0.160748
21655445.09	5170210.73	0.173235
21655517.24	5170190.72	0.213732
21655589.38	5170170.71	0.22844
21655661.53	5170150.7	0.165865
21655733.68	5170130.69	0.146225
21655805.82	5170110.69	0.164334
21655877.97	5170090.68	0.191825
21655950.12	5170070.67	0.191842
21656022.26	5170050.66	0.201647
21656094.41	5170030.65	0.223921
21656166.56	5170010.65	0.217373
21656238.7	5169990.64	0.195989
21656310.85	5169970.63	0.173884
21656383	5169950.62	0.170415
21656455.14	5169930.61	0.202921
21656527.29	5169910.6	0.236773
21656599.44	5169890.6	0.23638
21656671.58	5169870.59	0.205228
21656743.73	5169850.58	0.194515
21656815.88	5169830.57	0.148416
21656888.02	5169810.56	0.118344
21656960.17	5169790.56	0.133766
21657032.32	5169770.55	0.151675
21657104.47	5169750.54	0.175807
21657176.61	5169730.53	0.221334
21657248.76	5169710.52	0.193715
21657320.91	5169690.52	0.128119
21657393.05	5169670.51	0
21657465.2	5169650.5	0.131183
21657537.35	5169630.49	0.15418
21657609.49	5169610.48	0.259426
21657681.64	5169590.48	0.180945
21657753.79	5169570.47	0.176424
21657825.93	5169550.46	0.227047
21657898.08	5169530.45	0.240664
21657970.23	5169510.44	0.255165
21658042.37	5169490.44	0.272062
21658114.52	5169470.43	0.244638
21658186.67	5169450.42	0.23006
21658258.81	5169430.41	0.235738
21658330.96	5169410.4	0.218294
21658403.11	5169390.4	0.192723
21658475.25	5169370.39	0.182535
21658547.4	5169350.38	0.173602
21658619.55	5169330.37	0.153054
21658691.69	5169310.36	0.144834
21658763.84	5169290.36	0.143922
21658835.99	5169270.35	0.17132
21658908.13	5169250.34	0.184656
21658980.28	5169230.33	0.196074
21659052.43	5169210.32	0.173855
21653300.32	5170881.74	0.167439
21653372.46	5170861.73	0.168692
21653444.61	5170841.72	0.154753
21653516.76	5170821.71	0.213053
21653588.9	5170801.71	0.19869
21653661.05	5170781.7	0.170693
21653733.2	5170761.69	0.154298
21653805.34	5170741.68	0.16756
21653877.49	5170721.67	0.161624
21653949.64	5170701.67	0.20584
21654021.78	5170681.66	0.152014
21654093.93	5170661.65	0.177829
21654166.08	5170641.64	0.231126
21654238.22	5170621.63	0.259971
21654310.37	5170601.63	0.152862
21654382.52	5170581.62	0.18474
21654454.66	5170561.61	0.188112
21654526.81	5170541.6	0.145455
21654598.96	5170521.59	0.131178
21654671.1	5170501.58	0.174119
21654743.25	5170481.58	0.20746
21654815.4	5170461.57	0.25545
21654887.54	5170441.56	0.235288
21654959.69	5170421.55	0.212624
21655031.84	5170401.54	0.150211
21655103.98	5170381.54	0.142448
21655176.13	5170361.53	0.156669
21655248.28	5170341.52	0.176711
21655320.42	5170321.51	0.15861
21655392.57	5170301.5	0.219267
21655464.72	5170281.5	0.223412
21655536.86	5170261.49	0.165351
21655609.01	5170241.48	0.218505
21655681.16	5170221.47	0.184769
21655753.3	5170201.46	0.159021
21655825.45	5170181.46	0.161238
21655897.6	5170161.45	0.167965
21655969.74	5170141.44	0.191327
21656041.89	5170121.43	0.198294
21656114.04	5170101.42	0.198596
21656186.18	5170081.42	0.198903
21656258.33	5170061.41	0.202473
21656330.48	5170041.4	0.192502
21656402.62	5170021.39	0.191849
21656474.77	5170001.38	0.208278
21656546.92	5169981.38	0.224568
21656619.06	5169961.37	0.201449
21656691.21	5169941.36	0.150309
21656763.36	5169921.35	0.126983
21656835.5	5169901.34	0.151434
21656907.65	5169881.34	0.154293
21656979.8	5169861.33	0.146196
21657051.94	5169841.32	0.169707
21657124.09	5169821.31	0.200454
21657196.24	5169801.3	0.230026
21657268.38	5169781.3	0.210379
21657340.53	5169761.29	0.181931
21657412.68	5169741.28	0.154466
21657484.83	5169721.27	0.154878
21657556.97	5169701.26	0.186426
21657629.12	5169681.25	0.259353
21657701.27	5169661.25	0.254002
21657773.41	5169641.24	0.223755
21657845.56	5169621.23	0.209653
21657917.71	5169601.22	0.218868
21657989.85	5169581.21	0.234679
21658062	5169561.21	0.247733
21658134.15	5169541.2	0.234699
21658206.29	5169521.19	0.216622
21658278.44	5169501.18	0.206137
21658350.59	5169481.17	0.196073
21658422.73	5169461.17	0.181697
21658494.88	5169441.16	0.171248
21658567.03	5169421.15	0.169618
21658639.17	5169401.14	0.139634
21658711.32	5169381.13	0.135095
21658783.47	5169361.13	0.168573
21658855.61	5169341.12	0.180131
21658927.76	5169321.11	0.197078
21658999.91	5169301.1	0.208527
21659072.05	5169281.09	0.204077
21653247.8	5170972.52	0.159334
21653319.94	5170952.51	0.169632
21653392.09	5170932.5	0.176745
21653464.24	5170912.49	0.175026
21653536.38	5170892.48	0.211491
21653608.53	5170872.48	0.200844
21653680.68	5170852.47	0.183295
21653752.82	5170832.46	0.176474
21653824.97	5170812.45	0.181206
21653897.12	5170792.44	0.180135
21653969.26	5170772.44	0.18528
21654041.41	5170752.43	0.1626
21654113.56	5170732.42	0.174897
21654185.7	5170712.41	0.249098
21654257.85	5170692.4	0.203064
21654330	5170672.4	0.163874
21654402.14	5170652.39	0.160706
21654474.29	5170632.38	0.167176
21654546.44	5170612.37	0.167608
21654618.58	5170592.36	0.173209
21654690.73	5170572.36	0.174862
21654762.88	5170552.35	0.209381
21654835.02	5170532.34	0.232563
21654907.17	5170512.33	0.249863
21654979.32	5170492.32	0.220709
21655051.46	5170472.32	0.150721
21655123.61	5170452.31	0.11666
21655195.76	5170432.3	0
21655267.9	5170412.29	0.139795
21655340.05	5170392.28	0.161169
21655412.2	5170372.28	0.249728
21655484.34	5170352.27	0.210919
21655556.49	5170332.26	0.192876
21655628.64	5170312.25	0.174744
21655700.78	5170292.24	0.166861
21655772.93	5170272.23	0.234935
21655845.08	5170252.23	0.188817
21655917.22	5170232.22	0.184618
21655989.37	5170212.21	0.194549
21656061.52	5170192.2	0.203581
21656133.66	5170172.19	0.207718
21656205.81	5170152.19	0.197911
21656277.96	5170132.18	0.185641
21656350.1	5170112.17	0.191583
21656422.25	5170092.16	0.208233
21656494.4	5170072.15	0.214352
21656566.54	5170052.15	0.242117
21656638.69	5170032.14	0.225753
21656710.84	5170012.13	0.149373
21656782.98	5169992.12	0.133287
21656855.13	5169972.11	0.163868
21656927.28	5169952.11	0.151155
21656999.42	5169932.1	0.141298
21657071.57	5169912.09	0.159104
21657143.72	5169892.08	0.181623
21657215.86	5169872.07	0.195266
21657288.01	5169852.07	0.20267
21657360.16	5169832.06	0.190234
21657432.3	5169812.05	0.168266
21657504.45	5169792.04	0.181102
21657576.6	5169772.03	0.186895
21657648.74	5169752.03	0.226151
21657720.89	5169732.02	0.232161
21657793.04	5169712.01	0.286253
21657865.18	5169692	0.238355
21657937.33	5169671.99	0.185865
21658009.48	5169651.99	0.213399
21658081.63	5169631.98	0.239309
21658153.77	5169611.97	0.274683
21658225.92	5169591.96	0.161981
21658298.07	5169571.95	0.148919
21658370.21	5169551.94	0.165735
21658442.36	5169531.94	0.189558
21658514.51	5169511.93	0.173589
21658586.65	5169491.92	0.169189
21658658.8	5169471.91	0.178152
21658730.95	5169451.9	0.153181
21658803.09	5169431.9	0.180278
21658875.24	5169411.89	0.184487
21658947.39	5169391.88	0.194725
21659019.53	5169371.87	0.187759
21659091.68	5169351.86	0.192257
21653267.42	5171043.29	0.162103
21653339.57	5171023.28	0.166266
21653411.72	5171003.27	0.177451
21653483.86	5170983.26	0.184087
21653556.01	5170963.26	0.215684
21653628.16	5170943.25	0.212492
21653700.3	5170923.24	0.197395
21653772.45	5170903.23	0.176505
21653844.6	5170883.22	0.183208
21653916.74	5170863.21	0.196472
21653988.89	5170843.21	0.184804
21654061.04	5170823.2	0.165055
21654133.18	5170803.19	0.194073
21654205.33	5170783.18	0.230004
21654277.48	5170763.17	0.149383
21654349.62	5170743.17	0.159877
21654421.77	5170723.16	0.166859
21654493.92	5170703.15	0.17983
21654566.06	5170683.14	0.211235
21654638.21	5170663.13	0.196669
21654710.36	5170643.13	0.151517
21654782.5	5170623.12	0.213974
21654854.65	5170603.11	0.253658
21654926.8	5170583.1	0.25723
21654998.94	5170563.09	0.241077
21655071.09	5170543.09	0.184911
21655143.24	5170523.08	0.148426
21655215.38	5170503.07	0.137207
21655287.53	5170483.06	0.135894
21655359.68	5170463.05	0.259823
21655431.82	5170443.05	0.227778
21655503.97	5170423.04	0.210103
21655576.12	5170403.03	0.218973
21655648.26	5170383.02	0.167511
21655720.41	5170363.01	0.158143
21655792.56	5170343.01	0.179969
21655864.7	5170323	0.184968
21655936.85	5170302.99	0.182804
21656009	5170282.98	0.180842
21656081.14	5170262.97	0.199168
21656153.29	5170242.97	0.215091
21656225.44	5170222.96	0.223404
21656297.58	5170202.95	0.231024
21656369.73	5170182.94	0.229206
21656441.88	5170162.93	0.225095
21656514.02	5170142.93	0.21438
21656586.17	5170122.92	0.213481
21656658.32	5170102.91	0.196739
21656730.46	5170082.9	0.144537
21656802.61	5170062.89	0.102475
21656874.76	5170042.88	0.109175
21656946.9	5170022.88	0.100766
21657019.05	5170002.87	0
21657091.2	5169982.86	0.118323
21657163.34	5169962.85	0.138884
21657235.49	5169942.84	0.170366
21657307.64	5169922.84	0.179521
21657379.78	5169902.83	0.137034
21657451.93	5169882.82	0.147597
21657524.08	5169862.81	0.154907
21657596.22	5169842.8	0.162931
21657668.37	5169822.8	0.188496
21657740.52	5169802.79	0.210669
21657812.66	5169782.78	0.218164
21657884.81	5169762.77	0.285903
21657956.96	5169742.76	0.249038
21658029.1	5169722.76	0.229414
21658101.25	5169702.75	0.23132
21658173.4	5169682.74	0.239236
21658245.54	5169662.73	0.216413
21658317.69	5169642.72	0.223595
21658389.84	5169622.72	0.215381
21658461.99	5169602.71	0.202865
21658534.13	5169582.7	0.189802
21658606.28	5169562.69	0.200622
21658678.43	5169542.68	0.206678
21658750.57	5169522.68	0.19116
21658822.72	5169502.67	0.173284
21658894.87	5169482.66	0.177066
21658967.01	5169462.65	0.179507
21659039.16	5169442.64	0.171261
21659111.31	5169422.64	0.169459
21653287.05	5171114.06	0.154387
21653359.2	5171094.05	0.173777
21653431.34	5171074.04	0.174185
21653503.49	5171054.03	0.192042
21653575.64	5171034.03	0.198008
21653647.78	5171014.02	0.179886
21653719.93	5170994.01	0.153109
21653792.08	5170974	0.163295
21653864.22	5170953.99	0.18531
21653936.37	5170933.99	0.206725
21654008.52	5170913.98	0.189978
21654080.66	5170893.97	0.184526
21654152.81	5170873.96	0.259499
21654224.96	5170853.95	0.236794
21654297.1	5170833.95	0.177956
21654369.25	5170813.94	0.200679
21654441.4	5170793.93	0.21682
21654513.54	5170773.92	0.195962
21654585.69	5170753.91	0.169109
21654657.84	5170733.91	0.16052
21654729.98	5170713.9	0.172478
21654802.13	5170693.89	0.225494
21654874.28	5170673.88	0.258698
21654946.42	5170653.87	0.213699
21655018.57	5170633.86	0.218041
21655090.72	5170613.86	0.258137
21655162.86	5170593.85	0.210355
21655235.01	5170573.84	0.182289
21655307.16	5170553.83	0.215251
21655379.3	5170533.82	0.271159
21655451.45	5170513.82	0.212568
21655523.6	5170493.81	0.183157
21655595.74	5170473.8	0.19701
21655667.89	5170453.79	0.174551
21655740.04	5170433.78	0.167016
21655812.18	5170413.78	0.162901
21655884.33	5170393.77	0.159566
21655956.48	5170373.76	0.164822
21656028.62	5170353.75	0.187329
21656100.77	5170333.74	0.204505
21656172.92	5170313.74	0.221108
21656245.06	5170293.73	0.219818
21656317.21	5170273.72	0.23332
21656389.36	5170253.71	0.206142
21656461.5	5170233.7	0.202156
21656533.65	5170213.7	0.201044
21656605.8	5170193.69	0.180498
21656677.94	5170173.68	0.156361
21656750.09	5170153.67	0.153513
21656822.24	5170133.66	0.156257
21656894.38	5170113.66	0.131733
21656966.53	5170093.65	0.134549
21657038.68	5170073.64	0.141627
21657110.82	5170053.63	0.135335
21657182.97	5170033.62	0.164718
21657255.12	5170013.62	0.228863
21657327.26	5169993.61	0.203984
21657399.41	5169973.6	0.148809
21657471.56	5169953.59	0.134743
21657543.7	5169933.58	0.141275
21657615.85	5169913.57	0.13976
21657688	5169893.57	0.155834
21657760.14	5169873.56	0.184094
21657832.29	5169853.55	0.191028
21657904.44	5169833.54	0.179935
21657976.58	5169813.53	0.216164
21658048.73	5169793.53	0.276436
21658120.88	5169773.52	0.208501
21658193.02	5169753.51	0.20066
21658265.17	5169733.5	0.264296
21658337.32	5169713.49	0.247457
21658409.46	5169693.49	0.203361
21658481.61	5169673.48	0.178143
21658553.76	5169653.47	0.19305
21658625.91	5169633.46	0.209266
21658698.05	5169613.45	0.209981
21658770.2	5169593.45	0.215465
21658842.35	5169573.44	0.17576
21658914.49	5169553.43	0.158019
21658986.64	5169533.42	0.143127
21659058.79	5169513.41	0.14367
21653306.68	5171184.83	0.143991
21653378.82	5171164.82	0.170682
21653450.97	5171144.81	0.173053
21653523.12	5171124.8	0.170822
21653595.26	5171104.8	0.184196
21653667.41	5171084.79	0.187242
21653739.56	5171064.78	0.150097
21653811.7	5171044.77	0.16344
21653883.85	5171024.76	0.207809
21653956	5171004.76	0.207269
21654028.14	5170984.75	0.166834
21654100.29	5170964.74	0.185244
21654172.44	5170944.73	0.228489
21654244.58	5170924.72	0.224213
21654316.73	5170904.72	0.207471
21654388.88	5170884.71	0.253776
21654461.02	5170864.7	0.245861
21654533.17	5170844.69	0.140339
21654605.32	5170824.68	0.124759
21654677.46	5170804.68	0.137016
21654749.61	5170784.67	0.168955
21654821.76	5170764.66	0.179144
21654893.9	5170744.65	0.177975
21654966.05	5170724.64	0.163086
21655038.2	5170704.64	0.169561
21655110.34	5170684.63	0.22002
21655182.49	5170664.62	0.193502
21655254.64	5170644.61	0.164644
21655326.78	5170624.6	0.176651
21655398.93	5170604.6	0.231693
21655471.08	5170584.59	0.196118
21655543.22	5170564.58	0.182936
21655615.37	5170544.57	0.18049
21655687.52	5170524.56	0.141965
21655759.66	5170504.56	0.147462
21655831.81	5170484.55	0.187414
21655903.96	5170464.54	0.135211
21655976.1	5170444.53	0.148358
21656048.25	5170424.52	0.185975
21656120.4	5170404.51	0.184786
21656192.54	5170384.51	0.194897
21656264.69	5170364.5	0.198916
21656336.84	5170344.49	0.188662
21656408.98	5170324.48	0.195101
21656481.13	5170304.47	0.20105
21656553.28	5170284.47	0.184934
21656625.42	5170264.46	0.173645
21656697.57	5170244.45	0.169739
21656769.72	5170224.44	0.188741
21656841.86	5170204.43	0.190034
21656914.01	5170184.43	0.165375
21656986.16	5170164.42	0.177723
21657058.3	5170144.41	0.183022
21657130.45	5170124.4	0.191987
21657202.6	5170104.39	0.218236
21657274.74	5170084.39	0.24888
21657346.89	5170064.38	0.247926
21657419.04	5170044.37	0.257208
21657491.18	5170024.36	0.193085
21657563.33	5170004.35	0.15828
21657635.48	5169984.35	0.141851
21657707.62	5169964.34	0.159266
21657779.77	5169944.33	0.18859
21657851.92	5169924.32	0.204976
21657924.06	5169904.31	0.184528
21657996.21	5169884.31	0.197617
21658068.36	5169864.3	0.229566
21658140.5	5169844.29	0.232097
21658212.65	5169824.28	0.223404
21658284.8	5169804.27	0.242991
21658356.94	5169784.27	0.247913
21658429.09	5169764.26	0.222347
21658501.24	5169744.25	0.179318
21658573.38	5169724.24	0.168369
21658645.53	5169704.23	0.186466
21658717.68	5169684.22	0.195889
21658789.82	5169664.22	0.182841
21658861.97	5169644.21	0.15814
21658934.12	5169624.2	0.134648
21659006.26	5169604.19	0.113651
21659078.41	5169584.18	0.112916
21653254.15	5171275.61	0.16261
21653326.3	5171255.6	0.161242
21653398.45	5171235.59	0.166115
21653470.6	5171215.58	0.183747
21653542.74	5171195.58	0.197028
21653614.89	5171175.57	0.209562
21653687.04	5171155.56	0.216468
21653759.18	5171135.55	0.177212
21653831.33	5171115.54	0.180616
21653903.48	5171095.54	0.256979
21653975.62	5171075.53	0.227693
21654047.77	5171055.52	0.181968
21654119.92	5171035.51	0.195715
21654192.06	5171015.5	0.229725
21654264.21	5170995.49	0.232722
21654336.36	5170975.49	0.24566
21654408.5	5170955.48	0.261459
21654480.65	5170935.47	0.205175
21654552.8	5170915.46	0.177987
21654624.94	5170895.45	0.141446
21654697.09	5170875.45	0.135933
21654769.24	5170855.44	0.143412
21654841.38	5170835.43	0.150636
21654913.53	5170815.42	0.160628
21654985.68	5170795.41	0.144873
21655057.82	5170775.41	0.13742
21655129.97	5170755.4	0.154119
21655202.12	5170735.39	0.157752
21655274.26	5170715.38	0.165683
21655346.41	5170695.37	0.193414
21655418.56	5170675.37	0.230876
21655490.7	5170655.36	0.258098
21655562.85	5170635.35	0.227975
21655635	5170615.34	0.19578
21655707.14	5170595.33	0.172431
21655779.29	5170575.33	0.159367
21655851.44	5170555.32	0.175858
21655923.58	5170535.31	0.176893
21655995.73	5170515.3	0.164511
21656067.88	5170495.29	0.179935
21656140.02	5170475.29	0.161256
21656212.17	5170455.28	0.159026
21656284.32	5170435.27	0.178884
21656356.46	5170415.26	0.198249
21656428.61	5170395.25	0.189081
21656500.76	5170375.25	0.180569
21656572.9	5170355.24	0.179919
21656645.05	5170335.23	0.173389
21656717.2	5170315.22	0.166845
21656789.34	5170295.21	0.188045
21656861.49	5170275.21	0.191409
21656933.64	5170255.2	0.203556
21657005.78	5170235.19	0.210599
21657077.93	5170215.18	0.208091
21657150.08	5170195.17	0.197675
21657222.22	5170175.16	0.204125
21657294.37	5170155.16	0.227551
21657366.52	5170135.15	0.259024
21657438.66	5170115.14	0.29274
21657510.81	5170095.13	0.259069
21657582.96	5170075.12	0.197816
21657655.1	5170055.12	0.138219
21657727.25	5170035.11	0.143812
21657799.4	5170015.1	0.189265
21657871.54	5169995.09	0.200885
21657943.69	5169975.08	0.180785
21658015.84	5169955.08	0.214698
21658087.98	5169935.07	0.24152
21658160.13	5169915.06	0.26133
21658232.28	5169895.05	0.251764
21658304.42	5169875.04	0.232486
21658376.57	5169855.04	0.203117
21658448.72	5169835.03	0.222833
21658520.86	5169815.02	0.204213
21658593.01	5169795.01	0.155673
21658665.16	5169775	0.159812
21658737.3	5169755	0.151135
21658809.45	5169734.99	0.139819
21658881.6	5169714.98	0.12633
21658953.74	5169694.97	0.114717
21659025.89	5169674.96	0.106338
21659098.04	5169654.96	0.110068
21653273.78	5171346.38	0.159049
21653345.93	5171326.37	0.161874
21653418.07	5171306.36	0.155715
21653490.22	5171286.35	0.16638
21653562.37	5171266.35	0.184996
21653634.51	5171246.34	0.197535
21653706.66	5171226.33	0.208234
21653778.81	5171206.32	0.197863
21653850.96	5171186.31	0.206146
21653923.1	5171166.31	0.267373
21653995.25	5171146.3	0.195576
21654067.4	5171126.29	0.207592
21654139.54	5171106.28	0.250545
21654211.69	5171086.27	0.25549
21654283.84	5171066.27	0.256246
21654355.98	5171046.26	0.269086
21654428.13	5171026.25	0.149262
21654500.28	5171006.24	0.178163
21654572.42	5170986.23	0.223143
21654644.57	5170966.23	0.177864
21654716.72	5170946.22	0.135812
21654788.86	5170926.21	0.123367
21654861.01	5170906.2	0.13722
21654933.16	5170886.19	0.147567
21655005.3	5170866.18	0.141648
21655077.45	5170846.18	0.146071
21655149.6	5170826.17	0.126031
21655221.74	5170806.16	0.114871
21655293.89	5170786.15	0.140143
21655366.04	5170766.14	0.190343
21655438.18	5170746.14	0.229167
21655510.33	5170726.13	0.254707
21655582.48	5170706.12	0.218222
21655654.62	5170686.11	0.195906
21655726.77	5170666.1	0.196936
21655798.92	5170646.1	0.197543
21655871.06	5170626.09	0.172916
21655943.21	5170606.08	0.161493
21656015.36	5170586.07	0.157199
21656087.5	5170566.06	0.167147
21656159.65	5170546.06	0.158978
21656231.8	5170526.05	0.135145
21656303.94	5170506.04	0.159938
21656376.09	5170486.03	0.19116
21656448.24	5170466.02	0.164721
21656520.38	5170446.02	0.157778
21656592.53	5170426.01	0.177566
21656664.68	5170406	0.159195
21656736.82	5170385.99	0.141105
21656808.97	5170365.98	0.141611
21656881.12	5170345.98	0.135865
21656953.26	5170325.97	0.145728
21657025.41	5170305.96	0.184452
21657097.56	5170285.95	0.195877
21657169.7	5170265.94	0.186437
21657241.85	5170245.94	0.190106
21657314	5170225.93	0.211667
21657386.14	5170205.92	0.257467
21657458.29	5170185.91	0.30612
21657530.44	5170165.9	0.272278
21657602.58	5170145.9	0.170972
21657674.73	5170125.89	0.102425
21657746.88	5170105.88	0.124898
21657819.02	5170085.87	0.154501
21657891.17	5170065.86	0.167992
21657963.32	5170045.85	0.176729
21658035.46	5170025.85	0.18421
21658107.61	5170005.84	0.189202
21658179.76	5169985.83	0.25856
21658251.9	5169965.82	0.291942
21658324.05	5169945.81	0.257074
21658396.2	5169925.81	0.16741
21658468.34	5169905.8	0.165795
21658540.49	5169885.79	0.1709
21658612.64	5169865.78	0.168373
21658684.78	5169845.77	0.172026
21658756.93	5169825.77	0.15497
21658829.08	5169805.76	0.14555
21658901.22	5169785.75	0.141293
21658973.37	5169765.74	0.140471
21659045.52	5169745.73	0.115689
21653293.41	5171417.15	0.15015
21653365.55	5171397.14	0.150391
21653437.7	5171377.13	0.139776
21653509.85	5171357.12	0.139135
21653581.99	5171337.12	0.160344
21653654.14	5171317.11	0.190378
21653726.29	5171297.1	0.225673
21653798.43	5171277.09	0.225502
21653870.58	5171257.08	0.236668
21653942.73	5171237.08	0.189264
21654014.87	5171217.07	0.148063
21654087.02	5171197.06	0.224672
21654159.17	5171177.05	0.272287
21654231.32	5171157.04	0.259413
21654303.46	5171137.04	0.265339
21654375.61	5171117.03	0.169921
21654447.76	5171097.02	0.176385
21654519.9	5171077.01	0.169885
21654592.05	5171057	0.183996
21654664.2	5171037	0.182563
21654736.34	5171016.99	0.168703
21654808.49	5170996.98	0.159895
21654880.64	5170976.97	0.151973
21654952.78	5170956.96	0.157007
21655024.93	5170936.96	0.16878
21655097.08	5170916.95	0.166246
21655169.22	5170896.94	0.152007
21655241.37	5170876.93	0.133586
21655313.52	5170856.92	0.129161
21655385.66	5170836.92	0.122901
21655457.81	5170816.91	0.142338
21655529.96	5170796.9	0.177037
21655602.1	5170776.89	0.179762
21655674.25	5170756.88	0.157663
21655746.4	5170736.88	0.163881
21655818.54	5170716.87	0.188632
21655890.69	5170696.86	0.206165
21655962.84	5170676.85	0.186314
21656034.98	5170656.84	0.185457
21656107.13	5170636.83	0.184579
21656179.28	5170616.83	0.19005
21656251.42	5170596.82	0.188876
21656323.57	5170576.81	0.200985
21656395.72	5170556.8	0.195372
21656467.86	5170536.79	0.183159
21656540.01	5170516.79	0.156945
21656612.16	5170496.78	0.175285
21656684.3	5170476.77	0.149345
21656756.45	5170456.76	0.124189
21656828.6	5170436.75	0.123155
21656900.74	5170416.75	0.0945612
21656972.89	5170396.74	0.112464
21657045.04	5170376.73	0.169497
21657117.18	5170356.72	0.193984
21657189.33	5170336.71	0.176463
21657261.48	5170316.71	0.171975
21657333.62	5170296.7	0.208619
21657405.77	5170276.69	0.221897
21657477.92	5170256.68	0.242792
21657550.06	5170236.67	0.251131
21657622.21	5170216.67	0.144804
21657694.36	5170196.66	0.11608
21657766.5	5170176.65	0.148075
21657838.65	5170156.64	0.159751
21657910.8	5170136.63	0.158747
21657982.94	5170116.63	0.164587
21658055.09	5170096.62	0.168863
21658127.24	5170076.61	0.158881
21658199.38	5170056.6	0.253307
21658271.53	5170036.59	0.289401
21658343.68	5170016.59	0.213016
21658415.82	5169996.58	0.173925
21658487.97	5169976.57	0.137297
21658560.12	5169956.56	0.119605
21658632.26	5169936.55	0.141953
21658704.41	5169916.55	0.146071
21658776.56	5169896.54	0.135653
21658848.7	5169876.53	0.144533
21658920.85	5169856.52	0.157888
21658993	5169836.51	0.149528
21659065.14	5169816.5	0.149813
21653313.03	5171487.92	0.162649
21653385.18	5171467.91	0.142996
21653457.33	5171447.9	0.128184
21653529.47	5171427.9	0.122805
21653601.62	5171407.89	0.126958
21653673.77	5171387.88	0.177353
21653745.91	5171367.87	0.232108
21653818.06	5171347.86	0.221347
21653890.21	5171327.86	0.223248
21653962.35	5171307.85	0.218934
21654034.5	5171287.84	0.173404
21654106.65	5171267.83	0.264719
21654178.79	5171247.82	0.270229
21654250.94	5171227.82	0.262448
21654323.09	5171207.81	0.219513
21654395.23	5171187.8	0.17926
21654467.38	5171167.79	0.206026
21654539.53	5171147.78	0.203875
21654611.67	5171127.77	0.151425
21654683.82	5171107.77	0.167588
21654755.97	5171087.76	0.176595
21654828.12	5171067.75	0.165502
21654900.26	5171047.74	0.180554
21654972.41	5171027.73	0.182163
21655044.56	5171007.73	0.177831
21655116.7	5170987.72	0.15702
21655188.85	5170967.71	0.197044
21655261	5170947.7	0.174882
21655333.14	5170927.69	0.119072
21655405.29	5170907.69	0
21655477.44	5170887.68	0.124571
21655549.58	5170867.67	0.161593
21655621.73	5170847.66	0.164964
21655693.88	5170827.65	0.152521
21655766.02	5170807.65	0.141008
21655838.17	5170787.64	0.164926
21655910.32	5170767.63	0.204276
21655982.46	5170747.62	0.184313
21656054.61	5170727.61	0.198891
21656126.76	5170707.61	0.216454
21656198.9	5170687.6	0.234429
21656271.05	5170667.59	0.232276
21656343.2	5170647.58	0.245538
21656415.34	5170627.57	0.263963
21656487.49	5170607.57	0.222637
21656559.64	5170587.56	0.184844
21656631.78	5170567.55	0.218927
21656703.93	5170547.54	0.18606
21656776.08	5170527.53	0.157831
21656848.22	5170507.53	0.126
21656920.37	5170487.52	0.09463
21656992.52	5170467.51	0.118855
21657064.66	5170447.5	0.183242
21657136.81	5170427.49	0.180349
21657208.96	5170407.48	0.166802
21657281.1	5170387.48	0.134335
21657353.25	5170367.47	0.1989
21657425.4	5170347.46	0.207474
21657497.54	5170327.45	0.180903
21657569.69	5170307.44	0.161708
21657641.84	5170287.44	0.149736
21657713.98	5170267.43	0.140077
21657786.13	5170247.42	0.169473
21657858.28	5170227.41	0.208655
21657930.42	5170207.4	0.175618
21658002.57	5170187.4	0.159596
21658074.72	5170167.39	0.152985
21658146.86	5170147.38	0.14559
21658219.01	5170127.37	0.189433
21658291.16	5170107.36	0.282782
21658363.3	5170087.36	0.216979
21658435.45	5170067.35	0.179813
21658507.6	5170047.34	0.126089
21658579.74	5170027.33	0.108148
21658651.89	5170007.32	0.144339
21658724.04	5169987.32	0.168487
21658796.18	5169967.31	0.156414
21658868.33	5169947.3	0.14188
21658940.48	5169927.29	0.144195
21659012.62	5169907.28	0.146746
21659084.77	5169887.28	0.160849
21653260.51	5171578.7	0.160862
21653332.66	5171558.69	0.16232
21653404.81	5171538.68	0.164118
21653476.95	5171518.67	0.16089
21653549.1	5171498.67	0.146223
21653621.25	5171478.66	0.121626
21653693.39	5171458.65	0.173019
21653765.54	5171438.64	0.198984
21653837.69	5171418.63	0.210411
21653909.83	5171398.63	0.217017
21653981.98	5171378.62	0.246423
21654054.13	5171358.61	0.19705
21654126.27	5171338.6	0.23255
21654198.42	5171318.59	0.268948
21654270.57	5171298.59	0.2678
21654342.71	5171278.58	0.224899
21654414.86	5171258.57	0.169962
21654487.01	5171238.56	0.160862
21654559.15	5171218.55	0.180394
21654631.3	5171198.55	0.148377
21654703.45	5171178.54	0.188973
21654775.59	5171158.53	0.209118
21654847.74	5171138.52	0.185008
21654919.89	5171118.51	0.163864
21654992.04	5171098.51	0.138648
21655064.18	5171078.5	0.138296
21655136.33	5171058.49	0.157612
21655208.48	5171038.48	0.175268
21655280.62	5171018.47	0.141472
21655352.77	5170998.47	0.103684
21655424.92	5170978.46	0.086955
21655497.06	5170958.45	0.119304
21655569.21	5170938.44	0.141369
21655641.36	5170918.43	0.146689
21655713.5	5170898.42	0.147904
21655785.65	5170878.42	0.141071
21655857.8	5170858.41	0.159103
21655929.94	5170838.4	0.159652
21656002.09	5170818.39	0.165388
21656074.24	5170798.38	0.195986
21656146.38	5170778.38	0.201602
21656218.53	5170758.37	0.217509
21656290.68	5170738.36	0.236441
21656362.82	5170718.35	0.232035
21656434.97	5170698.34	0.198011
21656507.12	5170678.34	0.205081
21656579.26	5170658.33	0.205078
21656651.41	5170638.32	0.219774
21656723.56	5170618.31	0.210611
21656795.7	5170598.3	0.17516
21656867.85	5170578.3	0.170189
21656940	5170558.29	0.165857
21657012.14	5170538.28	0.161208
21657084.29	5170518.27	0.188296
21657156.44	5170498.26	0.172005
21657228.58	5170478.26	0.168774
21657300.73	5170458.25	0.163507
21657372.88	5170438.24	0.185145
21657445.02	5170418.23	0.183751
21657517.17	5170398.22	0.169337
21657589.32	5170378.22	0.165296
21657661.46	5170358.21	0.164098
21657733.61	5170338.2	0.171613
21657805.76	5170318.19	0.195185
21657877.9	5170298.18	0.209225
21657950.05	5170278.18	0.195556
21658022.2	5170258.17	0.16091
21658094.34	5170238.16	0.139174
21658166.49	5170218.15	0.135087
21658238.64	5170198.14	0.1328
21658310.78	5170178.13	0.264813
21658382.93	5170158.13	0.285733
21658455.08	5170138.12	0.201535
21658527.22	5170118.11	0.156959
21658599.37	5170098.1	0.127695
21658671.52	5170078.09	0.139607
21658743.66	5170058.09	0.152972
21658815.81	5170038.08	0.16171
21658887.96	5170018.07	0.154637
21658960.1	5169998.06	0.16187
21659032.25	5169978.05	0.169712
21659104.4	5169958.05	0.184106
21653280.14	5171649.47	0.168489
21653352.29	5171629.46	0.177587
21653424.43	5171609.45	0.18516
21653496.58	5171589.45	0.215595
21653568.73	5171569.44	0.209422
21653640.87	5171549.43	0.186582
21653713.02	5171529.42	0.241303
21653785.17	5171509.41	0.200994
21653857.31	5171489.4	0.188519
21653929.46	5171469.4	0.204107
21654001.61	5171449.39	0.238025
21654073.75	5171429.38	0.196296
21654145.9	5171409.37	0.226028
21654218.05	5171389.36	0.288439
21654290.19	5171369.36	0.276069
21654362.34	5171349.35	0.204893
21654434.49	5171329.34	0.176273
21654506.63	5171309.33	0.187194
21654578.78	5171289.32	0.164669
21654650.93	5171269.32	0.148793
21654723.07	5171249.31	0.15541
21654795.22	5171229.3	0.16585
21654867.37	5171209.29	0.181449
21654939.51	5171189.28	0.204386
21655011.66	5171169.28	0.149096
21655083.81	5171149.27	0.124329
21655155.95	5171129.26	0.155815
21655228.1	5171109.25	0.165802
21655300.25	5171089.24	0.14192
21655372.39	5171069.24	0.133585
21655444.54	5171049.23	0.155042
21655516.69	5171029.22	0.159577
21655588.84	5171009.21	0.133015
21655660.98	5170989.2	0.156896
21655733.13	5170969.2	0.137922
21655805.28	5170949.19	0.141917
21655877.42	5170929.18	0.173607
21655949.57	5170909.17	0.177117
21656021.72	5170889.16	0.162544
21656093.86	5170869.16	0.189128
21656166.01	5170849.15	0.206675
21656238.16	5170829.14	0.211791
21656310.3	5170809.13	0.210707
21656382.45	5170789.12	0.207521
21656454.6	5170769.11	0.185887
21656526.74	5170749.11	0.164337
21656598.89	5170729.1	0.18681
21656671.04	5170709.09	0.213715
21656743.18	5170689.08	0.208614
21656815.33	5170669.07	0.203978
21656887.48	5170649.07	0.190983
21656959.62	5170629.06	0.29392
21657031.77	5170609.05	0.236571
21657103.92	5170589.04	0.181107
21657176.06	5170569.03	0.168615
21657248.21	5170549.03	0.165632
21657320.36	5170529.02	0.182224
21657392.5	5170509.01	0.203645
21657464.65	5170489	0.177865
21657536.8	5170468.99	0.168859
21657608.94	5170448.99	0.15742
21657681.09	5170428.98	0.163079
21657753.24	5170408.97	0.192266
21657825.38	5170388.96	0.212612
21657897.53	5170368.95	0.218541
21657969.68	5170348.95	0.235516
21658041.82	5170328.94	0.220788
21658113.97	5170308.93	0.20811
21658186.12	5170288.92	0.20625
21658258.26	5170268.91	0.162854
21658330.41	5170248.91	0.193057
21658402.56	5170228.9	0.285908
21658474.7	5170208.89	0.198497
21658546.85	5170188.88	0.153554
21658619	5170168.87	0.153354
21658691.14	5170148.87	0.149602
21658763.29	5170128.86	0.139157
21658835.44	5170108.85	0.15069
21658907.58	5170088.84	0.180136
21658979.73	5170068.83	0.187241
21659051.88	5170048.83	0.20572
21653299.77	5171720.24	0.201143
21653371.91	5171700.23	0.209158
21653444.06	5171680.22	0.227245
21653516.21	5171660.22	0.227208
21653588.35	5171640.21	0.251126
21653660.5	5171620.2	0.243178
21653732.65	5171600.19	0.226044
21653804.79	5171580.18	0.218167
21653876.94	5171560.18	0.187115
21653949.09	5171540.17	0.216672
21654021.23	5171520.16	0.239341
21654093.38	5171500.15	0.201366
21654165.53	5171480.14	0.201399
21654237.67	5171460.14	0.245663
21654309.82	5171440.13	0.230043
21654381.97	5171420.12	0.170916
21654454.11	5171400.11	0.183676
21654526.26	5171380.1	0.203521
21654598.41	5171360.09	0.16739
21654670.55	5171340.09	0.147797
21654742.7	5171320.08	0.165224
21654814.85	5171300.07	0.158306
21654886.99	5171280.06	0.196789
21654959.14	5171260.05	0.248858
21655031.29	5171240.05	0.244981
21655103.43	5171220.04	0.160212
21655175.58	5171200.03	0.158402
21655247.73	5171180.02	0.177496
21655319.87	5171160.01	0.250963
21655392.02	5171140.01	0.174601
21655464.17	5171120	0.136349
21655536.31	5171099.99	0.131508
21655608.46	5171079.98	0.125663
21655680.61	5171059.97	0.158957
21655752.76	5171039.97	0.149915
21655824.9	5171019.96	0.150547
21655897.05	5170999.95	0.195304
21655969.2	5170979.94	0.208721
21656041.34	5170959.93	0.197405
21656113.49	5170939.93	0.193766
21656185.64	5170919.92	0.214669
21656257.78	5170899.91	0.196688
21656329.93	5170879.9	0.183993
21656402.08	5170859.89	0.207447
21656474.22	5170839.89	0.186071
21656546.37	5170819.88	0.15439
21656618.52	5170799.87	0.154198
21656690.66	5170779.86	0.169157
21656762.81	5170759.85	0.164455
21656834.96	5170739.85	0.189571
21656907.1	5170719.84	0.200049
21656979.25	5170699.83	0.218515
21657051.4	5170679.82	0.209474
21657123.54	5170659.81	0.216739
21657195.69	5170639.81	0.195324
21657267.84	5170619.8	0.160666
21657339.98	5170599.79	0.179923
21657412.13	5170579.78	0.290077
21657484.28	5170559.77	0.195431
21657556.42	5170539.76	0.135463
21657628.57	5170519.76	0.13587
21657700.72	5170499.75	0.169529
21657772.86	5170479.74	0.207336
21657845.01	5170459.73	0.206686
21657917.16	5170439.72	0.205754
21657989.3	5170419.72	0.212519
21658061.45	5170399.71	0.22127
21658133.6	5170379.7	0.191198
21658205.74	5170359.69	0.180477
21658277.89	5170339.68	0.167862
21658350.04	5170319.68	0.172097
21658422.18	5170299.67	0.257928
21658494.33	5170279.66	0.187387
21658566.48	5170259.65	0.14484
21658638.62	5170239.64	0.159405
21658710.77	5170219.64	0.166417
21658782.92	5170199.63	0.141353
21658855.06	5170179.62	0.171724
21658927.21	5170159.61	0.212757
21658999.36	5170139.6	0.212306
21659071.5	5170119.6	0.225175
21653247.25	5171811.02	0.20745
21653319.39	5171791.01	0.198995
21653391.54	5171771	0.179798
21653463.69	5171750.99	0.173767
21653535.83	5171730.99	0.190117
21653607.98	5171710.98	0.201725
21653680.13	5171690.97	0.177225
21653752.27	5171670.96	0.192148
21653824.42	5171650.95	0.234891
21653896.57	5171630.95	0.237973
21653968.71	5171610.94	0.245585
21654040.86	5171590.93	0.230594
21654113.01	5171570.92	0.161436
21654185.15	5171550.91	0.236256
21654257.3	5171530.91	0.260951
21654329.45	5171510.9	0.266237
21654401.59	5171490.89	0.167144
21654473.74	5171470.88	0.153865
21654545.89	5171450.87	0.149769
21654618.03	5171430.87	0.134515
21654690.18	5171410.86	0.174969
21654762.33	5171390.85	0.186547
21654834.47	5171370.84	0.183925
21654906.62	5171350.83	0.171528
21654978.77	5171330.83	0.205475
21655050.91	5171310.82	0.241717
21655123.06	5171290.81	0.239227
21655195.21	5171270.8	0.198228
21655267.35	5171250.79	0.212515
21655339.5	5171230.79	0.21458
21655411.65	5171210.78	0.170888
21655483.79	5171190.77	0.128222
21655555.94	5171170.76	0.126358
21655628.09	5171150.75	0
21655700.23	5171130.74	0.126451
21655772.38	5171110.74	0.144539
21655844.53	5171090.73	0.171482
21655916.67	5171070.72	0.184049
21655988.82	5171050.71	0.173651
21656060.97	5171030.7	0.16986
21656133.11	5171010.7	0.162295
21656205.26	5170990.69	0.170483
21656277.41	5170970.68	0.171906
21656349.56	5170950.67	0.171915
21656421.7	5170930.66	0.179073
21656493.85	5170910.66	0.178736
21656566	5170890.65	0.155736
21656638.14	5170870.64	0.152282
21656710.29	5170850.63	0.151547
21656782.44	5170830.62	0.152807
21656854.58	5170810.62	0.17944
21656926.73	5170790.61	0.202605
21656998.88	5170770.6	0.190708
21657071.02	5170750.59	0.199622
21657143.17	5170730.58	0.22406
21657215.32	5170710.58	0.217166
21657287.46	5170690.57	0.170079
21657359.61	5170670.56	0.173863
21657431.76	5170650.55	0.2122
21657503.9	5170630.54	0.13246
21657576.05	5170610.54	0.115856
21657648.2	5170590.53	0.151366
21657720.34	5170570.52	0.178605
21657792.49	5170550.51	0.20094
21657864.64	5170530.5	0.205875
21657936.78	5170510.5	0.200781
21658008.93	5170490.49	0.190987
21658081.08	5170470.48	0.173488
21658153.22	5170450.47	0.141616
21658225.37	5170430.46	0.159384
21658297.52	5170410.46	0.173138
21658369.66	5170390.45	0.20945
21658441.81	5170370.44	0.253118
21658513.96	5170350.43	0.12368
21658586.1	5170330.42	0.140784
21658658.25	5170310.41	0.171864
21658730.4	5170290.41	0.179555
21658802.54	5170270.4	0.154371
21658874.69	5170250.39	0.172188
21658946.84	5170230.38	0.207794
21659018.98	5170210.37	0.208722
21659091.13	5170190.37	0.22412
21653266.87	5171881.79	0.173436
21653339.02	5171861.78	0.168679
21653411.17	5171841.77	0.168553
21653483.31	5171821.77	0.168548
21653555.46	5171801.76	0.155394
21653627.61	5171781.75	0.143845
21653699.75	5171761.74	0.14471
21653771.9	5171741.73	0.157652
21653844.05	5171721.73	0.265789
21653916.19	5171701.72	0.246718
21653988.34	5171681.71	0.231469
21654060.49	5171661.7	0.259501
21654132.63	5171641.69	0.151429
21654204.78	5171621.68	0.184241
21654276.93	5171601.68	0.306661
21654349.07	5171581.67	0.288027
21654421.22	5171561.66	0.132291
21654493.37	5171541.65	0.129488
21654565.51	5171521.64	0.129966
21654637.66	5171501.64	0.119017
21654709.81	5171481.63	0.133028
21654781.95	5171461.62	0.160211
21654854.1	5171441.61	0.174468
21654926.25	5171421.6	0.175975
21654998.39	5171401.6	0.203311
21655070.54	5171381.59	0.22798
21655142.69	5171361.58	0.238565
21655214.83	5171341.57	0.222233
21655286.98	5171321.56	0.225204
21655359.13	5171301.56	0.204295
21655431.27	5171281.55	0.218967
21655503.42	5171261.54	0.146068
21655575.57	5171241.53	0.123391
21655647.71	5171221.52	0.103074
21655719.86	5171201.52	0.113283
21655792.01	5171181.51	0.132266
21655864.15	5171161.5	0.137853
21655936.3	5171141.49	0.154252
21656008.45	5171121.48	0.145151
21656080.59	5171101.48	0.125923
21656152.74	5171081.47	0.147607
21656224.89	5171061.46	0.156818
21656297.03	5171041.45	0.166393
21656369.18	5171021.44	0.178643
21656441.33	5171001.44	0.176595
21656513.48	5170981.43	0.175546
21656585.62	5170961.42	0.165986
21656657.77	5170941.41	0.157491
21656729.91	5170921.4	0.160379
21656802.06	5170901.39	0.15912
21656874.21	5170881.39	0.180279
21656946.36	5170861.38	0.210701
21657018.5	5170841.37	0.226866
21657090.65	5170821.36	0.224415
21657162.8	5170801.35	0.227575
21657234.94	5170781.35	0.22117
21657307.09	5170761.34	0.178735
21657379.24	5170741.33	0.166249
21657451.38	5170721.32	0.159156
21657523.53	5170701.31	0.15863
21657595.68	5170681.31	0.161098
21657667.82	5170661.3	0.176117
21657739.97	5170641.29	0.198015
21657812.12	5170621.28	0.213144
21657884.26	5170601.27	0.210331
21657956.41	5170581.27	0.207384
21658028.56	5170561.26	0.191527
21658100.7	5170541.25	0.18366
21658172.85	5170521.24	0.169254
21658245	5170501.23	0.177533
21658317.14	5170481.23	0.185608
21658389.29	5170461.22	0.233099
21658461.44	5170441.21	0.238338
21658533.58	5170421.2	0.182423
21658605.73	5170401.19	0.166883
21658677.88	5170381.19	0.158525
21658750.02	5170361.18	0.158772
21658822.17	5170341.17	0.15307
21658894.32	5170321.16	0.146369
21658966.46	5170301.15	0.14631
21659038.61	5170281.15	0.171975
21653286.5	5171952.56	0.167542
21653358.65	5171932.55	0.170944
21653430.79	5171912.54	0.183996
21653502.94	5171892.54	0.165782
21653575.09	5171872.53	0.135828
21653647.23	5171852.52	0.13591
21653719.38	5171832.51	0.138578
21653791.53	5171812.5	0.139373
21653863.67	5171792.5	0.211193
21653935.82	5171772.49	0.29077
21654007.97	5171752.48	0.303172
21654080.11	5171732.47	0.229504
21654152.26	5171712.46	0.147206
21654224.41	5171692.46	0.223171
21654296.55	5171672.45	0.299222
21654368.7	5171652.44	0.218741
21654440.85	5171632.43	0.11774
21654512.99	5171612.42	0.112246
21654585.14	5171592.42	0.117203
21654657.29	5171572.41	0.127593
21654729.43	5171552.4	0.134907
21654801.58	5171532.39	0.157268
21654873.73	5171512.38	0.161441
21654945.87	5171492.37	0.165093
21655018.02	5171472.37	0.221059
21655090.17	5171452.36	0.261019
21655162.31	5171432.35	0.224052
21655234.46	5171412.34	0.243459
21655306.61	5171392.33	0.305202
21655378.75	5171372.33	0.298684
21655450.9	5171352.32	0.258216
21655523.05	5171332.31	0.143149
21655595.19	5171312.3	0.112863
21655667.34	5171292.29	0.0866017
21655739.49	5171272.29	0.105355
21655811.63	5171252.28	0.116649
21655883.78	5171232.27	0.129476
21655955.93	5171212.26	0.132494
21656028.07	5171192.25	0.108518
21656100.22	5171172.25	0.107279
21656172.37	5171152.24	0.139709
21656244.51	5171132.23	0.140982
21656316.66	5171112.22	0.146167
21656388.81	5171092.21	0.147941
21656460.95	5171072.21	0.149526
21656533.1	5171052.2	0.160338
21656605.25	5171032.19	0.158141
21656677.39	5171012.18	0.159303
21656749.54	5170992.17	0.168657
21656821.69	5170972.17	0.167598
21656893.84	5170952.16	0.191883
21656965.98	5170932.15	0.2164
21657038.13	5170912.14	0.233385
21657110.27	5170892.13	0.236618
21657182.42	5170872.13	0.209147
21657254.57	5170852.12	0.196087
21657326.72	5170832.11	0.177773
21657398.86	5170812.1	0.174022
21657471.01	5170792.09	0.163578
21657543.16	5170772.09	0.168436
21657615.3	5170752.08	0.184864
21657687.45	5170732.07	0.189035
21657759.6	5170712.06	0.20597
21657831.74	5170692.05	0.214158
21657903.89	5170672.04	0.21476
21657976.04	5170652.04	0.194569
21658048.18	5170632.03	0.190448
21658120.33	5170612.02	0.176048
21658192.48	5170592.01	0.166791
21658264.62	5170572	0.172315
21658336.77	5170552	0.183848
21658408.92	5170531.99	0.216626
21658481.06	5170511.98	0.223951
21658553.21	5170491.97	0.192257
21658625.36	5170471.96	0.170873
21658697.5	5170451.96	0.157594
21658769.65	5170431.95	0.150553
21658841.8	5170411.94	0.142764
21658913.94	5170391.93	0.139023
21658986.09	5170371.92	0.132172
21659058.24	5170351.92	0.14855
21653306.13	5172023.33	0.156349
21653378.27	5172003.32	0.157996
21653450.42	5171983.31	0.164313
21653522.57	5171963.31	0.153038
21653594.71	5171943.3	0.130435
21653666.86	5171923.29	0.13372
21653739.01	5171903.28	0.140637
21653811.15	5171883.27	0.142159
21653883.3	5171863.27	0.205975
21653955.45	5171843.26	0.276556
21654027.59	5171823.25	0.303405
21654099.74	5171803.24	0.193666
21654171.89	5171783.23	0.143195
21654244.03	5171763.23	0.218482
21654316.18	5171743.22	0.283666
21654388.33	5171723.21	0.257929
21654460.47	5171703.2	0.132101
21654532.62	5171683.19	0.129101
21654604.77	5171663.19	0.130793
21654676.91	5171643.18	0.13568
21654749.06	5171623.17	0.141301
21654821.21	5171603.16	0.147959
21654893.35	5171583.15	0.149665
21654965.5	5171563.15	0.165147
21655037.65	5171543.14	0.243467
21655109.79	5171523.13	0.292067
21655181.94	5171503.12	0.287442
21655254.09	5171483.11	0.298174
21655326.23	5171463.11	0.288178
21655398.38	5171443.1	0.292612
21655470.53	5171423.09	0.258747
21655542.67	5171403.08	0.158924
21655614.82	5171383.07	0.103825
21655686.97	5171363.07	0.0910042
21655759.11	5171343.06	0.102056
21655831.26	5171323.05	0.106879
21655903.41	5171303.04	0.129777
21655975.55	5171283.03	0.116285
21656047.7	5171263.02	0.0955728
21656119.85	5171243.02	0.0857935
21656191.99	5171223.01	0
21656264.14	5171203	0
21656336.29	5171182.99	0.108123
21656408.43	5171162.98	0.114122
21656480.58	5171142.98	0.13379
21656552.73	5171122.97	0.135731
21656624.87	5171102.96	0.139263
21656697.02	5171082.95	0.155227
21656769.17	5171062.94	0.164374
21656841.31	5171042.94	0.163425
21656913.46	5171022.93	0.177529
21656985.61	5171002.92	0.218122
21657057.75	5170982.91	0.231078
21657129.9	5170962.9	0.233666
21657202.05	5170942.9	0.209799
21657274.19	5170922.89	0.189007
21657346.34	5170902.88	0.189248
21657418.49	5170882.87	0.189143
21657490.64	5170862.86	0.194575
21657562.78	5170842.86	0.20136
21657634.93	5170822.85	0.210259
21657707.08	5170802.84	0.205561
21657779.22	5170782.83	0.220641
21657851.37	5170762.82	0.232587
21657923.52	5170742.82	0.248771
21657995.66	5170722.81	0.226972
21658067.81	5170702.8	0.210272
21658139.96	5170682.79	0.185724
21658212.1	5170662.78	0.173441
21658284.25	5170642.78	0.170792
21658356.4	5170622.77	0.186975
21658428.54	5170602.76	0.25251
21658500.69	5170582.75	0.280716
21658572.84	5170562.74	0.175858
21658644.98	5170542.74	0.172174
21658717.13	5170522.73	0.164063
21658789.28	5170502.72	0.159391
21658861.42	5170482.71	0.146377
21658933.57	5170462.7	0.129051
21659005.72	5170442.69	0.126322
21659077.86	5170422.69	0.138837
21653253.61	5172114.11	0.15684
21653325.75	5172094.1	0.14122
21653397.9	5172074.09	0.131252
21653470.05	5172054.09	0.140141
21653542.19	5172034.08	0.137753
21653614.34	5172014.07	0.126126
21653686.49	5171994.06	0.134838
21653758.63	5171974.05	0.143321
21653830.78	5171954.05	0.138275
21653902.93	5171934.04	0.237154
21653975.07	5171914.03	0.267539
21654047.22	5171894.02	0.279647
21654119.37	5171874.01	0.231598
21654191.51	5171854	0.134335
21654263.66	5171834	0.168708
21654335.81	5171813.99	0.276572
21654407.95	5171793.98	0.228595
21654480.1	5171773.97	0.140221
21654552.25	5171753.96	0.143407
21654624.39	5171733.96	0.146486
21654696.54	5171713.95	0.154158
21654768.69	5171693.94	0.153653
21654840.83	5171673.93	0.151998
21654912.98	5171653.92	0.149696
21654985.13	5171633.92	0.156476
21655057.27	5171613.91	0.261184
21655129.42	5171593.9	0.28457
21655201.57	5171573.89	0.280978
21655273.71	5171553.88	0.280205
21655345.86	5171533.88	0.300102
21655418.01	5171513.87	0.283565
21655490.15	5171493.86	0.253466
21655562.3	5171473.85	0.124127
21655634.45	5171453.84	0.0882577
21655706.59	5171433.84	0.0826333
21655778.74	5171413.83	0.101764
21655850.89	5171393.82	0.110749
21655923.03	5171373.81	0.114531
21655995.18	5171353.8	0.101023
21656067.33	5171333.8	0
21656139.47	5171313.79	0
21656211.62	5171293.78	0
21656283.77	5171273.77	0
21656355.91	5171253.76	0
21656428.06	5171233.76	0.102977
21656500.21	5171213.75	0.114084
21656572.35	5171193.74	0.102827
21656644.5	5171173.73	0.1297
21656716.65	5171153.72	0.1684
21656788.79	5171133.72	0.177387
21656860.94	5171113.71	0.173551
21656933.09	5171093.7	0.179705
21657005.23	5171073.69	0.206161
21657077.38	5171053.68	0.226803
21657149.53	5171033.67	0.243054
21657221.67	5171013.67	0.244517
21657293.82	5170993.66	0.225032
21657365.97	5170973.65	0.202444
21657438.11	5170953.64	0.207085
21657510.26	5170933.63	0.209473
21657582.41	5170913.63	0.216526
21657654.55	5170893.62	0.226192
21657726.7	5170873.61	0.226339
21657798.85	5170853.6	0.229026
21657870.99	5170833.59	0.265594
21657943.14	5170813.59	0.277015
21658015.29	5170793.58	0.269083
21658087.44	5170773.57	0.253296
21658159.58	5170753.56	0.222207
21658231.73	5170733.55	0.216308
21658303.88	5170713.55	0.196561
21658376.02	5170693.54	0.200453
21658448.17	5170673.53	0.235667
21658520.32	5170653.52	0.295402
21658592.46	5170633.51	0.192154
21658664.61	5170613.51	0.177688
21658736.76	5170593.5	0.173696
21658808.9	5170573.49	0.159774
21658881.05	5170553.48	0.137337
21658953.2	5170533.47	0.128416
21659025.34	5170513.47	0.141462
21659097.49	5170493.46	0.138514
21653273.23	5172184.88	0.156358
21653345.38	5172164.87	0.138941
21653417.53	5172144.86	0.132119
21653489.67	5172124.86	0.141411
21653561.82	5172104.85	0.141745
21653633.97	5172084.84	0.13047
21653706.11	5172064.83	0.119725
21653778.26	5172044.82	0.132224
21653850.41	5172024.82	0.130563
21653922.55	5172004.81	0.195552
21653994.7	5171984.8	0.252269
21654066.85	5171964.79	0.271368
21654138.99	5171944.78	0.196547
21654211.14	5171924.78	0.133446
21654283.29	5171904.77	0.20955
21654355.43	5171884.76	0.261274
21654427.58	5171864.75	0.19913
21654499.73	5171844.74	0.120519
21654571.87	5171824.74	0.129479
21654644.02	5171804.73	0.143162
21654716.17	5171784.72	0.165158
21654788.31	5171764.71	0.188868
21654860.46	5171744.7	0.180738
21654932.61	5171724.7	0.171599
21655004.75	5171704.69	0.178217
21655076.9	5171684.68	0.274206
21655149.05	5171664.67	0.26779
21655221.19	5171644.66	0.251561
21655293.34	5171624.65	0.26741
21655365.49	5171604.65	0.284658
21655437.63	5171584.64	0.278448
21655509.78	5171564.63	0.228962
21655581.93	5171544.62	0.112835
21655654.07	5171524.61	0.0893162
21655726.22	5171504.61	0.079968
21655798.37	5171484.6	0.0832399
21655870.51	5171464.59	0.0906485
21655942.66	5171444.58	0.100272
21656014.81	5171424.57	0.0860084
21656086.95	5171404.57	0
21656159.1	5171384.56	0
21656231.25	5171364.55	0
21656303.39	5171344.54	0
21656375.54	5171324.53	0
21656447.69	5171304.53	0
21656519.83	5171284.52	0.0955384
21656591.98	5171264.51	0.0866483
21656664.13	5171244.5	0.121357
21656736.27	5171224.49	0.15416
21656808.42	5171204.49	0.176095
21656880.57	5171184.48	0.172779
21656952.71	5171164.47	0.178379
21657024.86	5171144.46	0.205019
21657097.01	5171124.45	0.238315
21657169.15	5171104.45	0.264751
21657241.3	5171084.44	0.262735
21657313.45	5171064.43	0.235297
21657385.59	5171044.42	0.217704
21657457.74	5171024.41	0.220644
21657529.89	5171004.41	0.222727
21657602.03	5170984.4	0.220092
21657674.18	5170964.39	0.242245
21657746.33	5170944.38	0.262196
21657818.47	5170924.37	0.269114
21657890.62	5170904.36	0.272235
21657962.77	5170884.36	0.263465
21658034.91	5170864.35	0.248515
21658107.06	5170844.34	0.250654
21658179.21	5170824.33	0.235945
21658251.36	5170804.32	0.228785
21658323.5	5170784.32	0.211459
21658395.65	5170764.31	0.203478
21658467.8	5170744.3	0.237797
21658539.94	5170724.29	0.295691
21658612.09	5170704.28	0.186914
21658684.24	5170684.28	0.183763
21658756.38	5170664.27	0.179051
21658828.53	5170644.26	0.168944
21658900.68	5170624.25	0.154582
21658972.82	5170604.24	0.139041
21659044.97	5170584.24	0.123452
