21653307.22	5170346.33	0.201912
21653379.37	5170326.32	0.193461
21653451.52	5170306.31	0.154818
21653523.66	5170286.3	0.184915
21653595.81	5170266.29	0.198449
21653667.96	5170246.29	0.186926
21653740.1	5170226.28	0.175279
21653812.25	5170206.27	0.308073
21653884.4	5170186.26	0.252908
21653956.54	5170166.25	0.248648
21654028.69	5170146.25	0.257203
21654100.84	5170126.24	0.249466
21654172.98	5170106.23	0.248431
21654245.13	5170086.22	0.246543
21654317.28	5170066.21	0.24056
21654389.42	5170046.21	0.208137
21654461.57	5170026.2	0.200231
21654533.72	5170006.19	0.271619
21654605.86	5169986.18	0.273026
21654678.01	5169966.17	0.228556
21654750.16	5169946.17	0.248228
21654822.31	5169926.16	0.240662
21654894.45	5169906.15	0.194811
21654966.6	5169886.14	0.191117
21655038.75	5169866.13	0.192606
21655110.89	5169846.13	0.191824
21655183.04	5169826.12	0.199762
21655255.19	5169806.11	0.197954
21655327.33	5169786.1	0.197095
21655399.48	5169766.09	0.20581
21653254.7	5170437.11	0.180927
21653326.85	5170417.1	0.179703
21653399	5170397.09	0.173411
21653471.14	5170377.08	0.146396
21653543.29	5170357.07	0.167637
21653615.44	5170337.07	0.180836
21653687.58	5170317.06	0.197433
21653759.73	5170297.05	0.230967
21653831.88	5170277.04	0.274145
21653904.02	5170257.03	0.259338
21653976.17	5170237.03	0.220392
21654048.32	5170217.02	0.234761
21654120.46	5170197.01	0.221912
21654192.61	5170177	0.216458
21654264.76	5170156.99	0.251179
21654336.9	5170136.98	0.251683
21654409.05	5170116.98	0.277014
21654481.2	5170096.97	0.262312
21654553.34	5170076.96	0.271545
21654625.49	5170056.95	0.233026
21654697.64	5170036.94	0.212145
21654769.78	5170016.94	0.223865
21654841.93	5169996.93	0.22229
21654914.08	5169976.92	0.198031
21654986.23	5169956.91	0.191274
21655058.37	5169936.9	0.208762
21655130.52	5169916.9	0.200829
21655202.66	5169896.89	0.201017
21655274.81	5169876.88	0.219525
21655346.96	5169856.87	0.218446
21655419.11	5169836.86	0.197641
21655491.25	5169816.86	0.181269
21655563.4	5169796.85	0.199179
21655635.55	5169776.84	0.212997
21655707.69	5169756.83	0.246978
21655779.84	5169736.82	0.215102
21655851.99	5169716.82	0.193702
21655924.13	5169696.81	0.232936
21655996.28	5169676.8	0.240832
21656068.43	5169656.79	0.227842
21656140.57	5169636.78	0.226947
21656212.72	5169616.78	0.228317
21656284.87	5169596.77	0.223981
21656357.01	5169576.76	0.261162
21656429.16	5169556.75	0.229165
21656501.31	5169536.74	0.230125
21656573.45	5169516.74	0.282528
21656645.6	5169496.73	0.148533
21656717.75	5169476.72	0.121715
21656789.89	5169456.71	0.215753
21656862.04	5169436.7	0.255776
21656934.19	5169416.69	0.260506
21657006.33	5169396.69	0.261065
21657078.48	5169376.68	0.234208
21657150.63	5169356.67	0.256299
21657222.77	5169336.66	0.221609
21657294.92	5169316.65	0.215649
21657367.07	5169296.65	0.215023
21657439.21	5169276.64	0.212279
21657511.36	5169256.63	0.213763
21657583.51	5169236.62	0.193868
21657655.65	5169216.61	0.182598
21657727.8	5169196.61	0.181388
21657799.95	5169176.6	0.169567
21657872.09	5169156.59	0.182003
21657944.24	5169136.58	0.211152
21658016.39	5169116.57	0.224008
21658088.53	5169096.57	0.273581
21658160.68	5169076.56	0.236156
21658232.83	5169056.55	0.232297
21658304.97	5169036.54	0.252826
21658377.12	5169016.53	0.273188
21658449.27	5168996.53	0.292611
21658521.41	5168976.52	0.290929
21658593.56	5168956.51	0.271151
21658665.71	5168936.5	0.23281
21658737.85	5168916.49	0.196938
21658810	5168896.49	0.185993
21658882.15	5168876.48	0.154933
21658954.29	5168856.47	0.203628
21659026.44	5168836.46	0.223079
21659098.59	5168816.45	0.266579
21653274.33	5170507.88	0.185822
21653346.48	5170487.87	0.17244
21653418.62	5170467.86	0.178614
21653490.77	5170447.85	0.169187
21653562.92	5170427.84	0.177934
21653635.06	5170407.84	0.193324
21653707.21	5170387.83	0.202532
21653779.36	5170367.82	0.214305
21653851.5	5170347.81	0.253411
21653923.65	5170327.8	0.228249
21653995.8	5170307.8	0.215139
21654067.94	5170287.79	0.225819
21654140.09	5170267.78	0.198648
21654212.24	5170247.77	0.172225
21654284.38	5170227.76	0.260266
21654356.53	5170207.76	0.233228
21654428.68	5170187.75	0.275722
21654500.82	5170167.74	0.267656
21654572.97	5170147.73	0.256006
21654645.12	5170127.72	0.2267
21654717.26	5170107.72	0.219201
21654789.41	5170087.71	0.227033
21654861.56	5170067.7	0.210757
21654933.7	5170047.69	0.175108
21655005.85	5170027.68	0.173932
21655078	5170007.68	0.206783
21655150.14	5169987.67	0.207734
21655222.29	5169967.66	0.228084
21655294.44	5169947.65	0.244011
21655366.58	5169927.64	0.234947
21655438.73	5169907.63	0.22404
21655510.88	5169887.63	0.209891
21655583.03	5169867.62	0.206893
21655655.17	5169847.61	0.209707
21655727.32	5169827.6	0.228496
21655799.47	5169807.59	0.205602
21655871.61	5169787.59	0.234784
21655943.76	5169767.58	0.245999
21656015.91	5169747.57	0.249109
21656088.05	5169727.56	0.224296
21656160.2	5169707.55	0.222899
21656232.35	5169687.55	0.222631
21656304.49	5169667.54	0.248688
21656376.64	5169647.53	0.231921
21656448.79	5169627.52	0.215583
21656520.93	5169607.51	0.205138
21656593.08	5169587.51	0.257247
21656665.23	5169567.5	0.207621
21656737.37	5169547.49	0.146756
21656809.52	5169527.48	0.206663
21656881.67	5169507.47	0.254139
21656953.81	5169487.47	0.211071
21657025.96	5169467.46	0.180077
21657098.11	5169447.45	0.232889
21657170.25	5169427.44	0.232879
21657242.4	5169407.43	0.235966
21657314.55	5169387.43	0.211847
21657386.69	5169367.42	0.213343
21657458.84	5169347.41	0.201975
21657530.99	5169327.4	0.193343
21657603.13	5169307.39	0.178497
21657675.28	5169287.39	0.159855
21657747.43	5169267.38	0.169104
21657819.57	5169247.37	0.174107
21657891.72	5169227.36	0.180607
21657963.87	5169207.35	0.212928
21658036.01	5169187.34	0.23044
21658108.16	5169167.34	0.273581
21658180.31	5169147.33	0.205201
21658252.45	5169127.32	0.184724
21658324.6	5169107.31	0.21488
21658396.75	5169087.3	0.25527
21658468.89	5169067.3	0.275361
21658541.04	5169047.29	0.278692
21658613.19	5169027.28	0.240291
21658685.33	5169007.27	0.20174
21658757.48	5168987.26	0.17006
21658829.63	5168967.26	0.147548
21658901.77	5168947.25	0.143342
21658973.92	5168927.24	0.166916
21659046.07	5168907.23	0.197699
21653293.96	5170578.65	0.155887
21653366.1	5170558.64	0.151731
21653438.25	5170538.63	0.161998
21653510.4	5170518.62	0.191858
21653582.54	5170498.61	0.214336
21653654.69	5170478.61	0.212218
21653726.84	5170458.6	0.181575
21653798.98	5170438.59	0.176122
21653871.13	5170418.58	0.252782
21653943.28	5170398.57	0.21112
21654015.42	5170378.57	0.228907
21654087.57	5170358.56	0.259524
21654159.72	5170338.55	0.20438
21654231.86	5170318.54	0.139285
21654304.01	5170298.53	0.18037
21654376.16	5170278.53	0.23393
21654448.3	5170258.52	0.240747
21654520.45	5170238.51	0.226839
21654592.6	5170218.5	0.234332
21654664.74	5170198.49	0.233936
21654736.89	5170178.49	0.213852
21654809.04	5170158.48	0.217235
21654881.18	5170138.47	0.205683
21654953.33	5170118.46	0.154721
21655025.48	5170098.45	0.176761
21655097.62	5170078.45	0.19845
21655169.77	5170058.44	0.191773
21655241.92	5170038.43	0.223862
21655314.06	5170018.42	0.211825
21655386.21	5169998.41	0.184798
21655458.36	5169978.41	0.219957
21655530.5	5169958.4	0.242879
21655602.65	5169938.39	0.228064
21655674.8	5169918.38	0.211614
21655746.95	5169898.37	0.228844
21655819.09	5169878.37	0.234127
21655891.24	5169858.36	0.254229
21655963.38	5169838.35	0.261501
21656035.53	5169818.34	0.249543
21656107.68	5169798.33	0.223709
21656179.83	5169778.32	0.214815
21656251.97	5169758.32	0.214921
21656324.12	5169738.31	0.283731
21656396.27	5169718.3	0.232574
21656468.41	5169698.29	0.204571
21656540.56	5169678.28	0.204147
21656612.71	5169658.28	0.2396
21656684.85	5169638.27	0.232259
21656757	5169618.26	0.226385
21656829.15	5169598.25	0.215339
21656901.29	5169578.24	0.221114
21656973.44	5169558.24	0.159395
21657045.59	5169538.23	0.182345
21657117.73	5169518.22	0.19019
21657189.88	5169498.21	0.159995
21657262.03	5169478.2	0.247649
21657334.17	5169458.2	0.251498
21657406.32	5169438.19	0.239859
21657478.47	5169418.18	0.200292
21657550.61	5169398.17	0.176679
21657622.76	5169378.16	0.176225
21657694.91	5169358.16	0.176305
21657767.05	5169338.15	0.175121
21657839.2	5169318.14	0.197837
21657911.35	5169298.13	0.227287
21657983.49	5169278.12	0.257034
21658055.64	5169258.12	0.270421
21658127.79	5169238.11	0.235852
21658199.93	5169218.1	0.155922
21658272.08	5169198.09	0.160759
21658344.23	5169178.08	0.15814
21658416.37	5169158.08	0.198595
21658488.52	5169138.07	0.223131
21658560.67	5169118.06	0.247843
21658632.81	5169098.05	0.217041
21658704.96	5169078.04	0.155453
21658777.11	5169058.03	0.148386
21658849.25	5169038.03	0.148792
21658921.4	5169018.02	0.145298
21658993.55	5168998.01	0.138498
21659065.69	5168978	0.143674
21653313.58	5170649.42	0.179373
21653385.73	5170629.41	0.154604
21653457.88	5170609.4	0.150142
21653530.02	5170589.39	0.163637
21653602.17	5170569.39	0.19034
21653674.32	5170549.38	0.172329
21653746.46	5170529.37	0.155088
21653818.61	5170509.36	0.20003
21653890.76	5170489.35	0.251239
21653962.9	5170469.35	0.237925
21654035.05	5170449.34	0.269093
21654107.2	5170429.33	0.219034
21654179.34	5170409.32	0.215761
21654251.49	5170389.31	0.135453
21654323.64	5170369.3	0.167996
21654395.78	5170349.3	0.24734
21654467.93	5170329.29	0.249932
21654540.08	5170309.28	0.249864
21654612.22	5170289.27	0.223244
21654684.37	5170269.26	0.212866
21654756.52	5170249.26	0.204877
21654828.66	5170229.25	0.201658
21654900.81	5170209.24	0.213834
21654972.96	5170189.23	0.182508
21655045.1	5170169.22	0.202462
21655117.25	5170149.22	0.222871
21655189.4	5170129.21	0.194252
21655261.54	5170109.2	0.180034
21655333.69	5170089.19	0.189531
21655405.84	5170069.18	0.201476
21655477.98	5170049.18	0.221898
21655550.13	5170029.17	0.222601
21655622.28	5170009.16	0.212015
21655694.42	5169989.15	0.235555
21655766.57	5169969.14	0.274107
21655838.72	5169949.14	0.262416
21655910.86	5169929.13	0.278235
21655983.01	5169909.12	0.268846
21656055.16	5169889.11	0.234462
21656127.3	5169869.1	0.193213
21656199.45	5169849.1	0.208244
21656271.6	5169829.09	0.249818
21656343.75	5169809.08	0.271544
21656415.89	5169789.07	0.197208
21656488.04	5169769.06	0.225038
21656560.19	5169749.06	0.228922
21656632.33	5169729.05	0.25266
21656704.48	5169709.04	0.261022
21656776.63	5169689.03	0.267405
21656848.77	5169669.02	0.246844
21656920.92	5169649.02	0.246009
21656993.07	5169629.01	0.181208
21657065.21	5169609	0.160832
21657137.36	5169588.99	0.164356
21657209.51	5169568.98	0.127083
21657281.65	5169548.97	0.148376
21657353.8	5169528.97	0.223187
21657425.95	5169508.96	0.240919
21657498.09	5169488.95	0.157598
21657570.24	5169468.94	0.182444
21657642.39	5169448.93	0.170008
21657714.53	5169428.93	0.168649
21657786.68	5169408.92	0.189231
21657858.83	5169388.91	0.243178
21657930.97	5169368.9	0.275579
21658003.12	5169348.89	0.259864
21658075.27	5169328.89	0.222011
21658147.41	5169308.88	0.165249
21658219.56	5169288.87	0.160166
21658291.71	5169268.86	0.145493
21658363.85	5169248.85	0.139343
21658436	5169228.85	0.145951
21658508.15	5169208.84	0.185872
21658580.29	5169188.83	0.190694
21658652.44	5169168.82	0.163148
21658724.59	5169148.81	0.132186
21658796.73	5169128.81	0.126971
21658868.88	5169108.8	0.139789
21658941.03	5169088.79	0.14599
21659013.17	5169068.78	0.143241
21659085.32	5169048.77	0.141275
21653261.06	5170740.2	0.204546
21653333.21	5170720.19	0.183532
21653405.36	5170700.18	0.154434
21653477.5	5170680.17	0.159645
21653549.65	5170660.16	0.17366
21653621.8	5170640.16	0.190387
21653693.94	5170620.15	0.196407
21653766.09	5170600.14	0.166112
21653838.24	5170580.13	0.234679
21653910.38	5170560.12	0.270333
21653982.53	5170540.12	0.277458
21654054.68	5170520.11	0.242845
21654126.82	5170500.1	0.219708
21654198.97	5170480.09	0.185054
21654271.12	5170460.08	0.152329
21654343.26	5170440.08	0.149751
21654415.41	5170420.07	0.234115
21654487.56	5170400.06	0.248172
21654559.7	5170380.05	0.14752
21654631.85	5170360.04	0.171162
21654704	5170340.04	0.202362
21654776.14	5170320.03	0.19258
21654848.29	5170300.02	0.162858
21654920.44	5170280.01	0.177758
21654992.58	5170260	0.180915
21655064.73	5170240	0.246077
21655136.88	5170219.99	0.255913
21655209.02	5170199.98	0.218688
21655281.17	5170179.97	0.201627
21655353.32	5170159.96	0.208469
21655425.46	5170139.95	0.229044
21655497.61	5170119.95	0.245556
21655569.76	5170099.94	0.225104
21655641.9	5170079.93	0.247276
21655714.05	5170059.92	0.237234
21655786.2	5170039.91	0.233655
21655858.34	5170019.91	0.241566
21655930.49	5169999.9	0.283705
21656002.64	5169979.89	0.271513
21656074.78	5169959.88	0.233772
21656146.93	5169939.87	0.208861
21656219.08	5169919.87	0.216856
21656291.22	5169899.86	0.290499
21656363.37	5169879.85	0.244933
21656435.52	5169859.84	0.230137
21656507.66	5169839.83	0.227119
21656579.81	5169819.83	0.267262
21656651.96	5169799.82	0.270737
21656724.1	5169779.81	0.271071
21656796.25	5169759.8	0.285763
21656868.4	5169739.79	0.272014
21656940.55	5169719.79	0.237658
21657012.69	5169699.78	0.214442
21657084.84	5169679.77	0.146492
21657156.99	5169659.76	0.146568
21657229.13	5169639.75	0.125595
21657301.28	5169619.75	0.112556
21657373.43	5169599.74	0.170825
21657445.57	5169579.73	0.236704
21657517.72	5169559.72	0.169387
21657589.87	5169539.71	0.191223
21657662.01	5169519.71	0.176301
21657734.16	5169499.7	0.187269
21657806.31	5169479.69	0.248808
21657878.45	5169459.68	0.261968
21657950.6	5169439.67	0.27169
21658022.75	5169419.66	0.248785
21658094.89	5169399.66	0.198696
21658167.04	5169379.65	0.176506
21658239.19	5169359.64	0.151713
21658311.33	5169339.63	0.137596
21658383.48	5169319.62	0.131843
21658455.63	5169299.62	0.127365
21658527.77	5169279.61	0.142202
21658599.92	5169259.6	0.11796
21658672.07	5169239.59	0.108595
21658744.21	5169219.58	0.133717
21658816.36	5169199.58	0.171006
21658888.51	5169179.57	0.131024
21658960.65	5169159.56	0.127249
21659032.8	5169139.55	0.142916
21659104.95	5169119.54	0.148358
21653280.69	5170810.97	0.172098
21653352.84	5170790.96	0.164393
21653424.98	5170770.95	0.154064
21653497.13	5170750.94	0.201215
21653569.28	5170730.93	0.193282
21653641.42	5170710.93	0.182441
21653713.57	5170690.92	0.194824
21653785.72	5170670.91	0.226676
21653857.86	5170650.9	0.262975
21653930.01	5170630.89	0.27474
21654002.16	5170610.89	0.238882
21654074.3	5170590.88	0.166685
21654146.45	5170570.87	0.170803
21654218.6	5170550.86	0.21589
21654290.74	5170530.85	0.200301
21654362.89	5170510.85	0.158441
21654435.04	5170490.84	0.215679
21654507.18	5170470.83	0.2386
21654579.33	5170450.82	0.192006
21654651.48	5170430.81	0.177402
21654723.62	5170410.81	0.185684
21654795.77	5170390.8	0.197487
21654867.92	5170370.79	0.143677
21654940.06	5170350.78	0.148898
21655012.21	5170330.77	0.171593
21655084.36	5170310.77	0.226472
21655156.5	5170290.76	0.244831
21655228.65	5170270.75	0.246789
21655300.8	5170250.74	0.237509
21655372.94	5170230.73	0.218619
21655445.09	5170210.73	0.218656
21655517.24	5170190.72	0.265888
21655589.38	5170170.71	0.221182
21655661.53	5170150.7	0.24387
21655733.68	5170130.69	0.229472
21655805.82	5170110.69	0.205556
21655877.97	5170090.68	0.214337
21655950.12	5170070.67	0.242446
21656022.26	5170050.66	0.24391
21656094.41	5170030.65	0.206017
21656166.56	5170010.65	0.186699
21656238.7	5169990.64	0.183908
21656310.85	5169970.63	0.27478
21656383	5169950.62	0.24459
21656455.14	5169930.61	0.24734
21656527.29	5169910.6	0.244463
21656599.44	5169890.6	0.264586
21656671.58	5169870.59	0.255365
21656743.73	5169850.58	0.234439
21656815.88	5169830.57	0.271175
21656888.02	5169810.56	0.275905
21656960.17	5169790.56	0.247145
21657032.32	5169770.55	0.255278
21657104.47	5169750.54	0.153131
21657176.61	5169730.53	0.137369
21657248.76	5169710.52	0.128481
21657320.91	5169690.52	0.127757
21657393.05	5169670.51	0.138533
21657465.2	5169650.5	0.223421
21657537.35	5169630.49	0.195009
21657609.49	5169610.48	0.190269
21657681.64	5169590.48	0.204654
21657753.79	5169570.47	0.230057
21657825.93	5169550.46	0.247184
21657898.08	5169530.45	0.251137
21657970.23	5169510.44	0.271837
21658042.37	5169490.44	0.237328
21658114.52	5169470.43	0.170244
21658186.67	5169450.42	0.159189
21658258.81	5169430.41	0.181901
21658330.96	5169410.4	0.18117
21658403.11	5169390.4	0.166727
21658475.25	5169370.39	0.139032
21658547.4	5169350.38	0.121526
21658619.55	5169330.37	0.124823
21658691.69	5169310.36	0.132137
21658763.84	5169290.36	0.1363
21658835.99	5169270.35	0.157933
21658908.13	5169250.34	0.158322
21658980.28	5169230.33	0.141932
21659052.43	5169210.32	0.127009
21653300.32	5170881.74	0.170311
21653372.46	5170861.73	0.176542
21653444.61	5170841.72	0.198122
21653516.76	5170821.71	0.24315
21653588.9	5170801.71	0.223078
21653661.05	5170781.7	0.163033
21653733.2	5170761.69	0.17645
21653805.34	5170741.68	0.25282
21653877.49	5170721.67	0.260406
21653949.64	5170701.67	0.255044
21654021.78	5170681.66	0.132414
21654093.93	5170661.65	0
21654166.08	5170641.64	0.214778
21654238.22	5170621.63	0.225643
21654310.37	5170601.63	0.205807
21654382.52	5170581.62	0.180831
21654454.66	5170561.61	0.25091
21654526.81	5170541.6	0.271839
21654598.96	5170521.59	0.251525
21654671.1	5170501.58	0.197104
21654743.25	5170481.58	0.165355
21654815.4	5170461.57	0.139207
21654887.54	5170441.56	0.181619
21654959.69	5170421.55	0.16833
21655031.84	5170401.54	0.170363
21655103.98	5170381.54	0.225661
21655176.13	5170361.53	0.26978
21655248.28	5170341.52	0.291374
21655320.42	5170321.51	0.289376
21655392.57	5170301.5	0.279694
21655464.72	5170281.5	0.240611
21655536.86	5170261.49	0.206666
21655609.01	5170241.48	0.200668
21655681.16	5170221.47	0.205101
21655753.3	5170201.46	0.252821
21655825.45	5170181.46	0.215159
21655897.6	5170161.45	0.191446
21655969.74	5170141.44	0.201816
21656041.89	5170121.43	0.208874
21656114.04	5170101.42	0.190341
21656186.18	5170081.42	0.179912
21656258.33	5170061.41	0.179235
21656330.48	5170041.4	0.262614
21656402.62	5170021.39	0.248828
21656474.77	5170001.38	0.267077
21656546.92	5169981.38	0.261974
21656619.06	5169961.37	0.273038
21656691.21	5169941.36	0.280199
21656763.36	5169921.35	0.232308
21656835.5	5169901.34	0.27295
21656907.65	5169881.34	0.276909
21656979.8	5169861.33	0.272025
21657051.94	5169841.32	0.258984
21657124.09	5169821.31	0.254646
21657196.24	5169801.3	0.149776
21657268.38	5169781.3	0.164054
21657340.53	5169761.29	0.209936
21657412.68	5169741.28	0.221125
21657484.83	5169721.27	0.258549
21657556.97	5169701.26	0.221094
21657629.12	5169681.25	0.216333
21657701.27	5169661.25	0.258115
21657773.41	5169641.24	0.257892
21657845.56	5169621.23	0.173526
21657917.71	5169601.22	0.19041
21657989.85	5169581.21	0.259271
21658062	5169561.21	0.218363
21658134.15	5169541.2	0.168743
21658206.29	5169521.19	0.152425
21658278.44	5169501.18	0.191326
21658350.59	5169481.17	0.209767
21658422.73	5169461.17	0.194862
21658494.88	5169441.16	0.169702
21658567.03	5169421.15	0.127247
21658639.17	5169401.14	0.135146
21658711.32	5169381.13	0.116337
21658783.47	5169361.13	0.13634
21658855.61	5169341.12	0.140308
21658927.76	5169321.11	0.166776
21658999.91	5169301.1	0.161235
21659072.05	5169281.09	0.142355
21653247.8	5170972.52	0.17869
21653319.94	5170952.51	0.17176
21653392.09	5170932.5	0.179127
21653464.24	5170912.49	0.197682
21653536.38	5170892.48	0.202014
21653608.53	5170872.48	0.219147
21653680.68	5170852.47	0.169805
21653752.82	5170832.46	0.175588
21653824.97	5170812.45	0.225513
21653897.12	5170792.44	0.26451
21653969.26	5170772.44	0.14608
21654041.41	5170752.43	0.129334
21654113.56	5170732.42	0.165754
21654185.7	5170712.41	0.233423
21654257.85	5170692.4	0.22111
21654330	5170672.4	0.165757
21654402.14	5170652.39	0.148293
21654474.29	5170632.38	0.199411
21654546.44	5170612.37	0.254385
21654618.58	5170592.36	0.24073
21654690.73	5170572.36	0.264348
21654762.88	5170552.35	0.111484
21654835.02	5170532.34	0.133048
21654907.17	5170512.33	0.161976
21654979.32	5170492.32	0.189959
21655051.46	5170472.32	0.240112
21655123.61	5170452.31	0.239462
21655195.76	5170432.3	0.279045
21655267.9	5170412.29	0.2868
21655340.05	5170392.28	0.282487
21655412.2	5170372.28	0.252035
21655484.34	5170352.27	0.224574
21655556.49	5170332.26	0.257991
21655628.64	5170312.25	0.177071
21655700.78	5170292.24	0.20987
21655772.93	5170272.23	0.269206
21655845.08	5170252.23	0.225884
21655917.22	5170232.22	0.186498
21655989.37	5170212.21	0.178703
21656061.52	5170192.2	0.155988
21656133.66	5170172.19	0.163432
21656205.81	5170152.19	0.196498
21656277.96	5170132.18	0.181245
21656350.1	5170112.17	0.20034
21656422.25	5170092.16	0.275459
21656494.4	5170072.15	0.261674
21656566.54	5170052.15	0.247786
21656638.69	5170032.14	0.269727
21656710.84	5170012.13	0.286708
21656782.98	5169992.12	0.283481
21656855.13	5169972.11	0.273371
21656927.28	5169952.11	0.266118
21656999.42	5169932.1	0.261577
21657071.57	5169912.09	0.250029
21657143.72	5169892.08	0.23206
21657215.86	5169872.07	0.209259
21657288.01	5169852.07	0.167016
21657360.16	5169832.06	0.212933
21657432.3	5169812.05	0.254378
21657504.45	5169792.04	0.259369
21657576.6	5169772.03	0.230365
21657648.74	5169752.03	0.238313
21657720.89	5169732.02	0.266365
21657793.04	5169712.01	0.212368
21657865.18	5169692	0.0980671
21657937.33	5169671.99	0.150135
21658009.48	5169651.99	0.231807
21658081.63	5169631.98	0.264832
21658153.77	5169611.97	0.216259
21658225.92	5169591.96	0.167676
21658298.07	5169571.95	0.163956
21658370.21	5169551.94	0.170769
21658442.36	5169531.94	0.185743
21658514.51	5169511.93	0.167917
21658586.65	5169491.92	0.139449
21658658.8	5169471.91	0.182983
21658730.95	5169451.9	0.141121
21658803.09	5169431.9	0.164302
21658875.24	5169411.89	0.152057
21658947.39	5169391.88	0.137019
21659019.53	5169371.87	0.130846
21659091.68	5169351.86	0.130698
21653267.42	5171043.29	0.175044
21653339.57	5171023.28	0.171405
21653411.72	5171003.27	0.170434
21653483.86	5170983.26	0.170383
21653556.01	5170963.26	0.18469
21653628.16	5170943.25	0.178838
21653700.3	5170923.24	0.181978
21653772.45	5170903.23	0.201026
21653844.6	5170883.22	0.228786
21653916.74	5170863.21	0.245298
21653988.89	5170843.21	0.213673
21654061.04	5170823.2	0.197991
21654133.18	5170803.19	0.212673
21654205.33	5170783.18	0.232589
21654277.48	5170763.17	0.219613
21654349.62	5170743.17	0.193653
21654421.77	5170723.16	0.168255
21654493.92	5170703.15	0.164631
21654566.06	5170683.14	0.238382
21654638.21	5170663.13	0.262336
21654710.36	5170643.13	0.2645
21654782.5	5170623.12	0.211925
21654854.65	5170603.11	0.175058
21654926.8	5170583.1	0.182215
21654998.94	5170563.09	0.206149
21655071.09	5170543.09	0.278006
21655143.24	5170523.08	0.236817
21655215.38	5170503.07	0.267539
21655287.53	5170483.06	0.265041
21655359.68	5170463.05	0.237685
21655431.82	5170443.05	0.21337
21655503.97	5170423.04	0.21745
21655576.12	5170403.03	0.23679
21655648.26	5170383.02	0.188378
21655720.41	5170363.01	0.192861
21655792.56	5170343.01	0.260238
21655864.7	5170323	0.195869
21655936.85	5170302.99	0.141413
21656009	5170282.98	0.159627
21656081.14	5170262.97	0.139391
21656153.29	5170242.97	0.128275
21656225.44	5170222.96	0.153917
21656297.58	5170202.95	0.206567
21656369.73	5170182.94	0.169868
21656441.88	5170162.93	0.230463
21656514.02	5170142.93	0.203909
21656586.17	5170122.92	0.180115
21656658.32	5170102.91	0.242508
21656730.46	5170082.9	0.249158
21656802.61	5170062.89	0.249462
21656874.76	5170042.88	0.250917
21656946.9	5170022.88	0.231011
21657019.05	5170002.87	0.192446
21657091.2	5169982.86	0.184288
21657163.34	5169962.85	0.24787
21657235.49	5169942.84	0.211789
21657307.64	5169922.84	0.159677
21657379.78	5169902.83	0.16546
21657451.93	5169882.82	0.262985
21657524.08	5169862.81	0.264323
21657596.22	5169842.8	0.257152
21657668.37	5169822.8	0.250477
21657740.52	5169802.79	0.265999
21657812.66	5169782.78	0.163498
21657884.81	5169762.77	0.144895
21657956.96	5169742.76	0.180156
21658029.1	5169722.76	0.228317
21658101.25	5169702.75	0.250136
21658173.4	5169682.74	0.215033
21658245.54	5169662.73	0.16357
21658317.69	5169642.72	0.173798
21658389.84	5169622.72	0.170017
21658461.99	5169602.71	0.152118
21658534.13	5169582.7	0.133758
21658606.28	5169562.69	0.126961
21658678.43	5169542.68	0.158093
21658750.57	5169522.68	0.173524
21658822.72	5169502.67	0.172054
21658894.87	5169482.66	0.167078
21658967.01	5169462.65	0.15413
21659039.16	5169442.64	0.15149
21659111.31	5169422.64	0.141639
21653287.05	5171114.06	0.198541
21653359.2	5171094.05	0.17376
21653431.34	5171074.04	0.180352
21653503.49	5171054.03	0.176076
21653575.64	5171034.03	0.181257
21653647.78	5171014.02	0.160329
21653719.93	5170994.01	0.138381
21653792.08	5170974	0.177619
21653864.22	5170953.99	0.233324
21653936.37	5170933.99	0.249346
21654008.52	5170913.98	0.254632
21654080.66	5170893.97	0.23025
21654152.81	5170873.96	0.219464
21654224.96	5170853.95	0.217442
21654297.1	5170833.95	0.22648
21654369.25	5170813.94	0.219668
21654441.4	5170793.93	0.179283
21654513.54	5170773.92	0.188204
21654585.69	5170753.91	0.215198
21654657.84	5170733.91	0.226159
21654729.98	5170713.9	0.248337
21654802.13	5170693.89	0.250738
21654874.28	5170673.88	0.233618
21654946.42	5170653.87	0.190831
21655018.57	5170633.86	0.180443
21655090.72	5170613.86	0.197076
21655162.86	5170593.85	0.214251
21655235.01	5170573.84	0.231185
21655307.16	5170553.83	0.210234
21655379.3	5170533.82	0.197865
21655451.45	5170513.82	0.146242
21655523.6	5170493.81	0.231045
21655595.74	5170473.8	0.192023
21655667.89	5170453.79	0.145616
21655740.04	5170433.78	0.160391
21655812.18	5170413.78	0.199602
21655884.33	5170393.77	0.186605
21655956.48	5170373.76	0.161857
21656028.62	5170353.75	0.143755
21656100.77	5170333.74	0.118826
21656172.92	5170313.74	0.132878
21656245.06	5170293.73	0.167706
21656317.21	5170273.72	0.205911
21656389.36	5170253.71	0.185962
21656461.5	5170233.7	0.251258
21656533.65	5170213.7	0.197306
21656605.8	5170193.69	0.203069
21656677.94	5170173.68	0.207941
21656750.09	5170153.67	0.233005
21656822.24	5170133.66	0.22501
21656894.38	5170113.66	0.207644
21656966.53	5170093.65	0.184986
21657038.68	5170073.64	0.161336
21657110.82	5170053.63	0.222911
21657182.97	5170033.62	0.252019
21657255.12	5170013.62	0.186598
21657327.26	5169993.61	0.157717
21657399.41	5169973.6	0.176463
21657471.56	5169953.59	0.285701
21657543.7	5169933.58	0.268551
21657615.85	5169913.57	0.233171
21657688	5169893.57	0.200472
21657760.14	5169873.56	0.25094
21657832.29	5169853.55	0.168817
21657904.44	5169833.54	0.138807
21657976.58	5169813.53	0.181472
21658048.73	5169793.53	0.208479
21658120.88	5169773.52	0.218868
21658193.02	5169753.51	0.164959
21658265.17	5169733.5	0.165864
21658337.32	5169713.49	0.22151
21658409.46	5169693.49	0.206359
21658481.61	5169673.48	0.197948
21658553.76	5169653.47	0.181362
21658625.91	5169633.46	0.146304
21658698.05	5169613.45	0.146905
21658770.2	5169593.45	0.176644
21658842.35	5169573.44	0.197629
21658914.49	5169553.43	0.199273
21658986.64	5169533.42	0.196177
21659058.79	5169513.41	0.183004
21653306.68	5171184.83	0.228407
21653378.82	5171164.82	0.194994
21653450.97	5171144.81	0.162204
21653523.12	5171124.8	0.157976
21653595.26	5171104.8	0.198643
21653667.41	5171084.79	0.170591
21653739.56	5171064.78	0.0948829
21653811.7	5171044.77	0.172263
21653883.85	5171024.76	0.235008
21653956	5171004.76	0.261058
21654028.14	5170984.75	0.285227
21654100.29	5170964.74	0.284684
21654172.44	5170944.73	0.226715
21654244.58	5170924.72	0.196633
21654316.73	5170904.72	0.223592
21654388.88	5170884.71	0.265147
21654461.02	5170864.7	0.187454
21654533.17	5170844.69	0.163359
21654605.32	5170824.68	0.20491
21654677.46	5170804.68	0.20873
21654749.61	5170784.67	0.232116
21654821.76	5170764.66	0.261173
21654893.9	5170744.65	0.251628
21654966.05	5170724.64	0.208247
21655038.2	5170704.64	0.181099
21655110.34	5170684.63	0.214431
21655182.49	5170664.62	0.225501
21655254.64	5170644.61	0.225091
21655326.78	5170624.6	0.183733
21655398.93	5170604.6	0.183396
21655471.08	5170584.59	0.163809
21655543.22	5170564.58	0.264604
21655615.37	5170544.57	0.209427
21655687.52	5170524.56	0.166257
21655759.66	5170504.56	0.166177
21655831.81	5170484.55	0.20895
21655903.96	5170464.54	0.176459
21655976.1	5170444.53	0.135904
21656048.25	5170424.52	0.133096
21656120.4	5170404.51	0.133638
21656192.54	5170384.51	0.151169
21656264.69	5170364.5	0.193054
21656336.84	5170344.49	0.240104
21656408.98	5170324.48	0.204334
21656481.13	5170304.47	0.225959
21656553.28	5170284.47	0.250349
21656625.42	5170264.46	0.246648
21656697.57	5170244.45	0.238287
21656769.72	5170224.44	0.23688
21656841.86	5170204.43	0.231339
21656914.01	5170184.43	0.21198
21656986.16	5170164.42	0.203137
21657058.3	5170144.41	0.20936
21657130.45	5170124.4	0.270704
21657202.6	5170104.39	0.251963
21657274.74	5170084.39	0.156386
21657346.89	5170064.38	0.150723
21657419.04	5170044.37	0.163668
21657491.18	5170024.36	0.234556
21657563.33	5170004.35	0.277504
21657635.48	5169984.35	0.238679
21657707.62	5169964.34	0.192919
21657779.77	5169944.33	0.261731
21657851.92	5169924.32	0.188563
21657924.06	5169904.31	0.151019
21657996.21	5169884.31	0.177442
21658068.36	5169864.3	0.178523
21658140.5	5169844.29	0.193991
21658212.65	5169824.28	0.234871
21658284.8	5169804.27	0.191554
21658356.94	5169784.27	0.190014
21658429.09	5169764.26	0.176891
21658501.24	5169744.25	0.169811
21658573.38	5169724.24	0.18389
21658645.53	5169704.23	0.160686
21658717.68	5169684.22	0.1555
21658789.82	5169664.22	0.174879
21658861.97	5169644.21	0.185688
21658934.12	5169624.2	0.203724
21659006.26	5169604.19	0.213882
21659078.41	5169584.18	0.186125
21653254.15	5171275.61	0.290038
21653326.3	5171255.6	0.246189
21653398.45	5171235.59	0.215643
21653470.6	5171215.58	0.202355
21653542.74	5171195.58	0.176769
21653614.89	5171175.57	0.19519
21653687.04	5171155.56	0.196912
21653759.18	5171135.55	0.14995
21653831.33	5171115.54	0.158115
21653903.48	5171095.54	0.216352
21653975.62	5171075.53	0.266129
21654047.77	5171055.52	0.285843
21654119.92	5171035.51	0.250946
21654192.06	5171015.5	0.210171
21654264.21	5170995.49	0.211634
21654336.36	5170975.49	0.197099
21654408.5	5170955.48	0.185131
21654480.65	5170935.47	0.166567
21654552.8	5170915.46	0.166968
21654624.94	5170895.45	0.191057
21654697.09	5170875.45	0.22205
21654769.24	5170855.44	0.237842
21654841.38	5170835.43	0.266209
21654913.53	5170815.42	0.237262
21654985.68	5170795.41	0.18813
21655057.82	5170775.41	0.168399
21655129.97	5170755.4	0.197639
21655202.12	5170735.39	0.187535
21655274.26	5170715.38	0.181103
21655346.41	5170695.37	0.166435
21655418.56	5170675.37	0.169354
21655490.7	5170655.36	0.176615
21655562.85	5170635.35	0.239213
21655635	5170615.34	0.236997
21655707.14	5170595.33	0.182153
21655779.29	5170575.33	0.142627
21655851.44	5170555.32	0.15313
21655923.58	5170535.31	0.157001
21655995.73	5170515.3	0.113971
21656067.88	5170495.29	0.113364
21656140.02	5170475.29	0.128703
21656212.17	5170455.28	0.14463
21656284.32	5170435.27	0.194218
21656356.46	5170415.26	0.23861
21656428.61	5170395.25	0.210273
21656500.76	5170375.25	0.214204
21656572.9	5170355.24	0.251003
21656645.05	5170335.23	0.278906
21656717.2	5170315.22	0.270865
21656789.34	5170295.21	0.244087
21656861.49	5170275.21	0.252496
21656933.64	5170255.2	0.266403
21657005.78	5170235.19	0.248079
21657077.93	5170215.18	0.240704
21657150.08	5170195.17	0.276507
21657222.22	5170175.16	0.21923
21657294.37	5170155.16	0.141695
21657366.52	5170135.15	0.125487
21657438.66	5170115.14	0.109619
21657510.81	5170095.13	0.243745
21657582.96	5170075.12	0.259776
21657655.1	5170055.12	0.213872
21657727.25	5170035.11	0.166389
21657799.4	5170015.1	0.179691
21657871.54	5169995.09	0.218895
21657943.69	5169975.08	0.20211
21658015.84	5169955.08	0.200851
21658087.98	5169935.07	0.170061
21658160.13	5169915.06	0.200708
21658232.28	5169895.05	0.258082
21658304.42	5169875.04	0.242739
21658376.57	5169855.04	0.171304
21658448.72	5169835.03	0.152523
21658520.86	5169815.02	0.150159
21658593.01	5169795.01	0.170366
21658665.16	5169775	0.193671
21658737.3	5169755	0.198628
21658809.45	5169734.99	0.212685
21658881.6	5169714.98	0.238404
21658953.74	5169694.97	0.229777
21659025.89	5169674.96	0.231591
21659098.04	5169654.96	0.188743
21653273.78	5171346.38	0.294282
21653345.93	5171326.37	0.251822
21653418.07	5171306.36	0.235279
21653490.22	5171286.35	0.220119
21653562.37	5171266.35	0.197896
21653634.51	5171246.34	0.178363
21653706.66	5171226.33	0.179228
21653778.81	5171206.32	0.180056
21653850.96	5171186.31	0.184965
21653923.1	5171166.31	0.210255
21653995.25	5171146.3	0.243955
21654067.4	5171126.29	0.276436
21654139.54	5171106.28	0.203131
21654211.69	5171086.27	0.16137
21654283.84	5171066.27	0.172864
21654355.98	5171046.26	0.16659
21654428.13	5171026.25	0.159632
21654500.28	5171006.24	0.167524
21654572.42	5170986.23	0.170189
21654644.57	5170966.23	0.21061
21654716.72	5170946.22	0.253995
21654788.86	5170926.21	0.264598
21654861.01	5170906.2	0.248959
21654933.16	5170886.19	0.204398
21655005.3	5170866.18	0.156807
21655077.45	5170846.18	0.201514
21655149.6	5170826.17	0.214369
21655221.74	5170806.16	0.20808
21655293.89	5170786.15	0.157218
21655366.04	5170766.14	0.177835
21655438.18	5170746.14	0.199804
21655510.33	5170726.13	0.204993
21655582.48	5170706.12	0.232748
21655654.62	5170686.11	0.220801
21655726.77	5170666.1	0.183238
21655798.92	5170646.1	0.1334
21655871.06	5170626.09	0.123454
21655943.21	5170606.08	0.129801
21656015.36	5170586.07	0.128981
21656087.5	5170566.06	0.104822
21656159.65	5170546.06	0.131167
21656231.8	5170526.05	0.12868
21656303.94	5170506.04	0.155121
21656376.09	5170486.03	0.166309
21656448.24	5170466.02	0.169327
21656520.38	5170446.02	0.164088
21656592.53	5170426.01	0.16302
21656664.68	5170406	0.239819
21656736.82	5170385.99	0.256893
21656808.97	5170365.98	0.283773
21656881.12	5170345.98	0.260262
21656953.26	5170325.97	0.287279
21657025.41	5170305.96	0.273545
21657097.56	5170285.95	0.284631
21657169.7	5170265.94	0.23056
21657241.85	5170245.94	0.177481
21657314	5170225.93	0.168352
21657386.14	5170205.92	0.161629
21657458.29	5170185.91	0.147549
21657530.44	5170165.9	0.142241
21657602.58	5170145.9	0.256239
21657674.73	5170125.89	0.240281
21657746.88	5170105.88	0.179379
21657819.02	5170085.87	0.225936
21657891.17	5170065.86	0.262741
21657963.32	5170045.85	0.266304
21658035.46	5170025.85	0.231324
21658107.61	5170005.84	0.209565
21658179.76	5169985.83	0.217587
21658251.9	5169965.82	0.233447
21658324.05	5169945.81	0.266839
21658396.2	5169925.81	0.200993
21658468.34	5169905.8	0.166259
21658540.49	5169885.79	0.152579
21658612.64	5169865.78	0.15104
21658684.78	5169845.77	0.186449
21658756.93	5169825.77	0.202331
21658829.08	5169805.76	0.228501
21658901.22	5169785.75	0.246285
21658973.37	5169765.74	0.232128
21659045.52	5169745.73	0.24536
21653293.41	5171417.15	0.29071
21653365.55	5171397.14	0.226153
21653437.7	5171377.13	0.230166
21653509.85	5171357.12	0.244951
21653581.99	5171337.12	0.192472
21653654.14	5171317.11	0.165203
21653726.29	5171297.1	0.176123
21653798.43	5171277.09	0.181533
21653870.58	5171257.08	0.187258
21653942.73	5171237.08	0.229743
21654014.87	5171217.07	0.26565
21654087.02	5171197.06	0.267468
21654159.17	5171177.05	0.216078
21654231.32	5171157.04	0.168408
21654303.46	5171137.04	0.173072
21654375.61	5171117.03	0.16531
21654447.76	5171097.02	0.158565
21654519.9	5171077.01	0.200201
21654592.05	5171057	0.212651
21654664.2	5171037	0.238902
21654736.34	5171016.99	0.244498
21654808.49	5170996.98	0.244869
21654880.64	5170976.97	0.239164
21654952.78	5170956.96	0.21614
21655024.93	5170936.96	0.195897
21655097.08	5170916.95	0.188839
21655169.22	5170896.94	0.21234
21655241.37	5170876.93	0.208127
21655313.52	5170856.92	0.158537
21655385.66	5170836.92	0.185434
21655457.81	5170816.91	0.201986
21655529.96	5170796.9	0.216617
21655602.1	5170776.89	0.174944
21655674.25	5170756.88	0.131051
21655746.4	5170736.88	0.112142
21655818.54	5170716.87	0.0954594
21655890.69	5170696.86	0.105501
21655962.84	5170676.85	0.111966
21656034.98	5170656.84	0.119006
21656107.13	5170636.83	0.147967
21656179.28	5170616.83	0.148169
21656251.42	5170596.82	0.147216
21656323.57	5170576.81	0.155769
21656395.72	5170556.8	0.140498
21656467.86	5170536.79	0.152958
21656540.01	5170516.79	0.159001
21656612.16	5170496.78	0.135268
21656684.3	5170476.77	0.224096
21656756.45	5170456.76	0.236108
21656828.6	5170436.75	0.182994
21656900.74	5170416.75	0.16991
21656972.89	5170396.74	0.166192
21657045.04	5170376.73	0.259008
21657117.18	5170356.72	0.26714
21657189.33	5170336.71	0.232734
21657261.48	5170316.71	0.187755
21657333.62	5170296.7	0.203377
21657405.77	5170276.69	0.215289
21657477.92	5170256.68	0.22257
21657550.06	5170236.67	0.213647
21657622.21	5170216.67	0.286566
21657694.36	5170196.66	0.271879
21657766.5	5170176.65	0.257069
21657838.65	5170156.64	0.244747
21657910.8	5170136.63	0.278034
21657982.94	5170116.63	0.264296
21658055.09	5170096.62	0.21931
21658127.24	5170076.61	0.193263
21658199.38	5170056.6	0.194321
21658271.53	5170036.59	0.159847
21658343.68	5170016.59	0.247538
21658415.82	5169996.58	0.271625
21658487.97	5169976.57	0.196995
21658560.12	5169956.56	0.155709
21658632.26	5169936.55	0.130528
21658704.41	5169916.55	0.144506
21658776.56	5169896.54	0.164951
21658848.7	5169876.53	0.183023
21658920.85	5169856.52	0.206574
21658993	5169836.51	0.220122
21659065.14	5169816.5	0.237767
21653313.03	5171487.92	0.269872
21653385.18	5171467.91	0.205969
21653457.33	5171447.9	0.223561
21653529.47	5171427.9	0.268823
21653601.62	5171407.89	0.278428
21653673.77	5171387.88	0.225837
21653745.91	5171367.87	0.20946
21653818.06	5171347.86	0.187683
21653890.21	5171327.86	0.168925
21653962.35	5171307.85	0.188953
21654034.5	5171287.84	0.205893
21654106.65	5171267.83	0.222769
21654178.79	5171247.82	0.234265
21654250.94	5171227.82	0.185269
21654323.09	5171207.81	0.176318
21654395.23	5171187.8	0.16888
21654467.38	5171167.79	0.175826
21654539.53	5171147.78	0.217567
21654611.67	5171127.77	0.216723
21654683.82	5171107.77	0.228879
21654755.97	5171087.76	0.254213
21654828.12	5171067.75	0.22121
21654900.26	5171047.74	0.192283
21654972.41	5171027.73	0.218009
21655044.56	5171007.73	0.172142
21655116.7	5170987.72	0.173052
21655188.85	5170967.71	0.145668
21655261	5170947.7	0.176213
21655333.14	5170927.69	0.154448
21655405.29	5170907.69	0.192348
21655477.44	5170887.68	0.185045
21655549.58	5170867.67	0.172632
21655621.73	5170847.66	0.125136
21655693.88	5170827.65	0.0996474
21655766.02	5170807.65	0.2328
21655838.17	5170787.64	0.16821
21655910.32	5170767.63	0.147288
21655982.46	5170747.62	0.177159
21656054.61	5170727.61	0.157517
21656126.76	5170707.61	0.189835
21656198.9	5170687.6	0.224104
21656271.05	5170667.59	0.221198
21656343.2	5170647.58	0.164834
21656415.34	5170627.57	0.157307
21656487.49	5170607.57	0.205928
21656559.64	5170587.56	0.199173
21656631.78	5170567.55	0.189064
21656703.93	5170547.54	0.243687
21656776.08	5170527.53	0.185164
21656848.22	5170507.53	0.140001
21656920.37	5170487.52	0.125853
21656992.52	5170467.51	0.129515
21657064.66	5170447.5	0.185135
21657136.81	5170427.49	0.247246
21657208.96	5170407.48	0.198134
21657281.1	5170387.48	0.149384
21657353.25	5170367.47	0.202167
21657425.4	5170347.46	0.220355
21657497.54	5170327.45	0.189285
21657569.69	5170307.44	0.188599
21657641.84	5170287.44	0.185605
21657713.98	5170267.43	0.251398
21657786.13	5170247.42	0.26513
21657858.28	5170227.41	0.243904
21657930.42	5170207.4	0.199155
21658002.57	5170187.4	0.197168
21658074.72	5170167.39	0.16481
21658146.86	5170147.38	0.141112
21658219.01	5170127.37	0.149227
21658291.16	5170107.36	0.168366
21658363.3	5170087.36	0.252771
21658435.45	5170067.35	0.27412
21658507.6	5170047.34	0.220488
21658579.74	5170027.33	0.206879
21658651.89	5170007.32	0.166369
21658724.04	5169987.32	0.17843
21658796.18	5169967.31	0.182108
21658868.33	5169947.3	0.160968
21658940.48	5169927.29	0.168048
21659012.62	5169907.28	0.19119
21659084.77	5169887.28	0.194981
21653260.51	5171578.7	0.282872
21653332.66	5171558.69	0.22507
21653404.81	5171538.68	0.200833
21653476.95	5171518.67	0.226658
21653549.1	5171498.67	0.245108
21653621.25	5171478.66	0.236073
21653693.39	5171458.65	0.22358
21653765.54	5171438.64	0.193883
21653837.69	5171418.63	0.199692
21653909.83	5171398.63	0.201929
21653981.98	5171378.62	0.197698
21654054.13	5171358.61	0.231735
21654126.27	5171338.6	0.272769
21654198.42	5171318.59	0.281006
21654270.57	5171298.59	0.176438
21654342.71	5171278.58	0.17488
21654414.86	5171258.57	0.192538
21654487.01	5171238.56	0.208487
21654559.15	5171218.55	0.246525
21654631.3	5171198.55	0.255288
21654703.45	5171178.54	0.287311
21654775.59	5171158.53	0.283403
21654847.74	5171138.52	0.219416
21654919.89	5171118.51	0.189393
21654992.04	5171098.51	0.187206
21655064.18	5171078.5	0.181007
21655136.33	5171058.49	0.191031
21655208.48	5171038.48	0.170607
21655280.62	5171018.47	0.166556
21655352.77	5170998.47	0.159351
21655424.92	5170978.46	0.183696
21655497.06	5170958.45	0.17338
21655569.21	5170938.44	0.126217
21655641.36	5170918.43	0.0995418
21655713.5	5170898.42	0.137787
21655785.65	5170878.42	0.266145
21655857.8	5170858.41	0.242854
21655929.94	5170838.4	0.191829
21656002.09	5170818.39	0.182803
21656074.24	5170798.38	0.17804
21656146.38	5170778.38	0.198376
21656218.53	5170758.37	0.246858
21656290.68	5170738.36	0.231739
21656362.82	5170718.35	0.18527
21656434.97	5170698.34	0.164468
21656507.12	5170678.34	0.246494
21656579.26	5170658.33	0.257918
21656651.41	5170638.32	0.270161
21656723.56	5170618.31	0.286058
21656795.7	5170598.3	0.207932
21656867.85	5170578.3	0.150423
21656940	5170558.29	0.117266
21657012.14	5170538.28	0.0951019
21657084.29	5170518.27	0.163237
21657156.44	5170498.26	0.241239
21657228.58	5170478.26	0.286785
21657300.73	5170458.25	0.184076
21657372.88	5170438.24	0.196324
21657445.02	5170418.23	0.217214
21657517.17	5170398.22	0.196299
21657589.32	5170378.22	0.229444
21657661.46	5170358.21	0.198191
21657733.61	5170338.2	0.152764
21657805.76	5170318.19	0.257857
21657877.9	5170298.18	0.270686
21657950.05	5170278.18	0.194967
21658022.2	5170258.17	0.19054
21658094.34	5170238.16	0.189956
21658166.49	5170218.15	0.218737
21658238.64	5170198.14	0.173717
21658310.78	5170178.13	0.21328
21658382.93	5170158.13	0.251137
21658455.08	5170138.12	0.243736
21658527.22	5170118.11	0.22812
21658599.37	5170098.1	0.231231
21658671.52	5170078.09	0.174872
21658743.66	5170058.09	0.194099
21658815.81	5170038.08	0.17325
21658887.96	5170018.07	0.167307
21658960.1	5169998.06	0.171371
21659032.25	5169978.05	0.185308
21659104.4	5169958.05	0.173254
21653280.14	5171649.47	0.283534
21653352.29	5171629.46	0.264124
21653424.43	5171609.45	0.206549
21653496.58	5171589.45	0.206425
21653568.73	5171569.44	0.21269
21653640.87	5171549.43	0.194937
21653713.02	5171529.42	0.197457
21653785.17	5171509.41	0.205617
21653857.31	5171489.4	0.196944
21653929.46	5171469.4	0.212997
21654001.61	5171449.39	0.205886
21654073.75	5171429.38	0.184254
21654145.9	5171409.37	0.247385
21654218.05	5171389.36	0.265225
21654290.19	5171369.36	0.228424
21654362.34	5171349.35	0.209581
21654434.49	5171329.34	0.219323
21654506.63	5171309.33	0.243566
21654578.78	5171289.32	0.242585
21654650.93	5171269.32	0.25909
21654723.07	5171249.31	0.275947
21654795.22	5171229.3	0.273034
21654867.37	5171209.29	0.243329
21654939.51	5171189.28	0.201474
21655011.66	5171169.28	0.179131
21655083.81	5171149.27	0.187028
21655155.95	5171129.26	0.187261
21655228.1	5171109.25	0.162474
21655300.25	5171089.24	0.153177
21655372.39	5171069.24	0.149833
21655444.54	5171049.23	0.158961
21655516.69	5171029.22	0.14235
21655588.84	5171009.21	0.124647
21655660.98	5170989.2	0.178452
21655733.13	5170969.2	0.258083
21655805.28	5170949.19	0.289794
21655877.42	5170929.18	0.263247
21655949.57	5170909.17	0.214168
21656021.72	5170889.16	0.196293
21656093.86	5170869.16	0.166827
21656166.01	5170849.15	0.200402
21656238.16	5170829.14	0.246011
21656310.3	5170809.13	0.218602
21656382.45	5170789.12	0.231589
21656454.6	5170769.11	0.238418
21656526.74	5170749.11	0.259131
21656598.89	5170729.1	0.244175
21656671.04	5170709.09	0.242041
21656743.18	5170689.08	0.262515
21656815.33	5170669.07	0.267357
21656887.48	5170649.07	0.230825
21656959.62	5170629.06	0.167119
21657031.77	5170609.05	0.170553
21657103.92	5170589.04	0.175957
21657176.06	5170569.03	0.220833
21657248.21	5170549.03	0.248057
21657320.36	5170529.02	0.256956
21657392.5	5170509.01	0.262433
21657464.65	5170489	0.252287
21657536.8	5170468.99	0.216993
21657608.94	5170448.99	0.245302
21657681.09	5170428.98	0.240413
21657753.24	5170408.97	0.164934
21657825.38	5170388.96	0.265014
21657897.53	5170368.95	0.233587
21657969.68	5170348.95	0.20146
21658041.82	5170328.94	0.20524
21658113.97	5170308.93	0.266472
21658186.12	5170288.92	0.220757
21658258.26	5170268.91	0.211722
21658330.41	5170248.91	0.235531
21658402.56	5170228.9	0.254239
21658474.7	5170208.89	0.26235
21658546.85	5170188.88	0.25879
21658619	5170168.87	0.24099
21658691.14	5170148.87	0.203124
21658763.29	5170128.86	0.227173
21658835.44	5170108.85	0.228695
21658907.58	5170088.84	0.224075
21658979.73	5170068.83	0.218668
21659051.88	5170048.83	0.179008
21653299.77	5171720.24	0.290755
21653371.91	5171700.23	0.247943
21653444.06	5171680.22	0.248393
21653516.21	5171660.22	0.196891
21653588.35	5171640.21	0.178064
21653660.5	5171620.2	0.177043
21653732.65	5171600.19	0.200861
21653804.79	5171580.18	0.236637
21653876.94	5171560.18	0.181456
21653949.09	5171540.17	0.209894
21654021.23	5171520.16	0.21351
21654093.38	5171500.15	0.213196
21654165.53	5171480.14	0.175362
21654237.67	5171460.14	0.26968
21654309.82	5171440.13	0.29474
21654381.97	5171420.12	0.267941
21654454.11	5171400.11	0.249601
21654526.26	5171380.1	0.215832
21654598.41	5171360.09	0.209139
21654670.55	5171340.09	0.226238
21654742.7	5171320.08	0.273436
21654814.85	5171300.07	0.245297
21654886.99	5171280.06	0.199681
21654959.14	5171260.05	0.254439
21655031.29	5171240.05	0.21001
21655103.43	5171220.04	0.185301
21655175.58	5171200.03	0.191221
21655247.73	5171180.02	0.176649
21655319.87	5171160.01	0.164224
21655392.02	5171140.01	0.163942
21655464.17	5171120	0.170952
21655536.31	5171099.99	0.161791
21655608.46	5171079.98	0.147451
21655680.61	5171059.97	0.215257
21655752.76	5171039.97	0.2832
21655824.9	5171019.96	0.266925
21655897.05	5170999.95	0.257013
21655969.2	5170979.94	0.238097
21656041.34	5170959.93	0.220075
21656113.49	5170939.93	0.211071
21656185.64	5170919.92	0.261242
21656257.78	5170899.91	0.263059
21656329.93	5170879.9	0.268651
21656402.08	5170859.89	0.267516
21656474.22	5170839.89	0.249145
21656546.37	5170819.88	0.268755
21656618.52	5170799.87	0.242445
21656690.66	5170779.86	0.195229
21656762.81	5170759.85	0.192239
21656834.96	5170739.85	0.236406
21656907.1	5170719.84	0.245312
21656979.25	5170699.83	0.228435
21657051.4	5170679.82	0.221911
21657123.54	5170659.81	0.241966
21657195.69	5170639.81	0.263283
21657267.84	5170619.8	0.278712
21657339.98	5170599.79	0.281202
21657412.13	5170579.78	0.280368
21657484.28	5170559.77	0.282638
21657556.42	5170539.76	0.220645
21657628.57	5170519.76	0.204827
21657700.72	5170499.75	0.226343
21657772.86	5170479.74	0.25282
21657845.01	5170459.73	0.264387
21657917.16	5170439.72	0.194001
21657989.3	5170419.72	0.153701
21658061.45	5170399.71	0.180538
21658133.6	5170379.7	0.232535
21658205.74	5170359.69	0.198459
21658277.89	5170339.68	0.232327
21658350.04	5170319.68	0.252705
21658422.18	5170299.67	0.272116
21658494.33	5170279.66	0.278323
21658566.48	5170259.65	0.260951
21658638.62	5170239.64	0.214469
21658710.77	5170219.64	0.177442
21658782.92	5170199.63	0.19821
21658855.06	5170179.62	0.192581
21658927.21	5170159.61	0.168543
21658999.36	5170139.6	0.190614
21659071.5	5170119.6	0.196791
21653247.25	5171811.02	0.271517
21653319.39	5171791.01	0.25762
21653391.54	5171771	0.207971
21653463.69	5171750.99	0.233334
21653535.83	5171730.99	0.226104
21653607.98	5171710.98	0.229531
21653680.13	5171690.97	0.214025
21653752.27	5171670.96	0.182533
21653824.42	5171650.95	0.184582
21653896.57	5171630.95	0.179467
21653968.71	5171610.94	0.190627
21654040.86	5171590.93	0.215662
21654113.01	5171570.92	0.191987
21654185.15	5171550.91	0.19635
21654257.3	5171530.91	0.247362
21654329.45	5171510.9	0.265002
21654401.59	5171490.89	0.265699
21654473.74	5171470.88	0.265657
21654545.89	5171450.87	0.221268
21654618.03	5171430.87	0.1885
21654690.18	5171410.86	0.188632
21654762.33	5171390.85	0.252085
21654834.47	5171370.84	0.26394
21654906.62	5171350.83	0.222787
21654978.77	5171330.83	0.24107
21655050.91	5171310.82	0.205893
21655123.06	5171290.81	0.174873
21655195.21	5171270.8	0.182849
21655267.35	5171250.79	0.186974
21655339.5	5171230.79	0.174472
21655411.65	5171210.78	0.176565
21655483.79	5171190.77	0.17104
21655555.94	5171170.76	0.160914
21655628.09	5171150.75	0.148882
21655700.23	5171130.74	0.21685
21655772.38	5171110.74	0.237489
21655844.53	5171090.73	0.260357
21655916.67	5171070.72	0.249843
21655988.82	5171050.71	0.214496
21656060.97	5171030.7	0.210084
21656133.11	5171010.7	0.214229
21656205.26	5170990.69	0.260563
21656277.41	5170970.68	0.275992
21656349.56	5170950.67	0.270196
21656421.7	5170930.66	0.264792
21656493.85	5170910.66	0.247613
21656566	5170890.65	0.24205
21656638.14	5170870.64	0.227452
21656710.29	5170850.63	0.201523
21656782.44	5170830.62	0.16838
21656854.58	5170810.62	0.221831
21656926.73	5170790.61	0.214946
21656998.88	5170770.6	0.264321
21657071.02	5170750.59	0.253784
21657143.17	5170730.58	0.268178
21657215.32	5170710.58	0.260673
21657287.46	5170690.57	0.274494
21657359.61	5170670.56	0.290881
21657431.76	5170650.55	0.284989
21657503.9	5170630.54	0.282746
21657576.05	5170610.54	0.221993
21657648.2	5170590.53	0.16507
21657720.34	5170570.52	0.146145
21657792.49	5170550.51	0.224258
21657864.64	5170530.5	0.251422
21657936.78	5170510.5	0.231299
21658008.93	5170490.49	0.210293
21658081.08	5170470.48	0.190081
21658153.22	5170450.47	0.184349
21658225.37	5170430.46	0.153298
21658297.52	5170410.46	0.180824
21658369.66	5170390.45	0.243904
21658441.81	5170370.44	0.246731
21658513.96	5170350.43	0.268946
21658586.1	5170330.42	0.274572
21658658.25	5170310.41	0.207239
21658730.4	5170290.41	0.206061
21658802.54	5170270.4	0.205089
21658874.69	5170250.39	0.202615
21658946.84	5170230.38	0.207943
21659018.98	5170210.37	0.206593
21659091.13	5170190.37	0.218051
21653266.87	5171881.79	0.285599
21653339.02	5171861.78	0.244627
21653411.17	5171841.77	0.223924
21653483.31	5171821.77	0.230971
21653555.46	5171801.76	0.25479
21653627.61	5171781.75	0.281917
21653699.75	5171761.74	0.278335
21653771.9	5171741.73	0.219535
21653844.05	5171721.73	0.185051
21653916.19	5171701.72	0.18488
21653988.34	5171681.71	0.190308
21654060.49	5171661.7	0.197032
21654132.63	5171641.69	0.206085
21654204.78	5171621.68	0.203516
21654276.93	5171601.68	0.217135
21654349.07	5171581.67	0.238003
21654421.22	5171561.66	0.2484
21654493.37	5171541.65	0.250445
21654565.51	5171521.64	0.231152
21654637.66	5171501.64	0.195016
21654709.81	5171481.63	0.191335
21654781.95	5171461.62	0.240393
21654854.1	5171441.61	0.224596
21654926.25	5171421.6	0.191563
21654998.39	5171401.6	0.181542
21655070.54	5171381.59	0.165157
21655142.69	5171361.58	0.161427
21655214.83	5171341.57	0.178133
21655286.98	5171321.56	0.172783
21655359.13	5171301.56	0.167115
21655431.27	5171281.55	0.155992
21655503.42	5171261.54	0.15852
21655575.57	5171241.53	0.174257
21655647.71	5171221.52	0.159413
21655719.86	5171201.52	0.231292
21655792.01	5171181.51	0.218443
21655864.15	5171161.5	0.20396
21655936.3	5171141.49	0.218389
21656008.45	5171121.48	0.212439
21656080.59	5171101.48	0.210241
21656152.74	5171081.47	0.224277
21656224.89	5171061.46	0.283439
21656297.03	5171041.45	0.279163
21656369.18	5171021.44	0.286416
21656441.33	5171001.44	0.241621
21656513.48	5170981.43	0.250243
21656585.62	5170961.42	0.223121
21656657.77	5170941.41	0.206602
21656729.91	5170921.4	0.172079
21656802.06	5170901.39	0.147223
21656874.21	5170881.39	0.163505
21656946.36	5170861.38	0.178419
21657018.5	5170841.37	0.251994
21657090.65	5170821.36	0.268456
21657162.8	5170801.35	0.23758
21657234.94	5170781.35	0.238423
21657307.09	5170761.34	0.258883
21657379.24	5170741.33	0.267518
21657451.38	5170721.32	0.280752
21657523.53	5170701.31	0.254504
21657595.68	5170681.31	0.187217
21657667.82	5170661.3	0.120907
21657739.97	5170641.29	0.0965111
21657812.12	5170621.28	0.179127
21657884.26	5170601.27	0.249351
21657956.41	5170581.27	0.275648
21658028.56	5170561.26	0.283342
21658100.7	5170541.25	0.240362
21658172.85	5170521.24	0.172414
21658245	5170501.23	0.151395
21658317.14	5170481.23	0.215861
21658389.29	5170461.22	0.251324
21658461.44	5170441.21	0.289227
21658533.58	5170421.2	0.301998
21658605.73	5170401.19	0.270378
21658677.88	5170381.19	0.186037
21658750.02	5170361.18	0.188139
21658822.17	5170341.17	0.209292
21658894.32	5170321.16	0.23729
21658966.46	5170301.15	0.264816
21659038.61	5170281.15	0.267328
21653286.5	5171952.56	0.291467
21653358.65	5171932.55	0.207987
21653430.79	5171912.54	0.217946
21653502.94	5171892.54	0.221856
21653575.09	5171872.53	0.241841
21653647.23	5171852.52	0.272028
21653719.38	5171832.51	0.291508
21653791.53	5171812.5	0.27412
21653863.67	5171792.5	0.232493
21653935.82	5171772.49	0.197987
21654007.97	5171752.48	0.208505
21654080.11	5171732.47	0.20332
21654152.26	5171712.46	0.208758
21654224.41	5171692.46	0.221758
21654296.55	5171672.45	0.25068
21654368.7	5171652.44	0.265386
21654440.85	5171632.43	0.245566
21654512.99	5171612.42	0.24435
21654585.14	5171592.42	0.235758
21654657.29	5171572.41	0.204001
21654729.43	5171552.4	0.193115
21654801.58	5171532.39	0.238911
21654873.73	5171512.38	0.220392
21654945.87	5171492.37	0.183606
21655018.02	5171472.37	0.163392
21655090.17	5171452.36	0.151103
21655162.31	5171432.35	0.149805
21655234.46	5171412.34	0.152094
21655306.61	5171392.33	0.167518
21655378.75	5171372.33	0.1776
21655450.9	5171352.32	0.161645
21655523.05	5171332.31	0.151186
21655595.19	5171312.3	0.14835
21655667.34	5171292.29	0.153028
21655739.49	5171272.29	0.216678
21655811.63	5171252.28	0.241101
21655883.78	5171232.27	0.235891
21655955.93	5171212.26	0.177523
21656028.07	5171192.25	0.186369
21656100.22	5171172.25	0.204803
21656172.37	5171152.24	0.235974
21656244.51	5171132.23	0.243509
21656316.66	5171112.22	0.263983
21656388.81	5171092.21	0.268374
21656460.95	5171072.21	0.270671
21656533.1	5171052.2	0.265506
21656605.25	5171032.19	0.242113
21656677.39	5171012.18	0.202766
21656749.54	5170992.17	0.16611
21656821.69	5170972.17	0.165205
21656893.84	5170952.16	0.149706
21656965.98	5170932.15	0.178664
21657038.13	5170912.14	0.237507
21657110.27	5170892.13	0.273417
21657182.42	5170872.13	0.263256
21657254.57	5170852.12	0.243939
21657326.72	5170832.11	0.227348
21657398.86	5170812.1	0.235387
21657471.01	5170792.09	0.25711
21657543.16	5170772.09	0.270084
21657615.3	5170752.08	0.158838
21657687.45	5170732.07	0.105291
21657759.6	5170712.06	0.102736
21657831.74	5170692.05	0.124798
21657903.89	5170672.04	0.260254
21657976.04	5170652.04	0.268694
21658048.18	5170632.03	0.270092
21658120.33	5170612.02	0.257239
21658192.48	5170592.01	0.198872
21658264.62	5170572	0.184416
21658336.77	5170552	0.185691
21658408.92	5170531.99	0.265125
21658481.06	5170511.98	0.297986
21658553.21	5170491.97	0.280691
21658625.36	5170471.96	0.263882
21658697.5	5170451.96	0.219852
21658769.65	5170431.95	0.22307
21658841.8	5170411.94	0.231227
21658913.94	5170391.93	0.244998
21658986.09	5170371.92	0.266602
21659058.24	5170351.92	0.275699
21653306.13	5172023.33	0.238408
21653378.27	5172003.32	0.213177
21653450.42	5171983.31	0.222279
21653522.57	5171963.31	0.224862
21653594.71	5171943.3	0.277217
21653666.86	5171923.29	0.293687
21653739.01	5171903.28	0.293368
21653811.15	5171883.27	0.285011
21653883.3	5171863.27	0.260089
21653955.45	5171843.26	0.214462
21654027.59	5171823.25	0.214681
21654099.74	5171803.24	0.226557
21654171.89	5171783.23	0.232519
21654244.03	5171763.23	0.232962
21654316.18	5171743.22	0.256126
21654388.33	5171723.21	0.27128
21654460.47	5171703.2	0.256847
21654532.62	5171683.19	0.243152
21654604.77	5171663.19	0.221176
21654676.91	5171643.18	0.19602
21654749.06	5171623.17	0.172423
21654821.21	5171603.16	0.222036
21654893.35	5171583.15	0.207979
21654965.5	5171563.15	0.168922
21655037.65	5171543.14	0.158586
21655109.79	5171523.13	0.152326
21655181.94	5171503.12	0.150633
21655254.09	5171483.11	0.149556
21655326.23	5171463.11	0.166002
21655398.38	5171443.1	0.167176
21655470.53	5171423.09	0.157608
21655542.67	5171403.08	0.139272
21655614.82	5171383.07	0.138626
21655686.97	5171363.07	0.128101
21655759.11	5171343.06	0.236333
21655831.26	5171323.05	0.249282
21655903.41	5171303.04	0.237409
21655975.55	5171283.03	0.177778
21656047.7	5171263.02	0.175457
21656119.85	5171243.02	0.181155
21656191.99	5171223.01	0.22311
21656264.14	5171203	0.243635
21656336.29	5171182.99	0.240292
21656408.43	5171162.98	0.240731
21656480.58	5171142.98	0.23544
21656552.73	5171122.97	0.229709
21656624.87	5171102.96	0.20897
21656697.02	5171082.95	0.189454
21656769.17	5171062.94	0.156558
21656841.31	5171042.94	0.146498
21656913.46	5171022.93	0.129361
21656985.61	5171002.92	0.182385
21657057.75	5170982.91	0.226555
21657129.9	5170962.9	0.226174
21657202.05	5170942.9	0.223454
21657274.19	5170922.89	0.217223
21657346.34	5170902.88	0.218771
21657418.49	5170882.87	0.226436
21657490.64	5170862.86	0.249804
21657562.78	5170842.86	0.235561
21657634.93	5170822.85	0.155823
21657707.08	5170802.84	0.118947
21657779.22	5170782.83	0.132633
21657851.37	5170762.82	0.158433
21657923.52	5170742.82	0.22652
21657995.66	5170722.81	0.261741
21658067.81	5170702.8	0.248514
21658139.96	5170682.79	0.207797
21658212.1	5170662.78	0.202777
21658284.25	5170642.78	0.168669
21658356.4	5170622.77	0.161662
21658428.54	5170602.76	0.270602
21658500.69	5170582.75	0.264626
21658572.84	5170562.74	0.275399
21658644.98	5170542.74	0.273502
21658717.13	5170522.73	0.254334
21658789.28	5170502.72	0.234463
21658861.42	5170482.71	0.235764
21658933.57	5170462.7	0.251405
21659005.72	5170442.69	0.249377
21659077.86	5170422.69	0.271584
21653253.61	5172114.11	0.232977
21653325.75	5172094.1	0.203961
21653397.9	5172074.09	0.220942
21653470.05	5172054.09	0.235154
21653542.19	5172034.08	0.233249
21653614.34	5172014.07	0.27195
21653686.49	5171994.06	0.25989
21653758.63	5171974.05	0.262759
21653830.78	5171954.05	0.273724
21653902.93	5171934.04	0.251279
21653975.07	5171914.03	0.230141
21654047.22	5171894.02	0.227652
21654119.37	5171874.01	0.233462
21654191.51	5171854	0.24171
21654263.66	5171834	0.248253
21654335.81	5171813.99	0.263843
21654407.95	5171793.98	0.269665
21654480.1	5171773.97	0.243904
21654552.25	5171753.96	0.217299
21654624.39	5171733.96	0.19211
21654696.54	5171713.95	0.1885
21654768.69	5171693.94	0.189745
21654840.83	5171673.93	0.224431
21654912.98	5171653.92	0.206542
21654985.13	5171633.92	0.160956
21655057.27	5171613.91	0.158237
21655129.42	5171593.9	0.147791
21655201.57	5171573.89	0.163237
21655273.71	5171553.88	0.160508
21655345.86	5171533.88	0.163775
21655418.01	5171513.87	0.14593
21655490.15	5171493.86	0.143141
21655562.3	5171473.85	0.132076
21655634.45	5171453.84	0.145786
21655706.59	5171433.84	0.157334
21655778.74	5171413.83	0.234248
21655850.89	5171393.82	0.22141
21655923.03	5171373.81	0.249293
21655995.18	5171353.8	0.180357
21656067.33	5171333.8	0.167064
21656139.47	5171313.79	0.178091
21656211.62	5171293.78	0.243952
21656283.77	5171273.77	0.266881
21656355.91	5171253.76	0.219777
21656428.06	5171233.76	0.206318
21656500.21	5171213.75	0.180913
21656572.35	5171193.74	0.174814
21656644.5	5171173.73	0.14133
21656716.65	5171153.72	0.116793
21656788.79	5171133.72	0.11929
21656860.94	5171113.71	0.102056
21656933.09	5171093.7	0.0900259
21657005.23	5171073.69	0.117642
21657077.38	5171053.68	0.17715
21657149.53	5171033.67	0.178964
21657221.67	5171013.67	0.159525
21657293.82	5170993.66	0.131737
21657365.97	5170973.65	0.151489
21657438.11	5170953.64	0.191036
21657510.26	5170933.63	0.214338
21657582.41	5170913.63	0.187828
21657654.55	5170893.62	0.145293
21657726.7	5170873.61	0.159548
21657798.85	5170853.6	0.172863
21657870.99	5170833.59	0.187935
21657943.14	5170813.59	0.24956
21658015.29	5170793.58	0.240707
21658087.44	5170773.57	0.220986
21658159.58	5170753.56	0.197094
21658231.73	5170733.55	0.189903
21658303.88	5170713.55	0.166853
21658376.02	5170693.54	0.17115
21658448.17	5170673.53	0.233121
21658520.32	5170653.52	0.267756
21658592.46	5170633.51	0.278256
21658664.61	5170613.51	0.281531
21658736.76	5170593.5	0.253954
21658808.9	5170573.49	0.246287
21658881.05	5170553.48	0.235042
21658953.2	5170533.47	0.24431
21659025.34	5170513.47	0.246406
21659097.49	5170493.46	0.269964
21653273.23	5172184.88	0.209839
21653345.38	5172164.87	0.211576
21653417.53	5172144.86	0.207727
21653489.67	5172124.86	0.198978
21653561.82	5172104.85	0.253869
21653633.97	5172084.84	0.260619
21653706.11	5172064.83	0.230297
21653778.26	5172044.82	0.206659
21653850.41	5172024.82	0.215092
21653922.55	5172004.81	0.23038
21653994.7	5171984.8	0.246159
21654066.85	5171964.79	0.244056
21654138.99	5171944.78	0.213377
21654211.14	5171924.78	0.221887
21654283.29	5171904.77	0.248324
21654355.43	5171884.76	0.275929
21654427.58	5171864.75	0.26119
21654499.73	5171844.74	0.228528
21654571.87	5171824.74	0.197625
21654644.02	5171804.73	0.166867
21654716.17	5171784.72	0.142947
21654788.31	5171764.71	0.153752
21654860.46	5171744.7	0.227042
21654932.61	5171724.7	0.215088
21655004.75	5171704.69	0.175559
21655076.9	5171684.68	0.177685
21655149.05	5171664.67	0.172821
21655221.19	5171644.66	0.164459
21655293.34	5171624.65	0.159464
21655365.49	5171604.65	0.17639
21655437.63	5171584.64	0.173922
21655509.78	5171564.63	0.172849
21655581.93	5171544.62	0.172806
21655654.07	5171524.61	0.15439
21655726.22	5171504.61	0.176379
21655798.37	5171484.6	0.255017
21655870.51	5171464.59	0.247038
21655942.66	5171444.58	0.251415
21656014.81	5171424.57	0.164953
21656086.95	5171404.57	0.152759
21656159.1	5171384.56	0.154028
21656231.25	5171364.55	0.216478
21656303.39	5171344.54	0.256968
21656375.54	5171324.53	0.199952
21656447.69	5171304.53	0.1734
21656519.83	5171284.52	0.171871
21656591.98	5171264.51	0.152527
21656664.13	5171244.5	0.145468
21656736.27	5171224.49	0.125767
21656808.42	5171204.49	0.100898
21656880.57	5171184.48	0.0960247
21656952.71	5171164.47	0.0844109
21657024.86	5171144.46	0.108616
21657097.01	5171124.45	0.134124
21657169.15	5171104.45	0.113857
21657241.3	5171084.44	0.0989779
21657313.45	5171064.43	0.0978385
21657385.59	5171044.42	0.130427
21657457.74	5171024.41	0.145821
21657529.89	5171004.41	0.160131
21657602.03	5170984.4	0.179212
21657674.18	5170964.39	0.132329
21657746.33	5170944.38	0.148578
21657818.47	5170924.37	0.164428
21657890.62	5170904.36	0.193368
21657962.77	5170884.36	0.258701
21658034.91	5170864.35	0.242043
21658107.06	5170844.34	0.219996
21658179.21	5170824.33	0.205712
21658251.36	5170804.32	0.215434
21658323.5	5170784.32	0.20895
21658395.65	5170764.31	0.19762
21658467.8	5170744.3	0.215092
21658539.94	5170724.29	0.267203
21658612.09	5170704.28	0.270319
21658684.24	5170684.28	0.255006
21658756.38	5170664.27	0.239529
21658828.53	5170644.26	0.233428
21658900.68	5170624.25	0.230613
21658972.82	5170604.24	0.200677
21659044.97	5170584.24	0.222203
