21653307.22	5170346.33	0.276736
21653379.37	5170326.32	0.240135
21653451.52	5170306.31	0.230012
21653523.66	5170286.3	0.271813
21653595.81	5170266.29	0.286688
21653667.96	5170246.29	0.275059
21653740.1	5170226.28	0.243725
21653812.25	5170206.27	0.232157
21653884.4	5170186.26	0.230959
21653956.54	5170166.25	0.254165
21654028.69	5170146.25	0.232883
21654100.84	5170126.24	0.23612
21654172.98	5170106.23	0.242261
21654245.13	5170086.22	0.280382
21654317.28	5170066.21	0.286487
21654389.42	5170046.21	0.282769
21654461.57	5170026.2	0.257805
21654533.72	5170006.19	0.241953
21654605.86	5169986.18	0.244959
21654678.01	5169966.17	0.286068
21654750.16	5169946.17	0.289302
21654822.31	5169926.16	0.277588
21654894.45	5169906.15	0.251878
21654966.6	5169886.14	0.25594
21655038.75	5169866.13	0.240198
21655110.89	5169846.13	0.242062
21655183.04	5169826.12	0.22061
21655255.19	5169806.11	0.244092
21655327.33	5169786.1	0.272375
21655399.48	5169766.09	0.280243
21653254.7	5170437.11	0.239432
21653326.85	5170417.1	0.269013
21653399	5170397.09	0.241285
21653471.14	5170377.08	0.240636
21653543.29	5170357.07	0.270273
21653615.44	5170337.07	0.280421
21653687.58	5170317.06	0.287691
21653759.73	5170297.05	0.27025
21653831.88	5170277.04	0.263232
21653904.02	5170257.03	0.282493
21653976.17	5170237.03	0.251229
21654048.32	5170217.02	0.240499
21654120.46	5170197.01	0.242151
21654192.61	5170177	0.254752
21654264.76	5170156.99	0.235582
21654336.9	5170136.98	0.263357
21654409.05	5170116.98	0.265428
21654481.2	5170096.97	0.236401
21654553.34	5170076.96	0.238744
21654625.49	5170056.95	0.224942
21654697.64	5170036.94	0.258296
21654769.78	5170016.94	0.289682
21654841.93	5169996.93	0.252098
21654914.08	5169976.92	0.271798
21654986.23	5169956.91	0.235035
21655058.37	5169936.9	0.254984
21655130.52	5169916.9	0.257481
21655202.66	5169896.89	0.231157
21655274.81	5169876.88	0.222755
21655346.96	5169856.87	0.250575
21655419.11	5169836.86	0.23163
21655491.25	5169816.86	0.172697
21655563.4	5169796.85	0.166883
21655635.55	5169776.84	0.198954
21655707.69	5169756.83	0.223143
21655779.84	5169736.82	0.241907
21655851.99	5169716.82	0.167136
21655924.13	5169696.81	0.192848
21655996.28	5169676.8	0.231329
21656068.43	5169656.79	0.278624
21656140.57	5169636.78	0.24825
21656212.72	5169616.78	0.231396
21656284.87	5169596.77	0.232785
21656357.01	5169576.76	0.255147
21656429.16	5169556.75	0.252164
21656501.31	5169536.74	0.25628
21656573.45	5169516.74	0.265437
21656645.6	5169496.73	0.229949
21656717.75	5169476.72	0.232858
21656789.89	5169456.71	0.246748
21656862.04	5169436.7	0.255266
21656934.19	5169416.69	0.264773
21657006.33	5169396.69	0.265584
21657078.48	5169376.68	0.240464
21657150.63	5169356.67	0.248227
21657222.77	5169336.66	0.306685
21657294.92	5169316.65	0.27212
21657367.07	5169296.65	0.257109
21657439.21	5169276.64	0.250489
21657511.36	5169256.63	0.247403
21657583.51	5169236.62	0.229798
21657655.65	5169216.61	0.223545
21657727.8	5169196.61	0.227257
21657799.95	5169176.6	0.223086
21657872.09	5169156.59	0.229666
21657944.24	5169136.58	0.238498
21658016.39	5169116.57	0.236847
21658088.53	5169096.57	0.230487
21658160.68	5169076.56	0.243899
21658232.83	5169056.55	0.262853
21658304.97	5169036.54	0.273022
21658377.12	5169016.53	0.275098
21658449.27	5168996.53	0.270884
21658521.41	5168976.52	0.258933
21658593.56	5168956.51	0.236711
21658665.71	5168936.5	0.25394
21658737.85	5168916.49	0.260353
21658810	5168896.49	0.244251
21658882.15	5168876.48	0.0949072
21658954.29	5168856.47	0.102616
21659026.44	5168836.46	0.128685
21659098.59	5168816.45	0.170554
21653274.33	5170507.88	0.172134
21653346.48	5170487.87	0.243455
21653418.62	5170467.86	0.275364
21653490.77	5170447.85	0.263218
21653562.92	5170427.84	0.280838
21653635.06	5170407.84	0.294033
21653707.21	5170387.83	0.277389
21653779.36	5170367.82	0.292466
21653851.5	5170347.81	0.286896
21653923.65	5170327.8	0.235329
21653995.8	5170307.8	0.271954
21654067.94	5170287.79	0.193507
21654140.09	5170267.78	0.239484
21654212.24	5170247.77	0.26976
21654284.38	5170227.76	0.223076
21654356.53	5170207.76	0.238042
21654428.68	5170187.75	0.233816
21654500.82	5170167.74	0.241277
21654572.97	5170147.73	0.228436
21654645.12	5170127.72	0.233422
21654717.26	5170107.72	0.251139
21654789.41	5170087.71	0.259938
21654861.56	5170067.7	0.238769
21654933.7	5170047.69	0.2457
21655005.85	5170027.68	0.245827
21655078	5170007.68	0.272646
21655150.14	5169987.67	0.278174
21655222.29	5169967.66	0.221334
21655294.44	5169947.65	0.223596
21655366.58	5169927.64	0.22659
21655438.73	5169907.63	0.253897
21655510.88	5169887.63	0.285155
21655583.03	5169867.62	0.223437
21655655.17	5169847.61	0.211677
21655727.32	5169827.6	0.225994
21655799.47	5169807.59	0.296621
21655871.61	5169787.59	0.172453
21655943.76	5169767.58	0.194234
21656015.91	5169747.57	0.222957
21656088.05	5169727.56	0.272997
21656160.2	5169707.55	0.243008
21656232.35	5169687.55	0.238739
21656304.49	5169667.54	0.243645
21656376.64	5169647.53	0.257477
21656448.79	5169627.52	0.263172
21656520.93	5169607.51	0.264473
21656593.08	5169587.51	0.274888
21656665.23	5169567.5	0.248449
21656737.37	5169547.49	0.243689
21656809.52	5169527.48	0.252697
21656881.67	5169507.47	0.266323
21656953.81	5169487.47	0.244753
21657025.96	5169467.46	0.257705
21657098.11	5169447.45	0.236999
21657170.25	5169427.44	0.262004
21657242.4	5169407.43	0.274931
21657314.55	5169387.43	0.27397
21657386.69	5169367.42	0.260843
21657458.84	5169347.41	0.239924
21657530.99	5169327.4	0.230638
21657603.13	5169307.39	0.199833
21657675.28	5169287.39	0.192411
21657747.43	5169267.38	0.210548
21657819.57	5169247.37	0.238001
21657891.72	5169227.36	0.240235
21657963.87	5169207.35	0.221218
21658036.01	5169187.34	0.228019
21658108.16	5169167.34	0.210717
21658180.31	5169147.33	0.207942
21658252.45	5169127.32	0.231927
21658324.6	5169107.31	0.241316
21658396.75	5169087.3	0.248763
21658468.89	5169067.3	0.247995
21658541.04	5169047.29	0.242831
21658613.19	5169027.28	0.253676
21658685.33	5169007.27	0.281142
21658757.48	5168987.26	0.239685
21658829.63	5168967.26	0.15723
21658901.77	5168947.25	0.0989098
21658973.92	5168927.24	0.0883386
21659046.07	5168907.23	0.069677
21653293.96	5170578.65	0.168024
21653366.1	5170558.64	0.260433
21653438.25	5170538.63	0.273316
21653510.4	5170518.62	0.249303
21653582.54	5170498.61	0.259862
21653654.69	5170478.61	0.233889
21653726.84	5170458.6	0.223331
21653798.98	5170438.59	0.254494
21653871.13	5170418.58	0.276243
21653943.28	5170398.57	0.287294
21654015.42	5170378.57	0.296001
21654087.57	5170358.56	0.26734
21654159.72	5170338.55	0.241191
21654231.86	5170318.54	0.262483
21654304.01	5170298.53	0.215917
21654376.16	5170278.53	0.226711
21654448.3	5170258.52	0.222962
21654520.45	5170238.51	0.270239
21654592.6	5170218.5	0.248184
21654664.74	5170198.49	0.242434
21654736.89	5170178.49	0.241959
21654809.04	5170158.48	0.237168
21654881.18	5170138.47	0.226308
21654953.33	5170118.46	0.248192
21655025.48	5170098.45	0.264859
21655097.62	5170078.45	0.256823
21655169.77	5170058.44	0.275553
21655241.92	5170038.43	0.250528
21655314.06	5170018.42	0.216894
21655386.21	5169998.41	0.179169
21655458.36	5169978.41	0.216005
21655530.5	5169958.4	0.25488
21655602.65	5169938.39	0.224513
21655674.8	5169918.38	0.218806
21655746.95	5169898.37	0.184044
21655819.09	5169878.37	0.240452
21655891.24	5169858.36	0.26867
21655963.38	5169838.35	0.213268
21656035.53	5169818.34	0.20108
21656107.68	5169798.33	0.260918
21656179.83	5169778.32	0.272796
21656251.97	5169758.32	0.280151
21656324.12	5169738.31	0.27957
21656396.27	5169718.3	0.241335
21656468.41	5169698.29	0.262034
21656540.56	5169678.28	0.278129
21656612.71	5169658.28	0.289994
21656684.85	5169638.27	0.277781
21656757	5169618.26	0.262505
21656829.15	5169598.25	0.26257
21656901.29	5169578.24	0.210115
21656973.44	5169558.24	0.200085
21657045.59	5169538.23	0.269421
21657117.73	5169518.22	0.247739
21657189.88	5169498.21	0.263473
21657262.03	5169478.2	0.26191
21657334.17	5169458.2	0.274412
21657406.32	5169438.19	0.276501
21657478.47	5169418.18	0.228333
21657550.61	5169398.17	0.180917
21657622.76	5169378.16	0.174481
21657694.91	5169358.16	0.19514
21657767.05	5169338.15	0.213456
21657839.2	5169318.14	0.244657
21657911.35	5169298.13	0.242963
21657983.49	5169278.12	0.23948
21658055.64	5169258.12	0.205523
21658127.79	5169238.11	0.189158
21658199.93	5169218.1	0.228302
21658272.08	5169198.09	0.213273
21658344.23	5169178.08	0.18689
21658416.37	5169158.08	0.208224
21658488.52	5169138.07	0.25676
21658560.67	5169118.06	0.259879
21658632.81	5169098.05	0.284137
21658704.96	5169078.04	0.25154
21658777.11	5169058.03	0.204643
21658849.25	5169038.03	0.161654
21658921.4	5169018.02	0.127309
21658993.55	5168998.01	0.081686
21659065.69	5168978	0.0650254
21653313.58	5170649.42	0.231673
21653385.73	5170629.41	0.278015
21653457.88	5170609.4	0.277462
21653530.02	5170589.39	0.230808
21653602.17	5170569.39	0.221748
21653674.32	5170549.38	0.191228
21653746.46	5170529.37	0.165484
21653818.61	5170509.36	0.175047
21653890.76	5170489.35	0.193814
21653962.9	5170469.35	0.242336
21654035.05	5170449.34	0.280035
21654107.2	5170429.33	0.276014
21654179.34	5170409.32	0.284441
21654251.49	5170389.31	0.263004
21654323.64	5170369.3	0.251651
21654395.78	5170349.3	0.23094
21654467.93	5170329.29	0.250691
21654540.08	5170309.28	0.276592
21654612.22	5170289.27	0.245207
21654684.37	5170269.26	0.254546
21654756.52	5170249.26	0.238251
21654828.66	5170229.25	0.203844
21654900.81	5170209.24	0.213912
21654972.96	5170189.23	0.21286
21655045.1	5170169.22	0.259914
21655117.25	5170149.22	0.209044
21655189.4	5170129.21	0.242107
21655261.54	5170109.2	0.256874
21655333.69	5170089.19	0.237833
21655405.84	5170069.18	0.247026
21655477.98	5170049.18	0.231677
21655550.13	5170029.17	0.236347
21655622.28	5170009.16	0.245049
21655694.42	5169989.15	0.228227
21655766.57	5169969.14	0.212203
21655838.72	5169949.14	0.232406
21655910.86	5169929.13	0.237137
21655983.01	5169909.12	0.229569
21656055.16	5169889.11	0.231393
21656127.3	5169869.1	0.268942
21656199.45	5169849.1	0.246868
21656271.6	5169829.09	0.254986
21656343.75	5169809.08	0.290034
21656415.89	5169789.07	0.258726
21656488.04	5169769.06	0.269517
21656560.19	5169749.06	0.268989
21656632.33	5169729.05	0.273977
21656704.48	5169709.04	0.260924
21656776.63	5169689.03	0.272818
21656848.77	5169669.02	0.298719
21656920.92	5169649.02	0.239974
21656993.07	5169629.01	0.255762
21657065.21	5169609	0.256835
21657137.36	5169588.99	0.259121
21657209.51	5169568.98	0.26137
21657281.65	5169548.97	0.239847
21657353.8	5169528.97	0.265295
21657425.95	5169508.96	0.273123
21657498.09	5169488.95	0.241802
21657570.24	5169468.94	0.18828
21657642.39	5169448.93	0.164709
21657714.53	5169428.93	0.174749
21657786.68	5169408.92	0.206523
21657858.83	5169388.91	0.251979
21657930.97	5169368.9	0.259717
21658003.12	5169348.89	0.230331
21658075.27	5169328.89	0.165301
21658147.41	5169308.88	0.157219
21658219.56	5169288.87	0.197256
21658291.71	5169268.86	0.189775
21658363.85	5169248.85	0.154582
21658436	5169228.85	0.201819
21658508.15	5169208.84	0.271216
21658580.29	5169188.83	0.278291
21658652.44	5169168.82	0.269031
21658724.59	5169148.81	0.211909
21658796.73	5169128.81	0.162548
21658868.88	5169108.8	0.1451
21658941.03	5169088.79	0.136485
21659013.17	5169068.78	0.115918
21659085.32	5169048.77	0.0902375
21653261.06	5170740.2	0.24065
21653333.21	5170720.19	0.250158
21653405.36	5170700.18	0.23043
21653477.5	5170680.17	0.194817
21653549.65	5170660.16	0.207137
21653621.8	5170640.16	0.19802
21653693.94	5170620.15	0.176894
21653766.09	5170600.14	0.159631
21653838.24	5170580.13	0.148358
21653910.38	5170560.12	0.186037
21653982.53	5170540.12	0.212644
21654054.68	5170520.11	0.264168
21654126.82	5170500.1	0.280752
21654198.97	5170480.09	0.280815
21654271.12	5170460.08	0.270869
21654343.26	5170440.08	0.259093
21654415.41	5170420.07	0.250099
21654487.56	5170400.06	0.253011
21654559.7	5170380.05	0.241858
21654631.85	5170360.04	0.221111
21654704	5170340.04	0.258776
21654776.14	5170320.03	0.227339
21654848.29	5170300.02	0.172974
21654920.44	5170280.01	0.202715
21654992.58	5170260	0.191368
21655064.73	5170240	0.224587
21655136.88	5170219.99	0.199779
21655209.02	5170199.98	0.203874
21655281.17	5170179.97	0.250768
21655353.32	5170159.96	0.235348
21655425.46	5170139.95	0.233259
21655497.61	5170119.95	0.232915
21655569.76	5170099.94	0.259086
21655641.9	5170079.93	0.252366
21655714.05	5170059.92	0.220918
21655786.2	5170039.91	0.212596
21655858.34	5170019.91	0.21782
21655930.49	5169999.9	0.266382
21656002.64	5169979.89	0.277273
21656074.78	5169959.88	0.266489
21656146.93	5169939.87	0.277175
21656219.08	5169919.87	0.234661
21656291.22	5169899.86	0.258494
21656363.37	5169879.85	0.292815
21656435.52	5169859.84	0.255708
21656507.66	5169839.83	0.269868
21656579.81	5169819.83	0.279262
21656651.96	5169799.82	0.269835
21656724.1	5169779.81	0.256164
21656796.25	5169759.8	0.255432
21656868.4	5169739.79	0.265082
21656940.55	5169719.79	0.262683
21657012.69	5169699.78	0.282071
21657084.84	5169679.77	0.259577
21657156.99	5169659.76	0.265309
21657229.13	5169639.75	0.268539
21657301.28	5169619.75	0.260203
21657373.43	5169599.74	0.271687
21657445.57	5169579.73	0.272518
21657517.72	5169559.72	0.25571
21657589.87	5169539.71	0.221252
21657662.01	5169519.71	0.175437
21657734.16	5169499.7	0.170421
21657806.31	5169479.69	0.207812
21657878.45	5169459.68	0.28132
21657950.6	5169439.67	0.229232
21658022.75	5169419.66	0.187158
21658094.89	5169399.66	0.159972
21658167.04	5169379.65	0.15641
21658239.19	5169359.64	0.155501
21658311.33	5169339.63	0.191823
21658383.48	5169319.62	0.236819
21658455.63	5169299.62	0.27037
21658527.77	5169279.61	0.256124
21658599.92	5169259.6	0.208935
21658672.07	5169239.59	0.17143
21658744.21	5169219.58	0.170065
21658816.36	5169199.58	0.168179
21658888.51	5169179.57	0.143213
21658960.65	5169159.56	0.111625
21659032.8	5169139.55	0.0986954
21659104.95	5169119.54	0.0880409
21653280.69	5170810.97	0.176602
21653352.84	5170790.96	0.249589
21653424.98	5170770.95	0.165229
21653497.13	5170750.94	0.183762
21653569.28	5170730.93	0.198797
21653641.42	5170710.93	0.181127
21653713.57	5170690.92	0.163318
21653785.72	5170670.91	0.166639
21653857.86	5170650.9	0.180672
21653930.01	5170630.89	0.158223
21654002.16	5170610.89	0.244584
21654074.3	5170590.88	0.282054
21654146.45	5170570.87	0.272293
21654218.6	5170550.86	0.244411
21654290.74	5170530.85	0.220994
21654362.89	5170510.85	0.226926
21654435.04	5170490.84	0.230233
21654507.18	5170470.83	0.230899
21654579.33	5170450.82	0.222581
21654651.48	5170430.81	0.19621
21654723.62	5170410.81	0.271791
21654795.77	5170390.8	0.195903
21654867.92	5170370.79	0.177135
21654940.06	5170350.78	0.188102
21655012.21	5170330.77	0.204554
21655084.36	5170310.77	0.265457
21655156.5	5170290.76	0.192933
21655228.65	5170270.75	0.194919
21655300.8	5170250.74	0.252156
21655372.94	5170230.73	0.206899
21655445.09	5170210.73	0.191166
21655517.24	5170190.72	0.230024
21655589.38	5170170.71	0.235008
21655661.53	5170150.7	0.292404
21655733.68	5170130.69	0.280349
21655805.82	5170110.69	0.25978
21655877.97	5170090.68	0.26218
21655950.12	5170070.67	0.248166
21656022.26	5170050.66	0.260375
21656094.41	5170030.65	0.244424
21656166.56	5170010.65	0.268402
21656238.7	5169990.64	0.240013
21656310.85	5169970.63	0.259943
21656383	5169950.62	0.283275
21656455.14	5169930.61	0.270458
21656527.29	5169910.6	0.274447
21656599.44	5169890.6	0.283478
21656671.58	5169870.59	0.280886
21656743.73	5169850.58	0.279709
21656815.88	5169830.57	0.277247
21656888.02	5169810.56	0.265536
21656960.17	5169790.56	0.258115
21657032.32	5169770.55	0.255827
21657104.47	5169750.54	0.260065
21657176.61	5169730.53	0.279438
21657248.76	5169710.52	0.285839
21657320.91	5169690.52	0.273858
21657393.05	5169670.51	0.271333
21657465.2	5169650.5	0.270168
21657537.35	5169630.49	0.239133
21657609.49	5169610.48	0.220932
21657681.64	5169590.48	0.201302
21657753.79	5169570.47	0.183667
21657825.93	5169550.46	0.223229
21657898.08	5169530.45	0.267702
21657970.23	5169510.44	0.203917
21658042.37	5169490.44	0.176721
21658114.52	5169470.43	0.139518
21658186.67	5169450.42	0.138204
21658258.81	5169430.41	0.159783
21658330.96	5169410.4	0.246989
21658403.11	5169390.4	0.253124
21658475.25	5169370.39	0.260988
21658547.4	5169350.38	0.224367
21658619.55	5169330.37	0.163563
21658691.69	5169310.36	0.15533
21658763.84	5169290.36	0.163534
21658835.99	5169270.35	0.166352
21658908.13	5169250.34	0.163927
21658980.28	5169230.33	0.140908
21659052.43	5169210.32	0.122009
21653300.32	5170881.74	0.164321
21653372.46	5170861.73	0.266973
21653444.61	5170841.72	0.201498
21653516.76	5170821.71	0.207558
21653588.9	5170801.71	0.200912
21653661.05	5170781.7	0.191103
21653733.2	5170761.69	0.172985
21653805.34	5170741.68	0.192485
21653877.49	5170721.67	0.233438
21653949.64	5170701.67	0.0747076
21654021.78	5170681.66	0.274893
21654093.93	5170661.65	0.285655
21654166.08	5170641.64	0.226877
21654238.22	5170621.63	0.190735
21654310.37	5170601.63	0.176318
21654382.52	5170581.62	0.26105
21654454.66	5170561.61	0.216404
21654526.81	5170541.6	0.247881
21654598.96	5170521.59	0.222173
21654671.1	5170501.58	0.216589
21654743.25	5170481.58	0.250412
21654815.4	5170461.57	0.253842
21654887.54	5170441.56	0.235443
21654959.69	5170421.55	0.232054
21655031.84	5170401.54	0.242892
21655103.98	5170381.54	0.268206
21655176.13	5170361.53	0.197482
21655248.28	5170341.52	0.222562
21655320.42	5170321.51	0.268796
21655392.57	5170301.5	0.217722
21655464.72	5170281.5	0.196757
21655536.86	5170261.49	0.17505
21655609.01	5170241.48	0.187723
21655681.16	5170221.47	0.196385
21655753.3	5170201.46	0.209921
21655825.45	5170181.46	0.206794
21655897.6	5170161.45	0.256502
21655969.74	5170141.44	0.266312
21656041.89	5170121.43	0.260666
21656114.04	5170101.42	0.262382
21656186.18	5170081.42	0.292673
21656258.33	5170061.41	0.276884
21656330.48	5170041.4	0.271631
21656402.62	5170021.39	0.283882
21656474.77	5170001.38	0.276416
21656546.92	5169981.38	0.259907
21656619.06	5169961.37	0.270477
21656691.21	5169941.36	0.275247
21656763.36	5169921.35	0.301322
21656835.5	5169901.34	0.290689
21656907.65	5169881.34	0.285068
21656979.8	5169861.33	0.275465
21657051.94	5169841.32	0.289049
21657124.09	5169821.31	0.284422
21657196.24	5169801.3	0.270179
21657268.38	5169781.3	0.273367
21657340.53	5169761.29	0.268028
21657412.68	5169741.28	0.271549
21657484.83	5169721.27	0.2638
21657556.97	5169701.26	0.229928
21657629.12	5169681.25	0.231976
21657701.27	5169661.25	0.232027
21657773.41	5169641.24	0.204018
21657845.56	5169621.23	0.180246
21657917.71	5169601.22	0.241253
21657989.85	5169581.21	0.200042
21658062	5169561.21	0.180479
21658134.15	5169541.2	0.136307
21658206.29	5169521.19	0.145307
21658278.44	5169501.18	0.21457
21658350.59	5169481.17	0.253007
21658422.73	5169461.17	0.255027
21658494.88	5169441.16	0.227115
21658567.03	5169421.15	0.178397
21658639.17	5169401.14	0.16518
21658711.32	5169381.13	0.154594
21658783.47	5169361.13	0.182265
21658855.61	5169341.12	0.16667
21658927.76	5169321.11	0.165946
21658999.91	5169301.1	0.167493
21659072.05	5169281.09	0.181077
21653247.8	5170972.52	0.200399
21653319.94	5170952.51	0.193164
21653392.09	5170932.5	0.21076
21653464.24	5170912.49	0.223562
21653536.38	5170892.48	0.205398
21653608.53	5170872.48	0.209371
21653680.68	5170852.47	0.192258
21653752.82	5170832.46	0.173633
21653824.97	5170812.45	0.199408
21653897.12	5170792.44	0.254861
21653969.26	5170772.44	0.274322
21654041.41	5170752.43	0.26224
21654113.56	5170732.42	0.252219
21654185.7	5170712.41	0.21942
21654257.85	5170692.4	0.182895
21654330	5170672.4	0.181599
21654402.14	5170652.39	0.233351
21654474.29	5170632.38	0.27459
21654546.44	5170612.37	0.233812
21654618.58	5170592.36	0.204683
21654690.73	5170572.36	0.176165
21654762.88	5170552.35	0.202849
21654835.02	5170532.34	0.256778
21654907.17	5170512.33	0.246951
21654979.32	5170492.32	0.21274
21655051.46	5170472.32	0.24909
21655123.61	5170452.31	0.232602
21655195.76	5170432.3	0.203386
21655267.9	5170412.29	0.221679
21655340.05	5170392.28	0.244397
21655412.2	5170372.28	0.235884
21655484.34	5170352.27	0.220766
21655556.49	5170332.26	0.19897
21655628.64	5170312.25	0.159711
21655700.78	5170292.24	0.180175
21655772.93	5170272.23	0.19053
21655845.08	5170252.23	0.165561
21655917.22	5170232.22	0.179346
21655989.37	5170212.21	0.250316
21656061.52	5170192.2	0.231993
21656133.66	5170172.19	0.241546
21656205.81	5170152.19	0.246144
21656277.96	5170132.18	0.238867
21656350.1	5170112.17	0.269751
21656422.25	5170092.16	0.275347
21656494.4	5170072.15	0.27572
21656566.54	5170052.15	0.287329
21656638.69	5170032.14	0.278347
21656710.84	5170012.13	0.259968
21656782.98	5169992.12	0.272711
21656855.13	5169972.11	0.286271
21656927.28	5169952.11	0.269781
21656999.42	5169932.1	0.274131
21657071.57	5169912.09	0.288578
21657143.72	5169892.08	0.287208
21657215.86	5169872.07	0.266409
21657288.01	5169852.07	0.278161
21657360.16	5169832.06	0.302219
21657432.3	5169812.05	0.298218
21657504.45	5169792.04	0.286307
21657576.6	5169772.03	0.242685
21657648.74	5169752.03	0.247258
21657720.89	5169732.02	0.274623
21657793.04	5169712.01	0.257918
21657865.18	5169692	0.227424
21657937.33	5169671.99	0.228734
21658009.48	5169651.99	0.22599
21658081.63	5169631.98	0.207915
21658153.77	5169611.97	0.166748
21658225.92	5169591.96	0.172012
21658298.07	5169571.95	0.27039
21658370.21	5169551.94	0.238951
21658442.36	5169531.94	0.22853
21658514.51	5169511.93	0.183463
21658586.65	5169491.92	0.190112
21658658.8	5169471.91	0.22762
21658730.95	5169451.9	0.183082
21658803.09	5169431.9	0.192486
21658875.24	5169411.89	0.17411
21658947.39	5169391.88	0.154387
21659019.53	5169371.87	0.149385
21659091.68	5169351.86	0.180058
21653267.42	5171043.29	0.194864
21653339.57	5171023.28	0.201065
21653411.72	5171003.27	0.229832
21653483.86	5170983.26	0.204942
21653556.01	5170963.26	0.225667
21653628.16	5170943.25	0.193561
21653700.3	5170923.24	0.18829
21653772.45	5170903.23	0.175289
21653844.6	5170883.22	0.176991
21653916.74	5170863.21	0.224955
21653988.89	5170843.21	0.27256
21654061.04	5170823.2	0.283186
21654133.18	5170803.19	0.246874
21654205.33	5170783.18	0.239123
21654277.48	5170763.17	0.220626
21654349.62	5170743.17	0.225165
21654421.77	5170723.16	0.244816
21654493.92	5170703.15	0.255362
21654566.06	5170683.14	0.213451
21654638.21	5170663.13	0.187429
21654710.36	5170643.13	0.15747
21654782.5	5170623.12	0.159272
21654854.65	5170603.11	0.215305
21654926.8	5170583.1	0.222799
21654998.94	5170563.09	0.21558
21655071.09	5170543.09	0.28466
21655143.24	5170523.08	0.249164
21655215.38	5170503.07	0.191688
21655287.53	5170483.06	0.210689
21655359.68	5170463.05	0.222082
21655431.82	5170443.05	0.230378
21655503.97	5170423.04	0.250275
21655576.12	5170403.03	0.231545
21655648.26	5170383.02	0.219828
21655720.41	5170363.01	0.219902
21655792.56	5170343.01	0.212762
21655864.7	5170323	0.197651
21655936.85	5170302.99	0.181942
21656009	5170282.98	0.210817
21656081.14	5170262.97	0.264137
21656153.29	5170242.97	0.213085
21656225.44	5170222.96	0.236306
21656297.58	5170202.95	0.264387
21656369.73	5170182.94	0.285139
21656441.88	5170162.93	0.274025
21656514.02	5170142.93	0.266693
21656586.17	5170122.92	0.264601
21656658.32	5170102.91	0.261222
21656730.46	5170082.9	0.265289
21656802.61	5170062.89	0.267672
21656874.76	5170042.88	0.271674
21656946.9	5170022.88	0.267452
21657019.05	5170002.87	0.269167
21657091.2	5169982.86	0.275449
21657163.34	5169962.85	0.275588
21657235.49	5169942.84	0.260167
21657307.64	5169922.84	0.264998
21657379.78	5169902.83	0.27346
21657451.93	5169882.82	0.289219
21657524.08	5169862.81	0.260591
21657596.22	5169842.8	0.242117
21657668.37	5169822.8	0.24385
21657740.52	5169802.79	0.264183
21657812.66	5169782.78	0.27636
21657884.81	5169762.77	0.257389
21657956.96	5169742.76	0.228702
21658029.1	5169722.76	0.217696
21658101.25	5169702.75	0.188703
21658173.4	5169682.74	0.162833
21658245.54	5169662.73	0.178559
21658317.69	5169642.72	0.267245
21658389.84	5169622.72	0.263713
21658461.99	5169602.71	0.191152
21658534.13	5169582.7	0.176095
21658606.28	5169562.69	0.183963
21658678.43	5169542.68	0.216501
21658750.57	5169522.68	0.222472
21658822.72	5169502.67	0.203521
21658894.87	5169482.66	0.191968
21658967.01	5169462.65	0.173755
21659039.16	5169442.64	0.169836
21659111.31	5169422.64	0.197883
21653287.05	5171114.06	0.253619
21653359.2	5171094.05	0.236
21653431.34	5171074.04	0.222562
21653503.49	5171054.03	0.188146
21653575.64	5171034.03	0.226581
21653647.78	5171014.02	0.2227
21653719.93	5170994.01	0.206206
21653792.08	5170974	0.199877
21653864.22	5170953.99	0.231879
21653936.37	5170933.99	0.197199
21654008.52	5170913.98	0.226837
21654080.66	5170893.97	0.260175
21654152.81	5170873.96	0.25796
21654224.96	5170853.95	0.220392
21654297.1	5170833.95	0.188224
21654369.25	5170813.94	0.220435
21654441.4	5170793.93	0.218431
21654513.54	5170773.92	0.197875
21654585.69	5170753.91	0.239322
21654657.84	5170733.91	0.182857
21654729.98	5170713.9	0.168002
21654802.13	5170693.89	0.211898
21654874.28	5170673.88	0.232099
21654946.42	5170653.87	0.258967
21655018.57	5170633.86	0.2615
21655090.72	5170613.86	0.267454
21655162.86	5170593.85	0.177756
21655235.01	5170573.84	0.184314
21655307.16	5170553.83	0.197255
21655379.3	5170533.82	0.213231
21655451.45	5170513.82	0.219041
21655523.6	5170493.81	0.283444
21655595.74	5170473.8	0.251544
21655667.89	5170453.79	0.214409
21655740.04	5170433.78	0.216363
21655812.18	5170413.78	0.206661
21655884.33	5170393.77	0.199733
21655956.48	5170373.76	0.177934
21656028.62	5170353.75	0.180145
21656100.77	5170333.74	0.237227
21656172.92	5170313.74	0.217156
21656245.06	5170293.73	0.238473
21656317.21	5170273.72	0.265208
21656389.36	5170253.71	0.299613
21656461.5	5170233.7	0.277499
21656533.65	5170213.7	0.265187
21656605.8	5170193.69	0.268707
21656677.94	5170173.68	0.266607
21656750.09	5170153.67	0.265764
21656822.24	5170133.66	0.271939
21656894.38	5170113.66	0.274077
21656966.53	5170093.65	0.272416
21657038.68	5170073.64	0.277822
21657110.82	5170053.63	0.284691
21657182.97	5170033.62	0.267523
21657255.12	5170013.62	0.256668
21657327.26	5169993.61	0.246469
21657399.41	5169973.6	0.238708
21657471.56	5169953.59	0.250467
21657543.7	5169933.58	0.261095
21657615.85	5169913.57	0.23689
21657688	5169893.57	0.2273
21657760.14	5169873.56	0.259209
21657832.29	5169853.55	0.280088
21657904.44	5169833.54	0.271708
21657976.58	5169813.53	0.213149
21658048.73	5169793.53	0.181675
21658120.88	5169773.52	0.155993
21658193.02	5169753.51	0.171871
21658265.17	5169733.5	0.250051
21658337.32	5169713.49	0.269268
21658409.46	5169693.49	0.253761
21658481.61	5169673.48	0.192507
21658553.76	5169653.47	0.172386
21658625.91	5169633.46	0.170031
21658698.05	5169613.45	0.186727
21658770.2	5169593.45	0.220093
21658842.35	5169573.44	0.226365
21658914.49	5169553.43	0.208317
21658986.64	5169533.42	0.196272
21659058.79	5169513.41	0.200401
21653306.68	5171184.83	0.256877
21653378.82	5171164.82	0.212487
21653450.97	5171144.81	0.184166
21653523.12	5171124.8	0.199451
21653595.26	5171104.8	0.238357
21653667.41	5171084.79	0.200437
21653739.56	5171064.78	0.197847
21653811.7	5171044.77	0.206709
21653883.85	5171024.76	0.238907
21653956	5171004.76	0.23043
21654028.14	5170984.75	0.242321
21654100.29	5170964.74	0.19771
21654172.44	5170944.73	0.184351
21654244.58	5170924.72	0.220776
21654316.73	5170904.72	0.240858
21654388.88	5170884.71	0.195704
21654461.02	5170864.7	0.203558
21654533.17	5170844.69	0.204528
21654605.32	5170824.68	0.253568
21654677.46	5170804.68	0.198235
21654749.61	5170784.67	0.207835
21654821.76	5170764.66	0.229461
21654893.9	5170744.65	0.235763
21654966.05	5170724.64	0.256166
21655038.2	5170704.64	0.250266
21655110.34	5170684.63	0.219562
21655182.49	5170664.62	0.20546
21655254.64	5170644.61	0.212114
21655326.78	5170624.6	0.216979
21655398.93	5170604.6	0.214323
21655471.08	5170584.59	0.209565
21655543.22	5170564.58	0.279487
21655615.37	5170544.57	0.279507
21655687.52	5170524.56	0.238484
21655759.66	5170504.56	0.213252
21655831.81	5170484.55	0.17157
21655903.96	5170464.54	0.180392
21655976.1	5170444.53	0.172315
21656048.25	5170424.52	0.180162
21656120.4	5170404.51	0.250405
21656192.54	5170384.51	0.256858
21656264.69	5170364.5	0.269405
21656336.84	5170344.49	0.270742
21656408.98	5170324.48	0.282469
21656481.13	5170304.47	0.255998
21656553.28	5170284.47	0.242122
21656625.42	5170264.46	0.260592
21656697.57	5170244.45	0.261393
21656769.72	5170224.44	0.265517
21656841.86	5170204.43	0.266771
21656914.01	5170184.43	0.263293
21656986.16	5170164.42	0.271485
21657058.3	5170144.41	0.267752
21657130.45	5170124.4	0.283871
21657202.6	5170104.39	0.276952
21657274.74	5170084.39	0.268632
21657346.89	5170064.38	0.246376
21657419.04	5170044.37	0.239247
21657491.18	5170024.36	0.268796
21657563.33	5170004.35	0.262617
21657635.48	5169984.35	0.237881
21657707.62	5169964.34	0.216244
21657779.77	5169944.33	0.230717
21657851.92	5169924.32	0.258962
21657924.06	5169904.31	0.253502
21657996.21	5169884.31	0.193596
21658068.36	5169864.3	0.172742
21658140.5	5169844.29	0.180609
21658212.65	5169824.28	0.227358
21658284.8	5169804.27	0.275261
21658356.94	5169784.27	0.258827
21658429.09	5169764.26	0.21958
21658501.24	5169744.25	0.178703
21658573.38	5169724.24	0.164823
21658645.53	5169704.23	0.155394
21658717.68	5169684.22	0.163733
21658789.82	5169664.22	0.199925
21658861.97	5169644.21	0.18676
21658934.12	5169624.2	0.186625
21659006.26	5169604.19	0.193081
21659078.41	5169584.18	0.206288
21653254.15	5171275.61	0.279455
21653326.3	5171255.6	0.268011
21653398.45	5171235.59	0.228238
21653470.6	5171215.58	0.197283
21653542.74	5171195.58	0.181255
21653614.89	5171175.57	0.23444
21653687.04	5171155.56	0.202157
21653759.18	5171135.55	0.191173
21653831.33	5171115.54	0.225118
21653903.48	5171095.54	0.251275
21653975.62	5171075.53	0.246646
21654047.77	5171055.52	0.279129
21654119.92	5171035.51	0.26984
21654192.06	5171015.5	0.196537
21654264.21	5170995.49	0.229699
21654336.36	5170975.49	0.2114
21654408.5	5170955.48	0.192764
21654480.65	5170935.47	0.18422
21654552.8	5170915.46	0.193943
21654624.94	5170895.45	0.256416
21654697.09	5170875.45	0.233109
21654769.24	5170855.44	0.224902
21654841.38	5170835.43	0.233565
21654913.53	5170815.42	0.239661
21654985.68	5170795.41	0.255062
21655057.82	5170775.41	0.209817
21655129.97	5170755.4	0.21497
21655202.12	5170735.39	0.204438
21655274.26	5170715.38	0.19621
21655346.41	5170695.37	0.192249
21655418.56	5170675.37	0.198702
21655490.7	5170655.36	0.236446
21655562.85	5170635.35	0.289544
21655635	5170615.34	0.258579
21655707.14	5170595.33	0.274183
21655779.29	5170575.33	0.253821
21655851.44	5170555.32	0.155141
21655923.58	5170535.31	0.166713
21655995.73	5170515.3	0.149136
21656067.88	5170495.29	0.171823
21656140.02	5170475.29	0.254771
21656212.17	5170455.28	0.267954
21656284.32	5170435.27	0.26781
21656356.46	5170415.26	0.25757
21656428.61	5170395.25	0.233403
21656500.76	5170375.25	0.169923
21656572.9	5170355.24	0.190225
21656645.05	5170335.23	0.242492
21656717.2	5170315.22	0.280558
21656789.34	5170295.21	0.291109
21656861.49	5170275.21	0.2767
21656933.64	5170255.2	0.287581
21657005.78	5170235.19	0.276811
21657077.93	5170215.18	0.269942
21657150.08	5170195.17	0.283329
21657222.22	5170175.16	0.284851
21657294.37	5170155.16	0.301461
21657366.52	5170135.15	0.276632
21657438.66	5170115.14	0.23096
21657510.81	5170095.13	0.249454
21657582.96	5170075.12	0.258928
21657655.1	5170055.12	0.218475
21657727.25	5170035.11	0.207815
21657799.4	5170015.1	0.221789
21657871.54	5169995.09	0.240669
21657943.69	5169975.08	0.265509
21658015.84	5169955.08	0.217034
21658087.98	5169935.07	0.20788
21658160.13	5169915.06	0.234008
21658232.28	5169895.05	0.27472
21658304.42	5169875.04	0.285621
21658376.57	5169855.04	0.216926
21658448.72	5169835.03	0.196085
21658520.86	5169815.02	0.178922
21658593.01	5169795.01	0.142512
21658665.16	5169775	0.163459
21658737.3	5169755	0.188016
21658809.45	5169734.99	0.209415
21658881.6	5169714.98	0.193648
21658953.74	5169694.97	0.16377
21659025.89	5169674.96	0.191558
21659098.04	5169654.96	0.21736
21653273.78	5171346.38	0.290308
21653345.93	5171326.37	0.277364
21653418.07	5171306.36	0.230927
21653490.22	5171286.35	0.205764
21653562.37	5171266.35	0.238022
21653634.51	5171246.34	0.237251
21653706.66	5171226.33	0.221889
21653778.81	5171206.32	0.199985
21653850.96	5171186.31	0.230481
21653923.1	5171166.31	0.263237
21653995.25	5171146.3	0.255145
21654067.4	5171126.29	0.257848
21654139.54	5171106.28	0.252655
21654211.69	5171086.27	0.249232
21654283.84	5171066.27	0.223398
21654355.98	5171046.26	0.221672
21654428.13	5171026.25	0.183512
21654500.28	5171006.24	0.180291
21654572.42	5170986.23	0.225678
21654644.57	5170966.23	0.277375
21654716.72	5170946.22	0.245072
21654788.86	5170926.21	0.244351
21654861.01	5170906.2	0.217256
21654933.16	5170886.19	0.243099
21655005.3	5170866.18	0.241731
21655077.45	5170846.18	0.192489
21655149.6	5170826.17	0.194344
21655221.74	5170806.16	0.179986
21655293.89	5170786.15	0.178485
21655366.04	5170766.14	0.191399
21655438.18	5170746.14	0.237708
21655510.33	5170726.13	0.252287
21655582.48	5170706.12	0.248017
21655654.62	5170686.11	0.22452
21655726.77	5170666.1	0.27843
21655798.92	5170646.1	0.281363
21655871.06	5170626.09	0.171917
21655943.21	5170606.08	0.148588
21656015.36	5170586.07	0.108856
21656087.5	5170566.06	0.10621
21656159.65	5170546.06	0.175044
21656231.8	5170526.05	0.162161
21656303.94	5170506.04	0.185556
21656376.09	5170486.03	0.203107
21656448.24	5170466.02	0.186433
21656520.38	5170446.02	0.120655
21656592.53	5170426.01	0.130138
21656664.68	5170406	0.20446
21656736.82	5170385.99	0.262016
21656808.97	5170365.98	0.28678
21656881.12	5170345.98	0.271698
21656953.26	5170325.97	0.265
21657025.41	5170305.96	0.284361
21657097.56	5170285.95	0.280651
21657169.7	5170265.94	0.279187
21657241.85	5170245.94	0.25586
21657314	5170225.93	0.242912
21657386.14	5170205.92	0.260654
21657458.29	5170185.91	0.237741
21657530.44	5170165.9	0.203882
21657602.58	5170145.9	0.237608
21657674.73	5170125.89	0.234485
21657746.88	5170105.88	0.218309
21657819.02	5170085.87	0.223584
21657891.17	5170065.86	0.244037
21657963.32	5170045.85	0.266707
21658035.46	5170025.85	0.267393
21658107.61	5170005.84	0.282316
21658179.76	5169985.83	0.296704
21658251.9	5169965.82	0.286147
21658324.05	5169945.81	0.264809
21658396.2	5169925.81	0.203077
21658468.34	5169905.8	0.175953
21658540.49	5169885.79	0.154854
21658612.64	5169865.78	0.137552
21658684.78	5169845.77	0.178707
21658756.93	5169825.77	0.215498
21658829.08	5169805.76	0.202387
21658901.22	5169785.75	0.183943
21658973.37	5169765.74	0.198532
21659045.52	5169745.73	0.172211
21653293.41	5171417.15	0.289533
21653365.55	5171397.14	0.252874
21653437.7	5171377.13	0.235168
21653509.85	5171357.12	0.239234
21653581.99	5171337.12	0.246517
21653654.14	5171317.11	0.218304
21653726.29	5171297.1	0.193297
21653798.43	5171277.09	0.21318
21653870.58	5171257.08	0.25954
21653942.73	5171237.08	0.269574
21654014.87	5171217.07	0.24808
21654087.02	5171197.06	0.234674
21654159.17	5171177.05	0.253772
21654231.32	5171157.04	0.256694
21654303.46	5171137.04	0.260126
21654375.61	5171117.03	0.232891
21654447.76	5171097.02	0.187441
21654519.9	5171077.01	0.177875
21654592.05	5171057	0.236327
21654664.2	5171037	0.24685
21654736.34	5171016.99	0.226399
21654808.49	5170996.98	0.233313
21654880.64	5170976.97	0.245532
21654952.78	5170956.96	0.238269
21655024.93	5170936.96	0.231072
21655097.08	5170916.95	0.227219
21655169.22	5170896.94	0.20811
21655241.37	5170876.93	0.189091
21655313.52	5170856.92	0.175105
21655385.66	5170836.92	0.192904
21655457.81	5170816.91	0.245529
21655529.96	5170796.9	0.245996
21655602.1	5170776.89	0.186086
21655674.25	5170756.88	0.142676
21655746.4	5170736.88	0.14621
21655818.54	5170716.87	0.261762
21655890.69	5170696.86	0.245521
21655962.84	5170676.85	0.223256
21656034.98	5170656.84	0.200729
21656107.13	5170636.83	0.209422
21656179.28	5170616.83	0.248812
21656251.42	5170596.82	0.238284
21656323.57	5170576.81	0.146693
21656395.72	5170556.8	0.248146
21656467.86	5170536.79	0.241393
21656540.01	5170516.79	0.171638
21656612.16	5170496.78	0.143077
21656684.3	5170476.77	0.15397
21656756.45	5170456.76	0.27352
21656828.6	5170436.75	0.233542
21656900.74	5170416.75	0.16692
21656972.89	5170396.74	0.162689
21657045.04	5170376.73	0.201446
21657117.18	5170356.72	0.249942
21657189.33	5170336.71	0.277024
21657261.48	5170316.71	0.238175
21657333.62	5170296.7	0.239749
21657405.77	5170276.69	0.254927
21657477.92	5170256.68	0.27155
21657550.06	5170236.67	0.275664
21657622.21	5170216.67	0.27013
21657694.36	5170196.66	0.215219
21657766.5	5170176.65	0.205228
21657838.65	5170156.64	0.220305
21657910.8	5170136.63	0.239776
21657982.94	5170116.63	0.26479
21658055.09	5170096.62	0.28264
21658127.24	5170076.61	0.278603
21658199.38	5170056.6	0.27769
21658271.53	5170036.59	0.261861
21658343.68	5170016.59	0.242115
21658415.82	5169996.58	0.202728
21658487.97	5169976.57	0.159271
21658560.12	5169956.56	0.127653
21658632.26	5169936.55	0.103546
21658704.41	5169916.55	0.130791
21658776.56	5169896.54	0.176988
21658848.7	5169876.53	0.170564
21658920.85	5169856.52	0.179322
21658993	5169836.51	0.166805
21659065.14	5169816.5	0.170023
21653313.03	5171487.92	0.277694
21653385.18	5171467.91	0.229848
21653457.33	5171447.9	0.235582
21653529.47	5171427.9	0.2624
21653601.62	5171407.89	0.231261
21653673.77	5171387.88	0.218841
21653745.91	5171367.87	0.220181
21653818.06	5171347.86	0.213581
21653890.21	5171327.86	0.249838
21653962.35	5171307.85	0.258421
21654034.5	5171287.84	0.225755
21654106.65	5171267.83	0.263059
21654178.79	5171247.82	0.266696
21654250.94	5171227.82	0.256413
21654323.09	5171207.81	0.243287
21654395.23	5171187.8	0.244522
21654467.38	5171167.79	0.222202
21654539.53	5171147.78	0.193126
21654611.67	5171127.77	0.179168
21654683.82	5171107.77	0.259428
21654755.97	5171087.76	0.235249
21654828.12	5171067.75	0.21779
21654900.26	5171047.74	0.258842
21654972.41	5171027.73	0.240601
21655044.56	5171007.73	0.235713
21655116.7	5170987.72	0.241773
21655188.85	5170967.71	0.236796
21655261	5170947.7	0.212527
21655333.14	5170927.69	0.19352
21655405.29	5170907.69	0.221
21655477.44	5170887.68	0.249074
21655549.58	5170867.67	0.222064
21655621.73	5170847.66	0.188482
21655693.88	5170827.65	0.189425
21655766.02	5170807.65	0.169358
21655838.17	5170787.64	0.227683
21655910.32	5170767.63	0.268603
21655982.46	5170747.62	0.265275
21656054.61	5170727.61	0.250564
21656126.76	5170707.61	0.258706
21656198.9	5170687.6	0.27377
21656271.05	5170667.59	0.26012
21656343.2	5170647.58	0.242508
21656415.34	5170627.57	0.263209
21656487.49	5170607.57	0.268869
21656559.64	5170587.56	0.268826
21656631.78	5170567.55	0.233134
21656703.93	5170547.54	0.195888
21656776.08	5170527.53	0.228165
21656848.22	5170507.53	0.23828
21656920.37	5170487.52	0.110928
21656992.52	5170467.51	0.131471
21657064.66	5170447.5	0.168003
21657136.81	5170427.49	0.255278
21657208.96	5170407.48	0.267709
21657281.1	5170387.48	0.170762
21657353.25	5170367.47	0.203654
21657425.4	5170347.46	0.225933
21657497.54	5170327.45	0.281703
21657569.69	5170307.44	0.271931
21657641.84	5170287.44	0.271318
21657713.98	5170267.43	0.207615
21657786.13	5170247.42	0.195438
21657858.28	5170227.41	0.210218
21657930.42	5170207.4	0.24242
21658002.57	5170187.4	0.272724
21658074.72	5170167.39	0.276537
21658146.86	5170147.38	0.248621
21658219.01	5170127.37	0.232764
21658291.16	5170107.36	0.241592
21658363.3	5170087.36	0.221243
21658435.45	5170067.35	0.209545
21658507.6	5170047.34	0.191475
21658579.74	5170027.33	0.171182
21658651.89	5170007.32	0.12755
21658724.04	5169987.32	0.171943
21658796.18	5169967.31	0.181089
21658868.33	5169947.3	0.165146
21658940.48	5169927.29	0.132346
21659012.62	5169907.28	0.140364
21659084.77	5169887.28	0.151847
21653260.51	5171578.7	0.255715
21653332.66	5171558.69	0.245363
21653404.81	5171538.68	0.247495
21653476.95	5171518.67	0.266564
21653549.1	5171498.67	0.267054
21653621.25	5171478.66	0.230295
21653693.39	5171458.65	0.206959
21653765.54	5171438.64	0.217744
21653837.69	5171418.63	0.241753
21653909.83	5171398.63	0.2726
21653981.98	5171378.62	0.222422
21654054.13	5171358.61	0.219941
21654126.27	5171338.6	0.210436
21654198.42	5171318.59	0.254091
21654270.57	5171298.59	0.259212
21654342.71	5171278.58	0.207171
21654414.86	5171258.57	0.266939
21654487.01	5171238.56	0.236672
21654559.15	5171218.55	0.212595
21654631.3	5171198.55	0.205739
21654703.45	5171178.54	0.258295
21654775.59	5171158.53	0.278563
21654847.74	5171138.52	0.232202
21654919.89	5171118.51	0.215288
21654992.04	5171098.51	0.195924
21655064.18	5171078.5	0.237306
21655136.33	5171058.49	0.236016
21655208.48	5171038.48	0.221659
21655280.62	5171018.47	0.20732
21655352.77	5170998.47	0.218305
21655424.92	5170978.46	0.212249
21655497.06	5170958.45	0.256996
21655569.21	5170938.44	0.239651
21655641.36	5170918.43	0.214858
21655713.5	5170898.42	0.259685
21655785.65	5170878.42	0.269014
21655857.8	5170858.41	0.276271
21655929.94	5170838.4	0.273355
21656002.09	5170818.39	0.272964
21656074.24	5170798.38	0.257315
21656146.38	5170778.38	0.271571
21656218.53	5170758.37	0.289513
21656290.68	5170738.36	0.284197
21656362.82	5170718.35	0.278724
21656434.97	5170698.34	0.286486
21656507.12	5170678.34	0.291487
21656579.26	5170658.33	0.277371
21656651.41	5170638.32	0.275037
21656723.56	5170618.31	0.2729
21656795.7	5170598.3	0.272648
21656867.85	5170578.3	0.242554
21656940	5170558.29	0.15735
21657012.14	5170538.28	0.145265
21657084.29	5170518.27	0.165602
21657156.44	5170498.26	0.274209
21657228.58	5170478.26	0.231379
21657300.73	5170458.25	0.185349
21657372.88	5170438.24	0.223293
21657445.02	5170418.23	0.246994
21657517.17	5170398.22	0.273944
21657589.32	5170378.22	0.275295
21657661.46	5170358.21	0.263879
21657733.61	5170338.2	0.260593
21657805.76	5170318.19	0.262253
21657877.9	5170298.18	0.233792
21657950.05	5170278.18	0.26689
21658022.2	5170258.17	0.269134
21658094.34	5170238.16	0.280692
21658166.49	5170218.15	0.262098
21658238.64	5170198.14	0.276644
21658310.78	5170178.13	0.24647
21658382.93	5170158.13	0.228591
21658455.08	5170138.12	0.20801
21658527.22	5170118.11	0.211323
21658599.37	5170098.1	0.20659
21658671.52	5170078.09	0.186231
21658743.66	5170058.09	0.207885
21658815.81	5170038.08	0.237569
21658887.96	5170018.07	0.151633
21658960.1	5169998.06	0.12593
21659032.25	5169978.05	0.132805
21659104.4	5169958.05	0.129835
21653280.14	5171649.47	0.253288
21653352.29	5171629.46	0.261301
21653424.43	5171609.45	0.250923
21653496.58	5171589.45	0.26766
21653568.73	5171569.44	0.259004
21653640.87	5171549.43	0.208075
21653713.02	5171529.42	0.22518
21653785.17	5171509.41	0.239954
21653857.31	5171489.4	0.258467
21653929.46	5171469.4	0.214977
21654001.61	5171449.39	0.175365
21654073.75	5171429.38	0.174905
21654145.9	5171409.37	0.18379
21654218.05	5171389.36	0.168598
21654290.19	5171369.36	0.23344
21654362.34	5171349.35	0.260271
21654434.49	5171329.34	0.252315
21654506.63	5171309.33	0.239992
21654578.78	5171289.32	0.200812
21654650.93	5171269.32	0.213377
21654723.07	5171249.31	0.200768
21654795.22	5171229.3	0.252136
21654867.37	5171209.29	0.202564
21654939.51	5171189.28	0.18707
21655011.66	5171169.28	0.189491
21655083.81	5171149.27	0.183485
21655155.95	5171129.26	0.25157
21655228.1	5171109.25	0.272127
21655300.25	5171089.24	0.193325
21655372.39	5171069.24	0.201413
21655444.54	5171049.23	0.193124
21655516.69	5171029.22	0.269164
21655588.84	5171009.21	0.223224
21655660.98	5170989.2	0.231686
21655733.13	5170969.2	0.264157
21655805.28	5170949.19	0.268696
21655877.42	5170929.18	0.279253
21655949.57	5170909.17	0.273423
21656021.72	5170889.16	0.276038
21656093.86	5170869.16	0.251966
21656166.01	5170849.15	0.281322
21656238.16	5170829.14	0.296148
21656310.3	5170809.13	0.291849
21656382.45	5170789.12	0.297107
21656454.6	5170769.11	0.297312
21656526.74	5170749.11	0.294352
21656598.89	5170729.1	0.293693
21656671.04	5170709.09	0.292605
21656743.18	5170689.08	0.283456
21656815.33	5170669.07	0.270358
21656887.48	5170649.07	0.240356
21656959.62	5170629.06	0.216572
21657031.77	5170609.05	0.206269
21657103.92	5170589.04	0.217932
21657176.06	5170569.03	0.271396
21657248.21	5170549.03	0.268363
21657320.36	5170529.02	0.265764
21657392.5	5170509.01	0.270769
21657464.65	5170489	0.276616
21657536.8	5170468.99	0.277246
21657608.94	5170448.99	0.275908
21657681.09	5170428.98	0.263767
21657753.24	5170408.97	0.235045
21657825.38	5170388.96	0.234105
21657897.53	5170368.95	0.226837
21657969.68	5170348.95	0.277851
21658041.82	5170328.94	0.279143
21658113.97	5170308.93	0.277643
21658186.12	5170288.92	0.269841
21658258.26	5170268.91	0.275618
21658330.41	5170248.91	0.277887
21658402.56	5170228.9	0.233628
21658474.7	5170208.89	0.191637
21658546.85	5170188.88	0.224347
21658619	5170168.87	0.230097
21658691.14	5170148.87	0.193495
21658763.29	5170128.86	0.205466
21658835.44	5170108.85	0.184919
21658907.58	5170088.84	0.190753
21658979.73	5170068.83	0.160403
21659051.88	5170048.83	0.130585
21653299.77	5171720.24	0.273955
21653371.91	5171700.23	0.262916
21653444.06	5171680.22	0.238548
21653516.21	5171660.22	0.23857
21653588.35	5171640.21	0.241284
21653660.5	5171620.2	0.251133
21653732.65	5171600.19	0.261558
21653804.79	5171580.18	0.266106
21653876.94	5171560.18	0.226357
21653949.09	5171540.17	0.192291
21654021.23	5171520.16	0.191054
21654093.38	5171500.15	0.196453
21654165.53	5171480.14	0.197331
21654237.67	5171460.14	0.172668
21654309.82	5171440.13	0.230011
21654381.97	5171420.12	0.224742
21654454.11	5171400.11	0.245383
21654526.26	5171380.1	0.232866
21654598.41	5171360.09	0.213708
21654670.55	5171340.09	0.199649
21654742.7	5171320.08	0.211244
21654814.85	5171300.07	0.238565
21654886.99	5171280.06	0.199565
21654959.14	5171260.05	0.224835
21655031.29	5171240.05	0.200362
21655103.43	5171220.04	0.209218
21655175.58	5171200.03	0.220445
21655247.73	5171180.02	0.268301
21655319.87	5171160.01	0.257172
21655392.02	5171140.01	0.205046
21655464.17	5171120	0.213343
21655536.31	5171099.99	0.229729
21655608.46	5171079.98	0.226177
21655680.61	5171059.97	0.250577
21655752.76	5171039.97	0.269484
21655824.9	5171019.96	0.267311
21655897.05	5170999.95	0.272354
21655969.2	5170979.94	0.268646
21656041.34	5170959.93	0.267243
21656113.49	5170939.93	0.273264
21656185.64	5170919.92	0.291304
21656257.78	5170899.91	0.292058
21656329.93	5170879.9	0.285319
21656402.08	5170859.89	0.270593
21656474.22	5170839.89	0.265262
21656546.37	5170819.88	0.279544
21656618.52	5170799.87	0.284488
21656690.66	5170779.86	0.28889
21656762.81	5170759.85	0.275767
21656834.96	5170739.85	0.227774
21656907.1	5170719.84	0.23965
21656979.25	5170699.83	0.212791
21657051.4	5170679.82	0.239197
21657123.54	5170659.81	0.260043
21657195.69	5170639.81	0.290576
21657267.84	5170619.8	0.281451
21657339.98	5170599.79	0.27032
21657412.13	5170579.78	0.287988
21657484.28	5170559.77	0.292619
21657556.42	5170539.76	0.286534
21657628.57	5170519.76	0.28479
21657700.72	5170499.75	0.271078
21657772.86	5170479.74	0.251051
21657845.01	5170459.73	0.219417
21657917.16	5170439.72	0.206012
21657989.3	5170419.72	0.209749
21658061.45	5170399.71	0.250283
21658133.6	5170379.7	0.252137
21658205.74	5170359.69	0.245967
21658277.89	5170339.68	0.254914
21658350.04	5170319.68	0.268706
21658422.18	5170299.67	0.252536
21658494.33	5170279.66	0.228967
21658566.48	5170259.65	0.253869
21658638.62	5170239.64	0.249054
21658710.77	5170219.64	0.270452
21658782.92	5170199.63	0.260873
21658855.06	5170179.62	0.198458
21658927.21	5170159.61	0.206433
21658999.36	5170139.6	0.15918
21659071.5	5170119.6	0.162486
21653247.25	5171811.02	0.223253
21653319.39	5171791.01	0.258345
21653391.54	5171771	0.26827
21653463.69	5171750.99	0.244517
21653535.83	5171730.99	0.232776
21653607.98	5171710.98	0.208994
21653680.13	5171690.97	0.209618
21653752.27	5171670.96	0.258194
21653824.42	5171650.95	0.287037
21653896.57	5171630.95	0.191622
21653968.71	5171610.94	0.167737
21654040.86	5171590.93	0.199664
21654113.01	5171570.92	0.177671
21654185.15	5171550.91	0.197716
21654257.3	5171530.91	0.212082
21654329.45	5171510.9	0.251235
21654401.59	5171490.89	0.220948
21654473.74	5171470.88	0.237778
21654545.89	5171450.87	0.215029
21654618.03	5171430.87	0.191342
21654690.18	5171410.86	0.177716
21654762.33	5171390.85	0.206033
21654834.47	5171370.84	0.222207
21654906.62	5171350.83	0.197668
21654978.77	5171330.83	0.170013
21655050.91	5171310.82	0.189098
21655123.06	5171290.81	0.217307
21655195.21	5171270.8	0.221938
21655267.35	5171250.79	0.236264
21655339.5	5171230.79	0.23554
21655411.65	5171210.78	0.242096
21655483.79	5171190.77	0.234174
21655555.94	5171170.76	0.221755
21655628.09	5171150.75	0.225349
21655700.23	5171130.74	0.251554
21655772.38	5171110.74	0.259385
21655844.53	5171090.73	0.271338
21655916.67	5171070.72	0.273829
21655988.82	5171050.71	0.265906
21656060.97	5171030.7	0.285085
21656133.11	5171010.7	0.284447
21656205.26	5170990.69	0.29281
21656277.41	5170970.68	0.299979
21656349.56	5170950.67	0.297105
21656421.7	5170930.66	0.290042
21656493.85	5170910.66	0.27246
21656566	5170890.65	0.276444
21656638.14	5170870.64	0.277494
21656710.29	5170850.63	0.26527
21656782.44	5170830.62	0.229523
21656854.58	5170810.62	0.198479
21656926.73	5170790.61	0.274831
21656998.88	5170770.6	0.266768
21657071.02	5170750.59	0.275867
21657143.17	5170730.58	0.260394
21657215.32	5170710.58	0.273223
21657287.46	5170690.57	0.283875
21657359.61	5170670.56	0.285128
21657431.76	5170650.55	0.294878
21657503.9	5170630.54	0.28071
21657576.05	5170610.54	0.261307
21657648.2	5170590.53	0.271485
21657720.34	5170570.52	0.24851
21657792.49	5170550.51	0.25599
21657864.64	5170530.5	0.234778
21657936.78	5170510.5	0.195817
21658008.93	5170490.49	0.180742
21658081.08	5170470.48	0.191264
21658153.22	5170450.47	0.21551
21658225.37	5170430.46	0.240737
21658297.52	5170410.46	0.232763
21658369.66	5170390.45	0.259592
21658441.81	5170370.44	0.251045
21658513.96	5170350.43	0.244755
21658586.1	5170330.42	0.252905
21658658.25	5170310.41	0.261108
21658730.4	5170290.41	0.264068
21658802.54	5170270.4	0.25369
21658874.69	5170250.39	0.24851
21658946.84	5170230.38	0.236496
21659018.98	5170210.37	0.207191
21659091.13	5170190.37	0.208859
21653266.87	5171881.79	0.24071
21653339.02	5171861.78	0.262722
21653411.17	5171841.77	0.242645
21653483.31	5171821.77	0.239786
21653555.46	5171801.76	0.233117
21653627.61	5171781.75	0.223626
21653699.75	5171761.74	0.204997
21653771.9	5171741.73	0.250735
21653844.05	5171721.73	0.283269
21653916.19	5171701.72	0.173192
21653988.34	5171681.71	0.172124
21654060.49	5171661.7	0.179781
21654132.63	5171641.69	0.172201
21654204.78	5171621.68	0.185092
21654276.93	5171601.68	0.241695
21654349.07	5171581.67	0.290836
21654421.22	5171561.66	0.20139
21654493.37	5171541.65	0.222716
21654565.51	5171521.64	0.216417
21654637.66	5171501.64	0.190893
21654709.81	5171481.63	0.179445
21654781.95	5171461.62	0.234295
21654854.1	5171441.61	0.255191
21654926.25	5171421.6	0.215899
21654998.39	5171401.6	0.195084
21655070.54	5171381.59	0.18966
21655142.69	5171361.58	0.201183
21655214.83	5171341.57	0.220232
21655286.98	5171321.56	0.213988
21655359.13	5171301.56	0.218787
21655431.27	5171281.55	0.260546
21655503.42	5171261.54	0.261501
21655575.57	5171241.53	0.23173
21655647.71	5171221.52	0.226033
21655719.86	5171201.52	0.247112
21655792.01	5171181.51	0.258986
21655864.15	5171161.5	0.257254
21655936.3	5171141.49	0.272768
21656008.45	5171121.48	0.281458
21656080.59	5171101.48	0.294161
21656152.74	5171081.47	0.288911
21656224.89	5171061.46	0.291299
21656297.03	5171041.45	0.305881
21656369.18	5171021.44	0.31434
21656441.33	5171001.44	0.304653
21656513.48	5170981.43	0.29597
21656585.62	5170961.42	0.288974
21656657.77	5170941.41	0.276772
21656729.91	5170921.4	0.249591
21656802.06	5170901.39	0.231309
21656874.21	5170881.39	0.193954
21656946.36	5170861.38	0.254735
21657018.5	5170841.37	0.278766
21657090.65	5170821.36	0.269993
21657162.8	5170801.35	0.270172
21657234.94	5170781.35	0.284989
21657307.09	5170761.34	0.305173
21657379.24	5170741.33	0.302908
21657451.38	5170721.32	0.302026
21657523.53	5170701.31	0.292858
21657595.68	5170681.31	0.274676
21657667.82	5170661.3	0.239217
21657739.97	5170641.29	0.247708
21657812.12	5170621.28	0.224858
21657884.26	5170601.27	0.213153
21657956.41	5170581.27	0.200855
21658028.56	5170561.26	0.188918
21658100.7	5170541.25	0.19993
21658172.85	5170521.24	0.218977
21658245	5170501.23	0.237796
21658317.14	5170481.23	0.23854
21658389.29	5170461.22	0.25085
21658461.44	5170441.21	0.266915
21658533.58	5170421.2	0.288407
21658605.73	5170401.19	0.252056
21658677.88	5170381.19	0.273113
21658750.02	5170361.18	0.290104
21658822.17	5170341.17	0.284444
21658894.32	5170321.16	0.272599
21658966.46	5170301.15	0.268603
21659038.61	5170281.15	0.267397
21653286.5	5171952.56	0.260645
21653358.65	5171932.55	0.258191
21653430.79	5171912.54	0.235493
21653502.94	5171892.54	0.23014
21653575.09	5171872.53	0.229238
21653647.23	5171852.52	0.229795
21653719.38	5171832.51	0.229948
21653791.53	5171812.5	0.263191
21653863.67	5171792.5	0.28873
21653935.82	5171772.49	0.230967
21654007.97	5171752.48	0.188996
21654080.11	5171732.47	0.183484
21654152.26	5171712.46	0.168599
21654224.41	5171692.46	0.188196
21654296.55	5171672.45	0.245056
21654368.7	5171652.44	0.243809
21654440.85	5171632.43	0.204786
21654512.99	5171612.42	0.229002
21654585.14	5171592.42	0.232354
21654657.29	5171572.41	0.199136
21654729.43	5171552.4	0.190384
21654801.58	5171532.39	0.240406
21654873.73	5171512.38	0.24352
21654945.87	5171492.37	0.203576
21655018.02	5171472.37	0.192227
21655090.17	5171452.36	0.183483
21655162.31	5171432.35	0.187975
21655234.46	5171412.34	0.192805
21655306.61	5171392.33	0.209404
21655378.75	5171372.33	0.235626
21655450.9	5171352.32	0.253295
21655523.05	5171332.31	0.26513
21655595.19	5171312.3	0.265206
21655667.34	5171292.29	0.223328
21655739.49	5171272.29	0.234144
21655811.63	5171252.28	0.260749
21655883.78	5171232.27	0.266007
21655955.93	5171212.26	0.267029
21656028.07	5171192.25	0.278695
21656100.22	5171172.25	0.297336
21656172.37	5171152.24	0.297178
21656244.51	5171132.23	0.286882
21656316.66	5171112.22	0.304746
21656388.81	5171092.21	0.311246
21656460.95	5171072.21	0.306552
21656533.1	5171052.2	0.297341
21656605.25	5171032.19	0.290834
21656677.39	5171012.18	0.272498
21656749.54	5170992.17	0.255393
21656821.69	5170972.17	0.253682
21656893.84	5170952.16	0.222208
21656965.98	5170932.15	0.246921
21657038.13	5170912.14	0.266919
21657110.27	5170892.13	0.271596
21657182.42	5170872.13	0.278183
21657254.57	5170852.12	0.280039
21657326.72	5170832.11	0.296412
21657398.86	5170812.1	0.302043
21657471.01	5170792.09	0.301116
21657543.16	5170772.09	0.288314
21657615.3	5170752.08	0.278481
21657687.45	5170732.07	0.248843
21657759.6	5170712.06	0.227997
21657831.74	5170692.05	0.208727
21657903.89	5170672.04	0.212282
21657976.04	5170652.04	0.210133
21658048.18	5170632.03	0.208332
21658120.33	5170612.02	0.220783
21658192.48	5170592.01	0.212432
21658264.62	5170572	0.227198
21658336.77	5170552	0.242878
21658408.92	5170531.99	0.257773
21658481.06	5170511.98	0.272862
21658553.21	5170491.97	0.285226
21658625.36	5170471.96	0.283479
21658697.5	5170451.96	0.287592
21658769.65	5170431.95	0.294142
21658841.8	5170411.94	0.291973
21658913.94	5170391.93	0.278621
21658986.09	5170371.92	0.277745
21659058.24	5170351.92	0.291685
21653306.13	5172023.33	0.24316
21653378.27	5172003.32	0.230425
21653450.42	5171983.31	0.224372
21653522.57	5171963.31	0.254733
21653594.71	5171943.3	0.218988
21653666.86	5171923.29	0.214475
21653739.01	5171903.28	0.219914
21653811.15	5171883.27	0.248831
21653883.3	5171863.27	0.256954
21653955.45	5171843.26	0.192984
21654027.59	5171823.25	0.192724
21654099.74	5171803.24	0.208224
21654171.89	5171783.23	0.184625
21654244.03	5171763.23	0.204169
21654316.18	5171743.22	0.235582
21654388.33	5171723.21	0.231941
21654460.47	5171703.2	0.209232
21654532.62	5171683.19	0.245447
21654604.77	5171663.19	0.246755
21654676.91	5171643.18	0.191449
21654749.06	5171623.17	0.17733
21654821.21	5171603.16	0.202597
21654893.35	5171583.15	0.237306
21654965.5	5171563.15	0.194372
21655037.65	5171543.14	0.187041
21655109.79	5171523.13	0.185072
21655181.94	5171503.12	0.186788
21655254.09	5171483.11	0.188576
21655326.23	5171463.11	0.20569
21655398.38	5171443.1	0.215964
21655470.53	5171423.09	0.257969
21655542.67	5171403.08	0.258716
21655614.82	5171383.07	0.24868
21655686.97	5171363.07	0.22341
21655759.11	5171343.06	0.240985
21655831.26	5171323.05	0.267553
21655903.41	5171303.04	0.298666
21655975.55	5171283.03	0.262975
21656047.7	5171263.02	0.271966
21656119.85	5171243.02	0.28384
21656191.99	5171223.01	0.289394
21656264.14	5171203	0.297587
21656336.29	5171182.99	0.301731
21656408.43	5171162.98	0.303084
21656480.58	5171142.98	0.299392
21656552.73	5171122.97	0.292866
21656624.87	5171102.96	0.285625
21656697.02	5171082.95	0.269248
21656769.17	5171062.94	0.249369
21656841.31	5171042.94	0.241441
21656913.46	5171022.93	0.236942
21656985.61	5171002.92	0.261829
21657057.75	5170982.91	0.282572
21657129.9	5170962.9	0.279093
21657202.05	5170942.9	0.271123
21657274.19	5170922.89	0.277265
21657346.34	5170902.88	0.289695
21657418.49	5170882.87	0.298647
21657490.64	5170862.86	0.298044
21657562.78	5170842.86	0.292543
21657634.93	5170822.85	0.287066
21657707.08	5170802.84	0.275972
21657779.22	5170782.83	0.263938
21657851.37	5170762.82	0.238822
21657923.52	5170742.82	0.221311
21657995.66	5170722.81	0.211675
21658067.81	5170702.8	0.209229
21658139.96	5170682.79	0.197765
21658212.1	5170662.78	0.208619
21658284.25	5170642.78	0.223895
21658356.4	5170622.77	0.257238
21658428.54	5170602.76	0.277175
21658500.69	5170582.75	0.286245
21658572.84	5170562.74	0.292958
21658644.98	5170542.74	0.295607
21658717.13	5170522.73	0.297069
21658789.28	5170502.72	0.289518
21658861.42	5170482.71	0.288409
21658933.57	5170462.7	0.28878
21659005.72	5170442.69	0.279593
21659077.86	5170422.69	0.295013
21653253.61	5172114.11	0.26981
21653325.75	5172094.1	0.285281
21653397.9	5172074.09	0.253774
21653470.05	5172054.09	0.243419
21653542.19	5172034.08	0.303411
21653614.34	5172014.07	0.209656
21653686.49	5171994.06	0.173842
21653758.63	5171974.05	0.188892
21653830.78	5171954.05	0.262058
21653902.93	5171934.04	0.255465
21653975.07	5171914.03	0.197936
21654047.22	5171894.02	0.203263
21654119.37	5171874.01	0.190292
21654191.51	5171854	0.190168
21654263.66	5171834	0.207318
21654335.81	5171813.99	0.237318
21654407.95	5171793.98	0.23729
21654480.1	5171773.97	0.210072
21654552.25	5171753.96	0.250566
21654624.39	5171733.96	0.225333
21654696.54	5171713.95	0.189999
21654768.69	5171693.94	0.178905
21654840.83	5171673.93	0.220536
21654912.98	5171653.92	0.229183
21654985.13	5171633.92	0.182787
21655057.27	5171613.91	0.186412
21655129.42	5171593.9	0.179434
21655201.57	5171573.89	0.196701
21655273.71	5171553.88	0.195907
21655345.86	5171533.88	0.201607
21655418.01	5171513.87	0.220066
21655490.15	5171493.86	0.271206
21655562.3	5171473.85	0.246861
21655634.45	5171453.84	0.239022
21655706.59	5171433.84	0.23179
21655778.74	5171413.83	0.243175
21655850.89	5171393.82	0.243056
21655923.03	5171373.81	0.261734
21655995.18	5171353.8	0.257151
21656067.33	5171333.8	0.270729
21656139.47	5171313.79	0.281725
21656211.62	5171293.78	0.285636
21656283.77	5171273.77	0.291608
21656355.91	5171253.76	0.288861
21656428.06	5171233.76	0.290031
21656500.21	5171213.75	0.287223
21656572.35	5171193.74	0.290122
21656644.5	5171173.73	0.281096
21656716.65	5171153.72	0.257368
21656788.79	5171133.72	0.244393
21656860.94	5171113.71	0.232169
21656933.09	5171093.7	0.226229
21657005.23	5171073.69	0.290645
21657077.38	5171053.68	0.300053
21657149.53	5171033.67	0.277336
21657221.67	5171013.67	0.280773
21657293.82	5170993.66	0.277478
21657365.97	5170973.65	0.262218
21657438.11	5170953.64	0.278105
21657510.26	5170933.63	0.284735
21657582.41	5170913.63	0.283306
21657654.55	5170893.62	0.284757
21657726.7	5170873.61	0.281033
21657798.85	5170853.6	0.276808
21657870.99	5170833.59	0.262472
21657943.14	5170813.59	0.253092
21658015.29	5170793.58	0.245994
21658087.44	5170773.57	0.22841
21658159.58	5170753.56	0.207755
21658231.73	5170733.55	0.207922
21658303.88	5170713.55	0.232046
21658376.02	5170693.54	0.24509
21658448.17	5170673.53	0.273096
21658520.32	5170653.52	0.290755
21658592.46	5170633.51	0.295793
21658664.61	5170613.51	0.299047
21658736.76	5170593.5	0.297038
21658808.9	5170573.49	0.295
21658881.05	5170553.48	0.28095
21658953.2	5170533.47	0.284117
21659025.34	5170513.47	0.285505
21659097.49	5170493.46	0.294413
21653273.23	5172184.88	0.226184
21653345.38	5172164.87	0.271095
21653417.53	5172144.86	0.257984
21653489.67	5172124.86	0.267309
21653561.82	5172104.85	0.281277
21653633.97	5172084.84	0.239309
21653706.11	5172064.83	0.16224
21653778.26	5172044.82	0.163599
21653850.41	5172024.82	0.253395
21653922.55	5172004.81	0.24622
21653994.7	5171984.8	0.218485
21654066.85	5171964.79	0.198265
21654138.99	5171944.78	0.190846
21654211.14	5171924.78	0.172777
21654283.29	5171904.77	0.198122
21654355.43	5171884.76	0.231559
21654427.58	5171864.75	0.218408
21654499.73	5171844.74	0.199873
21654571.87	5171824.74	0.280597
21654644.02	5171804.73	0.221979
21654716.17	5171784.72	0.142419
21654788.31	5171764.71	0.156324
21654860.46	5171744.7	0.211826
21654932.61	5171724.7	0.21798
21655004.75	5171704.69	0.191003
21655076.9	5171684.68	0.202145
21655149.05	5171664.67	0.201213
21655221.19	5171644.66	0.195845
21655293.34	5171624.65	0.193519
21655365.49	5171604.65	0.211479
21655437.63	5171584.64	0.220881
21655509.78	5171564.63	0.238923
21655581.93	5171544.62	0.255025
21655654.07	5171524.61	0.267423
21655726.22	5171504.61	0.246342
21655798.37	5171484.6	0.241639
21655870.51	5171464.59	0.26204
21655942.66	5171444.58	0.256698
21656014.81	5171424.57	0.259079
21656086.95	5171404.57	0.270941
21656159.1	5171384.56	0.276468
21656231.25	5171364.55	0.288385
21656303.39	5171344.54	0.298308
21656375.54	5171324.53	0.292559
21656447.69	5171304.53	0.289613
21656519.83	5171284.52	0.289817
21656591.98	5171264.51	0.291676
21656664.13	5171244.5	0.285127
21656736.27	5171224.49	0.271829
21656808.42	5171204.49	0.249762
21656880.57	5171184.48	0.252722
21656952.71	5171164.47	0.24015
21657024.86	5171144.46	0.290083
21657097.01	5171124.45	0.299097
21657169.15	5171104.45	0.296347
21657241.3	5171084.44	0.294881
21657313.45	5171064.43	0.293834
21657385.59	5171044.42	0.281445
21657457.74	5171024.41	0.283173
21657529.89	5171004.41	0.267802
21657602.03	5170984.4	0.260658
21657674.18	5170964.39	0.270638
21657746.33	5170944.38	0.265059
21657818.47	5170924.37	0.267712
21657890.62	5170904.36	0.266846
21657962.77	5170884.36	0.261596
21658034.91	5170864.35	0.255404
21658107.06	5170844.34	0.246039
21658179.21	5170824.33	0.232891
21658251.36	5170804.32	0.242158
21658323.5	5170784.32	0.253868
21658395.65	5170764.31	0.255124
21658467.8	5170744.3	0.269327
21658539.94	5170724.29	0.29135
21658612.09	5170704.28	0.297617
21658684.24	5170684.28	0.295561
21658756.38	5170664.27	0.295115
21658828.53	5170644.26	0.294381
21658900.68	5170624.25	0.290054
21658972.82	5170604.24	0.266489
21659044.97	5170584.24	0.272776
