21653307.22	5170346.33	0
21653379.37	5170326.32	0.0805367
21653451.52	5170306.31	0.0499619
21653523.66	5170286.3	0.0561756
21653595.81	5170266.29	0.0548997
21653667.96	5170246.29	0
21653740.1	5170226.28	0
21653812.25	5170206.27	0
21653884.4	5170186.26	0.132842
21653956.54	5170166.25	0.203394
21654028.69	5170146.25	0.231569
21654100.84	5170126.24	0.188829
21654172.98	5170106.23	0.209863
21654245.13	5170086.22	0.201652
21654317.28	5170066.21	0.0806493
21654389.42	5170046.21	0.0925533
21654461.57	5170026.2	0.0641933
21654533.72	5170006.19	0.0499631
21654605.86	5169986.18	0.0499634
21654678.01	5169966.17	0.109179
21654750.16	5169946.17	0.139095
21654822.31	5169926.16	0.148148
21654894.45	5169906.15	0.077976
21654966.6	5169886.14	0.0760152
21655038.75	5169866.13	0.0761269
21655110.89	5169846.13	0.132977
21655183.04	5169826.12	0.142071
21655255.19	5169806.11	0.230688
21655327.33	5169786.1	0.214234
21655399.48	5169766.09	0.13466
21653254.7	5170437.11	0.277683
21653326.85	5170417.1	0.251173
21653399	5170397.09	0.0532582
21653471.14	5170377.08	0.0499623
21653543.29	5170357.07	0.0628863
21653615.44	5170337.07	0.051472
21653687.58	5170317.06	0.0645202
21653759.73	5170297.05	0.237536
21653831.88	5170277.04	0.217497
21653904.02	5170257.03	0.106908
21653976.17	5170237.03	0.180332
21654048.32	5170217.02	0.193794
21654120.46	5170197.01	0.155982
21654192.61	5170177	0.157198
21654264.76	5170156.99	0
21654336.9	5170136.98	0.172733
21654409.05	5170116.98	0.139808
21654481.2	5170096.97	0.119114
21654553.34	5170076.96	0.0480921
21654625.49	5170056.95	0.0437158
21654697.64	5170036.94	0.0589771
21654769.78	5170016.94	0.103249
21654841.93	5169996.93	0.10886
21654914.08	5169976.92	0.100731
21654986.23	5169956.91	0.0938232
21655058.37	5169936.9	0.0921989
21655130.52	5169916.9	0.112645
21655202.66	5169896.89	0.159619
21655274.81	5169876.88	0.255248
21655346.96	5169856.87	0.25794
21655419.11	5169836.86	0.0807454
21655491.25	5169816.86	0.0676032
21655563.4	5169796.85	0.0844491
21655635.55	5169776.84	0.167101
21655707.69	5169756.83	0.0848163
21655779.84	5169736.82	0.0517985
21655851.99	5169716.82	0.0709511
21655924.13	5169696.81	0.102709
21655996.28	5169676.8	0.166792
21656068.43	5169656.79	0.137276
21656140.57	5169636.78	0.144116
21656212.72	5169616.78	0.248664
21656284.87	5169596.77	0.0613891
21656357.01	5169576.76	0.212945
21656429.16	5169556.75	0.140694
21656501.31	5169536.74	0.0838583
21656573.45	5169516.74	0.090175
21656645.6	5169496.73	0.0490827
21656717.75	5169476.72	0
21656789.89	5169456.71	0.0792047
21656862.04	5169436.7	0.067902
21656934.19	5169416.69	0.0438643
21657006.33	5169396.69	0.0495802
21657078.48	5169376.68	0.134926
21657150.63	5169356.67	0.236269
21657222.77	5169336.66	0.252257
21657294.92	5169316.65	0.249547
21657367.07	5169296.65	0.2106
21657439.21	5169276.64	0.205959
21657511.36	5169256.63	0.22671
21657583.51	5169236.62	0.254918
21657655.65	5169216.61	0.266221
21657727.8	5169196.61	0.273399
21657799.95	5169176.6	0.25828
21657872.09	5169156.59	0.268811
21657944.24	5169136.58	0.287468
21658016.39	5169116.57	0.286569
21658088.53	5169096.57	0.283229
21658160.68	5169076.56	0.284652
21658232.83	5169056.55	0.284663
21658304.97	5169036.54	0.294907
21658377.12	5169016.53	0.301654
21658449.27	5168996.53	0.30816
21658521.41	5168976.52	0.298832
21658593.56	5168956.51	0.286643
21658665.71	5168936.5	0.267972
21658737.85	5168916.49	0.269715
21658810	5168896.49	0.282307
21658882.15	5168876.48	0.135673
21658954.29	5168856.47	0.240092
21659026.44	5168836.46	0.23162
21659098.59	5168816.45	0.173109
21653274.33	5170507.88	0.248022
21653346.48	5170487.87	0.239921
21653418.62	5170467.86	0.163451
21653490.77	5170447.85	0.131103
21653562.92	5170427.84	0.185439
21653635.06	5170407.84	0.0515825
21653707.21	5170387.83	0.104464
21653779.36	5170367.82	0.208433
21653851.5	5170347.81	0.260907
21653923.65	5170327.8	0.219311
21653995.8	5170307.8	0.191926
21654067.94	5170287.79	0.183392
21654140.09	5170267.78	0.175367
21654212.24	5170247.77	0.221223
21654284.38	5170227.76	0
21654356.53	5170207.76	0
21654428.68	5170187.75	0.150972
21654500.82	5170167.74	0.147968
21654572.97	5170147.73	0.0832364
21654645.12	5170127.72	0.0470349
21654717.26	5170107.72	0.0539906
21654789.41	5170087.71	0.0842117
21654861.56	5170067.7	0.135411
21654933.7	5170047.69	0.0968532
21655005.85	5170027.68	0.0696441
21655078	5170007.68	0.0622812
21655150.14	5169987.67	0
21655222.29	5169967.66	0.167252
21655294.44	5169947.65	0.254964
21655366.58	5169927.64	0.145227
21655438.73	5169907.63	0.117953
21655510.88	5169887.63	0.10832
21655583.03	5169867.62	0.123976
21655655.17	5169847.61	0.194048
21655727.32	5169827.6	0.223786
21655799.47	5169807.59	0.0826158
21655871.61	5169787.59	0
21655943.76	5169767.58	0.246885
21656015.91	5169747.57	0.231679
21656088.05	5169727.56	0.191722
21656160.2	5169707.55	0.221411
21656232.35	5169687.55	0.184595
21656304.49	5169667.54	0.212589
21656376.64	5169647.53	0.265554
21656448.79	5169627.52	0.252948
21656520.93	5169607.51	0.216538
21656593.08	5169587.51	0.110592
21656665.23	5169567.5	0
21656737.37	5169547.49	0
21656809.52	5169527.48	0.0738386
21656881.67	5169507.47	0.0333296
21656953.81	5169487.47	0
21657025.96	5169467.46	0.037801
21657098.11	5169447.45	0.10634
21657170.25	5169427.44	0.195896
21657242.4	5169407.43	0.205714
21657314.55	5169387.43	0.223013
21657386.69	5169367.42	0.210677
21657458.84	5169347.41	0.145352
21657530.99	5169327.4	0.161711
21657603.13	5169307.39	0.185452
21657675.28	5169287.39	0.199253
21657747.43	5169267.38	0.247718
21657819.57	5169247.37	0.25376
21657891.72	5169227.36	0.259887
21657963.87	5169207.35	0.267172
21658036.01	5169187.34	0.285658
21658108.16	5169167.34	0.278469
21658180.31	5169147.33	0.274855
21658252.45	5169127.32	0.272176
21658324.6	5169107.31	0.280025
21658396.75	5169087.3	0.2991
21658468.89	5169067.3	0.29728
21658541.04	5169047.29	0.288925
21658613.19	5169027.28	0.229005
21658685.33	5169007.27	0.220568
21658757.48	5168987.26	0.227987
21658829.63	5168967.26	0.186988
21658901.77	5168947.25	0.147322
21658973.92	5168927.24	0.162567
21659046.07	5168907.23	0.163379
21653293.96	5170578.65	0.176441
21653366.1	5170558.64	0.162731
21653438.25	5170538.63	0.166484
21653510.4	5170518.62	0.13219
21653582.54	5170498.61	0.147603
21653654.69	5170478.61	0.0561344
21653726.84	5170458.6	0.0837781
21653798.98	5170438.59	0.149814
21653871.13	5170418.58	0.26001
21653943.28	5170398.57	0.254794
21654015.42	5170378.57	0.236479
21654087.57	5170358.56	0.257131
21654159.72	5170338.55	0.264202
21654231.86	5170318.54	0.200218
21654304.01	5170298.53	0
21654376.16	5170278.53	0.0991671
21654448.3	5170258.52	0.0986043
21654520.45	5170238.51	0.13441
21654592.6	5170218.5	0.145807
21654664.74	5170198.49	0.0668658
21654736.89	5170178.49	0.0702881
21654809.04	5170158.48	0.113345
21654881.18	5170138.47	0.161671
21654953.33	5170118.46	0.0747121
21655025.48	5170098.45	0.0601492
21655097.62	5170078.45	0.0525088
21655169.77	5170058.44	0.0917074
21655241.92	5170038.43	0.149841
21655314.06	5170018.42	0.246386
21655386.21	5169998.41	0.287137
21655458.36	5169978.41	0.145475
21655530.5	5169958.4	0.12428
21655602.65	5169938.39	0.211795
21655674.8	5169918.38	0.238743
21655746.95	5169898.37	0.24991
21655819.09	5169878.37	0.206064
21655891.24	5169858.36	0.30319
21655963.38	5169838.35	0.272377
21656035.53	5169818.34	0.231362
21656107.68	5169798.33	0.207345
21656179.83	5169778.32	0.201972
21656251.97	5169758.32	0.0766175
21656324.12	5169738.31	0.16166
21656396.27	5169718.3	0.287765
21656468.41	5169698.29	0.262925
21656540.56	5169678.28	0.222268
21656612.71	5169658.28	0
21656684.85	5169638.27	0
21656757	5169618.26	0.0966168
21656829.15	5169598.25	0.0549473
21656901.29	5169578.24	0.0333297
21656973.44	5169558.24	0.100599
21657045.59	5169538.23	0.140805
21657117.73	5169518.22	0.0683748
21657189.88	5169498.21	0.163321
21657262.03	5169478.2	0.23959
21657334.17	5169458.2	0.144847
21657406.32	5169438.19	0
21657478.47	5169418.18	0
21657550.61	5169398.17	0.144994
21657622.76	5169378.16	0.17099
21657694.91	5169358.16	0.19122
21657767.05	5169338.15	0.235942
21657839.2	5169318.14	0.26544
21657911.35	5169298.13	0.259386
21657983.49	5169278.12	0.270609
21658055.64	5169258.12	0.282478
21658127.79	5169238.11	0.271265
21658199.93	5169218.1	0.277546
21658272.08	5169198.09	0.275542
21658344.23	5169178.08	0.258052
21658416.37	5169158.08	0.292125
21658488.52	5169138.07	0.284266
21658560.67	5169118.06	0.267758
21658632.81	5169098.05	0.147604
21658704.96	5169078.04	0.0901005
21658777.11	5169058.03	0.160401
21658849.25	5169038.03	0.177915
21658921.4	5169018.02	0.195797
21658993.55	5168998.01	0.221611
21659065.69	5168978	0.215807
21653313.58	5170649.42	0.116813
21653385.73	5170629.41	0.0979725
21653457.88	5170609.4	0.103945
21653530.02	5170589.39	0.0957418
21653602.17	5170569.39	0.115715
21653674.32	5170549.38	0.0756299
21653746.46	5170529.37	0.0601925
21653818.61	5170509.36	0.15823
21653890.76	5170489.35	0.190401
21653962.9	5170469.35	0.278608
21654035.05	5170449.34	0.285615
21654107.2	5170429.33	0.259909
21654179.34	5170409.32	0.235855
21654251.49	5170389.31	0.128113
21654323.64	5170369.3	0
21654395.78	5170349.3	0.0641299
21654467.93	5170329.29	0.0885776
21654540.08	5170309.28	0.131175
21654612.22	5170289.27	0.150526
21654684.37	5170269.26	0.0968164
21654756.52	5170249.26	0.134145
21654828.66	5170229.25	0.151776
21654900.81	5170209.24	0.139739
21654972.96	5170189.23	0.0720276
21655045.1	5170169.22	0
21655117.25	5170149.22	0
21655189.4	5170129.21	0.152151
21655261.54	5170109.2	0
21655333.69	5170089.19	0.249784
21655405.84	5170069.18	0.291746
21655477.98	5170049.18	0.268462
21655550.13	5170029.17	0.20487
21655622.28	5170009.16	0.12611
21655694.42	5169989.15	0.208479
21655766.57	5169969.14	0.249571
21655838.72	5169949.14	0.174836
21655910.86	5169929.13	0.24576
21655983.01	5169909.12	0.250658
21656055.16	5169889.11	0.221502
21656127.3	5169869.1	0.228087
21656199.45	5169849.1	0.222188
21656271.6	5169829.09	0.0928253
21656343.75	5169809.08	0.0726347
21656415.89	5169789.07	0.267271
21656488.04	5169769.06	0.240979
21656560.19	5169749.06	0.189372
21656632.33	5169729.05	0
21656704.48	5169709.04	0
21656776.63	5169689.03	0.101051
21656848.77	5169669.02	0.113077
21656920.92	5169649.02	0.159812
21656993.07	5169629.01	0.228156
21657065.21	5169609	0.256293
21657137.36	5169588.99	0.150821
21657209.51	5169568.98	0.164198
21657281.65	5169548.97	0.192665
21657353.8	5169528.97	0.141726
21657425.95	5169508.96	0.0508851
21657498.09	5169488.95	0.0621303
21657570.24	5169468.94	0.0887427
21657642.39	5169448.93	0.0988988
21657714.53	5169428.93	0.12749
21657786.68	5169408.92	0.197488
21657858.83	5169388.91	0.259339
21657930.97	5169368.9	0.265926
21658003.12	5169348.89	0.247804
21658075.27	5169328.89	0.223
21658147.41	5169308.88	0.26349
21658219.56	5169288.87	0.286365
21658291.71	5169268.86	0.284443
21658363.85	5169248.85	0.263135
21658436	5169228.85	0.284217
21658508.15	5169208.84	0.294004
21658580.29	5169188.83	0.287874
21658652.44	5169168.82	0.104207
21658724.59	5169148.81	0
21658796.73	5169128.81	0.113954
21658868.88	5169108.8	0.16681
21658941.03	5169088.79	0.19167
21659013.17	5169068.78	0.225961
21659085.32	5169048.77	0.213792
21653261.06	5170740.2	0.130926
21653333.21	5170720.19	0.135005
21653405.36	5170700.18	0.137943
21653477.5	5170680.17	0.135742
21653549.65	5170660.16	0.136287
21653621.8	5170640.16	0.143362
21653693.94	5170620.15	0.129932
21653766.09	5170600.14	0.084937
21653838.24	5170580.13	0.198799
21653910.38	5170560.12	0.250298
21653982.53	5170540.12	0.278447
21654054.68	5170520.11	0.221353
21654126.82	5170500.1	0.173974
21654198.97	5170480.09	0.163951
21654271.12	5170460.08	0
21654343.26	5170440.08	0
21654415.41	5170420.07	0.0442868
21654487.56	5170400.06	0.0881655
21654559.7	5170380.05	0.104475
21654631.85	5170360.04	0
21654704	5170340.04	0.161103
21654776.14	5170320.03	0.200834
21654848.29	5170300.02	0.15061
21654920.44	5170280.01	0.0923236
21654992.58	5170260	0.0842775
21655064.73	5170240	0
21655136.88	5170219.99	0
21655209.02	5170199.98	0.164957
21655281.17	5170179.97	0.200294
21655353.32	5170159.96	0.223616
21655425.46	5170139.95	0.266754
21655497.61	5170119.95	0.268592
21655569.76	5170099.94	0.184611
21655641.9	5170079.93	0.180389
21655714.05	5170059.92	0.15873
21655786.2	5170039.91	0.169338
21655858.34	5170019.91	0.266391
21655930.49	5169999.9	0.214869
21656002.64	5169979.89	0.204638
21656074.78	5169959.88	0.114049
21656146.93	5169939.87	0.210563
21656219.08	5169919.87	0.226972
21656291.22	5169899.86	0.0839687
21656363.37	5169879.85	0.114763
21656435.52	5169859.84	0.281785
21656507.66	5169839.83	0.209783
21656579.81	5169819.83	0.164717
21656651.96	5169799.82	0
21656724.1	5169779.81	0
21656796.25	5169759.8	0
21656868.4	5169739.79	0
21656940.55	5169719.79	0.135551
21657012.69	5169699.78	0.198662
21657084.84	5169679.77	0.22265
21657156.99	5169659.76	0.212393
21657229.13	5169639.75	0.159858
21657301.28	5169619.75	0.118356
21657373.43	5169599.74	0.194041
21657445.57	5169579.73	0.0782075
21657517.72	5169559.72	0.0736587
21657589.87	5169539.71	0.0741323
21657662.01	5169519.71	0.0382087
21657734.16	5169499.7	0.057445
21657806.31	5169479.69	0.177676
21657878.45	5169459.68	0.256459
21657950.6	5169439.67	0.224814
21658022.75	5169419.66	0.174667
21658094.89	5169399.66	0.185341
21658167.04	5169379.65	0.243191
21658239.19	5169359.64	0.244787
21658311.33	5169339.63	0.281801
21658383.48	5169319.62	0.279956
21658455.63	5169299.62	0.287863
21658527.77	5169279.61	0.294724
21658599.92	5169259.6	0.282551
21658672.07	5169239.59	0.1431
21658744.21	5169219.58	0.0584577
21658816.36	5169199.58	0.0588243
21658888.51	5169179.57	0.102281
21658960.65	5169159.56	0.136609
21659032.8	5169139.55	0.205816
21659104.95	5169119.54	0.222673
21653280.69	5170810.97	0.0626168
21653352.84	5170790.96	0.136783
21653424.98	5170770.95	0.168057
21653497.13	5170750.94	0.181965
21653569.28	5170730.93	0.160156
21653641.42	5170710.93	0.126861
21653713.57	5170690.92	0.0874276
21653785.72	5170670.91	0.0896389
21653857.86	5170650.9	0.199626
21653930.01	5170630.89	0.209963
21654002.16	5170610.89	0.224368
21654074.3	5170590.88	0.191901
21654146.45	5170570.87	0.0978717
21654218.6	5170550.86	0.0724925
21654290.74	5170530.85	0
21654362.89	5170510.85	0.109188
21654435.04	5170490.84	0.0914698
21654507.18	5170470.83	0.0936964
21654579.33	5170450.82	0
21654651.48	5170430.81	0.106215
21654723.62	5170410.81	0.116329
21654795.77	5170390.8	0.107421
21654867.92	5170370.79	0.130006
21654940.06	5170350.78	0.106827
21655012.21	5170330.77	0
21655084.36	5170310.77	0
21655156.5	5170290.76	0
21655228.65	5170270.75	0.118642
21655300.8	5170250.74	0.182455
21655372.94	5170230.73	0.207804
21655445.09	5170210.73	0.268223
21655517.24	5170190.72	0.26962
21655589.38	5170170.71	0.204382
21655661.53	5170150.7	0.198126
21655733.68	5170130.69	0.0822993
21655805.82	5170110.69	0.147063
21655877.97	5170090.68	0.257131
21655950.12	5170070.67	0.195449
21656022.26	5170050.66	0.0910558
21656094.41	5170030.65	0.0895967
21656166.56	5170010.65	0.141104
21656238.7	5169990.64	0.237495
21656310.85	5169970.63	0
21656383	5169950.62	0.196464
21656455.14	5169930.61	0.259726
21656527.29	5169910.6	0.159106
21656599.44	5169890.6	0.125405
21656671.58	5169870.59	0
21656743.73	5169850.58	0
21656815.88	5169830.57	0
21656888.02	5169810.56	0
21656960.17	5169790.56	0
21657032.32	5169770.55	0.0866682
21657104.47	5169750.54	0.141156
21657176.61	5169730.53	0.221691
21657248.76	5169710.52	0.206507
21657320.91	5169690.52	0.127613
21657393.05	5169670.51	0.214249
21657465.2	5169650.5	0.0687167
21657537.35	5169630.49	0.0551249
21657609.49	5169610.48	0.0453549
21657681.64	5169590.48	0
21657753.79	5169570.47	0
21657825.93	5169550.46	0
21657898.08	5169530.45	0.0588514
21657970.23	5169510.44	0.208696
21658042.37	5169490.44	0.143745
21658114.52	5169470.43	0.155642
21658186.67	5169450.42	0.203739
21658258.81	5169430.41	0.217413
21658330.96	5169410.4	0.280082
21658403.11	5169390.4	0.295514
21658475.25	5169370.39	0.292549
21658547.4	5169350.38	0.290352
21658619.55	5169330.37	0.295364
21658691.69	5169310.36	0.266068
21658763.84	5169290.36	0.0718906
21658835.99	5169270.35	0.119914
21658908.13	5169250.34	0.159752
21658980.28	5169230.33	0.141324
21659052.43	5169210.32	0.130185
21653300.32	5170881.74	0
21653372.46	5170861.73	0
21653444.61	5170841.72	0
21653516.76	5170821.71	0.144661
21653588.9	5170801.71	0.147655
21653661.05	5170781.7	0
21653733.2	5170761.69	0.102177
21653805.34	5170741.68	0.112712
21653877.49	5170721.67	0.132512
21653949.64	5170701.67	0
21654021.78	5170681.66	0.167911
21654093.93	5170661.65	0.129643
21654166.08	5170641.64	0.100638
21654238.22	5170621.63	0
21654310.37	5170601.63	0.10906
21654382.52	5170581.62	0.130049
21654454.66	5170561.61	0.143034
21654526.81	5170541.6	0.107733
21654598.96	5170521.59	0.0782561
21654671.1	5170501.58	0.17225
21654743.25	5170481.58	0.154353
21654815.4	5170461.57	0.102341
21654887.54	5170441.56	0
21654959.69	5170421.55	0
21655031.84	5170401.54	0.121241
21655103.98	5170381.54	0
21655176.13	5170361.53	0
21655248.28	5170341.52	0.0896568
21655320.42	5170321.51	0.104736
21655392.57	5170301.5	0.103239
21655464.72	5170281.5	0.260592
21655536.86	5170261.49	0.271428
21655609.01	5170241.48	0.26754
21655681.16	5170221.47	0.269606
21655753.3	5170201.46	0.23453
21655825.45	5170181.46	0.260027
21655897.6	5170161.45	0.260216
21655969.74	5170141.44	0.265753
21656041.89	5170121.43	0.184924
21656114.04	5170101.42	0.0471975
21656186.18	5170081.42	0.0389063
21656258.33	5170061.41	0.127461
21656330.48	5170041.4	0.241557
21656402.62	5170021.39	0.272258
21656474.77	5170001.38	0.256601
21656546.92	5169981.38	0.208428
21656619.06	5169961.37	0.220323
21656691.21	5169941.36	0.239307
21656763.36	5169921.35	0
21656835.5	5169901.34	0.150602
21656907.65	5169881.34	0
21656979.8	5169861.33	0.0872472
21657051.94	5169841.32	0.13806
21657124.09	5169821.31	0.147551
21657196.24	5169801.3	0.187115
21657268.38	5169781.3	0.223866
21657340.53	5169761.29	0.208821
21657412.68	5169741.28	0.207812
21657484.83	5169721.27	0.159388
21657556.97	5169701.26	0.0533125
21657629.12	5169681.25	0.0381287
21657701.27	5169661.25	0.229211
21657773.41	5169641.24	0.131609
21657845.56	5169621.23	0.126742
21657917.71	5169601.22	0.133855
21657989.85	5169581.21	0.0907182
21658062	5169561.21	0.141034
21658134.15	5169541.2	0.141407
21658206.29	5169521.19	0.251402
21658278.44	5169501.18	0.244659
21658350.59	5169481.17	0.27993
21658422.73	5169461.17	0.287451
21658494.88	5169441.16	0.285739
21658567.03	5169421.15	0.292084
21658639.17	5169401.14	0.302729
21658711.32	5169381.13	0.290637
21658783.47	5169361.13	0.270162
21658855.61	5169341.12	0.203075
21658927.76	5169321.11	0.188426
21658999.91	5169301.1	0.206729
21659072.05	5169281.09	0.203127
21653247.8	5170972.52	0
21653319.94	5170952.51	0
21653392.09	5170932.5	0
21653464.24	5170912.49	0.0874126
21653536.38	5170892.48	0.0798702
21653608.53	5170872.48	0.111484
21653680.68	5170852.47	0
21653752.82	5170832.46	0
21653824.97	5170812.45	0
21653897.12	5170792.44	0
21653969.26	5170772.44	0.11124
21654041.41	5170752.43	0.183986
21654113.56	5170732.42	0.240264
21654185.7	5170712.41	0.14926
21654257.85	5170692.4	0.107069
21654330	5170672.4	0.101988
21654402.14	5170652.39	0.0981336
21654474.29	5170632.38	0.108574
21654546.44	5170612.37	0.0974762
21654618.58	5170592.36	0.0797182
21654690.73	5170572.36	0.106122
21654762.88	5170552.35	0.0813077
21654835.02	5170532.34	0.0569675
21654907.17	5170512.33	0.0736533
21654979.32	5170492.32	0
21655051.46	5170472.32	0.0810125
21655123.61	5170452.31	0.0424732
21655195.76	5170432.3	0.0424733
21655267.9	5170412.29	0.0884575
21655340.05	5170392.28	0.0652299
21655412.2	5170372.28	0.0979012
21655484.34	5170352.27	0.223865
21655556.49	5170332.26	0.231591
21655628.64	5170312.25	0.222824
21655700.78	5170292.24	0.276275
21655772.93	5170272.23	0.264898
21655845.08	5170252.23	0.265348
21655917.22	5170232.22	0.278901
21655989.37	5170212.21	0.227436
21656061.52	5170192.2	0.0880368
21656133.66	5170172.19	0
21656205.81	5170152.19	0.0629236
21656277.96	5170132.18	0.141742
21656350.1	5170112.17	0.258923
21656422.25	5170092.16	0.272943
21656494.4	5170072.15	0.252375
21656566.54	5170052.15	0.25003
21656638.69	5170032.14	0.253688
21656710.84	5170012.13	0.172787
21656782.98	5169992.12	0
21656855.13	5169972.11	0
21656927.28	5169952.11	0.0499937
21656999.42	5169932.1	0.104638
21657071.57	5169912.09	0.143922
21657143.72	5169892.08	0.165494
21657215.86	5169872.07	0.166816
21657288.01	5169852.07	0.199812
21657360.16	5169832.06	0.1833
21657432.3	5169812.05	0.100446
21657504.45	5169792.04	0.0765283
21657576.6	5169772.03	0.062402
21657648.74	5169752.03	0.0882612
21657720.89	5169732.02	0.152251
21657793.04	5169712.01	0.207287
21657865.18	5169692	0.226456
21657937.33	5169671.99	0.148271
21658009.48	5169651.99	0.189256
21658081.63	5169631.98	0.151998
21658153.77	5169611.97	0.102637
21658225.92	5169591.96	0.126172
21658298.07	5169571.95	0.253248
21658370.21	5169551.94	0.262486
21658442.36	5169531.94	0.262365
21658514.51	5169511.93	0.271795
21658586.65	5169491.92	0.291853
21658658.8	5169471.91	0.298859
21658730.95	5169451.9	0.291299
21658803.09	5169431.9	0.285611
21658875.24	5169411.89	0.236211
21658947.39	5169391.88	0.178103
21659019.53	5169371.87	0.164271
21659091.68	5169351.86	0.184889
21653267.42	5171043.29	0.165556
21653339.57	5171023.28	0.139249
21653411.72	5171003.27	0.164042
21653483.86	5170983.26	0.125504
21653556.01	5170963.26	0.123551
21653628.16	5170943.25	0.127799
21653700.3	5170923.24	0.1307
21653772.45	5170903.23	0
21653844.6	5170883.22	0
21653916.74	5170863.21	0
21653988.89	5170843.21	0.132776
21654061.04	5170823.2	0.19558
21654133.18	5170803.19	0.270587
21654205.33	5170783.18	0.25021
21654277.48	5170763.17	0.182826
21654349.62	5170743.17	0.183168
21654421.77	5170723.16	0.138466
21654493.92	5170703.15	0
21654566.06	5170683.14	0.103536
21654638.21	5170663.13	0.146
21654710.36	5170643.13	0.0823774
21654782.5	5170623.12	0.0941502
21654854.65	5170603.11	0.0808914
21654926.8	5170583.1	0
21654998.94	5170563.09	0.188274
21655071.09	5170543.09	0.284179
21655143.24	5170523.08	0.197822
21655215.38	5170503.07	0.193022
21655287.53	5170483.06	0.1622
21655359.68	5170463.05	0.117602
21655431.82	5170443.05	0.156177
21655503.97	5170423.04	0.145944
21655576.12	5170403.03	0.145552
21655648.26	5170383.02	0.138223
21655720.41	5170363.01	0.147177
21655792.56	5170343.01	0.249747
21655864.7	5170323	0.259054
21655936.85	5170302.99	0
21656009	5170282.98	0
21656081.14	5170262.97	0
21656153.29	5170242.97	0
21656225.44	5170222.96	0
21656297.58	5170202.95	0.0636622
21656369.73	5170182.94	0.230958
21656441.88	5170162.93	0.280802
21656514.02	5170142.93	0.149628
21656586.17	5170122.92	0.147471
21656658.32	5170102.91	0.10614
21656730.46	5170082.9	0.121305
21656802.61	5170062.89	0.119339
21656874.76	5170042.88	0
21656946.9	5170022.88	0.113382
21657019.05	5170002.87	0.161201
21657091.2	5169982.86	0.162544
21657163.34	5169962.85	0.163292
21657235.49	5169942.84	0.0994309
21657307.64	5169922.84	0.0797707
21657379.78	5169902.83	0.0971864
21657451.93	5169882.82	0.0753401
21657524.08	5169862.81	0
21657596.22	5169842.8	0.0645165
21657668.37	5169822.8	0.0868863
21657740.52	5169802.79	0.0593807
21657812.66	5169782.78	0.0471979
21657884.81	5169762.77	0.130586
21657956.96	5169742.76	0.168377
21658029.1	5169722.76	0.216385
21658101.25	5169702.75	0.0884371
21658173.4	5169682.74	0.0794349
21658245.54	5169662.73	0.0882139
21658317.69	5169642.72	0.192894
21658389.84	5169622.72	0.249025
21658461.99	5169602.71	0.250934
21658534.13	5169582.7	0.254252
21658606.28	5169562.69	0.287564
21658678.43	5169542.68	0.296784
21658750.57	5169522.68	0.296841
21658822.72	5169502.67	0.282423
21658894.87	5169482.66	0.2681
21658967.01	5169462.65	0.227732
21659039.16	5169442.64	0.210027
21659111.31	5169422.64	0.212592
21653287.05	5171114.06	0.0504604
21653359.2	5171094.05	0.204145
21653431.34	5171074.04	0.175005
21653503.49	5171054.03	0.177055
21653575.64	5171034.03	0.17616
21653647.78	5171014.02	0.167164
21653719.93	5170994.01	0.17023
21653792.08	5170974	0.120775
21653864.22	5170953.99	0.106198
21653936.37	5170933.99	0.115853
21654008.52	5170913.98	0.159703
21654080.66	5170893.97	0.20799
21654152.81	5170873.96	0.258218
21654224.96	5170853.95	0.257116
21654297.1	5170833.95	0.177286
21654369.25	5170813.94	0.17084
21654441.4	5170793.93	0.0925797
21654513.54	5170773.92	0
21654585.69	5170753.91	0.0831889
21654657.84	5170733.91	0.110087
21654729.98	5170713.9	0.124541
21654802.13	5170693.89	0.155708
21654874.28	5170673.88	0.115054
21654946.42	5170653.87	0
21655018.57	5170633.86	0.107046
21655090.72	5170613.86	0.147265
21655162.86	5170593.85	0.192318
21655235.01	5170573.84	0.207919
21655307.16	5170553.83	0.194432
21655379.3	5170533.82	0.22668
21655451.45	5170513.82	0.114984
21655523.6	5170493.81	0.0733724
21655595.74	5170473.8	0
21655667.89	5170453.79	0.0560219
21655740.04	5170433.78	0.0684722
21655812.18	5170413.78	0.12209
21655884.33	5170393.77	0.241313
21655956.48	5170373.76	0.229703
21656028.62	5170353.75	0.111215
21656100.77	5170333.74	0.0945748
21656172.92	5170313.74	0.0853953
21656245.06	5170293.73	0
21656317.21	5170273.72	0
21656389.36	5170253.71	0.238952
21656461.5	5170233.7	0.279009
21656533.65	5170213.7	0.151632
21656605.8	5170193.69	0.0593712
21656677.94	5170173.68	0.112757
21656750.09	5170153.67	0.181652
21656822.24	5170133.66	0.193033
21656894.38	5170113.66	0.0715294
21656966.53	5170093.65	0.0914719
21657038.68	5170073.64	0.128606
21657110.82	5170053.63	0.158674
21657182.97	5170033.62	0.148321
21657255.12	5170013.62	0.0574621
21657327.26	5169993.61	0
21657399.41	5169973.6	0
21657471.56	5169953.59	0
21657543.7	5169933.58	0.0333343
21657615.85	5169913.57	0.113065
21657688	5169893.57	0.153337
21657760.14	5169873.56	0.0977195
21657832.29	5169853.55	0.0467616
21657904.44	5169833.54	0.168193
21657976.58	5169813.53	0.251693
21658048.73	5169793.53	0.268601
21658120.88	5169773.52	0.249124
21658193.02	5169753.51	0.17108
21658265.17	5169733.5	0.158192
21658337.32	5169713.49	0.165184
21658409.46	5169693.49	0.220823
21658481.61	5169673.48	0.264111
21658553.76	5169653.47	0.271251
21658625.91	5169633.46	0.279543
21658698.05	5169613.45	0.296974
21658770.2	5169593.45	0.298198
21658842.35	5169573.44	0.292187
21658914.49	5169553.43	0.285947
21658986.64	5169533.42	0.269781
21659058.79	5169513.41	0.262964
21653306.68	5171184.83	0.117508
21653378.82	5171164.82	0.162751
21653450.97	5171144.81	0.104688
21653523.12	5171124.8	0.171807
21653595.26	5171104.8	0.146383
21653667.41	5171084.79	0.215555
21653739.56	5171064.78	0.248099
21653811.7	5171044.77	0.240671
21653883.85	5171024.76	0.175894
21653956	5171004.76	0.153617
21654028.14	5170984.75	0.168774
21654100.29	5170964.74	0.276592
21654172.44	5170944.73	0.240138
21654244.58	5170924.72	0.20623
21654316.73	5170904.72	0.150277
21654388.88	5170884.71	0.112872
21654461.02	5170864.7	0
21654533.17	5170844.69	0.0530376
21654605.32	5170824.68	0.16945
21654677.46	5170804.68	0.156635
21654749.61	5170784.67	0.102988
21654821.76	5170764.66	0.146154
21654893.9	5170744.65	0.156822
21654966.05	5170724.64	0.107481
21655038.2	5170704.64	0.102617
21655110.34	5170684.63	0.110743
21655182.49	5170664.62	0.0952589
21655254.64	5170644.61	0.0664945
21655326.78	5170624.6	0.160072
21655398.93	5170604.6	0.210149
21655471.08	5170584.59	0.145189
21655543.22	5170564.58	0.153012
21655615.37	5170544.57	0.183437
21655687.52	5170524.56	0.177285
21655759.66	5170504.56	0.123914
21655831.81	5170484.55	0.197122
21655903.96	5170464.54	0.252739
21655976.1	5170444.53	0.221828
21656048.25	5170424.52	0.156138
21656120.4	5170404.51	0.109756
21656192.54	5170384.51	0.158608
21656264.69	5170364.5	0
21656336.84	5170344.49	0.0622413
21656408.98	5170324.48	0.248436
21656481.13	5170304.47	0.256125
21656553.28	5170284.47	0.179576
21656625.42	5170264.46	0.102885
21656697.57	5170244.45	0.0958353
21656769.72	5170224.44	0.17529
21656841.86	5170204.43	0.170026
21656914.01	5170184.43	0.109557
21656986.16	5170164.42	0.072083
21657058.3	5170144.41	0.0416668
21657130.45	5170124.4	0.132312
21657202.6	5170104.39	0.156567
21657274.74	5170084.39	0
21657346.89	5170064.38	0
21657419.04	5170044.37	0
21657491.18	5170024.36	0
21657563.33	5170004.35	0.0511212
21657635.48	5169984.35	0.068691
21657707.62	5169964.34	0.124281
21657779.77	5169944.33	0.125072
21657851.92	5169924.32	0.15022
21657924.06	5169904.31	0.217447
21657996.21	5169884.31	0.270384
21658068.36	5169864.3	0.260254
21658140.5	5169844.29	0.214109
21658212.65	5169824.28	0.205557
21658284.8	5169804.27	0.168349
21658356.94	5169784.27	0.155892
21658429.09	5169764.26	0.232121
21658501.24	5169744.25	0.274077
21658573.38	5169724.24	0.254841
21658645.53	5169704.23	0.220345
21658717.68	5169684.22	0.241844
21658789.82	5169664.22	0.277294
21658861.97	5169644.21	0.268047
21658934.12	5169624.2	0.261851
21659006.26	5169604.19	0.267694
21659078.41	5169584.18	0.263867
21653254.15	5171275.61	0.231061
21653326.3	5171255.6	0.199722
21653398.45	5171235.59	0.137995
21653470.6	5171215.58	0.177608
21653542.74	5171195.58	0.120583
21653614.89	5171175.57	0.0591584
21653687.04	5171155.56	0.113246
21653759.18	5171135.55	0.209194
21653831.33	5171115.54	0.21766
21653903.48	5171095.54	0.248163
21653975.62	5171075.53	0.241895
21654047.77	5171055.52	0.293007
21654119.92	5171035.51	0.264588
21654192.06	5171015.5	0.13293
21654264.21	5170995.49	0.116195
21654336.36	5170975.49	0.082094
21654408.5	5170955.48	0.100783
21654480.65	5170935.47	0.051305
21654552.8	5170915.46	0.101201
21654624.94	5170895.45	0.146343
21654697.09	5170875.45	0.16811
21654769.24	5170855.44	0.0704885
21654841.38	5170835.43	0.0483724
21654913.53	5170815.42	0.079994
21654985.68	5170795.41	0.119204
21655057.82	5170775.41	0.119363
21655129.97	5170755.4	0.107415
21655202.12	5170735.39	0.111852
21655274.26	5170715.38	0.161745
21655346.41	5170695.37	0
21655418.56	5170675.37	0.111648
21655490.7	5170655.36	0.0928632
21655562.85	5170635.35	0
21655635	5170615.34	0.196776
21655707.14	5170595.33	0.137753
21655779.29	5170575.33	0.107888
21655851.44	5170555.32	0.115557
21655923.58	5170535.31	0
21655995.73	5170515.3	0.248335
21656067.88	5170495.29	0.270097
21656140.02	5170475.29	0.0907278
21656212.17	5170455.28	0.0922828
21656284.32	5170435.27	0.0367726
21656356.46	5170415.26	0.107731
21656428.61	5170395.25	0.230866
21656500.76	5170375.25	0.239188
21656572.9	5170355.24	0.16798
21656645.05	5170335.23	0.138213
21656717.2	5170315.22	0.090598
21656789.34	5170295.21	0.131737
21656861.49	5170275.21	0.153549
21656933.64	5170255.2	0.212001
21657005.78	5170235.19	0.108104
21657077.93	5170215.18	0.127028
21657150.08	5170195.17	0.191457
21657222.22	5170175.16	0.175115
21657294.37	5170155.16	0.0646337
21657366.52	5170135.15	0
21657438.66	5170115.14	0
21657510.81	5170095.13	0.0985097
21657582.96	5170075.12	0.116046
21657655.1	5170055.12	0
21657727.25	5170035.11	0.107327
21657799.4	5170015.1	0.164531
21657871.54	5169995.09	0.22813
21657943.69	5169975.08	0.287054
21658015.84	5169955.08	0.279897
21658087.98	5169935.07	0.206387
21658160.13	5169915.06	0.231719
21658232.28	5169895.05	0.256578
21658304.42	5169875.04	0.259545
21658376.57	5169855.04	0.22617
21658448.72	5169835.03	0.238046
21658520.86	5169815.02	0.268182
21658593.01	5169795.01	0.207455
21658665.16	5169775	0.156382
21658737.3	5169755	0.134818
21658809.45	5169734.99	0.19137
21658881.6	5169714.98	0.24937
21658953.74	5169694.97	0.265232
21659025.89	5169674.96	0.275566
21659098.04	5169654.96	0.26448
21653273.78	5171346.38	0
21653345.93	5171326.37	0
21653418.07	5171306.36	0
21653490.22	5171286.35	0.151213
21653562.37	5171266.35	0.127379
21653634.51	5171246.34	0
21653706.66	5171226.33	0.0566275
21653778.81	5171206.32	0.0964216
21653850.96	5171186.31	0.102568
21653923.1	5171166.31	0.109119
21653995.25	5171146.3	0.191631
21654067.4	5171126.29	0.295955
21654139.54	5171106.28	0.169957
21654211.69	5171086.27	0
21654283.84	5171066.27	0
21654355.98	5171046.26	0.078423
21654428.13	5171026.25	0.117251
21654500.28	5171006.24	0.0580477
21654572.42	5170986.23	0.106386
21654644.57	5170966.23	0.189893
21654716.72	5170946.22	0.205046
21654788.86	5170926.21	0.105983
21654861.01	5170906.2	0.0643234
21654933.16	5170886.19	0
21655005.3	5170866.18	0
21655077.45	5170846.18	0.0950491
21655149.6	5170826.17	0.166902
21655221.74	5170806.16	0.139944
21655293.89	5170786.15	0.109208
21655366.04	5170766.14	0.0986682
21655438.18	5170746.14	0.138261
21655510.33	5170726.13	0.117013
21655582.48	5170706.12	0.0499732
21655654.62	5170686.11	0.100049
21655726.77	5170666.1	0.0987341
21655798.92	5170646.1	0
21655871.06	5170626.09	0
21655943.21	5170606.08	0
21656015.36	5170586.07	0.044822
21656087.5	5170566.06	0.196695
21656159.65	5170546.06	0.185678
21656231.8	5170526.05	0.0438043
21656303.94	5170506.04	0
21656376.09	5170486.03	0.102064
21656448.24	5170466.02	0.217227
21656520.38	5170446.02	0.247408
21656592.53	5170426.01	0.184069
21656664.68	5170406	0.0928428
21656736.82	5170385.99	0.14139
21656808.97	5170365.98	0.172599
21656881.12	5170345.98	0.151842
21656953.26	5170325.97	0.23375
21657025.41	5170305.96	0.269502
21657097.56	5170285.95	0.244492
21657169.7	5170265.94	0.223416
21657241.85	5170245.94	0.173456
21657314	5170225.93	0.0584297
21657386.14	5170205.92	0.0333328
21657458.29	5170185.91	0
21657530.44	5170165.9	0
21657602.58	5170145.9	0
21657674.73	5170125.89	0
21657746.88	5170105.88	0
21657819.02	5170085.87	0.144064
21657891.17	5170065.86	0.249015
21657963.32	5170045.85	0.272829
21658035.46	5170025.85	0.27337
21658107.61	5170005.84	0.218355
21658179.76	5169985.83	0.220803
21658251.9	5169965.82	0.213964
21658324.05	5169945.81	0.163119
21658396.2	5169925.81	0.121292
21658468.34	5169905.8	0.182498
21658540.49	5169885.79	0.190739
21658612.64	5169865.78	0.0849887
21658684.78	5169845.77	0
21658756.93	5169825.77	0
21658829.08	5169805.76	0.177075
21658901.22	5169785.75	0.214085
21658973.37	5169765.74	0.237274
21659045.52	5169745.73	0.22692
21653293.41	5171417.15	0
21653365.55	5171397.14	0.0484511
21653437.7	5171377.13	0.0953149
21653509.85	5171357.12	0.108743
21653581.99	5171337.12	0.0931751
21653654.14	5171317.11	0.0932725
21653726.29	5171297.1	0.1335
21653798.43	5171277.09	0.123767
21653870.58	5171257.08	0.128922
21653942.73	5171237.08	0.115649
21654014.87	5171217.07	0
21654087.02	5171197.06	0
21654159.17	5171177.05	0.25267
21654231.32	5171157.04	0.183117
21654303.46	5171137.04	0
21654375.61	5171117.03	0
21654447.76	5171097.02	0
21654519.9	5171077.01	0.101991
21654592.05	5171057	0.145847
21654664.2	5171037	0.224526
21654736.34	5171016.99	0.225018
21654808.49	5170996.98	0.169743
21654880.64	5170976.97	0.126841
21654952.78	5170956.96	0
21655024.93	5170936.96	0.134115
21655097.08	5170916.95	0.150145
21655169.22	5170896.94	0.185432
21655241.37	5170876.93	0.148102
21655313.52	5170856.92	0.0633886
21655385.66	5170836.92	0.111973
21655457.81	5170816.91	0.131098
21655529.96	5170796.9	0.0855454
21655602.1	5170776.89	0.13565
21655674.25	5170756.88	0.142355
21655746.4	5170736.88	0.149301
21655818.54	5170716.87	0.104382
21655890.69	5170696.86	0.0516
21655962.84	5170676.85	0
21656034.98	5170656.84	0.0891843
21656107.13	5170636.83	0.201157
21656179.28	5170616.83	0.232292
21656251.42	5170596.82	0.0729196
21656323.57	5170576.81	0.0610036
21656395.72	5170556.8	0.113364
21656467.86	5170536.79	0.130143
21656540.01	5170516.79	0.196864
21656612.16	5170496.78	0.1413
21656684.3	5170476.77	0.0523052
21656756.45	5170456.76	0.100961
21656828.6	5170436.75	0.126294
21656900.74	5170416.75	0.104871
21656972.89	5170396.74	0.168101
21657045.04	5170376.73	0.221679
21657117.18	5170356.72	0.167381
21657189.33	5170336.71	0.168708
21657261.48	5170316.71	0.103944
21657333.62	5170296.7	0.0484417
21657405.77	5170276.69	0
21657477.92	5170256.68	0
21657550.06	5170236.67	0
21657622.21	5170216.67	0
21657694.36	5170196.66	0
21657766.5	5170176.65	0.0845153
21657838.65	5170156.64	0.132197
21657910.8	5170136.63	0.247928
21657982.94	5170116.63	0.216212
21658055.09	5170096.62	0.242667
21658127.24	5170076.61	0.195718
21658199.38	5170056.6	0.0886003
21658271.53	5170036.59	0.153759
21658343.68	5170016.59	0.0998581
21658415.82	5169996.58	0
21658487.97	5169976.57	0
21658560.12	5169956.56	0
21658632.26	5169936.55	0
21658704.41	5169916.55	0
21658776.56	5169896.54	0
21658848.7	5169876.53	0
21658920.85	5169856.52	0
21658993	5169836.51	0.139266
21659065.14	5169816.5	0.163219
21653313.03	5171487.92	0
21653385.18	5171467.91	0.0936814
21653457.33	5171447.9	0.105642
21653529.47	5171427.9	0.112783
21653601.62	5171407.89	0.124606
21653673.77	5171387.88	0.154021
21653745.91	5171367.87	0.178387
21653818.06	5171347.86	0.155915
21653890.21	5171327.86	0.148962
21653962.35	5171307.85	0.156118
21654034.5	5171287.84	0.17299
21654106.65	5171267.83	0.212131
21654178.79	5171247.82	0.243186
21654250.94	5171227.82	0.16015
21654323.09	5171207.81	0.0913166
21654395.23	5171187.8	0.0424703
21654467.38	5171167.79	0
21654539.53	5171147.78	0.139269
21654611.67	5171127.77	0.172263
21654683.82	5171107.77	0.251784
21654755.97	5171087.76	0.273988
21654828.12	5171067.75	0.195079
21654900.26	5171047.74	0.126935
21654972.41	5171027.73	0.141056
21655044.56	5171007.73	0.0887403
21655116.7	5170987.72	0.13538
21655188.85	5170967.71	0.115058
21655261	5170947.7	0
21655333.14	5170927.69	0
21655405.29	5170907.69	0.0479832
21655477.44	5170887.68	0.0512218
21655549.58	5170867.67	0.107387
21655621.73	5170847.66	0.18628
21655693.88	5170827.65	0.248501
21655766.02	5170807.65	0.21974
21655838.17	5170787.64	0.165189
21655910.32	5170767.63	0.0942028
21655982.46	5170747.62	0.0970337
21656054.61	5170727.61	0.0910209
21656126.76	5170707.61	0.130651
21656198.9	5170687.6	0.197102
21656271.05	5170667.59	0.0878661
21656343.2	5170647.58	0
21656415.34	5170627.57	0.112149
21656487.49	5170607.57	0.0956752
21656559.64	5170587.56	0.131879
21656631.78	5170567.55	0.122159
21656703.93	5170547.54	0.111592
21656776.08	5170527.53	0.14108
21656848.22	5170507.53	0.130346
21656920.37	5170487.52	0.0847446
21656992.52	5170467.51	0.131802
21657064.66	5170447.5	0.176901
21657136.81	5170427.49	0.19201
21657208.96	5170407.48	0.159814
21657281.1	5170387.48	0.106049
21657353.25	5170367.47	0
21657425.4	5170347.46	0
21657497.54	5170327.45	0.076568
21657569.69	5170307.44	0
21657641.84	5170287.44	0.0875433
21657713.98	5170267.43	0.249637
21657786.13	5170247.42	0.213652
21657858.28	5170227.41	0.246104
21657930.42	5170207.4	0.10879
21658002.57	5170187.4	0.149505
21658074.72	5170167.39	0.190706
21658146.86	5170147.38	0.232673
21658219.01	5170127.37	0
21658291.16	5170107.36	0
21658363.3	5170087.36	0
21658435.45	5170067.35	0.0721472
21658507.6	5170047.34	0
21658579.74	5170027.33	0.125246
21658651.89	5170007.32	0.127894
21658724.04	5169987.32	0.0971719
21658796.18	5169967.31	0.104545
21658868.33	5169947.3	0
21658940.48	5169927.29	0
21659012.62	5169907.28	0
21659084.77	5169887.28	0
21653260.51	5171578.7	0
21653332.66	5171558.69	0.142196
21653404.81	5171538.68	0.141399
21653476.95	5171518.67	0.178305
21653549.1	5171498.67	0.1741
21653621.25	5171478.66	0.120558
21653693.39	5171458.65	0.122763
21653765.54	5171438.64	0.177015
21653837.69	5171418.63	0.162945
21653909.83	5171398.63	0.151239
21653981.98	5171378.62	0.177462
21654054.13	5171358.61	0.244928
21654126.27	5171338.6	0.150247
21654198.42	5171318.59	0.0954037
21654270.57	5171298.59	0.0812132
21654342.71	5171278.58	0.0956126
21654414.86	5171258.57	0.056272
21654487.01	5171238.56	0.069741
21654559.15	5171218.55	0.0871491
21654631.3	5171198.55	0.111221
21654703.45	5171178.54	0.225428
21654775.59	5171158.53	0.281442
21654847.74	5171138.52	0.26103
21654919.89	5171118.51	0.247188
21654992.04	5171098.51	0.203286
21655064.18	5171078.5	0.0474875
21655136.33	5171058.49	0.114698
21655208.48	5171038.48	0.100252
21655280.62	5171018.47	0.0951628
21655352.77	5170998.47	0
21655424.92	5170978.46	0.15826
21655497.06	5170958.45	0.105135
21655569.21	5170938.44	0.122747
21655641.36	5170918.43	0.231157
21655713.5	5170898.42	0.235968
21655785.65	5170878.42	0.271554
21655857.8	5170858.41	0.173534
21655929.94	5170838.4	0.0988118
21656002.09	5170818.39	0.102957
21656074.24	5170798.38	0.0799386
21656146.38	5170778.38	0.0983289
21656218.53	5170758.37	0.174962
21656290.68	5170738.36	0.117484
21656362.82	5170718.35	0
21656434.97	5170698.34	0
21656507.12	5170678.34	0
21656579.26	5170658.33	0.118538
21656651.41	5170638.32	0.204823
21656723.56	5170618.31	0.164044
21656795.7	5170598.3	0.124753
21656867.85	5170578.3	0.104997
21656940	5170558.29	0.0689349
21657012.14	5170538.28	0.089057
21657084.29	5170518.27	0.183782
21657156.44	5170498.26	0.189726
21657228.58	5170478.26	0.175438
21657300.73	5170458.25	0.134551
21657372.88	5170438.24	0.119132
21657445.02	5170418.23	0
21657517.17	5170398.22	0.0678391
21657589.32	5170378.22	0.0510383
21657661.46	5170358.21	0.0582925
21657733.61	5170338.2	0.257075
21657805.76	5170318.19	0.261353
21657877.9	5170298.18	0.166856
21657950.05	5170278.18	0
21658022.2	5170258.17	0.0364401
21658094.34	5170238.16	0.227869
21658166.49	5170218.15	0.0574376
21658238.64	5170198.14	0
21658310.78	5170178.13	0
21658382.93	5170158.13	0
21658455.08	5170138.12	0.111136
21658527.22	5170118.11	0.0756553
21658599.37	5170098.1	0.101547
21658671.52	5170078.09	0.23832
21658743.66	5170058.09	0.201454
21658815.81	5170038.08	0.0728884
21658887.96	5170018.07	0
21658960.1	5169998.06	0
21659032.25	5169978.05	0
21659104.4	5169958.05	0
21653280.14	5171649.47	0.0952524
21653352.29	5171629.46	0.224239
21653424.43	5171609.45	0.202361
21653496.58	5171589.45	0.209786
21653568.73	5171569.44	0.192677
21653640.87	5171549.43	0.110683
21653713.02	5171529.42	0.125597
21653785.17	5171509.41	0.0635882
21653857.31	5171489.4	0.155049
21653929.46	5171469.4	0.167719
21654001.61	5171449.39	0.216183
21654073.75	5171429.38	0.238093
21654145.9	5171409.37	0.166024
21654218.05	5171389.36	0
21654290.19	5171369.36	0
21654362.34	5171349.35	0
21654434.49	5171329.34	0.0828662
21654506.63	5171309.33	0.0985187
21654578.78	5171289.32	0.0885696
21654650.93	5171269.32	0.0811267
21654723.07	5171249.31	0.129591
21654795.22	5171229.3	0.206798
21654867.37	5171209.29	0.258244
21654939.51	5171189.28	0.240732
21655011.66	5171169.28	0.223663
21655083.81	5171149.27	0.0424744
21655155.95	5171129.26	0.0467035
21655228.1	5171109.25	0.0874464
21655300.25	5171089.24	0.105292
21655372.39	5171069.24	0
21655444.54	5171049.23	0
21655516.69	5171029.22	0
21655588.84	5171009.21	0.146434
21655660.98	5170989.2	0.254661
21655733.13	5170969.2	0.254002
21655805.28	5170949.19	0.225204
21655877.42	5170929.18	0.13592
21655949.57	5170909.17	0.11543
21656021.72	5170889.16	0.0594628
21656093.86	5170869.16	0.0695675
21656166.01	5170849.15	0.101224
21656238.16	5170829.14	0.241734
21656310.3	5170809.13	0.185777
21656382.45	5170789.12	0.0540278
21656454.6	5170769.11	0.0733185
21656526.74	5170749.11	0
21656598.89	5170729.1	0.0501875
21656671.04	5170709.09	0.275842
21656743.18	5170689.08	0.212718
21656815.33	5170669.07	0.136847
21656887.48	5170649.07	0.0830354
21656959.62	5170629.06	0.0658844
21657031.77	5170609.05	0.117261
21657103.92	5170589.04	0.165913
21657176.06	5170569.03	0.185394
21657248.21	5170549.03	0.144575
21657320.36	5170529.02	0.217435
21657392.5	5170509.01	0.249636
21657464.65	5170489	0.173375
21657536.8	5170468.99	0
21657608.94	5170448.99	0.147155
21657681.09	5170428.98	0.164898
21657753.24	5170408.97	0.259148
21657825.38	5170388.96	0.215487
21657897.53	5170368.95	0.0992293
21657969.68	5170348.95	0
21658041.82	5170328.94	0.112676
21658113.97	5170308.93	0.241962
21658186.12	5170288.92	0.148863
21658258.26	5170268.91	0.129045
21658330.41	5170248.91	0
21658402.56	5170228.9	0
21658474.7	5170208.89	0
21658546.85	5170188.88	0.0425746
21658619	5170168.87	0.0562629
21658691.14	5170148.87	0.0798752
21658763.29	5170128.86	0.158788
21658835.44	5170108.85	0.15145
21658907.58	5170088.84	0.130581
21658979.73	5170068.83	0
21659051.88	5170048.83	0
21653299.77	5171720.24	0
21653371.91	5171700.23	0.19969
21653444.06	5171680.22	0.243985
21653516.21	5171660.22	0.25013
21653588.35	5171640.21	0.205036
21653660.5	5171620.2	0.156619
21653732.65	5171600.19	0.128428
21653804.79	5171580.18	0.0922003
21653876.94	5171560.18	0.150292
21653949.09	5171540.17	0.195457
21654021.23	5171520.16	0.263295
21654093.38	5171500.15	0.218363
21654165.53	5171480.14	0.157492
21654237.67	5171460.14	0.0960191
21654309.82	5171440.13	0
21654381.97	5171420.12	0.0849437
21654454.11	5171400.11	0.0525438
21654526.26	5171380.1	0.115563
21654598.41	5171360.09	0.120443
21654670.55	5171340.09	0.124103
21654742.7	5171320.08	0
21654814.85	5171300.07	0.185309
21654886.99	5171280.06	0.232552
21654959.14	5171260.05	0.119446
21655031.29	5171240.05	0
21655103.43	5171220.04	0.0913571
21655175.58	5171200.03	0.0981387
21655247.73	5171180.02	0.0825733
21655319.87	5171160.01	0.0856753
21655392.02	5171140.01	0.108715
21655464.17	5171120	0.148236
21655536.31	5171099.99	0.194001
21655608.46	5171079.98	0.133314
21655680.61	5171059.97	0.243053
21655752.76	5171039.97	0.269127
21655824.9	5171019.96	0.19755
21655897.05	5170999.95	0.113783
21655969.2	5170979.94	0.125507
21656041.34	5170959.93	0.116999
21656113.49	5170939.93	0.112806
21656185.64	5170919.92	0
21656257.78	5170899.91	0.26033
21656329.93	5170879.9	0.25876
21656402.08	5170859.89	0.0589668
21656474.22	5170839.89	0.0833859
21656546.37	5170819.88	0
21656618.52	5170799.87	0.0956942
21656690.66	5170779.86	0.222588
21656762.81	5170759.85	0.145352
21656834.96	5170739.85	0.0998461
21656907.1	5170719.84	0.103613
21656979.25	5170699.83	0.0533862
21657051.4	5170679.82	0.12545
21657123.54	5170659.81	0.170231
21657195.69	5170639.81	0.118954
21657267.84	5170619.8	0.113929
21657339.98	5170599.79	0.177254
21657412.13	5170579.78	0.25213
21657484.28	5170559.77	0.224714
21657556.42	5170539.76	0.135802
21657628.57	5170519.76	0.235886
21657700.72	5170499.75	0.241894
21657772.86	5170479.74	0.207582
21657845.01	5170459.73	0.160336
21657917.16	5170439.72	0
21657989.3	5170419.72	0.0926123
21658061.45	5170399.71	0.169099
21658133.6	5170379.7	0.233385
21658205.74	5170359.69	0.153942
21658277.89	5170339.68	0.102874
21658350.04	5170319.68	0.132993
21658422.18	5170299.67	0
21658494.33	5170279.66	0
21658566.48	5170259.65	0
21658638.62	5170239.64	0
21658710.77	5170219.64	0.114547
21658782.92	5170199.63	0.215778
21658855.06	5170179.62	0.22636
21658927.21	5170159.61	0.217789
21658999.36	5170139.6	0.0962656
21659071.5	5170119.6	0
21653247.25	5171811.02	0
21653319.39	5171791.01	0.176256
21653391.54	5171771	0.0787477
21653463.69	5171750.99	0.147482
21653535.83	5171730.99	0.23529
21653607.98	5171710.98	0.208007
21653680.13	5171690.97	0.184268
21653752.27	5171670.96	0.134919
21653824.42	5171650.95	0.1072
21653896.57	5171630.95	0.139007
21653968.71	5171610.94	0.166015
21654040.86	5171590.93	0.218604
21654113.01	5171570.92	0.171847
21654185.15	5171550.91	0.105313
21654257.3	5171530.91	0.0722736
21654329.45	5171510.9	0.0680825
21654401.59	5171490.89	0.111871
21654473.74	5171470.88	0.0552909
21654545.89	5171450.87	0.0776766
21654618.03	5171430.87	0.102193
21654690.18	5171410.86	0.101905
21654762.33	5171390.85	0
21654834.47	5171370.84	0.140949
21654906.62	5171350.83	0.0964183
21654978.77	5171330.83	0.0544904
21655050.91	5171310.82	0
21655123.06	5171290.81	0
21655195.21	5171270.8	0
21655267.35	5171250.79	0.0501156
21655339.5	5171230.79	0.0847513
21655411.65	5171210.78	0.134263
21655483.79	5171190.77	0.13499
21655555.94	5171170.76	0.141769
21655628.09	5171150.75	0.203722
21655700.23	5171130.74	0.236392
21655772.38	5171110.74	0.266817
21655844.53	5171090.73	0.167833
21655916.67	5171070.72	0.11891
21655988.82	5171050.71	0
21656060.97	5171030.7	0.0979719
21656133.11	5171010.7	0.0566589
21656205.26	5170990.69	0
21656277.41	5170970.68	0.223492
21656349.56	5170950.67	0.232106
21656421.7	5170930.66	0.174979
21656493.85	5170910.66	0
21656566	5170890.65	0
21656638.14	5170870.64	0
21656710.29	5170850.63	0
21656782.44	5170830.62	0.110349
21656854.58	5170810.62	0.106219
21656926.73	5170790.61	0
21656998.88	5170770.6	0.056586
21657071.02	5170750.59	0.0941493
21657143.17	5170730.58	0.12101
21657215.32	5170710.58	0.0664484
21657287.46	5170690.57	0.0783387
21657359.61	5170670.56	0.181278
21657431.76	5170650.55	0.24252
21657503.9	5170630.54	0.24028
21657576.05	5170610.54	0.226332
21657648.2	5170590.53	0.248717
21657720.34	5170570.52	0.162412
21657792.49	5170550.51	0.132272
21657864.64	5170530.5	0.0986082
21657936.78	5170510.5	0.0865349
21658008.93	5170490.49	0.133785
21658081.08	5170470.48	0.116011
21658153.22	5170450.47	0.250724
21658225.37	5170430.46	0.169811
21658297.52	5170410.46	0.0963645
21658369.66	5170390.45	0.153576
21658441.81	5170370.44	0
21658513.96	5170350.43	0
21658586.1	5170330.42	0
21658658.25	5170310.41	0
21658730.4	5170290.41	0.173062
21658802.54	5170270.4	0.186283
21658874.69	5170250.39	0.136894
21658946.84	5170230.38	0.247169
21659018.98	5170210.37	0.126921
21659091.13	5170190.37	0.0744973
21653266.87	5171881.79	0.207735
21653339.02	5171861.78	0.182711
21653411.17	5171841.77	0.074126
21653483.31	5171821.77	0.164423
21653555.46	5171801.76	0.237699
21653627.61	5171781.75	0.248721
21653699.75	5171761.74	0.217998
21653771.9	5171741.73	0.178816
21653844.05	5171721.73	0.13214
21653916.19	5171701.72	0.129455
21653988.34	5171681.71	0.111917
21654060.49	5171661.7	0.179741
21654132.63	5171641.69	0.146849
21654204.78	5171621.68	0.0951321
21654276.93	5171601.68	0.0614224
21654349.07	5171581.67	0.0632493
21654421.22	5171561.66	0.0858078
21654493.37	5171541.65	0.0931447
21654565.51	5171521.64	0
21654637.66	5171501.64	0
21654709.81	5171481.63	0.0458494
21654781.95	5171461.62	0.0531929
21654854.1	5171441.61	0.0499686
21654926.25	5171421.6	0
21654998.39	5171401.6	0
21655070.54	5171381.59	0.0333138
21655142.69	5171361.58	0.0406454
21655214.83	5171341.57	0.0458503
21655286.98	5171321.56	0.0438926
21655359.13	5171301.56	0.0985199
21655431.27	5171281.55	0.089436
21655503.42	5171261.54	0.114034
21655575.57	5171241.53	0.161785
21655647.71	5171221.52	0.169871
21655719.86	5171201.52	0.205139
21655792.01	5171181.51	0.16748
21655864.15	5171161.5	0.0761547
21655936.3	5171141.49	0.0509477
21656008.45	5171121.48	0.059673
21656080.59	5171101.48	0.0925413
21656152.74	5171081.47	0.106776
21656224.89	5171061.46	0
21656297.03	5171041.45	0.10552
21656369.18	5171021.44	0.286833
21656441.33	5171001.44	0.226032
21656513.48	5170981.43	0
21656585.62	5170961.42	0
21656657.77	5170941.41	0
21656729.91	5170921.4	0
21656802.06	5170901.39	0.122881
21656874.21	5170881.39	0.11414
21656946.36	5170861.38	0
21657018.5	5170841.37	0.075837
21657090.65	5170821.36	0.0819846
21657162.8	5170801.35	0.0735297
21657234.94	5170781.35	0.0867339
21657307.09	5170761.34	0.103481
21657379.24	5170741.33	0.154357
21657451.38	5170721.32	0.202294
21657523.53	5170701.31	0.234428
21657595.68	5170681.31	0.267842
21657667.82	5170661.3	0.192884
21657739.97	5170641.29	0.137554
21657812.12	5170621.28	0.157116
21657884.26	5170601.27	0.190829
21657956.41	5170581.27	0.153186
21658028.56	5170561.26	0.175615
21658100.7	5170541.25	0.174763
21658172.85	5170521.24	0.31644
21658245	5170501.23	0.228525
21658317.14	5170481.23	0
21658389.29	5170461.22	0
21658461.44	5170441.21	0
21658533.58	5170421.2	0
21658605.73	5170401.19	0
21658677.88	5170381.19	0
21658750.02	5170361.18	0.207337
21658822.17	5170341.17	0.0753889
21658894.32	5170321.16	0.0475384
21658966.46	5170301.15	0.0850416
21659038.61	5170281.15	0
21653286.5	5171952.56	0.248787
21653358.65	5171932.55	0.144736
21653430.79	5171912.54	0.0611369
21653502.94	5171892.54	0.1547
21653575.09	5171872.53	0.262091
21653647.23	5171852.52	0.244843
21653719.38	5171832.51	0.256478
21653791.53	5171812.5	0.202661
21653863.67	5171792.5	0.165301
21653935.82	5171772.49	0.113952
21654007.97	5171752.48	0.0724422
21654080.11	5171732.47	0.240905
21654152.26	5171712.46	0.16753
21654224.41	5171692.46	0.0847511
21654296.55	5171672.45	0.0704139
21654368.7	5171652.44	0.106985
21654440.85	5171632.43	0.0885288
21654512.99	5171612.42	0.101628
21654585.14	5171592.42	0.0577259
21654657.29	5171572.41	0
21654729.43	5171552.4	0
21654801.58	5171532.39	0.0424731
21654873.73	5171512.38	0.0333126
21654945.87	5171492.37	0
21655018.02	5171472.37	0
21655090.17	5171452.36	0.0333139
21655162.31	5171432.35	0.0423097
21655234.46	5171412.34	0.0424765
21655306.61	5171392.33	0.0516934
21655378.75	5171372.33	0.0562704
21655450.9	5171352.32	0.0773699
21655523.05	5171332.31	0.0847633
21655595.19	5171312.3	0.084208
21655667.34	5171292.29	0.0962153
21655739.49	5171272.29	0.124345
21655811.63	5171252.28	0.116441
21655883.78	5171232.27	0.0782984
21655955.93	5171212.26	0.0525742
21656028.07	5171192.25	0.0636063
21656100.22	5171172.25	0.11655
21656172.37	5171152.24	0.185826
21656244.51	5171132.23	0.121283
21656316.66	5171112.22	0.182051
21656388.81	5171092.21	0.278976
21656460.95	5171072.21	0.236177
21656533.1	5171052.2	0
21656605.25	5171032.19	0
21656677.39	5171012.18	0
21656749.54	5170992.17	0.0834682
21656821.69	5170972.17	0.0443795
21656893.84	5170952.16	0.0462571
21656965.98	5170932.15	0
21657038.13	5170912.14	0.0424922
21657110.27	5170892.13	0.0865858
21657182.42	5170872.13	0.0942618
21657254.57	5170852.12	0.0632814
21657326.72	5170832.11	0.0538917
21657398.86	5170812.1	0.129395
21657471.01	5170792.09	0.141751
21657543.16	5170772.09	0.202181
21657615.3	5170752.08	0.262252
21657687.45	5170732.07	0.155461
21657759.6	5170712.06	0.153416
21657831.74	5170692.05	0.122577
21657903.89	5170672.04	0.159453
21657976.04	5170652.04	0.210778
21658048.18	5170632.03	0.223071
21658120.33	5170612.02	0.235585
21658192.48	5170592.01	0
21658264.62	5170572	0
21658336.77	5170552	0
21658408.92	5170531.99	0
21658481.06	5170511.98	0
21658553.21	5170491.97	0
21658625.36	5170471.96	0
21658697.5	5170451.96	0
21658769.65	5170431.95	0.0387219
21658841.8	5170411.94	0.0510754
21658913.94	5170391.93	0.0528204
21658986.09	5170371.92	0
21659058.24	5170351.92	0
21653306.13	5172023.33	0.206226
21653378.27	5172003.32	0.179417
21653450.42	5171983.31	0.0777367
21653522.57	5171963.31	0.155523
21653594.71	5171943.3	0.243987
21653666.86	5171923.29	0.256878
21653739.01	5171903.28	0.274773
21653811.15	5171883.27	0.244408
21653883.3	5171863.27	0.210831
21653955.45	5171843.26	0.0714977
21654027.59	5171823.25	0.0837196
21654099.74	5171803.24	0.267056
21654171.89	5171783.23	0.212791
21654244.03	5171763.23	0.0427272
21654316.18	5171743.22	0.0719664
21654388.33	5171723.21	0.12122
21654460.47	5171703.2	0.0883997
21654532.62	5171683.19	0.0684355
21654604.77	5171663.19	0.043916
21654676.91	5171643.18	0.0424725
21654749.06	5171623.17	0
21654821.21	5171603.16	0.0474633
21654893.35	5171583.15	0.0494189
21654965.5	5171563.15	0.0333131
21655037.65	5171543.14	0.0333136
21655109.79	5171523.13	0.0340831
21655181.94	5171503.12	0.042476
21655254.09	5171483.11	0.0424765
21655326.23	5171463.11	0.0424769
21655398.38	5171443.1	0.0438798
21655470.53	5171423.09	0.0667692
21655542.67	5171403.08	0.0575643
21655614.82	5171383.07	0.0529889
21655686.97	5171363.07	0.0589636
21655759.11	5171343.06	0.110103
21655831.26	5171323.05	0.157521
21655903.41	5171303.04	0.0958734
21655975.55	5171283.03	0.0729558
21656047.7	5171263.02	0.106447
21656119.85	5171243.02	0.119825
21656191.99	5171223.01	0.171118
21656264.14	5171203	0.0613155
21656336.29	5171182.99	0.0552636
21656408.43	5171162.98	0.239466
21656480.58	5171142.98	0.25924
21656552.73	5171122.97	0.0798873
21656624.87	5171102.96	0
21656697.02	5171082.95	0
21656769.17	5171062.94	0
21656841.31	5171042.94	0
21656913.46	5171022.93	0
21656985.61	5171002.92	0
21657057.75	5170982.91	0
21657129.9	5170962.9	0.0637465
21657202.05	5170942.9	0.048759
21657274.19	5170922.89	0.0438101
21657346.34	5170902.88	0.0444735
21657418.49	5170882.87	0.0734605
21657490.64	5170862.86	0.0903347
21657562.78	5170842.86	0.164184
21657634.93	5170822.85	0.235829
21657707.08	5170802.84	0.184257
21657779.22	5170782.83	0.158242
21657851.37	5170762.82	0.115738
21657923.52	5170742.82	0.117236
21657995.66	5170722.81	0.180437
21658067.81	5170702.8	0.168071
21658139.96	5170682.79	0.147675
21658212.1	5170662.78	0
21658284.25	5170642.78	0
21658356.4	5170622.77	0
21658428.54	5170602.76	0
21658500.69	5170582.75	0
21658572.84	5170562.74	0
21658644.98	5170542.74	0
21658717.13	5170522.73	0
21658789.28	5170502.72	0
21658861.42	5170482.71	0.0889279
21658933.57	5170462.7	0
21659005.72	5170442.69	0
21659077.86	5170422.69	0
21653253.61	5172114.11	0.158142
21653325.75	5172094.1	0.173876
21653397.9	5172074.09	0.189118
21653470.05	5172054.09	0.0732518
21653542.19	5172034.08	0.102691
21653614.34	5172014.07	0.184658
21653686.49	5171994.06	0.106859
21653758.63	5171974.05	0.189311
21653830.78	5171954.05	0.201959
21653902.93	5171934.04	0.149612
21653975.07	5171914.03	0.115762
21654047.22	5171894.02	0
21654119.37	5171874.01	0.206921
21654191.51	5171854	0.196001
21654263.66	5171834	0.0843223
21654335.81	5171813.99	0.0522877
21654407.95	5171793.98	0.109084
21654480.1	5171773.97	0.0617059
21654552.25	5171753.96	0.0427969
21654624.39	5171733.96	0.0424724
21654696.54	5171713.95	0.0424726
21654768.69	5171693.94	0.042473
21654840.83	5171673.93	0.0473839
21654912.98	5171653.92	0.0450915
21654985.13	5171633.92	0.0333132
21655057.27	5171613.91	0.0333136
21655129.42	5171593.9	0.0333141
21655201.57	5171573.89	0.0408342
21655273.71	5171553.88	0.0424765
21655345.86	5171533.88	0.0424769
21655418.01	5171513.87	0.0425376
21655490.15	5171493.86	0.0425518
21655562.3	5171473.85	0.0424779
21655634.45	5171453.84	0.0433034
21655706.59	5171433.84	0.0557213
21655778.74	5171413.83	0.0840257
21655850.89	5171393.82	0.0825515
21655923.03	5171373.81	0.0957617
21655995.18	5171353.8	0.0902703
21656067.33	5171333.8	0.131236
21656139.47	5171313.79	0.150062
21656211.62	5171293.78	0.155204
21656283.77	5171273.77	0.079832
21656355.91	5171253.76	0.0720802
21656428.06	5171233.76	0.220981
21656500.21	5171213.75	0.167902
21656572.35	5171193.74	0.0452006
21656644.5	5171173.73	0.0620404
21656716.65	5171153.72	0.033324
21656788.79	5171133.72	0
21656860.94	5171113.71	0
21656933.09	5171093.7	0
21657005.23	5171073.69	0
21657077.38	5171053.68	0.0424921
21657149.53	5171033.67	0.042493
21657221.67	5171013.67	0.0466291
21657293.82	5170993.66	0.0445765
21657365.97	5170973.65	0.0454299
21657438.11	5170953.64	0.0540027
21657510.26	5170933.63	0.0600961
21657582.41	5170913.63	0.117577
21657654.55	5170893.62	0.195673
21657726.7	5170873.61	0.194393
21657798.85	5170853.6	0.167233
21657870.99	5170833.59	0.135625
21657943.14	5170813.59	0.206628
21658015.29	5170793.58	0.242858
21658087.44	5170773.57	0.219107
21658159.58	5170753.56	0
21658231.73	5170733.55	0
21658303.88	5170713.55	0
21658376.02	5170693.54	0
21658448.17	5170673.53	0
21658520.32	5170653.52	0
21658592.46	5170633.51	0
21658664.61	5170613.51	0
21658736.76	5170593.5	0
21658808.9	5170573.49	0
21658881.05	5170553.48	0
21658953.2	5170533.47	0
21659025.34	5170513.47	0
21659097.49	5170493.46	0
21653273.23	5172184.88	0.129907
21653345.38	5172164.87	0.208383
21653417.53	5172144.86	0.204026
21653489.67	5172124.86	0.0986188
21653561.82	5172104.85	0.149192
21653633.97	5172084.84	0.246293
21653706.11	5172064.83	0.153558
21653778.26	5172044.82	0.0955035
21653850.41	5172024.82	0.109547
21653922.55	5172004.81	0.118701
21653994.7	5171984.8	0.128549
21654066.85	5171964.79	0
21654138.99	5171944.78	0.175432
21654211.14	5171924.78	0.122483
21654283.29	5171904.77	0.0880081
21654355.43	5171884.76	0.0714751
21654427.58	5171864.75	0.0942124
21654499.73	5171844.74	0.0522956
21654571.87	5171824.74	0.0424724
21654644.02	5171804.73	0.0424725
21654716.17	5171784.72	0.0424727
21654788.31	5171764.71	0.042473
21654860.46	5171744.7	0.0461485
21654932.61	5171724.7	0.044118
21655004.75	5171704.69	0.0333132
21655076.9	5171684.68	0.0333136
21655149.05	5171664.67	0.0339662
21655221.19	5171644.66	0.042476
21655293.34	5171624.65	0.0424764
21655365.49	5171604.65	0.043477
21655437.63	5171584.64	0.0563289
21655509.78	5171564.63	0.0600689
21655581.93	5171544.62	0.0505897
21655654.07	5171524.61	0.0433232
21655726.22	5171504.61	0.0747951
21655798.37	5171484.6	0.122197
21655870.51	5171464.59	0.109643
21655942.66	5171444.58	0.0938417
21656014.81	5171424.57	0.120371
21656086.95	5171404.57	0.12687
21656159.1	5171384.56	0.137866
21656231.25	5171364.55	0.171251
21656303.39	5171344.54	0.069061
21656375.54	5171324.53	0.0741637
21656447.69	5171304.53	0.134855
21656519.83	5171284.52	0.137644
21656591.98	5171264.51	0.0416534
21656664.13	5171244.5	0.0333235
21656736.27	5171224.49	0.033324
21656808.42	5171204.49	0
21656880.57	5171184.48	0
21656952.71	5171164.47	0
21657024.86	5171144.46	0
21657097.01	5171124.45	0
21657169.15	5171104.45	0.042493
21657241.3	5171084.44	0.0475769
21657313.45	5171064.43	0.0427728
21657385.59	5171044.42	0.0449191
21657457.74	5171024.41	0.0499971
21657529.89	5171004.41	0.0500614
21657602.03	5170984.4	0.0818067
21657674.18	5170964.39	0.134689
21657746.33	5170944.38	0.126133
21657818.47	5170924.37	0.13005
21657890.62	5170904.36	0.134708
21657962.77	5170884.36	0.172886
21658034.91	5170864.35	0.250823
21658107.06	5170844.34	0.252769
21658179.21	5170824.33	0.211415
21658251.36	5170804.32	0
21658323.5	5170784.32	0
21658395.65	5170764.31	0
21658467.8	5170744.3	0
21658539.94	5170724.29	0
21658612.09	5170704.28	0
21658684.24	5170684.28	0
21658756.38	5170664.27	0
21658828.53	5170644.26	0
21658900.68	5170624.25	0
21658972.82	5170604.24	0
21659044.97	5170584.24	0
