21653307.22	5170346.33	0.207065
21653379.37	5170326.32	0.170958
21653451.52	5170306.31	0.145761
21653523.66	5170286.3	0.192304
21653595.81	5170266.29	0.223908
21653667.96	5170246.29	0.257111
21653740.1	5170226.28	0.292832
21653812.25	5170206.27	0.283564
21653884.4	5170186.26	0.228388
21653956.54	5170166.25	0.263522
21654028.69	5170146.25	0.259877
21654100.84	5170126.24	0.288637
21654172.98	5170106.23	0.28657
21654245.13	5170086.22	0.214647
21654317.28	5170066.21	0.152446
21654389.42	5170046.21	0.104071
21654461.57	5170026.2	0.0830237
21654533.72	5170006.19	0.09286
21654605.86	5169986.18	0.11348
21654678.01	5169966.17	0.144822
21654750.16	5169946.17	0.158351
21654822.31	5169926.16	0.15222
21654894.45	5169906.15	0.114719
21654966.6	5169886.14	0.113583
21655038.75	5169866.13	0.111607
21655110.89	5169846.13	0.12317
21655183.04	5169826.12	0.131569
21655255.19	5169806.11	0.170988
21655327.33	5169786.1	0.230363
21655399.48	5169766.09	0.242578
21653254.7	5170437.11	0.190649
21653326.85	5170417.1	0.166644
21653399	5170397.09	0.145058
21653471.14	5170377.08	0.140914
21653543.29	5170357.07	0.167949
21653615.44	5170337.07	0.189658
21653687.58	5170317.06	0.204152
21653759.73	5170297.05	0.239224
21653831.88	5170277.04	0.259825
21653904.02	5170257.03	0.262128
21653976.17	5170237.03	0.249874
21654048.32	5170217.02	0.254393
21654120.46	5170197.01	0.266117
21654192.61	5170177	0.268877
21654264.76	5170156.99	0.259146
21654336.9	5170136.98	0.192705
21654409.05	5170116.98	0.0973213
21654481.2	5170096.97	0.0636388
21654553.34	5170076.96	0.0965792
21654625.49	5170056.95	0.105581
21654697.64	5170036.94	0.113388
21654769.78	5170016.94	0.138006
21654841.93	5169996.93	0.13416
21654914.08	5169976.92	0.121193
21654986.23	5169956.91	0.119575
21655058.37	5169936.9	0.120695
21655130.52	5169916.9	0.130111
21655202.66	5169896.89	0.127417
21655274.81	5169876.88	0.180885
21655346.96	5169856.87	0.252899
21655419.11	5169836.86	0.201479
21655491.25	5169816.86	0.20336
21655563.4	5169796.85	0.249977
21655635.55	5169776.84	0.26264
21655707.69	5169756.83	0.217176
21655779.84	5169736.82	0.133585
21655851.99	5169716.82	0.130569
21655924.13	5169696.81	0.152051
21655996.28	5169676.8	0.157863
21656068.43	5169656.79	0.163784
21656140.57	5169636.78	0.154313
21656212.72	5169616.78	0.172509
21656284.87	5169596.77	0.188132
21656357.01	5169576.76	0.214486
21656429.16	5169556.75	0.229206
21656501.31	5169536.74	0.241583
21656573.45	5169516.74	0.214118
21656645.6	5169496.73	0.16323
21656717.75	5169476.72	0.13528
21656789.89	5169456.71	0.153764
21656862.04	5169436.7	0.143958
21656934.19	5169416.69	0.103238
21657006.33	5169396.69	0.0965377
21657078.48	5169376.68	0.15169
21657150.63	5169356.67	0.253764
21657222.77	5169336.66	0.243686
21657294.92	5169316.65	0.210249
21657367.07	5169296.65	0.17987
21657439.21	5169276.64	0.204663
21657511.36	5169256.63	0.267291
21657583.51	5169236.62	0.277785
21657655.65	5169216.61	0.263748
21657727.8	5169196.61	0.262461
21657799.95	5169176.6	0.251812
21657872.09	5169156.59	0.273055
21657944.24	5169136.58	0.290823
21658016.39	5169116.57	0.291281
21658088.53	5169096.57	0.27823
21658160.68	5169076.56	0.260794
21658232.83	5169056.55	0.260804
21658304.97	5169036.54	0.271008
21658377.12	5169016.53	0.276753
21658449.27	5168996.53	0.290907
21658521.41	5168976.52	0.282636
21658593.56	5168956.51	0.224563
21658665.71	5168936.5	0.211575
21658737.85	5168916.49	0.214931
21658810	5168896.49	0.276858
21658882.15	5168876.48	0.248474
21658954.29	5168856.47	0.237801
21659026.44	5168836.46	0.220612
21659098.59	5168816.45	0.243996
21653274.33	5170507.88	0.187802
21653346.48	5170487.87	0.159471
21653418.62	5170467.86	0.155734
21653490.77	5170447.85	0.147634
21653562.92	5170427.84	0.159478
21653635.06	5170407.84	0.180852
21653707.21	5170387.83	0.189044
21653779.36	5170367.82	0.236918
21653851.5	5170347.81	0.271624
21653923.65	5170327.8	0.267083
21653995.8	5170307.8	0.266383
21654067.94	5170287.79	0.258356
21654140.09	5170267.78	0.244004
21654212.24	5170247.77	0.245269
21654284.38	5170227.76	0.278284
21654356.53	5170207.76	0.191595
21654428.68	5170187.75	0.109683
21654500.82	5170167.74	0.0859867
21654572.97	5170147.73	0.137344
21654645.12	5170127.72	0.140127
21654717.26	5170107.72	0.11706
21654789.41	5170087.71	0.128668
21654861.56	5170067.7	0.119771
21654933.7	5170047.69	0.1104
21655005.85	5170027.68	0.116215
21655078	5170007.68	0.115945
21655150.14	5169987.67	0.119782
21655222.29	5169967.66	0
21655294.44	5169947.65	0.221677
21655366.58	5169927.64	0.283275
21655438.73	5169907.63	0.266304
21655510.88	5169887.63	0.248321
21655583.03	5169867.62	0.214685
21655655.17	5169847.61	0.258996
21655727.32	5169827.6	0.24634
21655799.47	5169807.59	0.202357
21655871.61	5169787.59	0.211347
21655943.76	5169767.58	0.216946
21656015.91	5169747.57	0.183426
21656088.05	5169727.56	0.167463
21656160.2	5169707.55	0.184331
21656232.35	5169687.55	0.146895
21656304.49	5169667.54	0.18013
21656376.64	5169647.53	0.229043
21656448.79	5169627.52	0.239555
21656520.93	5169607.51	0.22959
21656593.08	5169587.51	0.191132
21656665.23	5169567.5	0.159245
21656737.37	5169547.49	0.11378
21656809.52	5169527.48	0.127475
21656881.67	5169507.47	0.130328
21656953.81	5169487.47	0.11177
21657025.96	5169467.46	0.109056
21657098.11	5169447.45	0.137687
21657170.25	5169427.44	0.207251
21657242.4	5169407.43	0.250816
21657314.55	5169387.43	0.220724
21657386.69	5169367.42	0.174549
21657458.84	5169347.41	0.172112
21657530.99	5169327.4	0.249121
21657603.13	5169307.39	0.22512
21657675.28	5169287.39	0.217898
21657747.43	5169267.38	0.230554
21657819.57	5169247.37	0.239076
21657891.72	5169227.36	0.257023
21657963.87	5169207.35	0.279268
21658036.01	5169187.34	0.291727
21658108.16	5169167.34	0.282616
21658180.31	5169147.33	0.230092
21658252.45	5169127.32	0.248094
21658324.6	5169107.31	0.252625
21658396.75	5169087.3	0.274716
21658468.89	5169067.3	0.249257
21658541.04	5169047.29	0.227813
21658613.19	5169027.28	0.173086
21658685.33	5169007.27	0.179371
21658757.48	5168987.26	0.180617
21658829.63	5168967.26	0.194225
21658901.77	5168947.25	0.221686
21658973.92	5168927.24	0.209013
21659046.07	5168907.23	0.207201
21653293.96	5170578.65	0.1729
21653366.1	5170558.64	0.153909
21653438.25	5170538.63	0.171979
21653510.4	5170518.62	0.13201
21653582.54	5170498.61	0.129282
21653654.69	5170478.61	0.12446
21653726.84	5170458.6	0.12675
21653798.98	5170438.59	0.189234
21653871.13	5170418.58	0.257931
21653943.28	5170398.57	0.285006
21654015.42	5170378.57	0.276947
21654087.57	5170358.56	0.268646
21654159.72	5170338.55	0.250174
21654231.86	5170318.54	0.185105
21654304.01	5170298.53	0.243465
21654376.16	5170278.53	0.217317
21654448.3	5170258.52	0.144455
21654520.45	5170238.51	0.173025
21654592.6	5170218.5	0.248873
21654664.74	5170198.49	0.191156
21654736.89	5170178.49	0.145823
21654809.04	5170158.48	0.145042
21654881.18	5170138.47	0.146916
21654953.33	5170118.46	0.117913
21655025.48	5170098.45	0.124806
21655097.62	5170078.45	0.125241
21655169.77	5170058.44	0.107312
21655241.92	5170038.43	0.115482
21655314.06	5170018.42	0.158562
21655386.21	5169998.41	0.224954
21655458.36	5169978.41	0.269858
21655530.5	5169958.4	0.167389
21655602.65	5169938.39	0.177586
21655674.8	5169918.38	0.202354
21655746.95	5169898.37	0.237101
21655819.09	5169878.37	0.259666
21655891.24	5169858.36	0.28519
21655963.38	5169838.35	0.265383
21656035.53	5169818.34	0.200005
21656107.68	5169798.33	0.182075
21656179.83	5169778.32	0.195625
21656251.97	5169758.32	0.137757
21656324.12	5169738.31	0.16291
21656396.27	5169718.3	0.254498
21656468.41	5169698.29	0.267664
21656540.56	5169678.28	0.226264
21656612.71	5169658.28	0.181814
21656684.85	5169638.27	0.162653
21656757	5169618.26	0.138576
21656829.15	5169598.25	0.122998
21656901.29	5169578.24	0.126821
21656973.44	5169558.24	0.128391
21657045.59	5169538.23	0.124495
21657117.73	5169518.22	0.119991
21657189.88	5169498.21	0.175144
21657262.03	5169478.2	0.200648
21657334.17	5169458.2	0.167937
21657406.32	5169438.19	0.14259
21657478.47	5169418.18	0.14182
21657550.61	5169398.17	0.221595
21657622.76	5169378.16	0.227763
21657694.91	5169358.16	0.229715
21657767.05	5169338.15	0.238657
21657839.2	5169318.14	0.258173
21657911.35	5169298.13	0.276656
21657983.49	5169278.12	0.284407
21658055.64	5169258.12	0.272711
21658127.79	5169238.11	0.273489
21658199.93	5169218.1	0.2121
21658272.08	5169198.09	0.228499
21658344.23	5169178.08	0.237705
21658416.37	5169158.08	0.240088
21658488.52	5169138.07	0.192936
21658560.67	5169118.06	0.166553
21658632.81	5169098.05	0.146407
21658704.96	5169078.04	0.123219
21658777.11	5169058.03	0.168446
21658849.25	5169038.03	0.19261
21658921.4	5169018.02	0.26018
21658993.55	5168998.01	0.226413
21659065.69	5168978	0.213853
21653313.58	5170649.42	0.178583
21653385.73	5170629.41	0.158177
21653457.88	5170609.4	0.160732
21653530.02	5170589.39	0.161942
21653602.17	5170569.39	0.167883
21653674.32	5170549.38	0.133423
21653746.46	5170529.37	0.116138
21653818.61	5170509.36	0.153138
21653890.76	5170489.35	0.204706
21653962.9	5170469.35	0.277958
21654035.05	5170449.34	0.270916
21654107.2	5170429.33	0.277843
21654179.34	5170409.32	0.221862
21654251.49	5170389.31	0.138243
21654323.64	5170369.3	0.235054
21654395.78	5170349.3	0.190981
21654467.93	5170329.29	0.174888
21654540.08	5170309.28	0.20168
21654612.22	5170289.27	0.185874
21654684.37	5170269.26	0.146017
21654756.52	5170249.26	0.174964
21654828.66	5170229.25	0.172376
21654900.81	5170209.24	0.18566
21654972.96	5170189.23	0.135794
21655045.1	5170169.22	0.136626
21655117.25	5170149.22	0.145937
21655189.4	5170129.21	0.181499
21655261.54	5170109.2	0.197422
21655333.69	5170089.19	0.212377
21655405.84	5170069.18	0.274974
21655477.98	5170049.18	0.295723
21655550.13	5170029.17	0.243484
21655622.28	5170009.16	0.173911
21655694.42	5169989.15	0.204949
21655766.57	5169969.14	0.213845
21655838.72	5169949.14	0.263601
21655910.86	5169929.13	0.271989
21655983.01	5169909.12	0.271121
21656055.16	5169889.11	0.228852
21656127.3	5169869.1	0.198813
21656199.45	5169849.1	0.210293
21656271.6	5169829.09	0.17933
21656343.75	5169809.08	0.165341
21656415.89	5169789.07	0.248945
21656488.04	5169769.06	0.267313
21656560.19	5169749.06	0.229581
21656632.33	5169729.05	0.195543
21656704.48	5169709.04	0.166504
21656776.63	5169689.03	0.16105
21656848.77	5169669.02	0.147039
21656920.92	5169649.02	0.132452
21656993.07	5169629.01	0.162294
21657065.21	5169609	0.170668
21657137.36	5169588.99	0.131286
21657209.51	5169568.98	0.144377
21657281.65	5169548.97	0.129098
21657353.8	5169528.97	0.112673
21657425.95	5169508.96	0.124953
21657498.09	5169488.95	0.169732
21657570.24	5169468.94	0.207687
21657642.39	5169448.93	0.181778
21657714.53	5169428.93	0.200162
21657786.68	5169408.92	0.242316
21657858.83	5169388.91	0.268888
21657930.97	5169368.9	0.267132
21658003.12	5169348.89	0.269525
21658075.27	5169328.89	0.20883
21658147.41	5169308.88	0.231822
21658219.56	5169288.87	0.234839
21658291.71	5169268.86	0.238915
21658363.85	5169248.85	0.239726
21658436	5169228.85	0.248313
21658508.15	5169208.84	0.260697
21658580.29	5169188.83	0.213964
21658652.44	5169168.82	0.142174
21658724.59	5169148.81	0.107379
21658796.73	5169128.81	0.145146
21658868.88	5169108.8	0.209171
21658941.03	5169088.79	0.249128
21659013.17	5169068.78	0.243057
21659085.32	5169048.77	0.235097
21653261.06	5170740.2	0.181292
21653333.21	5170720.19	0.189501
21653405.36	5170700.18	0.198604
21653477.5	5170680.17	0.185624
21653549.65	5170660.16	0.188025
21653621.8	5170640.16	0.198435
21653693.94	5170620.15	0.172516
21653766.09	5170600.14	0.136743
21653838.24	5170580.13	0.141319
21653910.38	5170560.12	0.263568
21653982.53	5170540.12	0.285269
21654054.68	5170520.11	0.249364
21654126.82	5170500.1	0.262662
21654198.97	5170480.09	0.240627
21654271.12	5170460.08	0.186759
21654343.26	5170440.08	0.260142
21654415.41	5170420.07	0.183919
21654487.56	5170400.06	0.21564
21654559.7	5170380.05	0.197004
21654631.85	5170360.04	0.156427
21654704	5170340.04	0.196129
21654776.14	5170320.03	0.193632
21654848.29	5170300.02	0.153204
21654920.44	5170280.01	0.16538
21654992.58	5170260	0.15461
21655064.73	5170240	0.156001
21655136.88	5170219.99	0.20098
21655209.02	5170199.98	0.244648
21655281.17	5170179.97	0.272359
21655353.32	5170159.96	0.236573
21655425.46	5170139.95	0.257249
21655497.61	5170119.95	0.271896
21655569.76	5170099.94	0.220784
21655641.9	5170079.93	0.217658
21655714.05	5170059.92	0.20631
21655786.2	5170039.91	0.205615
21655858.34	5170019.91	0.224251
21655930.49	5169999.9	0.292865
21656002.64	5169979.89	0.279466
21656074.78	5169959.88	0.259024
21656146.93	5169939.87	0.262518
21656219.08	5169919.87	0.260936
21656291.22	5169899.86	0.23654
21656363.37	5169879.85	0.226717
21656435.52	5169859.84	0.24814
21656507.66	5169839.83	0.252465
21656579.81	5169819.83	0.201356
21656651.96	5169799.82	0.167865
21656724.1	5169779.81	0.160763
21656796.25	5169759.8	0.235814
21656868.4	5169739.79	0.185886
21656940.55	5169719.79	0.154839
21657012.69	5169699.78	0.167678
21657084.84	5169679.77	0.158583
21657156.99	5169659.76	0.143866
21657229.13	5169639.75	0.126442
21657301.28	5169619.75	0.101842
21657373.43	5169599.74	0.0987939
21657445.57	5169579.73	0.142007
21657517.72	5169559.72	0.202449
21657589.87	5169539.71	0.254787
21657662.01	5169519.71	0.168677
21657734.16	5169499.7	0.177835
21657806.31	5169479.69	0.210362
21657878.45	5169459.68	0.24504
21657950.6	5169439.67	0.222718
21658022.75	5169419.66	0.203554
21658094.89	5169399.66	0.204871
21658167.04	5169379.65	0.213422
21658239.19	5169359.64	0.240322
21658311.33	5169339.63	0.277624
21658383.48	5169319.62	0.232545
21658455.63	5169299.62	0.258299
21658527.77	5169279.61	0.272481
21658599.92	5169259.6	0.239439
21658672.07	5169239.59	0.169058
21658744.21	5169219.58	0.136482
21658816.36	5169199.58	0.189441
21658888.51	5169179.57	0.256526
21658960.65	5169159.56	0.249495
21659032.8	5169139.55	0.244732
21659104.95	5169119.54	0.243585
21653280.69	5170810.97	0.155442
21653352.84	5170790.96	0.166385
21653424.98	5170770.95	0.157593
21653497.13	5170750.94	0.165379
21653569.28	5170730.93	0.172377
21653641.42	5170710.93	0.172847
21653713.57	5170690.92	0.167491
21653785.72	5170670.91	0.15176
21653857.86	5170650.9	0.169886
21653930.01	5170630.89	0.275472
21654002.16	5170610.89	0.228191
21654074.3	5170590.88	0.156194
21654146.45	5170570.87	0.167977
21654218.6	5170550.86	0.251243
21654290.74	5170530.85	0.195503
21654362.89	5170510.85	0.251667
21654435.04	5170490.84	0.223543
21654507.18	5170470.83	0.210116
21654579.33	5170450.82	0.190044
21654651.48	5170430.81	0.161323
21654723.62	5170410.81	0.18862
21654795.77	5170390.8	0.187475
21654867.92	5170370.79	0.175192
21654940.06	5170350.78	0.161214
21655012.21	5170330.77	0.166803
21655084.36	5170310.77	0.175174
21655156.5	5170290.76	0.188142
21655228.65	5170270.75	0.193047
21655300.8	5170250.74	0.223259
21655372.94	5170230.73	0.246032
21655445.09	5170210.73	0.275652
21655517.24	5170190.72	0.281727
21655589.38	5170170.71	0.265274
21655661.53	5170150.7	0.229405
21655733.68	5170130.69	0.182132
21655805.82	5170110.69	0.183994
21655877.97	5170090.68	0.217
21655950.12	5170070.67	0.261301
21656022.26	5170050.66	0.280275
21656094.41	5170030.65	0.272605
21656166.56	5170010.65	0.246279
21656238.7	5169990.64	0.250251
21656310.85	5169970.63	0.24269
21656383	5169950.62	0.262961
21656455.14	5169930.61	0.266065
21656527.29	5169910.6	0.248734
21656599.44	5169890.6	0.265329
21656671.58	5169870.59	0.198392
21656743.73	5169850.58	0.186433
21656815.88	5169830.57	0.240091
21656888.02	5169810.56	0.251034
21656960.17	5169790.56	0.216569
21657032.32	5169770.55	0.17604
21657104.47	5169750.54	0.166002
21657176.61	5169730.53	0.169981
21657248.76	5169710.52	0.136863
21657320.91	5169690.52	0.106535
21657393.05	5169670.51	0.1405
21657465.2	5169650.5	0.197117
21657537.35	5169630.49	0.189623
21657609.49	5169610.48	0.236142
21657681.64	5169590.48	0.16778
21657753.79	5169570.47	0.17973
21657825.93	5169550.46	0.187225
21657898.08	5169530.45	0.211437
21657970.23	5169510.44	0.241283
21658042.37	5169490.44	0.203964
21658114.52	5169470.43	0.173042
21658186.67	5169450.42	0.182555
21658258.81	5169430.41	0.25523
21658330.96	5169410.4	0.290551
21658403.11	5169390.4	0.268055
21658475.25	5169370.39	0.253625
21658547.4	5169350.38	0.301562
21658619.55	5169330.37	0.274548
21658691.69	5169310.36	0.207205
21658763.84	5169290.36	0.204461
21658835.99	5169270.35	0.24935
21658908.13	5169250.34	0.267941
21658980.28	5169230.33	0.245117
21659052.43	5169210.32	0.24882
21653300.32	5170881.74	0.153184
21653372.46	5170861.73	0.152077
21653444.61	5170841.72	0.132445
21653516.76	5170821.71	0.17711
21653588.9	5170801.71	0.178819
21653661.05	5170781.7	0.164224
21653733.2	5170761.69	0.176626
21653805.34	5170741.68	0.180344
21653877.49	5170721.67	0.152344
21653949.64	5170701.67	0.238698
21654021.78	5170681.66	0.188303
21654093.93	5170661.65	0.139777
21654166.08	5170641.64	0.128803
21654238.22	5170621.63	0.194218
21654310.37	5170601.63	0.179953
21654382.52	5170581.62	0.266709
21654454.66	5170561.61	0.279054
21654526.81	5170541.6	0.238584
21654598.96	5170521.59	0.215921
21654671.1	5170501.58	0.194708
21654743.25	5170481.58	0.18781
21654815.4	5170461.57	0.135008
21654887.54	5170441.56	0.163208
21654959.69	5170421.55	0.173402
21655031.84	5170401.54	0.181504
21655103.98	5170381.54	0.204761
21655176.13	5170361.53	0.197036
21655248.28	5170341.52	0.187562
21655320.42	5170321.51	0.183235
21655392.57	5170301.5	0.181577
21655464.72	5170281.5	0.272731
21655536.86	5170261.49	0.287006
21655609.01	5170241.48	0.285181
21655681.16	5170221.47	0.248854
21655753.3	5170201.46	0.191078
21655825.45	5170181.46	0.161366
21655897.6	5170161.45	0.18951
21655969.74	5170141.44	0.176304
21656041.89	5170121.43	0.196583
21656114.04	5170101.42	0.209976
21656186.18	5170081.42	0.238122
21656258.33	5170061.41	0.252499
21656330.48	5170041.4	0.240546
21656402.62	5170021.39	0.253083
21656474.77	5170001.38	0.269333
21656546.92	5169981.38	0.270094
21656619.06	5169961.37	0.259746
21656691.21	5169941.36	0.259052
21656763.36	5169921.35	0.205121
21656835.5	5169901.34	0.20849
21656907.65	5169881.34	0.227976
21656979.8	5169861.33	0.242571
21657051.94	5169841.32	0.273044
21657124.09	5169821.31	0.271479
21657196.24	5169801.3	0.247402
21657268.38	5169781.3	0.226352
21657340.53	5169761.29	0.179853
21657412.68	5169741.28	0.154408
21657484.83	5169721.27	0.182764
21657556.97	5169701.26	0.213649
21657629.12	5169681.25	0.242965
21657701.27	5169661.25	0.137171
21657773.41	5169641.24	0.160424
21657845.56	5169621.23	0.213602
21657917.71	5169601.22	0.211982
21657989.85	5169581.21	0.24567
21658062	5169561.21	0.243954
21658134.15	5169541.2	0.181059
21658206.29	5169521.19	0.188819
21658278.44	5169501.18	0.240169
21658350.59	5169481.17	0.22174
21658422.73	5169461.17	0.185957
21658494.88	5169441.16	0.237789
21658567.03	5169421.15	0.282309
21658639.17	5169401.14	0.248784
21658711.32	5169381.13	0.209341
21658783.47	5169361.13	0.254185
21658855.61	5169341.12	0.257228
21658927.76	5169321.11	0.227462
21658999.91	5169301.1	0.241513
21659072.05	5169281.09	0.279322
21653247.8	5170972.52	0.16736
21653319.94	5170952.51	0.19166
21653392.09	5170932.5	0.181576
21653464.24	5170912.49	0.162423
21653536.38	5170892.48	0.180711
21653608.53	5170872.48	0.234154
21653680.68	5170852.47	0.183569
21653752.82	5170832.46	0.139392
21653824.97	5170812.45	0.1653
21653897.12	5170792.44	0.250559
21653969.26	5170772.44	0.244672
21654041.41	5170752.43	0.19022
21654113.56	5170732.42	0.218697
21654185.7	5170712.41	0.22088
21654257.85	5170692.4	0.228193
21654330	5170672.4	0.180017
21654402.14	5170652.39	0.220273
21654474.29	5170632.38	0.260829
21654546.44	5170612.37	0.245485
21654618.58	5170592.36	0.225869
21654690.73	5170572.36	0.194274
21654762.88	5170552.35	0.148091
21654835.02	5170532.34	0.134236
21654907.17	5170512.33	0.128365
21654979.32	5170492.32	0.192005
21655051.46	5170472.32	0.253295
21655123.61	5170452.31	0.24835
21655195.76	5170432.3	0.267223
21655267.9	5170412.29	0.242006
21655340.05	5170392.28	0.185059
21655412.2	5170372.28	0.162043
21655484.34	5170352.27	0.226645
21655556.49	5170332.26	0.245895
21655628.64	5170312.25	0.233409
21655700.78	5170292.24	0.202757
21655772.93	5170272.23	0.160242
21655845.08	5170252.23	0.149011
21655917.22	5170232.22	0.154061
21655989.37	5170212.21	0.148598
21656061.52	5170192.2	0.133001
21656133.66	5170172.19	0.15237
21656205.81	5170152.19	0.185255
21656277.96	5170132.18	0.216369
21656350.1	5170112.17	0.258043
21656422.25	5170092.16	0.281646
21656494.4	5170072.15	0.279341
21656566.54	5170052.15	0.274907
21656638.69	5170032.14	0.267872
21656710.84	5170012.13	0.274801
21656782.98	5169992.12	0.22734
21656855.13	5169972.11	0.179274
21656927.28	5169952.11	0.178465
21656999.42	5169932.1	0.192966
21657071.57	5169912.09	0.250828
21657143.72	5169892.08	0.259818
21657215.86	5169872.07	0.211544
21657288.01	5169852.07	0.262578
21657360.16	5169832.06	0.165255
21657432.3	5169812.05	0.132049
21657504.45	5169792.04	0.153629
21657576.6	5169772.03	0.202821
21657648.74	5169752.03	0.262305
21657720.89	5169732.02	0.189411
21657793.04	5169712.01	0.173567
21657865.18	5169692	0.249317
21657937.33	5169671.99	0.237736
21658009.48	5169651.99	0.23145
21658081.63	5169631.98	0.248578
21658153.77	5169611.97	0.256556
21658225.92	5169591.96	0.169745
21658298.07	5169571.95	0.161626
21658370.21	5169551.94	0.165638
21658442.36	5169531.94	0.155967
21658514.51	5169511.93	0.218474
21658586.65	5169491.92	0.272365
21658658.8	5169471.91	0.216946
21658730.95	5169451.9	0.183208
21658803.09	5169431.9	0.246913
21658875.24	5169411.89	0.222564
21658947.39	5169391.88	0.186163
21659019.53	5169371.87	0.194027
21659091.68	5169351.86	0.248104
21653267.42	5171043.29	0.161102
21653339.57	5171023.28	0.195324
21653411.72	5171003.27	0.170435
21653483.86	5170983.26	0.162059
21653556.01	5170963.26	0.203881
21653628.16	5170943.25	0.22377
21653700.3	5170923.24	0.192841
21653772.45	5170903.23	0.155734
21653844.6	5170883.22	0
21653916.74	5170863.21	0.26872
21653988.89	5170843.21	0.257508
21654061.04	5170823.2	0.246077
21654133.18	5170803.19	0.252818
21654205.33	5170783.18	0.266766
21654277.48	5170763.17	0.246663
21654349.62	5170743.17	0.232418
21654421.77	5170723.16	0.171719
21654493.92	5170703.15	0.215426
21654566.06	5170683.14	0.265657
21654638.21	5170663.13	0.27119
21654710.36	5170643.13	0.168021
21654782.5	5170623.12	0.14397
21654854.65	5170603.11	0.165987
21654926.8	5170583.1	0.17291
21654998.94	5170563.09	0.231216
21655071.09	5170543.09	0.295478
21655143.24	5170523.08	0.267946
21655215.38	5170503.07	0.240404
21655287.53	5170483.06	0.249975
21655359.68	5170463.05	0.175008
21655431.82	5170443.05	0.216641
21655503.97	5170423.04	0.235095
21655576.12	5170403.03	0.199026
21655648.26	5170383.02	0.154424
21655720.41	5170363.01	0.146537
21655792.56	5170343.01	0.178539
21655864.7	5170323	0.210166
21655936.85	5170302.99	0.156531
21656009	5170282.98	0.133994
21656081.14	5170262.97	0.128872
21656153.29	5170242.97	0.131585
21656225.44	5170222.96	0.129167
21656297.58	5170202.95	0.160921
21656369.73	5170182.94	0.266962
21656441.88	5170162.93	0.292402
21656514.02	5170142.93	0.258265
21656586.17	5170122.92	0.262286
21656658.32	5170102.91	0.297613
21656730.46	5170082.9	0.292966
21656802.61	5170062.89	0.259711
21656874.76	5170042.88	0.170958
21656946.9	5170022.88	0.162919
21657019.05	5170002.87	0.186084
21657091.2	5169982.86	0.228018
21657163.34	5169962.85	0.243396
21657235.49	5169942.84	0.160771
21657307.64	5169922.84	0.114443
21657379.78	5169902.83	0.0916052
21657451.93	5169882.82	0.0874352
21657524.08	5169862.81	0.145974
21657596.22	5169842.8	0.173272
21657668.37	5169822.8	0.254367
21657740.52	5169802.79	0.221466
21657812.66	5169782.78	0.192317
21657884.81	5169762.77	0.213657
21657956.96	5169742.76	0.223116
21658029.1	5169722.76	0.224696
21658101.25	5169702.75	0.22669
21658173.4	5169682.74	0.266447
21658245.54	5169662.73	0.175662
21658317.69	5169642.72	0.138329
21658389.84	5169622.72	0.136193
21658461.99	5169602.71	0.14737
21658534.13	5169582.7	0.147413
21658606.28	5169562.69	0.177302
21658678.43	5169542.68	0.247198
21658750.57	5169522.68	0.186588
21658822.72	5169502.67	0.176181
21658894.87	5169482.66	0.228167
21658967.01	5169462.65	0.191158
21659039.16	5169442.64	0.192111
21659111.31	5169422.64	0.23476
21653287.05	5171114.06	0.171827
21653359.2	5171094.05	0.144636
21653431.34	5171074.04	0.167485
21653503.49	5171054.03	0.188226
21653575.64	5171034.03	0.215845
21653647.78	5171014.02	0.245759
21653719.93	5170994.01	0.216806
21653792.08	5170974	0.232565
21653864.22	5170953.99	0.271718
21653936.37	5170933.99	0.258766
21654008.52	5170913.98	0.220773
21654080.66	5170893.97	0.235031
21654152.81	5170873.96	0.24625
21654224.96	5170853.95	0.224788
21654297.1	5170833.95	0.267054
21654369.25	5170813.94	0.244465
21654441.4	5170793.93	0.174653
21654513.54	5170773.92	0.221164
21654585.69	5170753.91	0.26256
21654657.84	5170733.91	0.246879
21654729.98	5170713.9	0.212834
21654802.13	5170693.89	0.210316
21654874.28	5170673.88	0.203524
21654946.42	5170653.87	0.230263
21655018.57	5170633.86	0.235489
21655090.72	5170613.86	0.252564
21655162.86	5170593.85	0.212953
21655235.01	5170573.84	0.185834
21655307.16	5170553.83	0.155484
21655379.3	5170533.82	0.137408
21655451.45	5170513.82	0.215707
21655523.6	5170493.81	0.235383
21655595.74	5170473.8	0.179663
21655667.89	5170453.79	0.12779
21655740.04	5170433.78	0.13646
21655812.18	5170413.78	0.167333
21655884.33	5170393.77	0.195712
21655956.48	5170373.76	0.167171
21656028.62	5170353.75	0.156747
21656100.77	5170333.74	0.144351
21656172.92	5170313.74	0.1642
21656245.06	5170293.73	0.152752
21656317.21	5170273.72	0.172455
21656389.36	5170253.71	0.288458
21656461.5	5170233.7	0.28024
21656533.65	5170213.7	0.184322
21656605.8	5170193.69	0.249095
21656677.94	5170173.68	0.289004
21656750.09	5170153.67	0.286126
21656822.24	5170133.66	0.271206
21656894.38	5170113.66	0.196389
21656966.53	5170093.65	0.144041
21657038.68	5170073.64	0.150877
21657110.82	5170053.63	0.174243
21657182.97	5170033.62	0.212251
21657255.12	5170013.62	0.124187
21657327.26	5169993.61	0
21657399.41	5169973.6	0.0393557
21657471.56	5169953.59	0.0834329
21657543.7	5169933.58	0.143651
21657615.85	5169913.57	0.148173
21657688	5169893.57	0.198254
21657760.14	5169873.56	0.246335
21657832.29	5169853.55	0.190988
21657904.44	5169833.54	0.191792
21657976.58	5169813.53	0.191876
21658048.73	5169793.53	0.221541
21658120.88	5169773.52	0.220093
21658193.02	5169753.51	0.26544
21658265.17	5169733.5	0.236635
21658337.32	5169713.49	0.181005
21658409.46	5169693.49	0.150832
21658481.61	5169673.48	0.177003
21658553.76	5169653.47	0.190065
21658625.91	5169633.46	0.18676
21658698.05	5169613.45	0.254807
21658770.2	5169593.45	0.263216
21658842.35	5169573.44	0.206365
21658914.49	5169553.43	0.266703
21658986.64	5169533.42	0.255532
21659058.79	5169513.41	0.24097
21653306.68	5171184.83	0.191333
21653378.82	5171164.82	0.183293
21653450.97	5171144.81	0.175841
21653523.12	5171124.8	0.200735
21653595.26	5171104.8	0.267835
21653667.41	5171084.79	0.265665
21653739.56	5171064.78	0.235142
21653811.7	5171044.77	0.236143
21653883.85	5171024.76	0.218416
21653956	5171004.76	0.175725
21654028.14	5170984.75	0.200755
21654100.29	5170964.74	0.277254
21654172.44	5170944.73	0.258841
21654244.58	5170924.72	0.242064
21654316.73	5170904.72	0.283131
21654388.88	5170884.71	0.27436
21654461.02	5170864.7	0.161794
21654533.17	5170844.69	0.154197
21654605.32	5170824.68	0.269228
21654677.46	5170804.68	0.262587
21654749.61	5170784.67	0.22774
21654821.76	5170764.66	0.240325
21654893.9	5170744.65	0.163854
21654966.05	5170724.64	0.21114
21655038.2	5170704.64	0.1559
21655110.34	5170684.63	0.133486
21655182.49	5170664.62	0.128599
21655254.64	5170644.61	0.135841
21655326.78	5170624.6	0.0772475
21655398.93	5170604.6	0.100308
21655471.08	5170584.59	0.239021
21655543.22	5170564.58	0.256376
21655615.37	5170544.57	0.175935
21655687.52	5170524.56	0.129243
21655759.66	5170504.56	0.149015
21655831.81	5170484.55	0.127917
21655903.96	5170464.54	0.14989
21655976.1	5170444.53	0.109709
21656048.25	5170424.52	0.138916
21656120.4	5170404.51	0.137621
21656192.54	5170384.51	0.141116
21656264.69	5170364.5	0.149161
21656336.84	5170344.49	0.131332
21656408.98	5170324.48	0.20303
21656481.13	5170304.47	0.212671
21656553.28	5170284.47	0.255235
21656625.42	5170264.46	0.265151
21656697.57	5170244.45	0.226632
21656769.72	5170224.44	0.182099
21656841.86	5170204.43	0.250221
21656914.01	5170184.43	0.232792
21656986.16	5170164.42	0.166368
21657058.3	5170144.41	0.140183
21657130.45	5170124.4	0.182308
21657202.6	5170104.39	0.247369
21657274.74	5170084.39	0.228587
21657346.89	5170064.38	0.115362
21657419.04	5170044.37	0
21657491.18	5170024.36	0.0933194
21657563.33	5170004.35	0.148282
21657635.48	5169984.35	0.151859
21657707.62	5169964.34	0.198331
21657779.77	5169944.33	0.23189
21657851.92	5169924.32	0.192125
21657924.06	5169904.31	0.182178
21657996.21	5169884.31	0.191518
21658068.36	5169864.3	0.19843
21658140.5	5169844.29	0.195138
21658212.65	5169824.28	0.254143
21658284.8	5169804.27	0.261446
21658356.94	5169784.27	0.219096
21658429.09	5169764.26	0.167947
21658501.24	5169744.25	0.17599
21658573.38	5169724.24	0.191821
21658645.53	5169704.23	0.187032
21658717.68	5169684.22	0.167469
21658789.82	5169664.22	0.238821
21658861.97	5169644.21	0.263838
21658934.12	5169624.2	0.282526
21659006.26	5169604.19	0.262391
21659078.41	5169584.18	0.258461
21653254.15	5171275.61	0.257373
21653326.3	5171255.6	0.201454
21653398.45	5171235.59	0.178887
21653470.6	5171215.58	0.186346
21653542.74	5171195.58	0.215313
21653614.89	5171175.57	0.244409
21653687.04	5171155.56	0.115688
21653759.18	5171135.55	0.163356
21653831.33	5171115.54	0.195938
21653903.48	5171095.54	0.194547
21653975.62	5171075.53	0.184381
21654047.77	5171055.52	0.211832
21654119.92	5171035.51	0.270389
21654192.06	5171015.5	0.273861
21654264.21	5170995.49	0.245748
21654336.36	5170975.49	0.247625
21654408.5	5170955.48	0.27019
21654480.65	5170935.47	0.192867
21654552.8	5170915.46	0.190232
21654624.94	5170895.45	0.238719
21654697.09	5170875.45	0.224846
21654769.24	5170855.44	0.191305
21654841.38	5170835.43	0.16373
21654913.53	5170815.42	0.116608
21654985.68	5170795.41	0.128538
21655057.82	5170775.41	0.131642
21655129.97	5170755.4	0.127432
21655202.12	5170735.39	0.128434
21655274.26	5170715.38	0.109941
21655346.41	5170695.37	0.0424761
21655418.56	5170675.37	0
21655490.7	5170655.36	0.173936
21655562.85	5170635.35	0.268417
21655635	5170615.34	0.202811
21655707.14	5170595.33	0.115686
21655779.29	5170575.33	0.116918
21655851.44	5170555.32	0.120566
21655923.58	5170535.31	0.110552
21655995.73	5170515.3	0.0898121
21656067.88	5170495.29	0.123864
21656140.02	5170475.29	0.124956
21656212.17	5170455.28	0.121264
21656284.32	5170435.27	0.124246
21656356.46	5170415.26	0.108727
21656428.61	5170395.25	0.128724
21656500.76	5170375.25	0.120871
21656572.9	5170355.24	0.172344
21656645.05	5170335.23	0.282571
21656717.2	5170315.22	0.169068
21656789.34	5170295.21	0.15713
21656861.49	5170275.21	0.252319
21656933.64	5170255.2	0.257334
21657005.78	5170235.19	0.187732
21657077.93	5170215.18	0.173111
21657150.08	5170195.17	0.212019
21657222.22	5170175.16	0.276967
21657294.37	5170155.16	0.252814
21657366.52	5170135.15	0.124041
21657438.66	5170115.14	0.101395
21657510.81	5170095.13	0.106296
21657582.96	5170075.12	0.131706
21657655.1	5170055.12	0.177003
21657727.25	5170035.11	0.234482
21657799.4	5170015.1	0.253467
21657871.54	5169995.09	0.214312
21657943.69	5169975.08	0.222753
21658015.84	5169955.08	0.244692
21658087.98	5169935.07	0.148829
21658160.13	5169915.06	0.142103
21658232.28	5169895.05	0.213061
21658304.42	5169875.04	0.273064
21658376.57	5169855.04	0.237935
21658448.72	5169835.03	0.169747
21658520.86	5169815.02	0.147198
21658593.01	5169795.01	0.162853
21658665.16	5169775	0.194765
21658737.3	5169755	0.197666
21658809.45	5169734.99	0.15944
21658881.6	5169714.98	0.20587
21658953.74	5169694.97	0.2758
21659025.89	5169674.96	0.288545
21659098.04	5169654.96	0.276251
21653273.78	5171346.38	0.142175
21653345.93	5171326.37	0.163862
21653418.07	5171306.36	0.165556
21653490.22	5171286.35	0.218948
21653562.37	5171266.35	0.231463
21653634.51	5171246.34	0.190167
21653706.66	5171226.33	0.121318
21653778.81	5171206.32	0.104338
21653850.96	5171186.31	0.173485
21653923.1	5171166.31	0.233223
21653995.25	5171146.3	0.231162
21654067.4	5171126.29	0.214548
21654139.54	5171106.28	0.248134
21654211.69	5171086.27	0.240009
21654283.84	5171066.27	0.175483
21654355.98	5171046.26	0.156781
21654428.13	5171026.25	0.169869
21654500.28	5171006.24	0.155746
21654572.42	5170986.23	0.170102
21654644.57	5170966.23	0.24629
21654716.72	5170946.22	0.204996
21654788.86	5170926.21	0.162709
21654861.01	5170906.2	0.132308
21654933.16	5170886.19	0.11414
21655005.3	5170866.18	0.134661
21655077.45	5170846.18	0.1301
21655149.6	5170826.17	0.139014
21655221.74	5170806.16	0.139053
21655293.89	5170786.15	0.132375
21655366.04	5170766.14	0.0584074
21655438.18	5170746.14	0
21655510.33	5170726.13	0
21655582.48	5170706.12	0.232986
21655654.62	5170686.11	0.141724
21655726.77	5170666.1	0.116931
21655798.92	5170646.1	0.101202
21655871.06	5170626.09	0.132993
21655943.21	5170606.08	0.133423
21656015.36	5170586.07	0.133256
21656087.5	5170566.06	0.178084
21656159.65	5170546.06	0.171786
21656231.8	5170526.05	0.125289
21656303.94	5170506.04	0.122061
21656376.09	5170486.03	0.0944262
21656448.24	5170466.02	0.10527
21656520.38	5170446.02	0.102372
21656592.53	5170426.01	0.116164
21656664.68	5170406	0
21656736.82	5170385.99	0.141805
21656808.97	5170365.98	0.182107
21656881.12	5170345.98	0.241671
21656953.26	5170325.97	0.244076
21657025.41	5170305.96	0.206149
21657097.56	5170285.95	0.205324
21657169.7	5170265.94	0.205868
21657241.85	5170245.94	0.239184
21657314	5170225.93	0.275805
21657386.14	5170205.92	0.23109
21657458.29	5170185.91	0.141474
21657530.44	5170165.9	0.119556
21657602.58	5170145.9	0.121553
21657674.73	5170125.89	0.184975
21657746.88	5170105.88	0.272853
21657819.02	5170085.87	0.275192
21657891.17	5170065.86	0.249734
21657963.32	5170045.85	0.197305
21658035.46	5170025.85	0.145604
21658107.61	5170005.84	0.134112
21658179.76	5169985.83	0.148509
21658251.9	5169965.82	0.191966
21658324.05	5169945.81	0.247087
21658396.2	5169925.81	0.171013
21658468.34	5169905.8	0.11558
21658540.49	5169885.79	0.114645
21658612.64	5169865.78	0.123526
21658684.78	5169845.77	0.176262
21658756.93	5169825.77	0.194188
21658829.08	5169805.76	0.169133
21658901.22	5169785.75	0.188249
21658973.37	5169765.74	0.195492
21659045.52	5169745.73	0.222582
21653293.41	5171417.15	0.258151
21653365.55	5171397.14	0.162087
21653437.7	5171377.13	0.202234
21653509.85	5171357.12	0.265842
21653581.99	5171337.12	0.194996
21653654.14	5171317.11	0.129854
21653726.29	5171297.1	0.116028
21653798.43	5171277.09	0.123836
21653870.58	5171257.08	0.140709
21653942.73	5171237.08	0.154609
21654014.87	5171217.07	0.228847
21654087.02	5171197.06	0.235762
21654159.17	5171177.05	0.229516
21654231.32	5171157.04	0.171823
21654303.46	5171137.04	0.152285
21654375.61	5171117.03	0.109576
21654447.76	5171097.02	0
21654519.9	5171077.01	0.133424
21654592.05	5171057	0.156649
21654664.2	5171037	0.244357
21654736.34	5171016.99	0.215392
21654808.49	5170996.98	0.157775
21654880.64	5170976.97	0.160883
21654952.78	5170956.96	0.163861
21655024.93	5170936.96	0.145017
21655097.08	5170916.95	0.13927
21655169.22	5170896.94	0.129432
21655241.37	5170876.93	0.14607
21655313.52	5170856.92	0.113964
21655385.66	5170836.92	0.0631797
21655457.81	5170816.91	0.0834552
21655529.96	5170796.9	0.154099
21655602.1	5170776.89	0.237343
21655674.25	5170756.88	0.172095
21655746.4	5170736.88	0.136398
21655818.54	5170716.87	0.0962266
21655890.69	5170696.86	0.122508
21655962.84	5170676.85	0.14858
21656034.98	5170656.84	0.161018
21656107.13	5170636.83	0.239721
21656179.28	5170616.83	0.182514
21656251.42	5170596.82	0.128295
21656323.57	5170576.81	0.134721
21656395.72	5170556.8	0.124434
21656467.86	5170536.79	0.094932
21656540.01	5170516.79	0.105221
21656612.16	5170496.78	0.160998
21656684.3	5170476.77	0.249753
21656756.45	5170456.76	0.100517
21656828.6	5170436.75	0.0908949
21656900.74	5170416.75	0.210922
21656972.89	5170396.74	0.203797
21657045.04	5170376.73	0.187474
21657117.18	5170356.72	0.183426
21657189.33	5170336.71	0.180254
21657261.48	5170316.71	0.230262
21657333.62	5170296.7	0.289101
21657405.77	5170276.69	0.264564
21657477.92	5170256.68	0.163916
21657550.06	5170236.67	0.0995731
21657622.21	5170216.67	0
21657694.36	5170196.66	0.106131
21657766.5	5170176.65	0.266949
21657838.65	5170156.64	0.214876
21657910.8	5170136.63	0.204266
21657982.94	5170116.63	0.173438
21658055.09	5170096.62	0.177092
21658127.24	5170076.61	0.161281
21658199.38	5170056.6	0.17846
21658271.53	5170036.59	0.158394
21658343.68	5170016.59	0.241008
21658415.82	5169996.58	0.204978
21658487.97	5169976.57	0.112314
21658560.12	5169956.56	0.114099
21658632.26	5169936.55	0.139274
21658704.41	5169916.55	0.177201
21658776.56	5169896.54	0.194696
21658848.7	5169876.53	0.156316
21658920.85	5169856.52	0.182138
21658993	5169836.51	0.173311
21659065.14	5169816.5	0.166069
21653313.03	5171487.92	0.270926
21653385.18	5171467.91	0.187347
21653457.33	5171447.9	0.203765
21653529.47	5171427.9	0.226243
21653601.62	5171407.89	0.214149
21653673.77	5171387.88	0.140391
21653745.91	5171367.87	0.131404
21653818.06	5171347.86	0.151938
21653890.21	5171327.86	0.147473
21653962.35	5171307.85	0.179777
21654034.5	5171287.84	0.18872
21654106.65	5171267.83	0.233886
21654178.79	5171247.82	0.19713
21654250.94	5171227.82	0.114303
21654323.09	5171207.81	0.106285
21654395.23	5171187.8	0.101149
21654467.38	5171167.79	0.0901138
21654539.53	5171147.78	0.151867
21654611.67	5171127.77	0.229593
21654683.82	5171107.77	0.196441
21654755.97	5171087.76	0.249711
21654828.12	5171067.75	0.171167
21654900.26	5171047.74	0.177171
21654972.41	5171027.73	0.18937
21655044.56	5171007.73	0.156001
21655116.7	5170987.72	0.163334
21655188.85	5170967.71	0.140207
21655261	5170947.7	0.150585
21655333.14	5170927.69	0.102757
21655405.29	5170907.69	0.135776
21655477.44	5170887.68	0.122891
21655549.58	5170867.67	0.138788
21655621.73	5170847.66	0.259846
21655693.88	5170827.65	0.287154
21655766.02	5170807.65	0.187432
21655838.17	5170787.64	0.107521
21655910.32	5170767.63	0.147182
21655982.46	5170747.62	0.147326
21656054.61	5170727.61	0.147653
21656126.76	5170707.61	0.162862
21656198.9	5170687.6	0.138645
21656271.05	5170667.59	0.126886
21656343.2	5170647.58	0.129369
21656415.34	5170627.57	0.150476
21656487.49	5170607.57	0.121543
21656559.64	5170587.56	0.105884
21656631.78	5170567.55	0.175322
21656703.93	5170547.54	0.24664
21656776.08	5170527.53	0.121567
21656848.22	5170507.53	0.154568
21656920.37	5170487.52	0.244308
21656992.52	5170467.51	0.175377
21657064.66	5170447.5	0.18733
21657136.81	5170427.49	0.188329
21657208.96	5170407.48	0.181861
21657281.1	5170387.48	0.225949
21657353.25	5170367.47	0.248226
21657425.4	5170347.46	0.137699
21657497.54	5170327.45	0.0916241
21657569.69	5170307.44	0
21657641.84	5170287.44	0.121771
21657713.98	5170267.43	0.217936
21657786.13	5170247.42	0.239492
21657858.28	5170227.41	0
21657930.42	5170207.4	0.15624
21658002.57	5170187.4	0.163435
21658074.72	5170167.39	0.173249
21658146.86	5170147.38	0.173601
21658219.01	5170127.37	0.184177
21658291.16	5170107.36	0.202814
21658363.3	5170087.36	0.24347
21658435.45	5170067.35	0.22134
21658507.6	5170047.34	0.189708
21658579.74	5170027.33	0.164483
21658651.89	5170007.32	0.171576
21658724.04	5169987.32	0.200824
21658796.18	5169967.31	0.20545
21658868.33	5169947.3	0.157045
21658940.48	5169927.29	0.13981
21659012.62	5169907.28	0.152241
21659084.77	5169887.28	0.145273
21653260.51	5171578.7	0.281303
21653332.66	5171558.69	0.242012
21653404.81	5171538.68	0.204469
21653476.95	5171518.67	0.259948
21653549.1	5171498.67	0.222337
21653621.25	5171478.66	0.178775
21653693.39	5171458.65	0.1295
21653765.54	5171438.64	0.14773
21653837.69	5171418.63	0.188114
21653909.83	5171398.63	0.189577
21653981.98	5171378.62	0.166326
21654054.13	5171358.61	0.144936
21654126.27	5171338.6	0.180695
21654198.42	5171318.59	0.168415
21654270.57	5171298.59	0.0681458
21654342.71	5171278.58	0.136092
21654414.86	5171258.57	0.17002
21654487.01	5171238.56	0.16305
21654559.15	5171218.55	0.159855
21654631.3	5171198.55	0.201889
21654703.45	5171178.54	0.23496
21654775.59	5171158.53	0.253411
21654847.74	5171138.52	0.238033
21654919.89	5171118.51	0.174303
21654992.04	5171098.51	0.149409
21655064.18	5171078.5	0.141231
21655136.33	5171058.49	0.183251
21655208.48	5171038.48	0.16813
21655280.62	5171018.47	0.135945
21655352.77	5170998.47	0
21655424.92	5170978.46	0.137467
21655497.06	5170958.45	0.139354
21655569.21	5170938.44	0.189888
21655641.36	5170918.43	0.257682
21655713.5	5170898.42	0.288463
21655785.65	5170878.42	0.218355
21655857.8	5170858.41	0.126894
21655929.94	5170838.4	0.101048
21656002.09	5170818.39	0
21656074.24	5170798.38	0
21656146.38	5170778.38	0.115799
21656218.53	5170758.37	0.112926
21656290.68	5170738.36	0.101032
21656362.82	5170718.35	0.0973039
21656434.97	5170698.34	0.104846
21656507.12	5170678.34	0.113519
21656579.26	5170658.33	0.131649
21656651.41	5170638.32	0.195752
21656723.56	5170618.31	0.20197
21656795.7	5170598.3	0.112649
21656867.85	5170578.3	0.229245
21656940	5170558.29	0.178846
21657012.14	5170538.28	0.0884487
21657084.29	5170518.27	0.162117
21657156.44	5170498.26	0.18273
21657228.58	5170478.26	0.147466
21657300.73	5170458.25	0.210179
21657372.88	5170438.24	0.267726
21657445.02	5170418.23	0.140576
21657517.17	5170398.22	0.0894065
21657589.32	5170378.22	0.114099
21657661.46	5170358.21	0.212684
21657733.61	5170338.2	0.251934
21657805.76	5170318.19	0.155606
21657877.9	5170298.18	0.0607512
21657950.05	5170278.18	0.165991
21658022.2	5170258.17	0.162229
21658094.34	5170238.16	0.190978
21658166.49	5170218.15	0.211252
21658238.64	5170198.14	0.243852
21658310.78	5170178.13	0.241412
21658382.93	5170158.13	0.247585
21658455.08	5170138.12	0.272554
21658527.22	5170118.11	0.246444
21658599.37	5170098.1	0.242517
21658671.52	5170078.09	0.276847
21658743.66	5170058.09	0.247622
21658815.81	5170038.08	0.197665
21658887.96	5170018.07	0.159659
21658960.1	5169998.06	0.118489
21659032.25	5169978.05	0.135857
21659104.4	5169958.05	0.109876
21653280.14	5171649.47	0.289661
21653352.29	5171629.46	0.273512
21653424.43	5171609.45	0.248822
21653496.58	5171589.45	0.251171
21653568.73	5171569.44	0.251062
21653640.87	5171549.43	0.194562
21653713.02	5171529.42	0.12765
21653785.17	5171509.41	0.137333
21653857.31	5171489.4	0.205404
21653929.46	5171469.4	0.236309
21654001.61	5171449.39	0.180895
21654073.75	5171429.38	0.127989
21654145.9	5171409.37	0.164211
21654218.05	5171389.36	0.249941
21654290.19	5171369.36	0.175203
21654362.34	5171349.35	0.179231
21654434.49	5171329.34	0.185237
21654506.63	5171309.33	0.20048
21654578.78	5171289.32	0.147618
21654650.93	5171269.32	0.117777
21654723.07	5171249.31	0.134724
21654795.22	5171229.3	0.163762
21654867.37	5171209.29	0.261068
21654939.51	5171189.28	0.176098
21655011.66	5171169.28	0.134019
21655083.81	5171149.27	0.121449
21655155.95	5171129.26	0.126951
21655228.1	5171109.25	0.143294
21655300.25	5171089.24	0.137139
21655372.39	5171069.24	0.126718
21655444.54	5171049.23	0
21655516.69	5171029.22	0.150363
21655588.84	5171009.21	0.204469
21655660.98	5170989.2	0.266702
21655733.13	5170969.2	0.286361
21655805.28	5170949.19	0.170449
21655877.42	5170929.18	0.10625
21655949.57	5170909.17	0.109043
21656021.72	5170889.16	0.0793164
21656093.86	5170869.16	0.10428
21656166.01	5170849.15	0.116256
21656238.16	5170829.14	0.129816
21656310.3	5170809.13	0.0997809
21656382.45	5170789.12	0.130448
21656454.6	5170769.11	0.188251
21656526.74	5170749.11	0.184192
21656598.89	5170729.1	0.249597
21656671.04	5170709.09	0.242241
21656743.18	5170689.08	0.139624
21656815.33	5170669.07	0.203285
21656887.48	5170649.07	0.195996
21656959.62	5170629.06	0.148223
21657031.77	5170609.05	0.16439
21657103.92	5170589.04	0.166804
21657176.06	5170569.03	0.161621
21657248.21	5170549.03	0.172539
21657320.36	5170529.02	0.193654
21657392.5	5170509.01	0.215174
21657464.65	5170489	0.245344
21657536.8	5170468.99	0.138648
21657608.94	5170448.99	0.175388
21657681.09	5170428.98	0.237213
21657753.24	5170408.97	0.174556
21657825.38	5170388.96	0.124861
21657897.53	5170368.95	0.07483
21657969.68	5170348.95	0.169745
21658041.82	5170328.94	0.17832
21658113.97	5170308.93	0.166057
21658186.12	5170288.92	0.179692
21658258.26	5170268.91	0.193043
21658330.41	5170248.91	0.21635
21658402.56	5170228.9	0.20288
21658474.7	5170208.89	0.241982
21658546.85	5170188.88	0.26106
21658619	5170168.87	0.247344
21658691.14	5170148.87	0.221298
21658763.29	5170128.86	0.260896
21658835.44	5170108.85	0.249688
21658907.58	5170088.84	0.197989
21658979.73	5170068.83	0.176364
21659051.88	5170048.83	0.136268
21653299.77	5171720.24	0.288417
21653371.91	5171700.23	0.262341
21653444.06	5171680.22	0.25987
21653516.21	5171660.22	0.264974
21653588.35	5171640.21	0.277359
21653660.5	5171620.2	0.261121
21653732.65	5171600.19	0.194329
21653804.79	5171580.18	0.147412
21653876.94	5171560.18	0.220508
21653949.09	5171540.17	0.271027
21654021.23	5171520.16	0.242992
21654093.38	5171500.15	0.19798
21654165.53	5171480.14	0.187823
21654237.67	5171460.14	0.254172
21654309.82	5171440.13	0.21317
21654381.97	5171420.12	0.184707
21654454.11	5171400.11	0.182434
21654526.26	5171380.1	0.151449
21654598.41	5171360.09	0.139211
21654670.55	5171340.09	0.111924
21654742.7	5171320.08	0.130742
21654814.85	5171300.07	0.153638
21654886.99	5171280.06	0.20441
21654959.14	5171260.05	0.22824
21655031.29	5171240.05	0.149821
21655103.43	5171220.04	0.115439
21655175.58	5171200.03	0.12321
21655247.73	5171180.02	0.116857
21655319.87	5171160.01	0.117667
21655392.02	5171140.01	0.153347
21655464.17	5171120	0.18763
21655536.31	5171099.99	0.196792
21655608.46	5171079.98	0.20709
21655680.61	5171059.97	0.245331
21655752.76	5171039.97	0.256191
21655824.9	5171019.96	0.207929
21655897.05	5170999.95	0.119875
21655969.2	5170979.94	0.131075
21656041.34	5170959.93	0.14483
21656113.49	5170939.93	0.162164
21656185.64	5170919.92	0.17105
21656257.78	5170899.91	0.120751
21656329.93	5170879.9	0.134155
21656402.08	5170859.89	0.230186
21656474.22	5170839.89	0.252292
21656546.37	5170819.88	0.249469
21656618.52	5170799.87	0.181283
21656690.66	5170779.86	0.168987
21656762.81	5170759.85	0.191546
21656834.96	5170739.85	0.22547
21656907.1	5170719.84	0.16354
21656979.25	5170699.83	0.127637
21657051.4	5170679.82	0.120177
21657123.54	5170659.81	0.164501
21657195.69	5170639.81	0.160938
21657267.84	5170619.8	0.156795
21657339.98	5170599.79	0.189106
21657412.13	5170579.78	0.266168
21657484.28	5170559.77	0.262606
21657556.42	5170539.76	0.218055
21657628.57	5170519.76	0.171104
21657700.72	5170499.75	0.255357
21657772.86	5170479.74	0.144333
21657845.01	5170459.73	0.0989763
21657917.16	5170439.72	0.100055
21657989.3	5170419.72	0.152334
21658061.45	5170399.71	0.194924
21658133.6	5170379.7	0.151609
21658205.74	5170359.69	0.201924
21658277.89	5170339.68	0.176638
21658350.04	5170319.68	0.187606
21658422.18	5170299.67	0.164288
21658494.33	5170279.66	0.160186
21658566.48	5170259.65	0.256147
21658638.62	5170239.64	0.242865
21658710.77	5170219.64	0.208081
21658782.92	5170199.63	0.223893
21658855.06	5170179.62	0.249573
21658927.21	5170159.61	0.138701
21658999.36	5170139.6	0.132962
21659071.5	5170119.6	0.127904
21653247.25	5171811.02	0.247443
21653319.39	5171791.01	0.246775
21653391.54	5171771	0.225905
21653463.69	5171750.99	0.250991
21653535.83	5171730.99	0.249486
21653607.98	5171710.98	0.269081
21653680.13	5171690.97	0.245932
21653752.27	5171670.96	0.189024
21653824.42	5171650.95	0.149246
21653896.57	5171630.95	0.156059
21653968.71	5171610.94	0.19923
21654040.86	5171590.93	0.253614
21654113.01	5171570.92	0.23048
21654185.15	5171550.91	0.224406
21654257.3	5171530.91	0.271242
21654329.45	5171510.9	0.21318
21654401.59	5171490.89	0.209116
21654473.74	5171470.88	0.207059
21654545.89	5171450.87	0.175429
21654618.03	5171430.87	0.148333
21654690.18	5171410.86	0.116496
21654762.33	5171390.85	0.12807
21654834.47	5171370.84	0.118629
21654906.62	5171350.83	0.116657
21654978.77	5171330.83	0.157057
21655050.91	5171310.82	0.102606
21655123.06	5171290.81	0.0944837
21655195.21	5171270.8	0.087727
21655267.35	5171250.79	0.0813361
21655339.5	5171230.79	0.100813
21655411.65	5171210.78	0.162582
21655483.79	5171190.77	0.191857
21655555.94	5171170.76	0.204628
21655628.09	5171150.75	0.217737
21655700.23	5171130.74	0.25164
21655772.38	5171110.74	0.249643
21655844.53	5171090.73	0.193648
21655916.67	5171070.72	0.152588
21655988.82	5171050.71	0.164034
21656060.97	5171030.7	0.201537
21656133.11	5171010.7	0.192932
21656205.26	5170990.69	0.178078
21656277.41	5170970.68	0.140354
21656349.56	5170950.67	0.136751
21656421.7	5170930.66	0.25476
21656493.85	5170910.66	0.176416
21656566	5170890.65	0.145963
21656638.14	5170870.64	0.12709
21656710.29	5170850.63	0.164361
21656782.44	5170830.62	0.251331
21656854.58	5170810.62	0.186152
21656926.73	5170790.61	0.198535
21656998.88	5170770.6	0.12957
21657071.02	5170750.59	0.123481
21657143.17	5170730.58	0.150894
21657215.32	5170710.58	0.163337
21657287.46	5170690.57	0.159022
21657359.61	5170670.56	0.197423
21657431.76	5170650.55	0.237635
21657503.9	5170630.54	0.268329
21657576.05	5170610.54	0.266183
21657648.2	5170590.53	0.22618
21657720.34	5170570.52	0.24463
21657792.49	5170550.51	0.198631
21657864.64	5170530.5	0.0929493
21657936.78	5170510.5	0.117943
21658008.93	5170490.49	0.163096
21658081.08	5170470.48	0.177823
21658153.22	5170450.47	0.150642
21658225.37	5170430.46	0.176521
21658297.52	5170410.46	0.145811
21658369.66	5170390.45	0.152438
21658441.81	5170370.44	0.13873
21658513.96	5170350.43	0.153701
21658586.1	5170330.42	0.246776
21658658.25	5170310.41	0.278555
21658730.4	5170290.41	0.255086
21658802.54	5170270.4	0.221563
21658874.69	5170250.39	0.275766
21658946.84	5170230.38	0.163161
21659018.98	5170210.37	0.124714
21659091.13	5170190.37	0.130462
21653266.87	5171881.79	0.254112
21653339.02	5171861.78	0.240777
21653411.17	5171841.77	0.215496
21653483.31	5171821.77	0.233704
21653555.46	5171801.76	0.245407
21653627.61	5171781.75	0.286651
21653699.75	5171761.74	0.268927
21653771.9	5171741.73	0.227673
21653844.05	5171721.73	0.19717
21653916.19	5171701.72	0.168307
21653988.34	5171681.71	0.180809
21654060.49	5171661.7	0.224095
21654132.63	5171641.69	0.235653
21654204.78	5171621.68	0.217585
21654276.93	5171601.68	0.244962
21654349.07	5171581.67	0.210142
21654421.22	5171561.66	0.197791
21654493.37	5171541.65	0.208247
21654565.51	5171521.64	0.196478
21654637.66	5171501.64	0.170893
21654709.81	5171481.63	0.123819
21654781.95	5171461.62	0.115879
21654854.1	5171441.61	0.105984
21654926.25	5171421.6	0.10361
21654998.39	5171401.6	0.165997
21655070.54	5171381.59	0.0863917
21655142.69	5171361.58	0.0782572
21655214.83	5171341.57	0.100418
21655286.98	5171321.56	0.104795
21655359.13	5171301.56	0.121649
21655431.27	5171281.55	0.151733
21655503.42	5171261.54	0.185536
21655575.57	5171241.53	0.222471
21655647.71	5171221.52	0.217526
21655719.86	5171201.52	0.245263
21655792.01	5171181.51	0.255186
21655864.15	5171161.5	0.17594
21655936.3	5171141.49	0.187774
21656008.45	5171121.48	0.189728
21656080.59	5171101.48	0.192868
21656152.74	5171081.47	0.180831
21656224.89	5171061.46	0.174013
21656297.03	5171041.45	0.157727
21656369.18	5171021.44	0.188642
21656441.33	5171001.44	0.242919
21656513.48	5170981.43	0.184702
21656585.62	5170961.42	0.155324
21656657.77	5170941.41	0.163679
21656729.91	5170921.4	0.209814
21656802.06	5170901.39	0.215528
21656874.21	5170881.39	0.213881
21656946.36	5170861.38	0.178763
21657018.5	5170841.37	0.171774
21657090.65	5170821.36	0.12798
21657162.8	5170801.35	0.12305
21657234.94	5170781.35	0.142366
21657307.09	5170761.34	0.15772
21657379.24	5170741.33	0.182434
21657451.38	5170721.32	0.233527
21657523.53	5170701.31	0.262116
21657595.68	5170681.31	0.265973
21657667.82	5170661.3	0.248896
21657739.97	5170641.29	0.260419
21657812.12	5170621.28	0.266364
21657884.26	5170601.27	0.161509
21657956.41	5170581.27	0.137632
21658028.56	5170561.26	0.161759
21658100.7	5170541.25	0.17089
21658172.85	5170521.24	0.13509
21658245	5170501.23	0.117068
21658317.14	5170481.23	0.138544
21658389.29	5170461.22	0.128694
21658461.44	5170441.21	0.15341
21658533.58	5170421.2	0.166149
21658605.73	5170401.19	0.159809
21658677.88	5170381.19	0.199229
21658750.02	5170361.18	0.274594
21658822.17	5170341.17	0.260802
21658894.32	5170321.16	0.235535
21658966.46	5170301.15	0.188309
21659038.61	5170281.15	0.167354
21653286.5	5171952.56	0.260433
21653358.65	5171932.55	0.227767
21653430.79	5171912.54	0.21673
21653502.94	5171892.54	0.215802
21653575.09	5171872.53	0.231587
21653647.23	5171852.52	0.266003
21653719.38	5171832.51	0.271353
21653791.53	5171812.5	0.249347
21653863.67	5171792.5	0.222336
21653935.82	5171772.49	0.18458
21654007.97	5171752.48	0.202115
21654080.11	5171732.47	0.224361
21654152.26	5171712.46	0.231097
21654224.41	5171692.46	0.244792
21654296.55	5171672.45	0.244005
21654368.7	5171652.44	0.214149
21654440.85	5171632.43	0.206383
21654512.99	5171612.42	0.211547
21654585.14	5171592.42	0.207014
21654657.29	5171572.41	0.169022
21654729.43	5171552.4	0.12668
21654801.58	5171532.39	0.126757
21654873.73	5171512.38	0.106156
21654945.87	5171492.37	0.0953329
21655018.02	5171472.37	0.13772
21655090.17	5171452.36	0.0896355
21655162.31	5171432.35	0.0732901
21655234.46	5171412.34	0.0840223
21655306.61	5171392.33	0.113493
21655378.75	5171372.33	0.139498
21655450.9	5171352.32	0.166242
21655523.05	5171332.31	0.182324
21655595.19	5171312.3	0.19155
21655667.34	5171292.29	0.20402
21655739.49	5171272.29	0.260641
21655811.63	5171252.28	0.250913
21655883.78	5171232.27	0.173747
21655955.93	5171212.26	0.180424
21656028.07	5171192.25	0.184749
21656100.22	5171172.25	0.19794
21656172.37	5171152.24	0.187064
21656244.51	5171132.23	0.154674
21656316.66	5171112.22	0.161156
21656388.81	5171092.21	0.221413
21656460.95	5171072.21	0.212899
21656533.1	5171052.2	0.207783
21656605.25	5171032.19	0.195476
21656677.39	5171012.18	0.175147
21656749.54	5170992.17	0.207078
21656821.69	5170972.17	0.251824
21656893.84	5170952.16	0.176074
21656965.98	5170932.15	0.146221
21657038.13	5170912.14	0.129973
21657110.27	5170892.13	0.127531
21657182.42	5170872.13	0.123162
21657254.57	5170852.12	0.124867
21657326.72	5170832.11	0.158444
21657398.86	5170812.1	0.197387
21657471.01	5170792.09	0.20917
21657543.16	5170772.09	0.2338
21657615.3	5170752.08	0.24557
21657687.45	5170732.07	0.236764
21657759.6	5170712.06	0.269189
21657831.74	5170692.05	0.262075
21657903.89	5170672.04	0.176032
21657976.04	5170652.04	0.138867
21658048.18	5170632.03	0.202013
21658120.33	5170612.02	0.19501
21658192.48	5170592.01	0.119169
21658264.62	5170572	0.0675329
21658336.77	5170552	0.0772843
21658408.92	5170531.99	0.146931
21658481.06	5170511.98	0.15407
21658553.21	5170491.97	0.208688
21658625.36	5170471.96	0.193935
21658697.5	5170451.96	0.172736
21658769.65	5170431.95	0.204773
21658841.8	5170411.94	0.225295
21658913.94	5170391.93	0.222132
21658986.09	5170371.92	0.225205
21659058.24	5170351.92	0.180905
21653306.13	5172023.33	0.248908
21653378.27	5172003.32	0.224028
21653450.42	5171983.31	0.21475
21653522.57	5171963.31	0.206569
21653594.71	5171943.3	0.216773
21653666.86	5171923.29	0.280714
21653739.01	5171903.28	0.281269
21653811.15	5171883.27	0.265536
21653883.3	5171863.27	0.236368
21653955.45	5171843.26	0.181646
21654027.59	5171823.25	0.209613
21654099.74	5171803.24	0.238917
21654171.89	5171783.23	0.246711
21654244.03	5171763.23	0.264618
21654316.18	5171743.22	0.261137
21654388.33	5171723.21	0.22576
21654460.47	5171703.2	0.212138
21654532.62	5171683.19	0.21979
21654604.77	5171663.19	0.1931
21654676.91	5171643.18	0.152864
21654749.06	5171623.17	0.111864
21654821.21	5171603.16	0.102814
21654893.35	5171583.15	0.0935676
21654965.5	5171563.15	0.0887933
21655037.65	5171543.14	0.124782
21655109.79	5171523.13	0.0851523
21655181.94	5171503.12	0.0810864
21655254.09	5171483.11	0.0912042
21655326.23	5171463.11	0.120943
21655398.38	5171443.1	0.140391
21655470.53	5171423.09	0.154024
21655542.67	5171403.08	0.166103
21655614.82	5171383.07	0.175395
21655686.97	5171363.07	0.172441
21655759.11	5171343.06	0.297604
21655831.26	5171323.05	0.294253
21655903.41	5171303.04	0.182194
21655975.55	5171283.03	0.178879
21656047.7	5171263.02	0.18711
21656119.85	5171243.02	0.184332
21656191.99	5171223.01	0.179285
21656264.14	5171203	0.161893
21656336.29	5171182.99	0.154413
21656408.43	5171162.98	0.18758
21656480.58	5171142.98	0.22017
21656552.73	5171122.97	0.168367
21656624.87	5171102.96	0.148083
21656697.02	5171082.95	0.164455
21656769.17	5171062.94	0.20015
21656841.31	5171042.94	0.206033
21656913.46	5171022.93	0.140375
21656985.61	5171002.92	0.11326
21657057.75	5170982.91	0.111574
21657129.9	5170962.9	0.10434
21657202.05	5170942.9	0.111402
21657274.19	5170922.89	0.114533
21657346.34	5170902.88	0.135744
21657418.49	5170882.87	0.167185
21657490.64	5170862.86	0.179792
21657562.78	5170842.86	0.230009
21657634.93	5170822.85	0.227185
21657707.08	5170802.84	0.234599
21657779.22	5170782.83	0.26164
21657851.37	5170762.82	0.234107
21657923.52	5170742.82	0.170236
21657995.66	5170722.81	0.182608
21658067.81	5170702.8	0.213967
21658139.96	5170682.79	0.160102
21658212.1	5170662.78	0.110584
21658284.25	5170642.78	0.0714648
21658356.4	5170622.77	0.123434
21658428.54	5170602.76	0
21658500.69	5170582.75	0.194872
21658572.84	5170562.74	0.23026
21658644.98	5170542.74	0.227194
21658717.13	5170522.73	0.184723
21658789.28	5170502.72	0.16805
21658861.42	5170482.71	0.25026
21658933.57	5170462.7	0.220728
21659005.72	5170442.69	0.232983
21659077.86	5170422.69	0.176907
21653253.61	5172114.11	0.242538
21653325.75	5172094.1	0.231953
21653397.9	5172074.09	0.215585
21653470.05	5172054.09	0.211219
21653542.19	5172034.08	0.196878
21653614.34	5172014.07	0.213542
21653686.49	5171994.06	0.27213
21653758.63	5171974.05	0.274188
21653830.78	5171954.05	0.272191
21653902.93	5171934.04	0.234237
21653975.07	5171914.03	0.189581
21654047.22	5171894.02	0.200949
21654119.37	5171874.01	0.235374
21654191.51	5171854	0.254029
21654263.66	5171834	0.251035
21654335.81	5171813.99	0.272109
21654407.95	5171793.98	0.244476
21654480.1	5171773.97	0.208218
21654552.25	5171753.96	0.18509
21654624.39	5171733.96	0.167253
21654696.54	5171713.95	0.155543
21654768.69	5171693.94	0.116659
21654840.83	5171673.93	0.114043
21654912.98	5171653.92	0.108271
21654985.13	5171633.92	0.0882455
21655057.27	5171613.91	0.147368
21655129.42	5171593.9	0.0844955
21655201.57	5171573.89	0.103383
21655273.71	5171553.88	0.110536
21655345.86	5171533.88	0.123802
21655418.01	5171513.87	0.119054
21655490.15	5171493.86	0.142868
21655562.3	5171473.85	0.148031
21655634.45	5171453.84	0.175656
21655706.59	5171433.84	0.199925
21655778.74	5171413.83	0.290032
21655850.89	5171393.82	0.253185
21655923.03	5171373.81	0.174258
21655995.18	5171353.8	0.168673
21656067.33	5171333.8	0.187821
21656139.47	5171313.79	0.173264
21656211.62	5171293.78	0.162524
21656283.77	5171273.77	0.176907
21656355.91	5171253.76	0.130289
21656428.06	5171233.76	0.18039
21656500.21	5171213.75	0.200934
21656572.35	5171193.74	0.145359
21656644.5	5171173.73	0.114542
21656716.65	5171153.72	0.0998324
21656788.79	5171133.72	0.164002
21656860.94	5171113.71	0.164618
21656933.09	5171093.7	0.0797941
21657005.23	5171073.69	0.0889331
21657077.38	5171053.68	0.0874311
21657149.53	5171033.67	0.0863801
21657221.67	5171013.67	0.0849113
21657293.82	5170993.66	0.0740796
21657365.97	5170973.65	0.0981756
21657438.11	5170953.64	0.1399
21657510.26	5170933.63	0.165333
21657582.41	5170913.63	0.2176
21657654.55	5170893.62	0.239433
21657726.7	5170873.61	0.235241
21657798.85	5170853.6	0.253807
21657870.99	5170833.59	0.224352
21657943.14	5170813.59	0.185942
21658015.29	5170793.58	0.196689
21658087.44	5170773.57	0.246315
21658159.58	5170753.56	0.180757
21658231.73	5170733.55	0.120289
21658303.88	5170713.55	0.082493
21658376.02	5170693.54	0.137983
21658448.17	5170673.53	0.162399
21658520.32	5170653.52	0.189774
21658592.46	5170633.51	0.218503
21658664.61	5170613.51	0.223392
21658736.76	5170593.5	0.175202
21658808.9	5170573.49	0.177819
21658881.05	5170553.48	0.233385
21658953.2	5170533.47	0.250182
21659025.34	5170513.47	0.255594
21659097.49	5170493.46	0.201382
21653273.23	5172184.88	0.198605
21653345.38	5172164.87	0.229788
21653417.53	5172144.86	0.219188
21653489.67	5172124.86	0.200891
21653561.82	5172104.85	0.197114
21653633.97	5172084.84	0.191884
21653706.11	5172064.83	0.235548
21653778.26	5172044.82	0.222803
21653850.41	5172024.82	0.211368
21653922.55	5172004.81	0.208019
21653994.7	5171984.8	0.199312
21654066.85	5171964.79	0.205838
21654138.99	5171944.78	0.226656
21654211.14	5171924.78	0.239795
21654283.29	5171904.77	0.268549
21654355.43	5171884.76	0.278548
21654427.58	5171864.75	0.252395
21654499.73	5171844.74	0.214456
21654571.87	5171824.74	0.180625
21654644.02	5171804.73	0.14647
21654716.17	5171784.72	0.118455
21654788.31	5171764.71	0.10722
21654860.46	5171744.7	0.120471
21654932.61	5171724.7	0.111136
21655004.75	5171704.69	0.105125
21655076.9	5171684.68	0.189976
21655149.05	5171664.67	0.138052
21655221.19	5171644.66	0.125645
21655293.34	5171624.65	0.132255
21655365.49	5171604.65	0.14063
21655437.63	5171584.64	0.147202
21655509.78	5171564.63	0.175643
21655581.93	5171544.62	0.190777
21655654.07	5171524.61	0.177868
21655726.22	5171504.61	0.210395
21655798.37	5171484.6	0.294817
21655870.51	5171464.59	0.250115
21655942.66	5171444.58	0.171094
21656014.81	5171424.57	0.181799
21656086.95	5171404.57	0.171718
21656159.1	5171384.56	0.160352
21656231.25	5171364.55	0.166619
21656303.39	5171344.54	0.147615
21656375.54	5171324.53	0.108686
21656447.69	5171304.53	0.15644
21656519.83	5171284.52	0.160802
21656591.98	5171264.51	0.160137
21656664.13	5171244.5	0.123891
21656736.27	5171224.49	0.104222
21656808.42	5171204.49	0.11794
21656880.57	5171184.48	0.123705
21656952.71	5171164.47	0.0756197
21657024.86	5171144.46	0.075964
21657097.01	5171124.45	0.0635258
21657169.15	5171104.45	0.0561928
21657241.3	5171084.44	0.0603486
21657313.45	5171064.43	0.0645141
21657385.59	5171044.42	0.092079
21657457.74	5171024.41	0.109338
21657529.89	5171004.41	0.126817
21657602.03	5170984.4	0.242433
21657674.18	5170964.39	0.229787
21657746.33	5170944.38	0.209495
21657818.47	5170924.37	0.241348
21657890.62	5170904.36	0.225363
21657962.77	5170884.36	0.177991
21658034.91	5170864.35	0.194888
21658107.06	5170844.34	0.274339
21658179.21	5170824.33	0.231272
21658251.36	5170804.32	0.178797
21658323.5	5170784.32	0.0433523
21658395.65	5170764.31	0.142828
21658467.8	5170744.3	0.178147
21658539.94	5170724.29	0.228361
21658612.09	5170704.28	0.226984
21658684.24	5170684.28	0.1869
21658756.38	5170664.27	0.161584
21658828.53	5170644.26	0.149178
21658900.68	5170624.25	0.207421
21658972.82	5170604.24	0.163444
21659044.97	5170584.24	0.228058
