21653307.22	5170346.33	0.218188
21653379.37	5170326.32	0.249123
21653451.52	5170306.31	0.216452
21653523.66	5170286.3	0.235015
21653595.81	5170266.29	0.278134
21653667.96	5170246.29	0.271745
21653740.1	5170226.28	0.24838
21653812.25	5170206.27	0.263628
21653884.4	5170186.26	0.277212
21653956.54	5170166.25	0.279478
21654028.69	5170146.25	0.280784
21654100.84	5170126.24	0.287467
21654172.98	5170106.23	0.289061
21654245.13	5170086.22	0.288644
21654317.28	5170066.21	0.270649
21654389.42	5170046.21	0.248126
21654461.57	5170026.2	0.274339
21654533.72	5170006.19	0.307948
21654605.86	5169986.18	0.195736
21654678.01	5169966.17	0.200734
21654750.16	5169946.17	0.171902
21654822.31	5169926.16	0.182
21654894.45	5169906.15	0.154207
21654966.6	5169886.14	0.145763
21655038.75	5169866.13	0.172727
21655110.89	5169846.13	0.165457
21655183.04	5169826.12	0.179329
21655255.19	5169806.11	0.170017
21655327.33	5169786.1	0.183942
21655399.48	5169766.09	0.114685
21653254.7	5170437.11	0.282595
21653326.85	5170417.1	0.24702
21653399	5170397.09	0.224396
21653471.14	5170377.08	0.182616
21653543.29	5170357.07	0.166933
21653615.44	5170337.07	0.212681
21653687.58	5170317.06	0.227317
21653759.73	5170297.05	0.22979
21653831.88	5170277.04	0.251835
21653904.02	5170257.03	0.230866
21653976.17	5170237.03	0.259865
21654048.32	5170217.02	0.269524
21654120.46	5170197.01	0.266488
21654192.61	5170177	0.262529
21654264.76	5170156.99	0.275024
21654336.9	5170136.98	0.287356
21654409.05	5170116.98	0.267537
21654481.2	5170096.97	0.268138
21654553.34	5170076.96	0.191472
21654625.49	5170056.95	0.180303
21654697.64	5170036.94	0.185808
21654769.78	5170016.94	0.165031
21654841.93	5169996.93	0.174716
21654914.08	5169976.92	0.166804
21654986.23	5169956.91	0.167172
21655058.37	5169936.9	0.200526
21655130.52	5169916.9	0.205977
21655202.66	5169896.89	0.229694
21655274.81	5169876.88	0.15686
21655346.96	5169856.87	0.176967
21655419.11	5169836.86	0.0900508
21655491.25	5169816.86	0.0749118
21655563.4	5169796.85	0.0834558
21655635.55	5169776.84	0.106345
21655707.69	5169756.83	0.11604
21655779.84	5169736.82	0
21655851.99	5169716.82	0
21655924.13	5169696.81	0
21655996.28	5169676.8	0
21656068.43	5169656.79	0
21656140.57	5169636.78	0
21656212.72	5169616.78	0
21656284.87	5169596.77	0
21656357.01	5169576.76	0
21656429.16	5169556.75	0.271648
21656501.31	5169536.74	0.196786
21656573.45	5169516.74	0.198639
21656645.6	5169496.73	0.173646
21656717.75	5169476.72	0.166098
21656789.89	5169456.71	0.155547
21656862.04	5169436.7	0.141852
21656934.19	5169416.69	0.114189
21657006.33	5169396.69	0.117576
21657078.48	5169376.68	0.190497
21657150.63	5169356.67	0.270911
21657222.77	5169336.66	0.240983
21657294.92	5169316.65	0.237464
21657367.07	5169296.65	0.236497
21657439.21	5169276.64	0.238306
21657511.36	5169256.63	0.265206
21657583.51	5169236.62	0.173834
21657655.65	5169216.61	0.154346
21657727.8	5169196.61	0.21452
21657799.95	5169176.6	0.177904
21657872.09	5169156.59	0.194338
21657944.24	5169136.58	0.266017
21658016.39	5169116.57	0.248518
21658088.53	5169096.57	0.212886
21658160.68	5169076.56	0.188006
21658232.83	5169056.55	0.188013
21658304.97	5169036.54	0.184126
21658377.12	5169016.53	0.200083
21658449.27	5168996.53	0.21378
21658521.41	5168976.52	0.220458
21658593.56	5168956.51	0.214091
21658665.71	5168936.5	0.179958
21658737.85	5168916.49	0.155325
21658810	5168896.49	0.171999
21658882.15	5168876.48	0.167786
21658954.29	5168856.47	0.246062
21659026.44	5168836.46	0.270682
21659098.59	5168816.45	0.246137
21653274.33	5170507.88	0.259336
21653346.48	5170487.87	0.19277
21653418.62	5170467.86	0.155957
21653490.77	5170447.85	0.165946
21653562.92	5170427.84	0.180058
21653635.06	5170407.84	0.209354
21653707.21	5170387.83	0.21629
21653779.36	5170367.82	0.232055
21653851.5	5170347.81	0.244824
21653923.65	5170327.8	0.236713
21653995.8	5170307.8	0.258335
21654067.94	5170287.79	0.27011
21654140.09	5170267.78	0.231069
21654212.24	5170247.77	0.247726
21654284.38	5170227.76	0.27322
21654356.53	5170207.76	0.259004
21654428.68	5170187.75	0.248364
21654500.82	5170167.74	0.215412
21654572.97	5170147.73	0.182356
21654645.12	5170127.72	0.186487
21654717.26	5170107.72	0.181981
21654789.41	5170087.71	0.173375
21654861.56	5170067.7	0.153189
21654933.7	5170047.69	0.146141
21655005.85	5170027.68	0.175298
21655078	5170007.68	0.208158
21655150.14	5169987.67	0.225644
21655222.29	5169967.66	0.22263
21655294.44	5169947.65	0.151663
21655366.58	5169927.64	0
21655438.73	5169907.63	0.183885
21655510.88	5169887.63	0.094344
21655583.03	5169867.62	0.0827917
21655655.17	5169847.61	0.0850896
21655727.32	5169827.6	0.0965894
21655799.47	5169807.59	0
21655871.61	5169787.59	0.133571
21655943.76	5169767.58	0.130027
21656015.91	5169747.57	0.120469
21656088.05	5169727.56	0.0960329
21656160.2	5169707.55	0.136594
21656232.35	5169687.55	0.150182
21656304.49	5169667.54	0.140564
21656376.64	5169647.53	0.161092
21656448.79	5169627.52	0.23204
21656520.93	5169607.51	0.241216
21656593.08	5169587.51	0.22103
21656665.23	5169567.5	0.187162
21656737.37	5169547.49	0.16236
21656809.52	5169527.48	0.135725
21656881.67	5169507.47	0.12687
21656953.81	5169487.47	0.102061
21657025.96	5169467.46	0.101715
21657098.11	5169447.45	0.135904
21657170.25	5169427.44	0.223273
21657242.4	5169407.43	0.249548
21657314.55	5169387.43	0.237836
21657386.69	5169367.42	0.237802
21657458.84	5169347.41	0.206141
21657530.99	5169327.4	0.194183
21657603.13	5169307.39	0.168962
21657675.28	5169287.39	0.133874
21657747.43	5169267.38	0.152338
21657819.57	5169247.37	0.19594
21657891.72	5169227.36	0.20544
21657963.87	5169207.35	0.248297
21658036.01	5169187.34	0.231009
21658108.16	5169167.34	0.202132
21658180.31	5169147.33	0.0804903
21658252.45	5169127.32	0.160986
21658324.6	5169107.31	0.154961
21658396.75	5169087.3	0.151619
21658468.89	5169067.3	0.156787
21658541.04	5169047.29	0.173976
21658613.19	5169027.28	0.171661
21658685.33	5169007.27	0.172448
21658757.48	5168987.26	0.157499
21658829.63	5168967.26	0.13915
21658901.77	5168947.25	0.152007
21658973.92	5168927.24	0.216318
21659046.07	5168907.23	0.201742
21653293.96	5170578.65	0.154172
21653366.1	5170558.64	0.21513
21653438.25	5170538.63	0.143053
21653510.4	5170518.62	0.141128
21653582.54	5170498.61	0.154805
21653654.69	5170478.61	0.159386
21653726.84	5170458.6	0.175849
21653798.98	5170438.59	0.213784
21653871.13	5170418.58	0.250008
21653943.28	5170398.57	0.243827
21654015.42	5170378.57	0.229978
21654087.57	5170358.56	0.284305
21654159.72	5170338.55	0.235687
21654231.86	5170318.54	0.261998
21654304.01	5170298.53	0.257338
21654376.16	5170278.53	0.181194
21654448.3	5170258.52	0.206893
21654520.45	5170238.51	0.205014
21654592.6	5170218.5	0.187505
21654664.74	5170198.49	0.199366
21654736.89	5170178.49	0.166453
21654809.04	5170158.48	0.156077
21654881.18	5170138.47	0.149471
21654953.33	5170118.46	0.134185
21655025.48	5170098.45	0.168638
21655097.62	5170078.45	0.207723
21655169.77	5170058.44	0.195073
21655241.92	5170038.43	0.157115
21655314.06	5170018.42	0.160171
21655386.21	5169998.41	0.275748
21655458.36	5169978.41	0
21655530.5	5169958.4	0.133007
21655602.65	5169938.39	0.11809
21655674.8	5169918.38	0.0999372
21655746.95	5169898.37	0.0708309
21655819.09	5169878.37	0.0789758
21655891.24	5169858.36	0.144989
21655963.38	5169838.35	0.130527
21656035.53	5169818.34	0.107653
21656107.68	5169798.33	0.0960192
21656179.83	5169778.32	0.111532
21656251.97	5169758.32	0.109011
21656324.12	5169738.31	0.118408
21656396.27	5169718.3	0.146314
21656468.41	5169698.29	0.13846
21656540.56	5169678.28	0.155723
21656612.71	5169658.28	0.263356
21656684.85	5169638.27	0.242863
21656757	5169618.26	0.181954
21656829.15	5169598.25	0.152309
21656901.29	5169578.24	0.14111
21656973.44	5169558.24	0.11
21657045.59	5169538.23	0.085748
21657117.73	5169518.22	0.116708
21657189.88	5169498.21	0.21793
21657262.03	5169478.2	0.268002
21657334.17	5169458.2	0.243137
21657406.32	5169438.19	0.221489
21657478.47	5169418.18	0.204419
21657550.61	5169398.17	0.181026
21657622.76	5169378.16	0.174374
21657694.91	5169358.16	0.140198
21657767.05	5169338.15	0.131657
21657839.2	5169318.14	0.211358
21657911.35	5169298.13	0.231648
21657983.49	5169278.12	0.246448
21658055.64	5169258.12	0.232066
21658127.79	5169238.11	0.173245
21658199.93	5169218.1	0
21658272.08	5169198.09	0.131979
21658344.23	5169178.08	0.140789
21658416.37	5169158.08	0.152577
21658488.52	5169138.07	0.163843
21658560.67	5169118.06	0.166343
21658632.81	5169098.05	0.156046
21658704.96	5169078.04	0.144454
21658777.11	5169058.03	0.156022
21658849.25	5169038.03	0.146316
21658921.4	5169018.02	0.200457
21658993.55	5168998.01	0.249685
21659065.69	5168978	0.165901
21653313.58	5170649.42	0.174571
21653385.73	5170629.41	0.24414
21653457.88	5170609.4	0.151491
21653530.02	5170589.39	0.138438
21653602.17	5170569.39	0.143038
21653674.32	5170549.38	0.150335
21653746.46	5170529.37	0.16483
21653818.61	5170509.36	0.218592
21653890.76	5170489.35	0.235461
21653962.9	5170469.35	0.267975
21654035.05	5170449.34	0.278992
21654107.2	5170429.33	0.277843
21654179.34	5170409.32	0.233052
21654251.49	5170389.31	0.203199
21654323.64	5170369.3	0.160504
21654395.78	5170349.3	0.201284
21654467.93	5170329.29	0.234696
21654540.08	5170309.28	0.235134
21654612.22	5170289.27	0.204013
21654684.37	5170269.26	0.188522
21654756.52	5170249.26	0.158681
21654828.66	5170229.25	0.140389
21654900.81	5170209.24	0.164679
21654972.96	5170189.23	0.16049
21655045.1	5170169.22	0.167166
21655117.25	5170149.22	0.186322
21655189.4	5170129.21	0.152425
21655261.54	5170109.2	0.174929
21655333.69	5170089.19	0.178938
21655405.84	5170069.18	0.231302
21655477.98	5170049.18	0.16521
21655550.13	5170029.17	0.172166
21655622.28	5170009.16	0.162335
21655694.42	5169989.15	0.178436
21655766.57	5169969.14	0.157534
21655838.72	5169949.14	0.120432
21655910.86	5169929.13	0.152496
21655983.01	5169909.12	0.164409
21656055.16	5169889.11	0.136099
21656127.3	5169869.1	0.102052
21656199.45	5169849.1	0.130293
21656271.6	5169829.09	0.134723
21656343.75	5169809.08	0.133769
21656415.89	5169789.07	0.148579
21656488.04	5169769.06	0.136493
21656560.19	5169749.06	0.206632
21656632.33	5169729.05	0.263445
21656704.48	5169709.04	0.255886
21656776.63	5169689.03	0.205872
21656848.77	5169669.02	0.145605
21656920.92	5169649.02	0.133624
21656993.07	5169629.01	0.176499
21657065.21	5169609	0.202585
21657137.36	5169588.99	0.147416
21657209.51	5169568.98	0.177017
21657281.65	5169548.97	0.203099
21657353.8	5169528.97	0.176944
21657425.95	5169508.96	0.170505
21657498.09	5169488.95	0.16008
21657570.24	5169468.94	0.149053
21657642.39	5169448.93	0.123512
21657714.53	5169428.93	0.0968446
21657786.68	5169408.92	0.137141
21657858.83	5169388.91	0.181169
21657930.97	5169368.9	0.254337
21658003.12	5169348.89	0.279708
21658075.27	5169328.89	0.20427
21658147.41	5169308.88	0.134496
21658219.56	5169288.87	0.129535
21658291.71	5169268.86	0.131191
21658363.85	5169248.85	0.161588
21658436	5169228.85	0.17047
21658508.15	5169208.84	0.181884
21658580.29	5169188.83	0.182343
21658652.44	5169168.82	0.157222
21658724.59	5169148.81	0.129043
21658796.73	5169128.81	0.10683
21658868.88	5169108.8	0.175444
21658941.03	5169088.79	0.23872
21659013.17	5169068.78	0.264621
21659085.32	5169048.77	0.223372
21653261.06	5170740.2	0.202059
21653333.21	5170720.19	0.180962
21653405.36	5170700.18	0.194144
21653477.5	5170680.17	0.198489
21653549.65	5170660.16	0.187879
21653621.8	5170640.16	0.169796
21653693.94	5170620.15	0.151091
21653766.09	5170600.14	0.155337
21653838.24	5170580.13	0.229932
21653910.38	5170560.12	0.266875
21653982.53	5170540.12	0.282473
21654054.68	5170520.11	0.278609
21654126.82	5170500.1	0.271852
21654198.97	5170480.09	0.270458
21654271.12	5170460.08	0.2139
21654343.26	5170440.08	0.204344
21654415.41	5170420.07	0.237317
21654487.56	5170400.06	0.252655
21654559.7	5170380.05	0.196754
21654631.85	5170360.04	0.166088
21654704	5170340.04	0.188689
21654776.14	5170320.03	0.150885
21654848.29	5170300.02	0.131175
21654920.44	5170280.01	0.171234
21654992.58	5170260	0.195866
21655064.73	5170240	0.214313
21655136.88	5170219.99	0.196435
21655209.02	5170199.98	0.185704
21655281.17	5170179.97	0.169743
21655353.32	5170159.96	0.182306
21655425.46	5170139.95	0.222293
21655497.61	5170119.95	0.217906
21655569.76	5170099.94	0.215623
21655641.9	5170079.93	0.250299
21655714.05	5170059.92	0.225452
21655786.2	5170039.91	0.165073
21655858.34	5170019.91	0.152477
21655930.49	5169999.9	0.262524
21656002.64	5169979.89	0.233146
21656074.78	5169959.88	0.178164
21656146.93	5169939.87	0.160954
21656219.08	5169919.87	0.163973
21656291.22	5169899.86	0.168772
21656363.37	5169879.85	0.195071
21656435.52	5169859.84	0.214234
21656507.66	5169839.83	0.18716
21656579.81	5169819.83	0.232202
21656651.96	5169799.82	0.265749
21656724.1	5169779.81	0.258653
21656796.25	5169759.8	0.213585
21656868.4	5169739.79	0.14986
21656940.55	5169719.79	0.18265
21657012.69	5169699.78	0.210246
21657084.84	5169679.77	0.246876
21657156.99	5169659.76	0.20524
21657229.13	5169639.75	0.153928
21657301.28	5169619.75	0.135072
21657373.43	5169599.74	0.140244
21657445.57	5169579.73	0.137884
21657517.72	5169559.72	0.135113
21657589.87	5169539.71	0.115725
21657662.01	5169519.71	0.0600835
21657734.16	5169499.7	0.063367
21657806.31	5169479.69	0.138596
21657878.45	5169459.68	0.199683
21657950.6	5169439.67	0.240711
21658022.75	5169419.66	0.25241
21658094.89	5169399.66	0.256398
21658167.04	5169379.65	0.152288
21658239.19	5169359.64	0.128607
21658311.33	5169339.63	0.125455
21658383.48	5169319.62	0.135745
21658455.63	5169299.62	0.14467
21658527.77	5169279.61	0.16715
21658599.92	5169259.6	0.155736
21658672.07	5169239.59	0.128527
21658744.21	5169219.58	0.124568
21658816.36	5169199.58	0.124645
21658888.51	5169179.57	0.198991
21658960.65	5169159.56	0.235916
21659032.8	5169139.55	0.222603
21659104.95	5169119.54	0.248528
21653280.69	5170810.97	0.18135
21653352.84	5170790.96	0.181445
21653424.98	5170770.95	0.158729
21653497.13	5170750.94	0.217024
21653569.28	5170730.93	0.208224
21653641.42	5170710.93	0.202245
21653713.57	5170690.92	0.20365
21653785.72	5170670.91	0.161759
21653857.86	5170650.9	0.252354
21653930.01	5170630.89	0.270407
21654002.16	5170610.89	0.274268
21654074.3	5170590.88	0.232069
21654146.45	5170570.87	0.239741
21654218.6	5170550.86	0.28237
21654290.74	5170530.85	0.275331
21654362.89	5170510.85	0.280493
21654435.04	5170490.84	0.277882
21654507.18	5170470.83	0.26167
21654579.33	5170450.82	0.205055
21654651.48	5170430.81	0.130425
21654723.62	5170410.81	0.154743
21654795.77	5170390.8	0.11916
21654867.92	5170370.79	0.124004
21654940.06	5170350.78	0.164516
21655012.21	5170330.77	0.256067
21655084.36	5170310.77	0.225815
21655156.5	5170290.76	0.174736
21655228.65	5170270.75	0.0916938
21655300.8	5170250.74	0.139464
21655372.94	5170230.73	0.193008
21655445.09	5170210.73	0.245338
21655517.24	5170190.72	0.231977
21655589.38	5170170.71	0.199139
21655661.53	5170150.7	0.201345
21655733.68	5170130.69	0.151954
21655805.82	5170110.69	0.150029
21655877.97	5170090.68	0.140814
21655950.12	5170070.67	0.179546
21656022.26	5170050.66	0.199272
21656094.41	5170030.65	0.194917
21656166.56	5170010.65	0.223111
21656238.7	5169990.64	0.221332
21656310.85	5169970.63	0.215893
21656383	5169950.62	0.242931
21656455.14	5169930.61	0.232853
21656527.29	5169910.6	0.229819
21656599.44	5169890.6	0.268902
21656671.58	5169870.59	0.229089
21656743.73	5169850.58	0.198965
21656815.88	5169830.57	0.150779
21656888.02	5169810.56	0.125963
21656960.17	5169790.56	0.170012
21657032.32	5169770.55	0.152539
21657104.47	5169750.54	0.156219
21657176.61	5169730.53	0.182831
21657248.76	5169710.52	0.172838
21657320.91	5169690.52	0.144378
21657393.05	5169670.51	0.144162
21657465.2	5169650.5	0.144874
21657537.35	5169630.49	0.112106
21657609.49	5169610.48	0.0835085
21657681.64	5169590.48	0.0500047
21657753.79	5169570.47	0.116564
21657825.93	5169550.46	0.151879
21657898.08	5169530.45	0.205242
21657970.23	5169510.44	0.250521
21658042.37	5169490.44	0.266441
21658114.52	5169470.43	0.241717
21658186.67	5169450.42	0.199846
21658258.81	5169430.41	0.151596
21658330.96	5169410.4	0.139771
21658403.11	5169390.4	0.125143
21658475.25	5169370.39	0.141329
21658547.4	5169350.38	0.142992
21658619.55	5169330.37	0.141624
21658691.69	5169310.36	0.126242
21658763.84	5169290.36	0.150698
21658835.99	5169270.35	0.137182
21658908.13	5169250.34	0.236688
21658980.28	5169230.33	0.212055
21659052.43	5169210.32	0.206185
21653300.32	5170881.74	0.169821
21653372.46	5170861.73	0.180788
21653444.61	5170841.72	0.182139
21653516.76	5170821.71	0.24056
21653588.9	5170801.71	0.212201
21653661.05	5170781.7	0.245918
21653733.2	5170761.69	0.240011
21653805.34	5170741.68	0.206024
21653877.49	5170721.67	0.274378
21653949.64	5170701.67	0.277466
21654021.78	5170681.66	0.234871
21654093.93	5170661.65	0.0691796
21654166.08	5170641.64	0.237653
21654238.22	5170621.63	0.265078
21654310.37	5170601.63	0.266495
21654382.52	5170581.62	0.287521
21654454.66	5170561.61	0.275728
21654526.81	5170541.6	0.267096
21654598.96	5170521.59	0.223321
21654671.1	5170501.58	0.165156
21654743.25	5170481.58	0.211573
21654815.4	5170461.57	0.162643
21654887.54	5170441.56	0.132147
21654959.69	5170421.55	0.170448
21655031.84	5170401.54	0.23121
21655103.98	5170381.54	0.176093
21655176.13	5170361.53	0.154043
21655248.28	5170341.52	0.151583
21655320.42	5170321.51	0.17631
21655392.57	5170301.5	0.164217
21655464.72	5170281.5	0.231452
21655536.86	5170261.49	0.236236
21655609.01	5170241.48	0.084426
21655681.16	5170221.47	0.0966559
21655753.3	5170201.46	0.111022
21655825.45	5170181.46	0.168208
21655897.6	5170161.45	0.141263
21655969.74	5170141.44	0.148057
21656041.89	5170121.43	0.151939
21656114.04	5170101.42	0.130253
21656186.18	5170081.42	0.114655
21656258.33	5170061.41	0.174257
21656330.48	5170041.4	0.239081
21656402.62	5170021.39	0.211548
21656474.77	5170001.38	0.177445
21656546.92	5169981.38	0.177408
21656619.06	5169961.37	0.193635
21656691.21	5169941.36	0.157952
21656763.36	5169921.35	0
21656835.5	5169901.34	0.126193
21656907.65	5169881.34	0.109173
21656979.8	5169861.33	0.155186
21657051.94	5169841.32	0.168046
21657124.09	5169821.31	0.162951
21657196.24	5169801.3	0.204967
21657268.38	5169781.3	0.19589
21657340.53	5169761.29	0.175312
21657412.68	5169741.28	0.185974
21657484.83	5169721.27	0.240973
21657556.97	5169701.26	0.224603
21657629.12	5169681.25	0.179002
21657701.27	5169661.25	0.114771
21657773.41	5169641.24	0.144611
21657845.56	5169621.23	0.155531
21657917.71	5169601.22	0.220432
21657989.85	5169581.21	0.253017
21658062	5169561.21	0.27113
21658134.15	5169541.2	0.237261
21658206.29	5169521.19	0.179308
21658278.44	5169501.18	0.206446
21658350.59	5169481.17	0.220002
21658422.73	5169461.17	0.175448
21658494.88	5169441.16	0.138901
21658567.03	5169421.15	0.127067
21658639.17	5169401.14	0.134349
21658711.32	5169381.13	0.127363
21658783.47	5169361.13	0.138344
21658855.61	5169341.12	0.143971
21658927.76	5169321.11	0.243444
21658999.91	5169301.1	0.230333
21659072.05	5169281.09	0.232672
21653247.8	5170972.52	0.180758
21653319.94	5170952.51	0.18793
21653392.09	5170932.5	0.203952
21653464.24	5170912.49	0.192975
21653536.38	5170892.48	0.242321
21653608.53	5170872.48	0.242856
21653680.68	5170852.47	0.174149
21653752.82	5170832.46	0.121214
21653824.97	5170812.45	0.14276
21653897.12	5170792.44	0.257732
21653969.26	5170772.44	0.272542
21654041.41	5170752.43	0.25857
21654113.56	5170732.42	0.244959
21654185.7	5170712.41	0.211395
21654257.85	5170692.4	0.227122
21654330	5170672.4	0.247159
21654402.14	5170652.39	0.274394
21654474.29	5170632.38	0.259534
21654546.44	5170612.37	0.250774
21654618.58	5170592.36	0.209247
21654690.73	5170572.36	0.164927
21654762.88	5170552.35	0.173115
21654835.02	5170532.34	0.202791
21654907.17	5170512.33	0.17817
21654979.32	5170492.32	0.225396
21655051.46	5170472.32	0.266255
21655123.61	5170452.31	0.178367
21655195.76	5170432.3	0.246932
21655267.9	5170412.29	0.245622
21655340.05	5170392.28	0.257419
21655412.2	5170372.28	0.177304
21655484.34	5170352.27	0.218925
21655556.49	5170332.26	0.158529
21655628.64	5170312.25	0.116654
21655700.78	5170292.24	0.153717
21655772.93	5170272.23	0.168033
21655845.08	5170252.23	0.172703
21655917.22	5170232.22	0.156108
21655989.37	5170212.21	0.120485
21656061.52	5170192.2	0.114983
21656133.66	5170172.19	0.13142
21656205.81	5170152.19	0.11007
21656277.96	5170132.18	0.130995
21656350.1	5170112.17	0.214403
21656422.25	5170092.16	0.22659
21656494.4	5170072.15	0.185198
21656566.54	5170052.15	0.175189
21656638.69	5170032.14	0.170831
21656710.84	5170012.13	0.151531
21656782.98	5169992.12	0
21656855.13	5169972.11	0.113964
21656927.28	5169952.11	0.0995528
21656999.42	5169932.1	0.158624
21657071.57	5169912.09	0.158004
21657143.72	5169892.08	0.189181
21657215.86	5169872.07	0.204005
21657288.01	5169852.07	0.175294
21657360.16	5169832.06	0.179555
21657432.3	5169812.05	0.17418
21657504.45	5169792.04	0.251828
21657576.6	5169772.03	0.275925
21657648.74	5169752.03	0.212153
21657720.89	5169732.02	0.157948
21657793.04	5169712.01	0.173161
21657865.18	5169692	0.184835
21657937.33	5169671.99	0.185085
21658009.48	5169651.99	0.254609
21658081.63	5169631.98	0.286797
21658153.77	5169611.97	0.270892
21658225.92	5169591.96	0.249067
21658298.07	5169571.95	0.19214
21658370.21	5169551.94	0.229227
21658442.36	5169531.94	0.218304
21658514.51	5169511.93	0.16068
21658586.65	5169491.92	0.153814
21658658.8	5169471.91	0.170883
21658730.95	5169451.9	0.139385
21658803.09	5169431.9	0.170584
21658875.24	5169411.89	0.206664
21658947.39	5169391.88	0.224982
21659019.53	5169371.87	0.245735
21659091.68	5169351.86	0.276932
21653267.42	5171043.29	0.175385
21653339.57	5171023.28	0.172514
21653411.72	5171003.27	0.186976
21653483.86	5170983.26	0.176539
21653556.01	5170963.26	0.241237
21653628.16	5170943.25	0.191411
21653700.3	5170923.24	0.160785
21653772.45	5170903.23	0.117297
21653844.6	5170883.22	0.120424
21653916.74	5170863.21	0.260793
21653988.89	5170843.21	0.281476
21654061.04	5170823.2	0.246364
21654133.18	5170803.19	0.247977
21654205.33	5170783.18	0.257127
21654277.48	5170763.17	0.249198
21654349.62	5170743.17	0.271801
21654421.77	5170723.16	0.257915
21654493.92	5170703.15	0.234569
21654566.06	5170683.14	0.227664
21654638.21	5170663.13	0.230718
21654710.36	5170643.13	0.163153
21654782.5	5170623.12	0.223103
21654854.65	5170603.11	0.255929
21654926.8	5170583.1	0.273029
21654998.94	5170563.09	0.283116
21655071.09	5170543.09	0.281702
21655143.24	5170523.08	0.208337
21655215.38	5170503.07	0.204818
21655287.53	5170483.06	0.241605
21655359.68	5170463.05	0.198502
21655431.82	5170443.05	0.182906
21655503.97	5170423.04	0.225834
21655576.12	5170403.03	0.148894
21655648.26	5170383.02	0.101858
21655720.41	5170363.01	0.103561
21655792.56	5170343.01	0.123162
21655864.7	5170323	0.124733
21655936.85	5170302.99	0.0993072
21656009	5170282.98	0.101742
21656081.14	5170262.97	0.0775291
21656153.29	5170242.97	0.0837326
21656225.44	5170222.96	0.148782
21656297.58	5170202.95	0.197219
21656369.73	5170182.94	0.216155
21656441.88	5170162.93	0.218201
21656514.02	5170142.93	0.168058
21656586.17	5170122.92	0.156742
21656658.32	5170102.91	0.146329
21656730.46	5170082.9	0.11463
21656802.61	5170062.89	0.0937187
21656874.76	5170042.88	0
21656946.9	5170022.88	0.138027
21657019.05	5170002.87	0.172383
21657091.2	5169982.86	0.147298
21657163.34	5169962.85	0.171574
21657235.49	5169942.84	0.192579
21657307.64	5169922.84	0.192818
21657379.78	5169902.83	0.182497
21657451.93	5169882.82	0.188701
21657524.08	5169862.81	0.262806
21657596.22	5169842.8	0.217543
21657668.37	5169822.8	0.181083
21657740.52	5169802.79	0.164005
21657812.66	5169782.78	0.165399
21657884.81	5169762.77	0.170866
21657956.96	5169742.76	0.182735
21658029.1	5169722.76	0.241855
21658101.25	5169702.75	0.257982
21658173.4	5169682.74	0.276141
21658245.54	5169662.73	0.240812
21658317.69	5169642.72	0.244829
21658389.84	5169622.72	0.237278
21658461.99	5169602.71	0.205153
21658534.13	5169582.7	0.185157
21658606.28	5169562.69	0.174923
21658678.43	5169542.68	0.183225
21658750.57	5169522.68	0.179224
21658822.72	5169502.67	0.185666
21658894.87	5169482.66	0.232919
21658967.01	5169462.65	0.252025
21659039.16	5169442.64	0.267834
21659111.31	5169422.64	0.296486
21653287.05	5171114.06	0.179578
21653359.2	5171094.05	0.151088
21653431.34	5171074.04	0.144853
21653503.49	5171054.03	0.172488
21653575.64	5171034.03	0.223176
21653647.78	5171014.02	0.181628
21653719.93	5170994.01	0.122182
21653792.08	5170974	0.109483
21653864.22	5170953.99	0.152656
21653936.37	5170933.99	0.249
21654008.52	5170913.98	0.192393
21654080.66	5170893.97	0.225435
21654152.81	5170873.96	0.242201
21654224.96	5170853.95	0.266858
21654297.1	5170833.95	0.268291
21654369.25	5170813.94	0.246803
21654441.4	5170793.93	0.163689
21654513.54	5170773.92	0.165536
21654585.69	5170753.91	0.230175
21654657.84	5170733.91	0.260989
21654729.98	5170713.9	0.243825
21654802.13	5170693.89	0.269678
21654874.28	5170673.88	0.256157
21654946.42	5170653.87	0.222755
21655018.57	5170633.86	0.216922
21655090.72	5170613.86	0.260841
21655162.86	5170593.85	0.225781
21655235.01	5170573.84	0.189228
21655307.16	5170553.83	0.163329
21655379.3	5170533.82	0.131276
21655451.45	5170513.82	0.199151
21655523.6	5170493.81	0.221719
21655595.74	5170473.8	0.122018
21655667.89	5170453.79	0.0836269
21655740.04	5170433.78	0.0774738
21655812.18	5170413.78	0.0799433
21655884.33	5170393.77	0.119153
21655956.48	5170373.76	0.117881
21656028.62	5170353.75	0.127555
21656100.77	5170333.74	0.116414
21656172.92	5170313.74	0.110534
21656245.06	5170293.73	0.136148
21656317.21	5170273.72	0.183733
21656389.36	5170253.71	0.134241
21656461.5	5170233.7	0.140113
21656533.65	5170213.7	0.155185
21656605.8	5170193.69	0.17324
21656677.94	5170173.68	0.1648
21656750.09	5170153.67	0.120175
21656822.24	5170133.66	0.0904892
21656894.38	5170113.66	0.0923775
21656966.53	5170093.65	0.148557
21657038.68	5170073.64	0.173012
21657110.82	5170053.63	0.155162
21657182.97	5170033.62	0.15682
21657255.12	5170013.62	0.17327
21657327.26	5169993.61	0.173243
21657399.41	5169973.6	0.191847
21657471.56	5169953.59	0.181907
21657543.7	5169933.58	0.173871
21657615.85	5169913.57	0.153929
21657688	5169893.57	0.143146
21657760.14	5169873.56	0.156734
21657832.29	5169853.55	0.160885
21657904.44	5169833.54	0.150349
21657976.58	5169813.53	0.125336
21658048.73	5169793.53	0.233656
21658120.88	5169773.52	0.263538
21658193.02	5169753.51	0.25194
21658265.17	5169733.5	0.275305
21658337.32	5169713.49	0.288166
21658409.46	5169693.49	0.23175
21658481.61	5169673.48	0.221755
21658553.76	5169653.47	0.190067
21658625.91	5169633.46	0.16332
21658698.05	5169613.45	0.136312
21658770.2	5169593.45	0.166313
21658842.35	5169573.44	0.193685
21658914.49	5169553.43	0.267811
21658986.64	5169533.42	0.243337
21659058.79	5169513.41	0.24209
21653306.68	5171184.83	0.168629
21653378.82	5171164.82	0.137099
21653450.97	5171144.81	0.109967
21653523.12	5171124.8	0.225282
21653595.26	5171104.8	0.26847
21653667.41	5171084.79	0.191858
21653739.56	5171064.78	0.101474
21653811.7	5171044.77	0.146843
21653883.85	5171024.76	0.193398
21653956	5171004.76	0.249646
21654028.14	5170984.75	0.160158
21654100.29	5170964.74	0.227654
21654172.44	5170944.73	0.266469
21654244.58	5170924.72	0.257171
21654316.73	5170904.72	0.271231
21654388.88	5170884.71	0.170819
21654461.02	5170864.7	0.15522
21654533.17	5170844.69	0.18592
21654605.32	5170824.68	0.233799
21654677.46	5170804.68	0.294847
21654749.61	5170784.67	0.247355
21654821.76	5170764.66	0.255531
21654893.9	5170744.65	0.205917
21654966.05	5170724.64	0.191292
21655038.2	5170704.64	0.157076
21655110.34	5170684.63	0.196879
21655182.49	5170664.62	0.213267
21655254.64	5170644.61	0.247801
21655326.78	5170624.6	0.165862
21655398.93	5170604.6	0.148564
21655471.08	5170584.59	0.25966
21655543.22	5170564.58	0.205216
21655615.37	5170544.57	0.11631
21655687.52	5170524.56	0
21655759.66	5170504.56	0.085391
21655831.81	5170484.55	0
21655903.96	5170464.54	0.144932
21655976.1	5170444.53	0.126821
21656048.25	5170424.52	0.114562
21656120.4	5170404.51	0.117154
21656192.54	5170384.51	0.12592
21656264.69	5170364.5	0.0926752
21656336.84	5170344.49	0.0820138
21656408.98	5170324.48	0.141975
21656481.13	5170304.47	0.184052
21656553.28	5170284.47	0.222978
21656625.42	5170264.46	0.191279
21656697.57	5170244.45	0.13108
21656769.72	5170224.44	0.105411
21656841.86	5170204.43	0.150402
21656914.01	5170184.43	0.213836
21656986.16	5170164.42	0.184264
21657058.3	5170144.41	0.158861
21657130.45	5170124.4	0.179805
21657202.6	5170104.39	0.171948
21657274.74	5170084.39	0.152299
21657346.89	5170064.38	0.148277
21657419.04	5170044.37	0.19464
21657491.18	5170024.36	0.159461
21657563.33	5170004.35	0.15179
21657635.48	5169984.35	0.13695
21657707.62	5169964.34	0.150371
21657779.77	5169944.33	0.187374
21657851.92	5169924.32	0.148626
21657924.06	5169904.31	0.134198
21657996.21	5169884.31	0.161118
21658068.36	5169864.3	0.202306
21658140.5	5169844.29	0.26072
21658212.65	5169824.28	0.259341
21658284.8	5169804.27	0.259305
21658356.94	5169784.27	0.263045
21658429.09	5169764.26	0.203931
21658501.24	5169744.25	0.174692
21658573.38	5169724.24	0.151073
21658645.53	5169704.23	0.117506
21658717.68	5169684.22	0.135185
21658789.82	5169664.22	0.184441
21658861.97	5169644.21	0.254235
21658934.12	5169624.2	0.245263
21659006.26	5169604.19	0.257947
21659078.41	5169584.18	0.244138
21653254.15	5171275.61	0.199191
21653326.3	5171255.6	0.173496
21653398.45	5171235.59	0.174298
21653470.6	5171215.58	0.238
21653542.74	5171195.58	0.237711
21653614.89	5171175.57	0.193181
21653687.04	5171155.56	0.168296
21653759.18	5171135.55	0.1546
21653831.33	5171115.54	0.186402
21653903.48	5171095.54	0.266799
21653975.62	5171075.53	0.270087
21654047.77	5171055.52	0.214189
21654119.92	5171035.51	0.244234
21654192.06	5171015.5	0.286535
21654264.21	5170995.49	0.286667
21654336.36	5170975.49	0.264936
21654408.5	5170955.48	0.244949
21654480.65	5170935.47	0.217625
21654552.8	5170915.46	0.204033
21654624.94	5170895.45	0.193514
21654697.09	5170875.45	0.262214
21654769.24	5170855.44	0.189121
21654841.38	5170835.43	0.189987
21654913.53	5170815.42	0.164873
21654985.68	5170795.41	0.18876
21655057.82	5170775.41	0.188552
21655129.97	5170755.4	0.181163
21655202.12	5170735.39	0.175733
21655274.26	5170715.38	0.203346
21655346.41	5170695.37	0.151697
21655418.56	5170675.37	0.0911755
21655490.7	5170655.36	0.165623
21655562.85	5170635.35	0.13555
21655635	5170615.34	0.0941972
21655707.14	5170595.33	0
21655779.29	5170575.33	0
21655851.44	5170555.32	0
21655923.58	5170535.31	0.0885197
21655995.73	5170515.3	0.081743
21656067.88	5170495.29	0.0800684
21656140.02	5170475.29	0.106247
21656212.17	5170455.28	0.131878
21656284.32	5170435.27	0.126695
21656356.46	5170415.26	0.137898
21656428.61	5170395.25	0.184521
21656500.76	5170375.25	0.204693
21656572.9	5170355.24	0.207692
21656645.05	5170335.23	0.155172
21656717.2	5170315.22	0.111675
21656789.34	5170295.21	0.114423
21656861.49	5170275.21	0.198996
21656933.64	5170255.2	0.283283
21657005.78	5170235.19	0.184264
21657077.93	5170215.18	0.178809
21657150.08	5170195.17	0.16665
21657222.22	5170175.16	0.165711
21657294.37	5170155.16	0.138501
21657366.52	5170135.15	0.131231
21657438.66	5170115.14	0.169845
21657510.81	5170095.13	0.148031
21657582.96	5170075.12	0.113015
21657655.1	5170055.12	0.117483
21657727.25	5170035.11	0.159274
21657799.4	5170015.1	0.215458
21657871.54	5169995.09	0.162979
21657943.69	5169975.08	0.111045
21658015.84	5169955.08	0.183559
21658087.98	5169935.07	0.216419
21658160.13	5169915.06	0.267731
21658232.28	5169895.05	0.274993
21658304.42	5169875.04	0.26012
21658376.57	5169855.04	0.210887
21658448.72	5169835.03	0.151653
21658520.86	5169815.02	0.150302
21658593.01	5169795.01	0.14951
21658665.16	5169775	0.225506
21658737.3	5169755	0.231625
21658809.45	5169734.99	0.226631
21658881.6	5169714.98	0.266784
21658953.74	5169694.97	0.183039
21659025.89	5169674.96	0.220678
21659098.04	5169654.96	0.229977
21653273.78	5171346.38	0.116636
21653345.93	5171326.37	0.187018
21653418.07	5171306.36	0.246164
21653490.22	5171286.35	0.269315
21653562.37	5171266.35	0.19019
21653634.51	5171246.34	0.181718
21653706.66	5171226.33	0.164781
21653778.81	5171206.32	0.126611
21653850.96	5171186.31	0.15563
21653923.1	5171166.31	0.242483
21653995.25	5171146.3	0.235879
21654067.4	5171126.29	0.26076
21654139.54	5171106.28	0.288538
21654211.69	5171086.27	0.299986
21654283.84	5171066.27	0.293504
21654355.98	5171046.26	0.275659
21654428.13	5171026.25	0.266122
21654500.28	5171006.24	0.229871
21654572.42	5170986.23	0.204951
21654644.57	5170966.23	0.202307
21654716.72	5170946.22	0.26098
21654788.86	5170926.21	0.23333
21654861.01	5170906.2	0.174107
21654933.16	5170886.19	0.176743
21655005.3	5170866.18	0.211711
21655077.45	5170846.18	0.179411
21655149.6	5170826.17	0.16682
21655221.74	5170806.16	0.158143
21655293.89	5170786.15	0.15517
21655366.04	5170766.14	0.12551
21655438.18	5170746.14	0.0974975
21655510.33	5170726.13	0.143598
21655582.48	5170706.12	0.12412
21655654.62	5170686.11	0
21655726.77	5170666.1	0
21655798.92	5170646.1	0
21655871.06	5170626.09	0
21655943.21	5170606.08	0
21656015.36	5170586.07	0
21656087.5	5170566.06	0.0993753
21656159.65	5170546.06	0.134599
21656231.8	5170526.05	0.0981928
21656303.94	5170506.04	0.120021
21656376.09	5170486.03	0.161222
21656448.24	5170466.02	0.15244
21656520.38	5170446.02	0.11132
21656592.53	5170426.01	0.118605
21656664.68	5170406	0.140744
21656736.82	5170385.99	0.0876924
21656808.97	5170365.98	0.120194
21656881.12	5170345.98	0.197993
21656953.26	5170325.97	0.247915
21657025.41	5170305.96	0.193581
21657097.56	5170285.95	0.140081
21657169.7	5170265.94	0.148767
21657241.85	5170245.94	0.160212
21657314	5170225.93	0.148839
21657386.14	5170205.92	0.146772
21657458.29	5170185.91	0.153262
21657530.44	5170165.9	0.131644
21657602.58	5170145.9	0.125592
21657674.73	5170125.89	0.15978
21657746.88	5170105.88	0.194801
21657819.02	5170085.87	0.177338
21657891.17	5170065.86	0.137184
21657963.32	5170045.85	0.130526
21658035.46	5170025.85	0.138967
21658107.61	5170005.84	0.13853
21658179.76	5169985.83	0.230309
21658251.9	5169965.82	0.27599
21658324.05	5169945.81	0.257546
21658396.2	5169925.81	0.169173
21658468.34	5169905.8	0.161064
21658540.49	5169885.79	0.16247
21658612.64	5169865.78	0.200921
21658684.78	5169845.77	0.246744
21658756.93	5169825.77	0.265668
21658829.08	5169805.76	0.265632
21658901.22	5169785.75	0.259999
21658973.37	5169765.74	0.214249
21659045.52	5169745.73	0.204341
21653293.41	5171417.15	0.094188
21653365.55	5171397.14	0.196805
21653437.7	5171377.13	0.240549
21653509.85	5171357.12	0.196251
21653581.99	5171337.12	0.152371
21653654.14	5171317.11	0.146537
21653726.29	5171297.1	0.139765
21653798.43	5171277.09	0.134161
21653870.58	5171257.08	0.154102
21653942.73	5171237.08	0.14248
21654014.87	5171217.07	0.224163
21654087.02	5171197.06	0.281935
21654159.17	5171177.05	0.290427
21654231.32	5171157.04	0.284496
21654303.46	5171137.04	0.209648
21654375.61	5171117.03	0.221004
21654447.76	5171097.02	0.206095
21654519.9	5171077.01	0.170112
21654592.05	5171057	0.171273
21654664.2	5171037	0.226211
21654736.34	5171016.99	0.242135
21654808.49	5170996.98	0.274032
21654880.64	5170976.97	0.207395
21654952.78	5170956.96	0.188351
21655024.93	5170936.96	0.204478
21655097.08	5170916.95	0.187652
21655169.22	5170896.94	0.156555
21655241.37	5170876.93	0.14788
21655313.52	5170856.92	0.124936
21655385.66	5170836.92	0.132611
21655457.81	5170816.91	0.148303
21655529.96	5170796.9	0.158419
21655602.1	5170776.89	0.137484
21655674.25	5170756.88	0.121938
21655746.4	5170736.88	0
21655818.54	5170716.87	0
21655890.69	5170696.86	0.102128
21655962.84	5170676.85	0
21656034.98	5170656.84	0
21656107.13	5170636.83	0.113217
21656179.28	5170616.83	0.118282
21656251.42	5170596.82	0.0786438
21656323.57	5170576.81	0.108995
21656395.72	5170556.8	0.148437
21656467.86	5170536.79	0.124839
21656540.01	5170516.79	0.116919
21656612.16	5170496.78	0.124028
21656684.3	5170476.77	0.144131
21656756.45	5170456.76	0.134794
21656828.6	5170436.75	0.115754
21656900.74	5170416.75	0.221084
21656972.89	5170396.74	0.155743
21657045.04	5170376.73	0.167996
21657117.18	5170356.72	0.132422
21657189.33	5170336.71	0.131311
21657261.48	5170316.71	0.148416
21657333.62	5170296.7	0.153295
21657405.77	5170276.69	0.140383
21657477.92	5170256.68	0.133963
21657550.06	5170236.67	0.114446
21657622.21	5170216.67	0.144841
21657694.36	5170196.66	0.18821
21657766.5	5170176.65	0.166217
21657838.65	5170156.64	0.168833
21657910.8	5170136.63	0.150074
21657982.94	5170116.63	0.134211
21658055.09	5170096.62	0.131376
21658127.24	5170076.61	0.135415
21658199.38	5170056.6	0.256056
21658271.53	5170036.59	0.279043
21658343.68	5170016.59	0.287826
21658415.82	5169996.58	0.24064
21658487.97	5169976.57	0.178833
21658560.12	5169956.56	0.154955
21658632.26	5169936.55	0.203858
21658704.41	5169916.55	0.264036
21658776.56	5169896.54	0.277437
21658848.7	5169876.53	0.257319
21658920.85	5169856.52	0.229205
21658993	5169836.51	0.203313
21659065.14	5169816.5	0.198745
21653313.03	5171487.92	0.204968
21653385.18	5171467.91	0.198926
21653457.33	5171447.9	0.248636
21653529.47	5171427.9	0.169631
21653601.62	5171407.89	0.146598
21653673.77	5171387.88	0.155567
21653745.91	5171367.87	0.171628
21653818.06	5171347.86	0.169258
21653890.21	5171327.86	0.15563
21653962.35	5171307.85	0.156893
21654034.5	5171287.84	0.225263
21654106.65	5171267.83	0.253582
21654178.79	5171247.82	0.266304
21654250.94	5171227.82	0.253703
21654323.09	5171207.81	0.165369
21654395.23	5171187.8	0.160321
21654467.38	5171167.79	0.175819
21654539.53	5171147.78	0.142623
21654611.67	5171127.77	0.215372
21654683.82	5171107.77	0.209986
21654755.97	5171087.76	0.275421
21654828.12	5171067.75	0.221251
21654900.26	5171047.74	0.199894
21654972.41	5171027.73	0.214082
21655044.56	5171007.73	0.166976
21655116.7	5170987.72	0.181142
21655188.85	5170967.71	0.153921
21655261	5170947.7	0.130278
21655333.14	5170927.69	0.118636
21655405.29	5170907.69	0.150827
21655477.44	5170887.68	0.167806
21655549.58	5170867.67	0.145222
21655621.73	5170847.66	0.11531
21655693.88	5170827.65	0.159008
21655766.02	5170807.65	0.0783122
21655838.17	5170787.64	0.0880093
21655910.32	5170767.63	0.132474
21655982.46	5170747.62	0.145096
21656054.61	5170727.61	0.117408
21656126.76	5170707.61	0.130482
21656198.9	5170687.6	0.191011
21656271.05	5170667.59	0.0945449
21656343.2	5170647.58	0.10987
21656415.34	5170627.57	0.150721
21656487.49	5170607.57	0.164147
21656559.64	5170587.56	0.128061
21656631.78	5170567.55	0.140404
21656703.93	5170547.54	0.161662
21656776.08	5170527.53	0.130621
21656848.22	5170507.53	0.114702
21656920.37	5170487.52	0.208459
21656992.52	5170467.51	0.148111
21657064.66	5170447.5	0.134296
21657136.81	5170427.49	0.136519
21657208.96	5170407.48	0.132589
21657281.1	5170387.48	0.12707
21657353.25	5170367.47	0.115182
21657425.4	5170347.46	0.129748
21657497.54	5170327.45	0.162032
21657569.69	5170307.44	0.147464
21657641.84	5170287.44	0.141534
21657713.98	5170267.43	0.213596
21657786.13	5170247.42	0.186289
21657858.28	5170227.41	0.223104
21657930.42	5170207.4	0.173764
21658002.57	5170187.4	0.143708
21658074.72	5170167.39	0.132523
21658146.86	5170147.38	0.177353
21658219.01	5170127.37	0.270495
21658291.16	5170107.36	0.270559
21658363.3	5170087.36	0.283311
21658435.45	5170067.35	0.267126
21658507.6	5170047.34	0.243233
21658579.74	5170027.33	0.232559
21658651.89	5170007.32	0.265828
21658724.04	5169987.32	0.274309
21658796.18	5169967.31	0.260793
21658868.33	5169947.3	0.187959
21658940.48	5169927.29	0.163465
21659012.62	5169907.28	0.160398
21659084.77	5169887.28	0.167761
21653260.51	5171578.7	0.228336
21653332.66	5171558.69	0.188822
21653404.81	5171538.68	0.197562
21653476.95	5171518.67	0.231414
21653549.1	5171498.67	0.186073
21653621.25	5171478.66	0.168102
21653693.39	5171458.65	0.191284
21653765.54	5171438.64	0.198853
21653837.69	5171418.63	0.239947
21653909.83	5171398.63	0.220326
21653981.98	5171378.62	0.174908
21654054.13	5171358.61	0.249336
21654126.27	5171338.6	0.239776
21654198.42	5171318.59	0.274705
21654270.57	5171298.59	0.245087
21654342.71	5171278.58	0.159314
21654414.86	5171258.57	0.165422
21654487.01	5171238.56	0.195917
21654559.15	5171218.55	0.199869
21654631.3	5171198.55	0.179102
21654703.45	5171178.54	0.191429
21654775.59	5171158.53	0.271805
21654847.74	5171138.52	0.251542
21654919.89	5171118.51	0.213069
21654992.04	5171098.51	0.189525
21655064.18	5171078.5	0.19899
21655136.33	5171058.49	0.232715
21655208.48	5171038.48	0.175631
21655280.62	5171018.47	0.11346
21655352.77	5170998.47	0.115226
21655424.92	5170978.46	0.132259
21655497.06	5170958.45	0.147514
21655569.21	5170938.44	0.130312
21655641.36	5170918.43	0.119958
21655713.5	5170898.42	0.103952
21655785.65	5170878.42	0.114126
21655857.8	5170858.41	0.131428
21655929.94	5170838.4	0.171349
21656002.09	5170818.39	0.127353
21656074.24	5170798.38	0.132076
21656146.38	5170778.38	0.184127
21656218.53	5170758.37	0.208591
21656290.68	5170738.36	0.111188
21656362.82	5170718.35	0.0925017
21656434.97	5170698.34	0.159102
21656507.12	5170678.34	0.158788
21656579.26	5170658.33	0.110649
21656651.41	5170638.32	0.107142
21656723.56	5170618.31	0.144033
21656795.7	5170598.3	0.132265
21656867.85	5170578.3	0.135542
21656940	5170558.29	0.180827
21657012.14	5170538.28	0.151078
21657084.29	5170518.27	0.140284
21657156.44	5170498.26	0.183475
21657228.58	5170478.26	0.168719
21657300.73	5170458.25	0.179293
21657372.88	5170438.24	0.168827
21657445.02	5170418.23	0.150332
21657517.17	5170398.22	0.139971
21657589.32	5170378.22	0.162535
21657661.46	5170358.21	0.167376
21657733.61	5170338.2	0.153535
21657805.76	5170318.19	0.208695
21657877.9	5170298.18	0.211097
21657950.05	5170278.18	0.146553
21658022.2	5170258.17	0.146649
21658094.34	5170238.16	0.207452
21658166.49	5170218.15	0.263273
21658238.64	5170198.14	0.270661
21658310.78	5170178.13	0.271779
21658382.93	5170158.13	0.246718
21658455.08	5170138.12	0.196752
21658527.22	5170118.11	0.259812
21658599.37	5170098.1	0.266532
21658671.52	5170078.09	0.252987
21658743.66	5170058.09	0.266272
21658815.81	5170038.08	0.254521
21658887.96	5170018.07	0.154079
21658960.1	5169998.06	0.11027
21659032.25	5169978.05	0.135261
21659104.4	5169958.05	0.123621
21653280.14	5171649.47	0.219544
21653352.29	5171629.46	0.226986
21653424.43	5171609.45	0.218528
21653496.58	5171589.45	0.229428
21653568.73	5171569.44	0.23973
21653640.87	5171549.43	0.194962
21653713.02	5171529.42	0.221815
21653785.17	5171509.41	0.183236
21653857.31	5171489.4	0.171881
21653929.46	5171469.4	0.176804
21654001.61	5171449.39	0.179614
21654073.75	5171429.38	0.255836
21654145.9	5171409.37	0.254743
21654218.05	5171389.36	0.281738
21654290.19	5171369.36	0.255385
21654362.34	5171349.35	0.184279
21654434.49	5171329.34	0.197215
21654506.63	5171309.33	0.250563
21654578.78	5171289.32	0.203895
21654650.93	5171269.32	0.176412
21654723.07	5171249.31	0.142643
21654795.22	5171229.3	0.216797
21654867.37	5171209.29	0.276202
21654939.51	5171189.28	0.233675
21655011.66	5171169.28	0.174894
21655083.81	5171149.27	0.220511
21655155.95	5171129.26	0.247915
21655228.1	5171109.25	0.207008
21655300.25	5171089.24	0.19641
21655372.39	5171069.24	0.11922
21655444.54	5171049.23	0.0888846
21655516.69	5171029.22	0.103456
21655588.84	5171009.21	0.154825
21655660.98	5170989.2	0.162576
21655733.13	5170969.2	0.141721
21655805.28	5170949.19	0.113227
21655877.42	5170929.18	0.134658
21655949.57	5170909.17	0.174347
21656021.72	5170889.16	0.131327
21656093.86	5170869.16	0.130672
21656166.01	5170849.15	0.143356
21656238.16	5170829.14	0.15767
21656310.3	5170809.13	0.104516
21656382.45	5170789.12	0.104577
21656454.6	5170769.11	0.141544
21656526.74	5170749.11	0.139441
21656598.89	5170729.1	0.120751
21656671.04	5170709.09	0.125182
21656743.18	5170689.08	0.139078
21656815.33	5170669.07	0.140942
21656887.48	5170649.07	0.150149
21656959.62	5170629.06	0.156135
21657031.77	5170609.05	0.241019
21657103.92	5170589.04	0.216996
21657176.06	5170569.03	0.223575
21657248.21	5170549.03	0.249109
21657320.36	5170529.02	0.244823
21657392.5	5170509.01	0.251438
21657464.65	5170489	0.219847
21657536.8	5170468.99	0.148053
21657608.94	5170448.99	0.21908
21657681.09	5170428.98	0.223314
21657753.24	5170408.97	0.191527
21657825.38	5170388.96	0.192862
21657897.53	5170368.95	0.199143
21657969.68	5170348.95	0.145095
21658041.82	5170328.94	0.153093
21658113.97	5170308.93	0.214616
21658186.12	5170288.92	0.261206
21658258.26	5170268.91	0.265129
21658330.41	5170248.91	0.265983
21658402.56	5170228.9	0.256929
21658474.7	5170208.89	0.23472
21658546.85	5170188.88	0.257466
21658619	5170168.87	0.270978
21658691.14	5170148.87	0.25177
21658763.29	5170128.86	0.238322
21658835.44	5170108.85	0.210911
21658907.58	5170088.84	0.118193
21658979.73	5170068.83	0.109201
21659051.88	5170048.83	0.120301
21653299.77	5171720.24	0.248561
21653371.91	5171700.23	0.210464
21653444.06	5171680.22	0.202981
21653516.21	5171660.22	0.246547
21653588.35	5171640.21	0.223167
21653660.5	5171620.2	0.200431
21653732.65	5171600.19	0.233645
21653804.79	5171580.18	0.230022
21653876.94	5171560.18	0.221729
21653949.09	5171540.17	0.252647
21654021.23	5171520.16	0.249326
21654093.38	5171500.15	0.253539
21654165.53	5171480.14	0.252951
21654237.67	5171460.14	0.269632
21654309.82	5171440.13	0.232347
21654381.97	5171420.12	0.201252
21654454.11	5171400.11	0.248748
21654526.26	5171380.1	0.220119
21654598.41	5171360.09	0.20575
21654670.55	5171340.09	0.231974
21654742.7	5171320.08	0.150289
21654814.85	5171300.07	0.178596
21654886.99	5171280.06	0.215936
21654959.14	5171260.05	0.269994
21655031.29	5171240.05	0.231036
21655103.43	5171220.04	0.217915
21655175.58	5171200.03	0.232264
21655247.73	5171180.02	0.249127
21655319.87	5171160.01	0.241957
21655392.02	5171140.01	0.202623
21655464.17	5171120	0.186867
21655536.31	5171099.99	0.170832
21655608.46	5171079.98	0.163409
21655680.61	5171059.97	0.125965
21655752.76	5171039.97	0.152932
21655824.9	5171019.96	0.145543
21655897.05	5170999.95	0.11249
21655969.2	5170979.94	0.141567
21656041.34	5170959.93	0.13498
21656113.49	5170939.93	0.142692
21656185.64	5170919.92	0.147158
21656257.78	5170899.91	0.118664
21656329.93	5170879.9	0.152004
21656402.08	5170859.89	0.135539
21656474.22	5170839.89	0.125494
21656546.37	5170819.88	0.0960892
21656618.52	5170799.87	0.100979
21656690.66	5170779.86	0.131705
21656762.81	5170759.85	0.176593
21656834.96	5170739.85	0.104103
21656907.1	5170719.84	0
21656979.25	5170699.83	0.0984725
21657051.4	5170679.82	0.221727
21657123.54	5170659.81	0.244062
21657195.69	5170639.81	0.208295
21657267.84	5170619.8	0.190462
21657339.98	5170599.79	0.179226
21657412.13	5170579.78	0.202721
21657484.28	5170559.77	0.254347
21657556.42	5170539.76	0.212009
21657628.57	5170519.76	0.222919
21657700.72	5170499.75	0.236219
21657772.86	5170479.74	0.215826
21657845.01	5170459.73	0.160418
21657917.16	5170439.72	0.136219
21657989.3	5170419.72	0.140907
21658061.45	5170399.71	0.157684
21658133.6	5170379.7	0.171218
21658205.74	5170359.69	0.204411
21658277.89	5170339.68	0.279597
21658350.04	5170319.68	0.271396
21658422.18	5170299.67	0.228949
21658494.33	5170279.66	0.248519
21658566.48	5170259.65	0.275288
21658638.62	5170239.64	0.279661
21658710.77	5170219.64	0.275067
21658782.92	5170199.63	0.200547
21658855.06	5170179.62	0.133602
21658927.21	5170159.61	0.122778
21658999.36	5170139.6	0.11152
21659071.5	5170119.6	0.107799
21653247.25	5171811.02	0.239982
21653319.39	5171791.01	0.23935
21653391.54	5171771	0.176107
21653463.69	5171750.99	0.187787
21653535.83	5171730.99	0.189027
21653607.98	5171710.98	0.176069
21653680.13	5171690.97	0.193515
21653752.27	5171670.96	0.205419
21653824.42	5171650.95	0.232258
21653896.57	5171630.95	0.254718
21653968.71	5171610.94	0.279196
21654040.86	5171590.93	0.289521
21654113.01	5171570.92	0.282394
21654185.15	5171550.91	0.268471
21654257.3	5171530.91	0.253107
21654329.45	5171510.9	0.180878
21654401.59	5171490.89	0.176369
21654473.74	5171470.88	0.251785
21654545.89	5171450.87	0.191276
21654618.03	5171430.87	0.208506
21654690.18	5171410.86	0.217885
21654762.33	5171390.85	0.161483
21654834.47	5171370.84	0.149933
21654906.62	5171350.83	0.173746
21654978.77	5171330.83	0.148931
21655050.91	5171310.82	0.225964
21655123.06	5171290.81	0.26488
21655195.21	5171270.8	0.257017
21655267.35	5171250.79	0.254127
21655339.5	5171230.79	0.200102
21655411.65	5171210.78	0.201116
21655483.79	5171190.77	0.233151
21655555.94	5171170.76	0.218741
21655628.09	5171150.75	0.20979
21655700.23	5171130.74	0.166122
21655772.38	5171110.74	0.139506
21655844.53	5171090.73	0.0995395
21655916.67	5171070.72	0.0723359
21655988.82	5171050.71	0.110905
21656060.97	5171030.7	0.126609
21656133.11	5171010.7	0.130129
21656205.26	5170990.69	0.139479
21656277.41	5170970.68	0.150642
21656349.56	5170950.67	0.160561
21656421.7	5170930.66	0.133828
21656493.85	5170910.66	0.100247
21656566	5170890.65	0.105104
21656638.14	5170870.64	0.10348
21656710.29	5170850.63	0.113719
21656782.44	5170830.62	0.138407
21656854.58	5170810.62	0.120489
21656926.73	5170790.61	0
21656998.88	5170770.6	0.101028
21657071.02	5170750.59	0.167953
21657143.17	5170730.58	0.251204
21657215.32	5170710.58	0.165251
21657287.46	5170690.57	0.153794
21657359.61	5170670.56	0.143668
21657431.76	5170650.55	0.179272
21657503.9	5170630.54	0.259418
21657576.05	5170610.54	0.251772
21657648.2	5170590.53	0.20899
21657720.34	5170570.52	0.16089
21657792.49	5170550.51	0.170412
21657864.64	5170530.5	0.131691
21657936.78	5170510.5	0.110282
21658008.93	5170490.49	0.0998158
21658081.08	5170470.48	0.126265
21658153.22	5170450.47	0.143861
21658225.37	5170430.46	0.19634
21658297.52	5170410.46	0.244533
21658369.66	5170390.45	0.245727
21658441.81	5170370.44	0.151953
21658513.96	5170350.43	0.210106
21658586.1	5170330.42	0.271239
21658658.25	5170310.41	0.273602
21658730.4	5170290.41	0.251043
21658802.54	5170270.4	0
21658874.69	5170250.39	0
21658946.84	5170230.38	0.140721
21659018.98	5170210.37	0.108946
21659091.13	5170190.37	0.114453
21653266.87	5171881.79	0.271791
21653339.02	5171861.78	0.210121
21653411.17	5171841.77	0.207569
21653483.31	5171821.77	0.233402
21653555.46	5171801.76	0.254362
21653627.61	5171781.75	0.242575
21653699.75	5171761.74	0.242073
21653771.9	5171741.73	0.241104
21653844.05	5171721.73	0.251267
21653916.19	5171701.72	0.269171
21653988.34	5171681.71	0.282565
21654060.49	5171661.7	0.285222
21654132.63	5171641.69	0.283059
21654204.78	5171621.68	0.247286
21654276.93	5171601.68	0.256279
21654349.07	5171581.67	0.169923
21654421.22	5171561.66	0.182716
21654493.37	5171541.65	0.224387
21654565.51	5171521.64	0.193043
21654637.66	5171501.64	0.174591
21654709.81	5171481.63	0.141595
21654781.95	5171461.62	0.129828
21654854.1	5171441.61	0.136274
21654926.25	5171421.6	0.152837
21654998.39	5171401.6	0.160084
21655070.54	5171381.59	0.197407
21655142.69	5171361.58	0.27296
21655214.83	5171341.57	0.251664
21655286.98	5171321.56	0.254446
21655359.13	5171301.56	0.187719
21655431.27	5171281.55	0.168678
21655503.42	5171261.54	0.208014
21655575.57	5171241.53	0.220311
21655647.71	5171221.52	0.19354
21655719.86	5171201.52	0.14906
21655792.01	5171181.51	0.0738713
21655864.15	5171161.5	0.0432564
21655936.3	5171141.49	0
21656008.45	5171121.48	0
21656080.59	5171101.48	0
21656152.74	5171081.47	0
21656224.89	5171061.46	0.110433
21656297.03	5171041.45	0.14239
21656369.18	5171021.44	0.185107
21656441.33	5171001.44	0.143513
21656513.48	5170981.43	0.136119
21656585.62	5170961.42	0.130756
21656657.77	5170941.41	0.142175
21656729.91	5170921.4	0.139204
21656802.06	5170901.39	0.130679
21656874.21	5170881.39	0.103032
21656946.36	5170861.38	0.0733618
21657018.5	5170841.37	0.106171
21657090.65	5170821.36	0.134664
21657162.8	5170801.35	0.192478
21657234.94	5170781.35	0.127093
21657307.09	5170761.34	0.107686
21657379.24	5170741.33	0.123607
21657451.38	5170721.32	0.194488
21657523.53	5170701.31	0.253936
21657595.68	5170681.31	0.256549
21657667.82	5170661.3	0.127774
21657739.97	5170641.29	0.124046
21657812.12	5170621.28	0.194144
21657884.26	5170601.27	0.132154
21657956.41	5170581.27	0.136803
21658028.56	5170561.26	0.131073
21658100.7	5170541.25	0.125356
21658172.85	5170521.24	0.152503
21658245	5170501.23	0.17881
21658317.14	5170481.23	0.28986
21658389.29	5170461.22	0.260474
21658461.44	5170441.21	0.157118
21658533.58	5170421.2	0.140426
21658605.73	5170401.19	0.190498
21658677.88	5170381.19	0.180566
21658750.02	5170361.18	0.136195
21658822.17	5170341.17	0.147534
21658894.32	5170321.16	0.141776
21658966.46	5170301.15	0.156683
21659038.61	5170281.15	0.17744
21653286.5	5171952.56	0.288263
21653358.65	5171932.55	0.198434
21653430.79	5171912.54	0.20912
21653502.94	5171892.54	0.219173
21653575.09	5171872.53	0.268207
21653647.23	5171852.52	0.259525
21653719.38	5171832.51	0.273567
21653791.53	5171812.5	0.265049
21653863.67	5171792.5	0.274525
21653935.82	5171772.49	0.277626
21654007.97	5171752.48	0.28398
21654080.11	5171732.47	0.269845
21654152.26	5171712.46	0.270484
21654224.41	5171692.46	0.276259
21654296.55	5171672.45	0.263605
21654368.7	5171652.44	0.180594
21654440.85	5171632.43	0.248945
21654512.99	5171612.42	0.216196
21654585.14	5171592.42	0.170278
21654657.29	5171572.41	0.135382
21654729.43	5171552.4	0.116652
21654801.58	5171532.39	0.138466
21654873.73	5171512.38	0.134565
21654945.87	5171492.37	0.145102
21655018.02	5171472.37	0.154499
21655090.17	5171452.36	0.167642
21655162.31	5171432.35	0.264879
21655234.46	5171412.34	0.284824
21655306.61	5171392.33	0.280117
21655378.75	5171372.33	0.210876
21655450.9	5171352.32	0.175818
21655523.05	5171332.31	0.17795
21655595.19	5171312.3	0.172072
21655667.34	5171292.29	0.14102
21655739.49	5171272.29	0.107685
21655811.63	5171252.28	0.0820564
21655883.78	5171232.27	0.0505901
21655955.93	5171212.26	0
21656028.07	5171192.25	0
21656100.22	5171172.25	0
21656172.37	5171152.24	0
21656244.51	5171132.23	0
21656316.66	5171112.22	0.143429
21656388.81	5171092.21	0.162487
21656460.95	5171072.21	0.152371
21656533.1	5171052.2	0.159255
21656605.25	5171032.19	0.167209
21656677.39	5171012.18	0.155192
21656749.54	5170992.17	0.149831
21656821.69	5170972.17	0.134624
21656893.84	5170952.16	0.0953481
21656965.98	5170932.15	0.0922862
21657038.13	5170912.14	0.105277
21657110.27	5170892.13	0.11462
21657182.42	5170872.13	0.155939
21657254.57	5170852.12	0.0802722
21657326.72	5170832.11	0.0848651
21657398.86	5170812.1	0.117749
21657471.01	5170792.09	0.170471
21657543.16	5170772.09	0.226026
21657615.3	5170752.08	0.250691
21657687.45	5170732.07	0.121893
21657759.6	5170712.06	0.121791
21657831.74	5170692.05	0.136231
21657903.89	5170672.04	0.139979
21657976.04	5170652.04	0.150515
21658048.18	5170632.03	0.144788
21658120.33	5170612.02	0.13829
21658192.48	5170592.01	0.168777
21658264.62	5170572	0.228762
21658336.77	5170552	0.30127
21658408.92	5170531.99	0.269312
21658481.06	5170511.98	0.165102
21658553.21	5170491.97	0.155477
21658625.36	5170471.96	0.234645
21658697.5	5170451.96	0.202056
21658769.65	5170431.95	0.121883
21658841.8	5170411.94	0.141394
21658913.94	5170391.93	0.136793
21658986.09	5170371.92	0.147092
21659058.24	5170351.92	0.21151
21653306.13	5172023.33	0.231298
21653378.27	5172003.32	0.208401
21653450.42	5171983.31	0.212792
21653522.57	5171963.31	0.231476
21653594.71	5171943.3	0.247281
21653666.86	5171923.29	0.247487
21653739.01	5171903.28	0.273477
21653811.15	5171883.27	0.283524
21653883.3	5171863.27	0.274955
21653955.45	5171843.26	0.264414
21654027.59	5171823.25	0.277739
21654099.74	5171803.24	0.272547
21654171.89	5171783.23	0.269788
21654244.03	5171763.23	0.276691
21654316.18	5171743.22	0.280289
21654388.33	5171723.21	0.222444
21654460.47	5171703.2	0.268109
21654532.62	5171683.19	0.235966
21654604.77	5171663.19	0.144935
21654676.91	5171643.18	0.114767
21654749.06	5171623.17	0.0923977
21654821.21	5171603.16	0.104457
21654893.35	5171583.15	0.11641
21654965.5	5171563.15	0.13505
21655037.65	5171543.14	0.147264
21655109.79	5171523.13	0.183462
21655181.94	5171503.12	0.283072
21655254.09	5171483.11	0.290691
21655326.23	5171463.11	0.252187
21655398.38	5171443.1	0.203921
21655470.53	5171423.09	0.169608
21655542.67	5171403.08	0.182987
21655614.82	5171383.07	0.172178
21655686.97	5171363.07	0.136617
21655759.11	5171343.06	0.137275
21655831.26	5171323.05	0.116765
21655903.41	5171303.04	0.0935453
21655975.55	5171283.03	0.0542233
21656047.7	5171263.02	0.0649819
21656119.85	5171243.02	0
21656191.99	5171223.01	0.0449836
21656264.14	5171203	0.0466919
21656336.29	5171182.99	0.13294
21656408.43	5171162.98	0.121688
21656480.58	5171142.98	0.125231
21656552.73	5171122.97	0.144046
21656624.87	5171102.96	0.142403
21656697.02	5171082.95	0.147944
21656769.17	5171062.94	0.132896
21656841.31	5171042.94	0.107689
21656913.46	5171022.93	0.0716473
21656985.61	5171002.92	0.0779974
21657057.75	5170982.91	0.0901101
21657129.9	5170962.9	0.0885353
21657202.05	5170942.9	0.124596
21657274.19	5170922.89	0.0698262
21657346.34	5170902.88	0.0738727
21657418.49	5170882.87	0.101595
21657490.64	5170862.86	0.137887
21657562.78	5170842.86	0.187282
21657634.93	5170822.85	0.246115
21657707.08	5170802.84	0.160321
21657779.22	5170782.83	0.187511
21657851.37	5170762.82	0.171996
21657923.52	5170742.82	0.142549
21657995.66	5170722.81	0.14356
21658067.81	5170702.8	0.138854
21658139.96	5170682.79	0.114403
21658212.1	5170662.78	0
21658284.25	5170642.78	0
21658356.4	5170622.77	0
21658428.54	5170602.76	0.252532
21658500.69	5170582.75	0.158805
21658572.84	5170562.74	0.15582
21658644.98	5170542.74	0.281767
21658717.13	5170522.73	0.23881
21658789.28	5170502.72	0.113446
21658861.42	5170482.71	0.126472
21658933.57	5170462.7	0.135159
21659005.72	5170442.69	0.122937
21659077.86	5170422.69	0.167956
21653253.61	5172114.11	0.228081
21653325.75	5172094.1	0.207105
21653397.9	5172074.09	0.206336
21653470.05	5172054.09	0.214265
21653542.19	5172034.08	0.217661
21653614.34	5172014.07	0.244065
21653686.49	5171994.06	0.201253
21653758.63	5171974.05	0.226728
21653830.78	5171954.05	0.273878
21653902.93	5171934.04	0.267684
21653975.07	5171914.03	0.263695
21654047.22	5171894.02	0.269515
21654119.37	5171874.01	0.262582
21654191.51	5171854	0.272368
21654263.66	5171834	0.277331
21654335.81	5171813.99	0.269733
21654407.95	5171793.98	0.236804
21654480.1	5171773.97	0.237298
21654552.25	5171753.96	0.162086
21654624.39	5171733.96	0.10759
21654696.54	5171713.95	0.100655
21654768.69	5171693.94	0.0959559
21654840.83	5171673.93	0.113832
21654912.98	5171653.92	0.126609
21654985.13	5171633.92	0.124447
21655057.27	5171613.91	0.140473
21655129.42	5171593.9	0.163176
21655201.57	5171573.89	0.27666
21655273.71	5171553.88	0.272075
21655345.86	5171533.88	0.23357
21655418.01	5171513.87	0.159138
21655490.15	5171493.86	0.14712
21655562.3	5171473.85	0.209714
21655634.45	5171453.84	0.198927
21655706.59	5171433.84	0.150054
21655778.74	5171413.83	0.130429
21655850.89	5171393.82	0.093788
21655923.03	5171373.81	0.0963344
21655995.18	5171353.8	0.0858819
21656067.33	5171333.8	0.0717225
21656139.47	5171313.79	0.0575562
21656211.62	5171293.78	0.0690184
21656283.77	5171273.77	0.0777687
21656355.91	5171253.76	0
21656428.06	5171233.76	0
21656500.21	5171213.75	0.105438
21656572.35	5171193.74	0.133979
21656644.5	5171173.73	0.127607
21656716.65	5171153.72	0.11262
21656788.79	5171133.72	0.109234
21656860.94	5171113.71	0.0595261
21656933.09	5171093.7	0.0454185
21657005.23	5171073.69	0.0689817
21657077.38	5171053.68	0.0745693
21657149.53	5171033.67	0.0715128
21657221.67	5171013.67	0.0964757
21657293.82	5170993.66	0.0545584
21657365.97	5170973.65	0.0562942
21657438.11	5170953.64	0.0781214
21657510.26	5170933.63	0.109787
21657582.41	5170913.63	0.187827
21657654.55	5170893.62	0.221717
21657726.7	5170873.61	0.20175
21657798.85	5170853.6	0.209333
21657870.99	5170833.59	0.179655
21657943.14	5170813.59	0.16083
21658015.29	5170793.58	0.165059
21658087.44	5170773.57	0.143635
21658159.58	5170753.56	0.110079
21658231.73	5170733.55	0
21658303.88	5170713.55	0
21658376.02	5170693.54	0
21658448.17	5170673.53	0.299769
21658520.32	5170653.52	0.16189
21658592.46	5170633.51	0.182254
21658664.61	5170613.51	0.277641
21658736.76	5170593.5	0.214732
21658808.9	5170573.49	0.128486
21658881.05	5170553.48	0.111868
21658953.2	5170533.47	0.125038
21659025.34	5170513.47	0.124353
21659097.49	5170493.46	0.15381
21653273.23	5172184.88	0.225604
21653345.38	5172164.87	0.22376
21653417.53	5172144.86	0.218878
21653489.67	5172124.86	0.204196
21653561.82	5172104.85	0.220268
21653633.97	5172084.84	0.232204
21653706.11	5172064.83	0.181155
21653778.26	5172044.82	0.17818
21653850.41	5172024.82	0.209959
21653922.55	5172004.81	0.245469
21653994.7	5171984.8	0.259278
21654066.85	5171964.79	0.254065
21654138.99	5171944.78	0.243829
21654211.14	5171924.78	0.249539
21654283.29	5171904.77	0.252016
21654355.43	5171884.76	0.256367
21654427.58	5171864.75	0.223264
21654499.73	5171844.74	0.262113
21654571.87	5171824.74	0.169311
21654644.02	5171804.73	0.114722
21654716.17	5171784.72	0.0892797
21654788.31	5171764.71	0.0912827
21654860.46	5171744.7	0.116107
21654932.61	5171724.7	0.122923
21655004.75	5171704.69	0.13215
21655076.9	5171684.68	0.156671
21655149.05	5171664.67	0.162267
21655221.19	5171644.66	0.277754
21655293.34	5171624.65	0.248179
21655365.49	5171604.65	0.235945
21655437.63	5171584.64	0.192947
21655509.78	5171564.63	0.179919
21655581.93	5171544.62	0.221027
21655654.07	5171524.61	0.177469
21655726.22	5171504.61	0.176758
21655798.37	5171484.6	0.139476
21655870.51	5171464.59	0.111759
21655942.66	5171444.58	0.10333
21656014.81	5171424.57	0.116891
21656086.95	5171404.57	0.0807678
21656159.1	5171384.56	0.061057
21656231.25	5171364.55	0.079894
21656303.39	5171344.54	0.0734621
21656375.54	5171324.53	0.0493533
21656447.69	5171304.53	0.0458953
21656519.83	5171284.52	0.0424875
21656591.98	5171264.51	0.0424883
21656664.13	5171244.5	0.108033
21656736.27	5171224.49	0.104414
21656808.42	5171204.49	0.083561
21656880.57	5171184.48	0.0446451
21656952.71	5171164.47	0.0522018
21657024.86	5171144.46	0.062573
21657097.01	5171124.45	0.0499927
21657169.15	5171104.45	0.063568
21657241.3	5171084.44	0.0928195
21657313.45	5171064.43	0.0511476
21657385.59	5171044.42	0.0589395
21657457.74	5171024.41	0.0720744
21657529.89	5171004.41	0.0819177
21657602.03	5170984.4	0.144953
21657674.18	5170964.39	0.18458
21657746.33	5170944.38	0.171896
21657818.47	5170924.37	0.183972
21657890.62	5170904.36	0.188134
21657962.77	5170884.36	0.15953
21658034.91	5170864.35	0.169334
21658107.06	5170844.34	0.154149
21658179.21	5170824.33	0.124097
21658251.36	5170804.32	0
21658323.5	5170784.32	0
21658395.65	5170764.31	0
21658467.8	5170744.3	0
21658539.94	5170724.29	0
21658612.09	5170704.28	0
21658684.24	5170684.28	0.322464
21658756.38	5170664.27	0.168317
21658828.53	5170644.26	0.09831
21658900.68	5170624.25	0.113361
21658972.82	5170604.24	0.0888265
21659044.97	5170584.24	0.107006
