21653307.22	5170346.33	0.169305
21653379.37	5170326.32	0.162656
21653451.52	5170306.31	0.154458
21653523.66	5170286.3	0.161762
21653595.81	5170266.29	0.16573
21653667.96	5170246.29	0.164025
21653740.1	5170226.28	0.20044
21653812.25	5170206.27	0.217018
21653884.4	5170186.26	0.28702
21653956.54	5170166.25	0.215322
21654028.69	5170146.25	0.224237
21654100.84	5170126.24	0.234276
21654172.98	5170106.23	0.240947
21654245.13	5170086.22	0.244255
21654317.28	5170066.21	0.236238
21654389.42	5170046.21	0.216421
21654461.57	5170026.2	0.195024
21654533.72	5170006.19	0.183117
21654605.86	5169986.18	0.176626
21654678.01	5169966.17	0.165353
21654750.16	5169946.17	0.155336
21654822.31	5169926.16	0.152822
21654894.45	5169906.15	0.140803
21654966.6	5169886.14	0.157912
21655038.75	5169866.13	0
21655110.89	5169846.13	0
21655183.04	5169826.12	0.167877
21655255.19	5169806.11	0.18316
21655327.33	5169786.1	0.185108
21655399.48	5169766.09	0.134709
21653254.7	5170437.11	0.169175
21653326.85	5170417.1	0.150126
21653399	5170397.09	0.158807
21653471.14	5170377.08	0.163149
21653543.29	5170357.07	0.162886
21653615.44	5170337.07	0.15659
21653687.58	5170317.06	0.179969
21653759.73	5170297.05	0.206347
21653831.88	5170277.04	0.220835
21653904.02	5170257.03	0.258819
21653976.17	5170237.03	0.204997
21654048.32	5170217.02	0.204796
21654120.46	5170197.01	0.191627
21654192.61	5170177	0.229404
21654264.76	5170156.99	0.243724
21654336.9	5170136.98	0.249633
21654409.05	5170116.98	0.221393
21654481.2	5170096.97	0.197486
21654553.34	5170076.96	0.17559
21654625.49	5170056.95	0.165119
21654697.64	5170036.94	0.162951
21654769.78	5170016.94	0.15669
21654841.93	5169996.93	0.157842
21654914.08	5169976.92	0.152435
21654986.23	5169956.91	0.154193
21655058.37	5169936.9	0.149463
21655130.52	5169916.9	0
21655202.66	5169896.89	0.183096
21655274.81	5169876.88	0.196684
21655346.96	5169856.87	0.201979
21655419.11	5169836.86	0.142859
21655491.25	5169816.86	0.163232
21655563.4	5169796.85	0.174891
21655635.55	5169776.84	0.175732
21655707.69	5169756.83	0.174683
21655779.84	5169736.82	0.144811
21655851.99	5169716.82	0.147155
21655924.13	5169696.81	0.15208
21655996.28	5169676.8	0.171224
21656068.43	5169656.79	0.144731
21656140.57	5169636.78	0.137524
21656212.72	5169616.78	0.157298
21656284.87	5169596.77	0
21656357.01	5169576.76	0.180268
21656429.16	5169556.75	0.138836
21656501.31	5169536.74	0.140559
21656573.45	5169516.74	0.163128
21656645.6	5169496.73	0.13336
21656717.75	5169476.72	0.112912
21656789.89	5169456.71	0.189977
21656862.04	5169436.7	0.192591
21656934.19	5169416.69	0.170992
21657006.33	5169396.69	0.123189
21657078.48	5169376.68	0.195363
21657150.63	5169356.67	0.222762
21657222.77	5169336.66	0.229117
21657294.92	5169316.65	0.217618
21657367.07	5169296.65	0.190542
21657439.21	5169276.64	0.174184
21657511.36	5169256.63	0.167863
21657583.51	5169236.62	0.13924
21657655.65	5169216.61	0.148453
21657727.8	5169196.61	0.137359
21657799.95	5169176.6	0.121614
21657872.09	5169156.59	0.134579
21657944.24	5169136.58	0.145089
21658016.39	5169116.57	0.136784
21658088.53	5169096.57	0.110288
21658160.68	5169076.56	0.137464
21658232.83	5169056.55	0.197947
21658304.97	5169036.54	0.222722
21658377.12	5169016.53	0.187099
21658449.27	5168996.53	0.162967
21658521.41	5168976.52	0.156417
21658593.56	5168956.51	0.141938
21658665.71	5168936.5	0.143077
21658737.85	5168916.49	0.165057
21658810	5168896.49	0.109437
21658882.15	5168876.48	0.100431
21658954.29	5168856.47	0.105794
21659026.44	5168836.46	0.1149
21659098.59	5168816.45	0.128681
21653274.33	5170507.88	0
21653346.48	5170487.87	0.137771
21653418.62	5170467.86	0.157997
21653490.77	5170447.85	0.175195
21653562.92	5170427.84	0.176545
21653635.06	5170407.84	0.16515
21653707.21	5170387.83	0.168956
21653779.36	5170367.82	0.198451
21653851.5	5170347.81	0.211293
21653923.65	5170327.8	0.25159
21653995.8	5170307.8	0.193837
21654067.94	5170287.79	0.193146
21654140.09	5170267.78	0.209739
21654212.24	5170247.77	0.219944
21654284.38	5170227.76	0.252372
21654356.53	5170207.76	0.237042
21654428.68	5170187.75	0.220096
21654500.82	5170167.74	0.185046
21654572.97	5170147.73	0.162058
21654645.12	5170127.72	0.174752
21654717.26	5170107.72	0.178582
21654789.41	5170087.71	0.16994
21654861.56	5170067.7	0.153492
21654933.7	5170047.69	0.142285
21655005.85	5170027.68	0.141499
21655078	5170007.68	0.140554
21655150.14	5169987.67	0.144184
21655222.29	5169967.66	0.169557
21655294.44	5169947.65	0.20841
21655366.58	5169927.64	0.216012
21655438.73	5169907.63	0.180734
21655510.88	5169887.63	0.192042
21655583.03	5169867.62	0.185719
21655655.17	5169847.61	0.185502
21655727.32	5169827.6	0.181707
21655799.47	5169807.59	0.172807
21655871.61	5169787.59	0.173956
21655943.76	5169767.58	0.16808
21656015.91	5169747.57	0.154561
21656088.05	5169727.56	0.144596
21656160.2	5169707.55	0.129297
21656232.35	5169687.55	0
21656304.49	5169667.54	0.113593
21656376.64	5169647.53	0.174378
21656448.79	5169627.52	0.144677
21656520.93	5169607.51	0.141197
21656593.08	5169587.51	0.164303
21656665.23	5169567.5	0.139846
21656737.37	5169547.49	0.0975085
21656809.52	5169527.48	0.15937
21656881.67	5169507.47	0.164372
21656953.81	5169487.47	0.118347
21657025.96	5169467.46	0.116657
21657098.11	5169447.45	0.164756
21657170.25	5169427.44	0.18445
21657242.4	5169407.43	0.199547
21657314.55	5169387.43	0.20528
21657386.69	5169367.42	0.189118
21657458.84	5169347.41	0.168824
21657530.99	5169327.4	0.107324
21657603.13	5169307.39	0.129577
21657675.28	5169287.39	0.0871385
21657747.43	5169267.38	0.0934446
21657819.57	5169247.37	0.094496
21657891.72	5169227.36	0.0862572
21657963.87	5169207.35	0.111274
21658036.01	5169187.34	0.130768
21658108.16	5169167.34	0.111762
21658180.31	5169147.33	0.129809
21658252.45	5169127.32	0.144228
21658324.6	5169107.31	0.197677
21658396.75	5169087.3	0.159552
21658468.89	5169067.3	0.145605
21658541.04	5169047.29	0.107009
21658613.19	5169027.28	0.156945
21658685.33	5169007.27	0.16553
21658757.48	5168987.26	0.154317
21658829.63	5168967.26	0.108453
21658901.77	5168947.25	0.0988292
21658973.92	5168927.24	0.110961
21659046.07	5168907.23	0.113873
21653293.96	5170578.65	0
21653366.1	5170558.64	0
21653438.25	5170538.63	0.167936
21653510.4	5170518.62	0.181788
21653582.54	5170498.61	0.171064
21653654.69	5170478.61	0.173016
21653726.84	5170458.6	0.169735
21653798.98	5170438.59	0.207585
21653871.13	5170418.58	0.24427
21653943.28	5170398.57	0.219869
21654015.42	5170378.57	0.198482
21654087.57	5170358.56	0.207144
21654159.72	5170338.55	0.204568
21654231.86	5170318.54	0.203616
21654304.01	5170298.53	0.221251
21654376.16	5170278.53	0.194778
21654448.3	5170258.52	0.185407
21654520.45	5170238.51	0.173882
21654592.6	5170218.5	0.163827
21654664.74	5170198.49	0.190741
21654736.89	5170178.49	0.177743
21654809.04	5170158.48	0.177747
21654881.18	5170138.47	0.163763
21654953.33	5170118.46	0.164637
21655025.48	5170098.45	0.155171
21655097.62	5170078.45	0.143589
21655169.77	5170058.44	0.130496
21655241.92	5170038.43	0.177575
21655314.06	5170018.42	0.192096
21655386.21	5169998.41	0.180211
21655458.36	5169978.41	0.19531
21655530.5	5169958.4	0.210666
21655602.65	5169938.39	0.200791
21655674.8	5169918.38	0.189221
21655746.95	5169898.37	0.182227
21655819.09	5169878.37	0.17299
21655891.24	5169858.36	0.186592
21655963.38	5169838.35	0.180983
21656035.53	5169818.34	0.155433
21656107.68	5169798.33	0
21656179.83	5169778.32	0
21656251.97	5169758.32	0.0827553
21656324.12	5169738.31	0.107999
21656396.27	5169718.3	0.180971
21656468.41	5169698.29	0.162039
21656540.56	5169678.28	0.123342
21656612.71	5169658.28	0.137644
21656684.85	5169638.27	0.175421
21656757	5169618.26	0.176229
21656829.15	5169598.25	0.171294
21656901.29	5169578.24	0.192316
21656973.44	5169558.24	0.119729
21657045.59	5169538.23	0.129093
21657117.73	5169518.22	0.178396
21657189.88	5169498.21	0.160911
21657262.03	5169478.2	0.156226
21657334.17	5169458.2	0.18976
21657406.32	5169438.19	0.192188
21657478.47	5169418.18	0.16603
21657550.61	5169398.17	0.151953
21657622.76	5169378.16	0.143321
21657694.91	5169358.16	0.113892
21657767.05	5169338.15	0.107979
21657839.2	5169318.14	0.103179
21657911.35	5169298.13	0.0887096
21657983.49	5169278.12	0.127674
21658055.64	5169258.12	0.155863
21658127.79	5169238.11	0.136317
21658199.93	5169218.1	0.143369
21658272.08	5169198.09	0.149456
21658344.23	5169178.08	0.151663
21658416.37	5169158.08	0.128869
21658488.52	5169138.07	0.131056
21658560.67	5169118.06	0.141719
21658632.81	5169098.05	0.168942
21658704.96	5169078.04	0.155333
21658777.11	5169058.03	0.163653
21658849.25	5169038.03	0.155228
21658921.4	5169018.02	0.148663
21658993.55	5168998.01	0.145985
21659065.69	5168978	0.151741
21653313.58	5170649.42	0.11423
21653385.73	5170629.41	0.142477
21653457.88	5170609.4	0.149487
21653530.02	5170589.39	0.173625
21653602.17	5170569.39	0.175312
21653674.32	5170549.38	0.171771
21653746.46	5170529.37	0.195447
21653818.61	5170509.36	0.215522
21653890.76	5170489.35	0.25557
21653962.9	5170469.35	0.201854
21654035.05	5170449.34	0.197916
21654107.2	5170429.33	0.204103
21654179.34	5170409.32	0.197547
21654251.49	5170389.31	0.185766
21654323.64	5170369.3	0.179371
21654395.78	5170349.3	0.171593
21654467.93	5170329.29	0.167112
21654540.08	5170309.28	0.177057
21654612.22	5170289.27	0.187011
21654684.37	5170269.26	0.22658
21654756.52	5170249.26	0.20568
21654828.66	5170229.25	0.19505
21654900.81	5170209.24	0.191713
21654972.96	5170189.23	0.188409
21655045.1	5170169.22	0.175306
21655117.25	5170149.22	0.166695
21655189.4	5170129.21	0.160434
21655261.54	5170109.2	0.186392
21655333.69	5170089.19	0.1938
21655405.84	5170069.18	0.182343
21655477.98	5170049.18	0.151202
21655550.13	5170029.17	0.199832
21655622.28	5170009.16	0.202442
21655694.42	5169989.15	0.203924
21655766.57	5169969.14	0.206878
21655838.72	5169949.14	0.200826
21655910.86	5169929.13	0.181982
21655983.01	5169909.12	0.160983
21656055.16	5169889.11	0.15175
21656127.3	5169869.1	0
21656199.45	5169849.1	0.100723
21656271.6	5169829.09	0.0948703
21656343.75	5169809.08	0.109593
21656415.89	5169789.07	0.175444
21656488.04	5169769.06	0.168203
21656560.19	5169749.06	0.155284
21656632.33	5169729.05	0.146242
21656704.48	5169709.04	0.178787
21656776.63	5169689.03	0.198882
21656848.77	5169669.02	0.196314
21656920.92	5169649.02	0.166219
21656993.07	5169629.01	0.133152
21657065.21	5169609	0.140007
21657137.36	5169588.99	0.171218
21657209.51	5169568.98	0.157293
21657281.65	5169548.97	0.14391
21657353.8	5169528.97	0.157479
21657425.95	5169508.96	0.18191
21657498.09	5169488.95	0.160809
21657570.24	5169468.94	0.135607
21657642.39	5169448.93	0.124583
21657714.53	5169428.93	0.138117
21657786.68	5169408.92	0.143226
21657858.83	5169388.91	0.127735
21657930.97	5169368.9	0.124261
21658003.12	5169348.89	0.151669
21658075.27	5169328.89	0.166733
21658147.41	5169308.88	0.172838
21658219.56	5169288.87	0.150235
21658291.71	5169268.86	0.14502
21658363.85	5169248.85	0.119321
21658436	5169228.85	0.113529
21658508.15	5169208.84	0.119088
21658580.29	5169188.83	0.143278
21658652.44	5169168.82	0.153601
21658724.59	5169148.81	0.156038
21658796.73	5169128.81	0.171287
21658868.88	5169108.8	0.17053
21658941.03	5169088.79	0.164961
21659013.17	5169068.78	0.162863
21659085.32	5169048.77	0.160292
21653261.06	5170740.2	0.107108
21653333.21	5170720.19	0.124998
21653405.36	5170700.18	0.154352
21653477.5	5170680.17	0.157475
21653549.65	5170660.16	0.169841
21653621.8	5170640.16	0.185018
21653693.94	5170620.15	0.189661
21653766.09	5170600.14	0.198697
21653838.24	5170580.13	0.251581
21653910.38	5170560.12	0.189329
21653982.53	5170540.12	0.170098
21654054.68	5170520.11	0.162377
21654126.82	5170500.1	0.178815
21654198.97	5170480.09	0.186141
21654271.12	5170460.08	0.199263
21654343.26	5170440.08	0.172477
21654415.41	5170420.07	0.16538
21654487.56	5170400.06	0.166315
21654559.7	5170380.05	0.200795
21654631.85	5170360.04	0.223407
21654704	5170340.04	0.255335
21654776.14	5170320.03	0.253273
21654848.29	5170300.02	0.187289
21654920.44	5170280.01	0.185704
21654992.58	5170260	0.185881
21655064.73	5170240	0.198788
21655136.88	5170219.99	0.200171
21655209.02	5170199.98	0.178762
21655281.17	5170179.97	0.181906
21655353.32	5170159.96	0.187064
21655425.46	5170139.95	0.180531
21655497.61	5170119.95	0.181148
21655569.76	5170099.94	0.195901
21655641.9	5170079.93	0.208136
21655714.05	5170059.92	0.194811
21655786.2	5170039.91	0.184692
21655858.34	5170019.91	0.194869
21655930.49	5169999.9	0.165661
21656002.64	5169979.89	0.151368
21656074.78	5169959.88	0.162285
21656146.93	5169939.87	0.161029
21656219.08	5169919.87	0.103998
21656291.22	5169899.86	0.100088
21656363.37	5169879.85	0.112405
21656435.52	5169859.84	0.157665
21656507.66	5169839.83	0.166777
21656579.81	5169819.83	0.170904
21656651.96	5169799.82	0.170008
21656724.1	5169779.81	0.171306
21656796.25	5169759.8	0.189789
21656868.4	5169739.79	0.189008
21656940.55	5169719.79	0.182943
21657012.69	5169699.78	0.183178
21657084.84	5169679.77	0.186992
21657156.99	5169659.76	0.166262
21657229.13	5169639.75	0.157665
21657301.28	5169619.75	0.150866
21657373.43	5169599.74	0.15872
21657445.57	5169579.73	0.163865
21657517.72	5169559.72	0.16152
21657589.87	5169539.71	0.147535
21657662.01	5169519.71	0.118386
21657734.16	5169499.7	0.121908
21657806.31	5169479.69	0.140582
21657878.45	5169459.68	0.15261
21657950.6	5169439.67	0.159748
21658022.75	5169419.66	0.155141
21658094.89	5169399.66	0.163719
21658167.04	5169379.65	0.171022
21658239.19	5169359.64	0.14669
21658311.33	5169339.63	0.140042
21658383.48	5169319.62	0.153061
21658455.63	5169299.62	0.13407
21658527.77	5169279.61	0.142972
21658599.92	5169259.6	0.151526
21658672.07	5169239.59	0.154605
21658744.21	5169219.58	0.167591
21658816.36	5169199.58	0.18044
21658888.51	5169179.57	0.170555
21658960.65	5169159.56	0.1593
21659032.8	5169139.55	0.163195
21659104.95	5169119.54	0.163562
21653280.69	5170810.97	0.125264
21653352.84	5170790.96	0.143758
21653424.98	5170770.95	0.162128
21653497.13	5170750.94	0.195198
21653569.28	5170730.93	0.191744
21653641.42	5170710.93	0.200637
21653713.57	5170690.92	0.229574
21653785.72	5170670.91	0.248687
21653857.86	5170650.9	0.204909
21653930.01	5170630.89	0.170156
21654002.16	5170610.89	0.174945
21654074.3	5170590.88	0.169381
21654146.45	5170570.87	0.164348
21654218.6	5170550.86	0.141609
21654290.74	5170530.85	0.196522
21654362.89	5170510.85	0.176653
21654435.04	5170490.84	0.170908
21654507.18	5170470.83	0.169155
21654579.33	5170450.82	0.220737
21654651.48	5170430.81	0.274135
21654723.62	5170410.81	0.235961
21654795.77	5170390.8	0.199838
21654867.92	5170370.79	0.184086
21654940.06	5170350.78	0.174014
21655012.21	5170330.77	0.174952
21655084.36	5170310.77	0.193709
21655156.5	5170290.76	0.19953
21655228.65	5170270.75	0.203093
21655300.8	5170250.74	0.196195
21655372.94	5170230.73	0.189885
21655445.09	5170210.73	0.210598
21655517.24	5170190.72	0.194337
21655589.38	5170170.71	0.2021
21655661.53	5170150.7	0.197472
21655733.68	5170130.69	0.176201
21655805.82	5170110.69	0.179365
21655877.97	5170090.68	0.197228
21655950.12	5170070.67	0.180963
21656022.26	5170050.66	0.16748
21656094.41	5170030.65	0.155289
21656166.56	5170010.65	0.171509
21656238.7	5169990.64	0.138011
21656310.85	5169970.63	0.106827
21656383	5169950.62	0.114277
21656455.14	5169930.61	0.130027
21656527.29	5169910.6	0.170574
21656599.44	5169890.6	0.178423
21656671.58	5169870.59	0.177695
21656743.73	5169850.58	0.171238
21656815.88	5169830.57	0.171185
21656888.02	5169810.56	0.178376
21656960.17	5169790.56	0.176063
21657032.32	5169770.55	0.16525
21657104.47	5169750.54	0.167399
21657176.61	5169730.53	0.164922
21657248.76	5169710.52	0.169649
21657320.91	5169690.52	0.164051
21657393.05	5169670.51	0.161564
21657465.2	5169650.5	0.161398
21657537.35	5169630.49	0.152984
21657609.49	5169610.48	0.126186
21657681.64	5169590.48	0.128426
21657753.79	5169570.47	0.145262
21657825.93	5169550.46	0.148502
21657898.08	5169530.45	0.139849
21657970.23	5169510.44	0.150426
21658042.37	5169490.44	0.154728
21658114.52	5169470.43	0.159001
21658186.67	5169450.42	0.167905
21658258.81	5169430.41	0.146871
21658330.96	5169410.4	0.144245
21658403.11	5169390.4	0.161628
21658475.25	5169370.39	0.174921
21658547.4	5169350.38	0.162635
21658619.55	5169330.37	0.163664
21658691.69	5169310.36	0.167408
21658763.84	5169290.36	0.171513
21658835.99	5169270.35	0.166693
21658908.13	5169250.34	0.180438
21658980.28	5169230.33	0.165819
21659052.43	5169210.32	0.158725
21653300.32	5170881.74	0
21653372.46	5170861.73	0.144549
21653444.61	5170841.72	0.139489
21653516.76	5170821.71	0.194476
21653588.9	5170801.71	0.22138
21653661.05	5170781.7	0.23139
21653733.2	5170761.69	0.225882
21653805.34	5170741.68	0.272167
21653877.49	5170721.67	0.154517
21653949.64	5170701.67	0.18104
21654021.78	5170681.66	0.187963
21654093.93	5170661.65	0.179563
21654166.08	5170641.64	0.168585
21654238.22	5170621.63	0.141942
21654310.37	5170601.63	0.178663
21654382.52	5170581.62	0.229031
21654454.66	5170561.61	0.222152
21654526.81	5170541.6	0.183404
21654598.96	5170521.59	0.184783
21654671.1	5170501.58	0.209571
21654743.25	5170481.58	0.219541
21654815.4	5170461.57	0.244299
21654887.54	5170441.56	0.20755
21654959.69	5170421.55	0.201515
21655031.84	5170401.54	0.228225
21655103.98	5170381.54	0.188251
21655176.13	5170361.53	0.204655
21655248.28	5170341.52	0.209322
21655320.42	5170321.51	0.172968
21655392.57	5170301.5	0.228955
21655464.72	5170281.5	0.204178
21655536.86	5170261.49	0.175404
21655609.01	5170241.48	0.194561
21655681.16	5170221.47	0.206907
21655753.3	5170201.46	0.176289
21655825.45	5170181.46	0.145223
21655897.6	5170161.45	0.167632
21655969.74	5170141.44	0.197322
21656041.89	5170121.43	0.192937
21656114.04	5170101.42	0.183619
21656186.18	5170081.42	0.181074
21656258.33	5170061.41	0.157559
21656330.48	5170041.4	0.139021
21656402.62	5170021.39	0.129638
21656474.77	5170001.38	0.121781
21656546.92	5169981.38	0.122407
21656619.06	5169961.37	0.133279
21656691.21	5169941.36	0.14352
21656763.36	5169921.35	0.160121
21656835.5	5169901.34	0.172614
21656907.65	5169881.34	0.1776
21656979.8	5169861.33	0.183838
21657051.94	5169841.32	0.169308
21657124.09	5169821.31	0.157207
21657196.24	5169801.3	0.157233
21657268.38	5169781.3	0.151098
21657340.53	5169761.29	0.153245
21657412.68	5169741.28	0.162088
21657484.83	5169721.27	0.157611
21657556.97	5169701.26	0.169103
21657629.12	5169681.25	0.175186
21657701.27	5169661.25	0.166138
21657773.41	5169641.24	0.169929
21657845.56	5169621.23	0.150974
21657917.71	5169601.22	0.156313
21657989.85	5169581.21	0.143827
21658062	5169561.21	0.147119
21658134.15	5169541.2	0.146829
21658206.29	5169521.19	0.160091
21658278.44	5169501.18	0.145659
21658350.59	5169481.17	0.146809
21658422.73	5169461.17	0.156808
21658494.88	5169441.16	0.174241
21658567.03	5169421.15	0.156895
21658639.17	5169401.14	0.165879
21658711.32	5169381.13	0.16191
21658783.47	5169361.13	0.16527
21658855.61	5169341.12	0.158346
21658927.76	5169321.11	0.164118
21658999.91	5169301.1	0.170719
21659072.05	5169281.09	0.175782
21653247.8	5170972.52	0.148549
21653319.94	5170952.51	0.13846
21653392.09	5170932.5	0.137876
21653464.24	5170912.49	0.129546
21653536.38	5170892.48	0.155153
21653608.53	5170872.48	0.190802
21653680.68	5170852.47	0.217613
21653752.82	5170832.46	0.221566
21653824.97	5170812.45	0.218629
21653897.12	5170792.44	0.185786
21653969.26	5170772.44	0.182259
21654041.41	5170752.43	0.176934
21654113.56	5170732.42	0.172863
21654185.7	5170712.41	0.154225
21654257.85	5170692.4	0.152285
21654330	5170672.4	0.164767
21654402.14	5170652.39	0.197657
21654474.29	5170632.38	0.207182
21654546.44	5170612.37	0.201543
21654618.58	5170592.36	0.204389
21654690.73	5170572.36	0.189111
21654762.88	5170552.35	0.191492
21654835.02	5170532.34	0.20553
21654907.17	5170512.33	0.201797
21654979.32	5170492.32	0.194586
21655051.46	5170472.32	0.192226
21655123.61	5170452.31	0.186074
21655195.76	5170432.3	0.207962
21655267.9	5170412.29	0.21642
21655340.05	5170392.28	0.198772
21655412.2	5170372.28	0.186954
21655484.34	5170352.27	0.186071
21655556.49	5170332.26	0.192304
21655628.64	5170312.25	0.186939
21655700.78	5170292.24	0.197454
21655772.93	5170272.23	0.201641
21655845.08	5170252.23	0.180681
21655917.22	5170232.22	0.173162
21655989.37	5170212.21	0.184406
21656061.52	5170192.2	0.17985
21656133.66	5170172.19	0.174301
21656205.81	5170152.19	0.170475
21656277.96	5170132.18	0.172623
21656350.1	5170112.17	0.170949
21656422.25	5170092.16	0.163112
21656494.4	5170072.15	0.173299
21656566.54	5170052.15	0.150944
21656638.69	5170032.14	0.129067
21656710.84	5170012.13	0.119306
21656782.98	5169992.12	0.108195
21656855.13	5169972.11	0.165893
21656927.28	5169952.11	0.172407
21656999.42	5169932.1	0.178102
21657071.57	5169912.09	0.172543
21657143.72	5169892.08	0.164286
21657215.86	5169872.07	0.153612
21657288.01	5169852.07	0.134832
21657360.16	5169832.06	0.119608
21657432.3	5169812.05	0.125876
21657504.45	5169792.04	0.129217
21657576.6	5169772.03	0.138449
21657648.74	5169752.03	0.181416
21657720.89	5169732.02	0.184211
21657793.04	5169712.01	0.186662
21657865.18	5169692	0.17162
21657937.33	5169671.99	0.164039
21658009.48	5169651.99	0.167932
21658081.63	5169631.98	0.150507
21658153.77	5169611.97	0.140104
21658225.92	5169591.96	0.157816
21658298.07	5169571.95	0.139052
21658370.21	5169551.94	0.103325
21658442.36	5169531.94	0
21658514.51	5169511.93	0.154257
21658586.65	5169491.92	0.156506
21658658.8	5169471.91	0.173471
21658730.95	5169451.9	0.161137
21658803.09	5169431.9	0.169207
21658875.24	5169411.89	0.156826
21658947.39	5169391.88	0.150327
21659019.53	5169371.87	0.150539
21659091.68	5169351.86	0.164288
21653267.42	5171043.29	0.145239
21653339.57	5171023.28	0.15074
21653411.72	5171003.27	0.123288
21653483.86	5170983.26	0.151527
21653556.01	5170963.26	0.189936
21653628.16	5170943.25	0.18623
21653700.3	5170923.24	0.245202
21653772.45	5170903.23	0.246468
21653844.6	5170883.22	0.196504
21653916.74	5170863.21	0.194225
21653988.89	5170843.21	0.187317
21654061.04	5170823.2	0.17501
21654133.18	5170803.19	0.170527
21654205.33	5170783.18	0.155824
21654277.48	5170763.17	0.154681
21654349.62	5170743.17	0.169017
21654421.77	5170723.16	0.162145
21654493.92	5170703.15	0.196997
21654566.06	5170683.14	0.20479
21654638.21	5170663.13	0.218569
21654710.36	5170643.13	0.207813
21654782.5	5170623.12	0.186745
21654854.65	5170603.11	0.205398
21654926.8	5170583.1	0.221018
21654998.94	5170563.09	0.209347
21655071.09	5170543.09	0.188642
21655143.24	5170523.08	0.192229
21655215.38	5170503.07	0.219842
21655287.53	5170483.06	0.261439
21655359.68	5170463.05	0.217546
21655431.82	5170443.05	0.190435
21655503.97	5170423.04	0.206315
21655576.12	5170403.03	0.217277
21655648.26	5170383.02	0.201523
21655720.41	5170363.01	0.192585
21655792.56	5170343.01	0.190897
21655864.7	5170323	0.192969
21655936.85	5170302.99	0.166759
21656009	5170282.98	0.144808
21656081.14	5170262.97	0.167337
21656153.29	5170242.97	0.172352
21656225.44	5170222.96	0.176651
21656297.58	5170202.95	0.183469
21656369.73	5170182.94	0.165235
21656441.88	5170162.93	0.141211
21656514.02	5170142.93	0.144246
21656586.17	5170122.92	0.172076
21656658.32	5170102.91	0.16444
21656730.46	5170082.9	0.144972
21656802.61	5170062.89	0.1155
21656874.76	5170042.88	0.155739
21656946.9	5170022.88	0.168526
21657019.05	5170002.87	0.173202
21657091.2	5169982.86	0.154948
21657163.34	5169962.85	0.150424
21657235.49	5169942.84	0.141637
21657307.64	5169922.84	0.14634
21657379.78	5169902.83	0.147491
21657451.93	5169882.82	0.138578
21657524.08	5169862.81	0.117781
21657596.22	5169842.8	0.114922
21657668.37	5169822.8	0.158569
21657740.52	5169802.79	0.166415
21657812.66	5169782.78	0.176752
21657884.81	5169762.77	0.180449
21657956.96	5169742.76	0.158457
21658029.1	5169722.76	0.149255
21658101.25	5169702.75	0.0979985
21658173.4	5169682.74	0.122659
21658245.54	5169662.73	0.132095
21658317.69	5169642.72	0.141331
21658389.84	5169622.72	0.100441
21658461.99	5169602.71	0.1039
21658534.13	5169582.7	0.150473
21658606.28	5169562.69	0.15205
21658678.43	5169542.68	0.170686
21658750.57	5169522.68	0.186754
21658822.72	5169502.67	0.17796
21658894.87	5169482.66	0.165111
21658967.01	5169462.65	0.154669
21659039.16	5169442.64	0.154172
21659111.31	5169422.64	0.159275
21653287.05	5171114.06	0.147011
21653359.2	5171094.05	0.140319
21653431.34	5171074.04	0.149341
21653503.49	5171054.03	0.164555
21653575.64	5171034.03	0.21807
21653647.78	5171014.02	0.254769
21653719.93	5170994.01	0.225981
21653792.08	5170974	0.1836
21653864.22	5170953.99	0.188915
21653936.37	5170933.99	0.189641
21654008.52	5170913.98	0.192066
21654080.66	5170893.97	0.174039
21654152.81	5170873.96	0.170396
21654224.96	5170853.95	0.16928
21654297.1	5170833.95	0.166782
21654369.25	5170813.94	0.157458
21654441.4	5170793.93	0.118283
21654513.54	5170773.92	0.153623
21654585.69	5170753.91	0.188483
21654657.84	5170733.91	0.194732
21654729.98	5170713.9	0.211814
21654802.13	5170693.89	0.202418
21654874.28	5170673.88	0.200092
21654946.42	5170653.87	0.194687
21655018.57	5170633.86	0.19737
21655090.72	5170613.86	0.196765
21655162.86	5170593.85	0.208473
21655235.01	5170573.84	0.230804
21655307.16	5170553.83	0.212456
21655379.3	5170533.82	0.19665
21655451.45	5170513.82	0.172814
21655523.6	5170493.81	0.17724
21655595.74	5170473.8	0.173503
21655667.89	5170453.79	0.18273
21655740.04	5170433.78	0.19026
21655812.18	5170413.78	0.181034
21655884.33	5170393.77	0.186608
21655956.48	5170373.76	0.208403
21656028.62	5170353.75	0.214428
21656100.77	5170333.74	0.174432
21656172.92	5170313.74	0.191719
21656245.06	5170293.73	0.194182
21656317.21	5170273.72	0.191086
21656389.36	5170253.71	0.18016
21656461.5	5170233.7	0.14733
21656533.65	5170213.7	0.164254
21656605.8	5170193.69	0.173011
21656677.94	5170173.68	0.176494
21656750.09	5170153.67	0.185449
21656822.24	5170133.66	0.161983
21656894.38	5170113.66	0.15517
21656966.53	5170093.65	0.150523
21657038.68	5170073.64	0.158915
21657110.82	5170053.63	0.167646
21657182.97	5170033.62	0.153342
21657255.12	5170013.62	0.12743
21657327.26	5169993.61	0.136453
21657399.41	5169973.6	0.150272
21657471.56	5169953.59	0.15125
21657543.7	5169933.58	0.116711
21657615.85	5169913.57	0.106145
21657688	5169893.57	0.140136
21657760.14	5169873.56	0.156492
21657832.29	5169853.55	0.155274
21657904.44	5169833.54	0.155878
21657976.58	5169813.53	0.152535
21658048.73	5169793.53	0.153972
21658120.88	5169773.52	0.137382
21658193.02	5169753.51	0.141102
21658265.17	5169733.5	0.141792
21658337.32	5169713.49	0.162801
21658409.46	5169693.49	0.107581
21658481.61	5169673.48	0.110585
21658553.76	5169653.47	0.154871
21658625.91	5169633.46	0.161366
21658698.05	5169613.45	0.169978
21658770.2	5169593.45	0.159451
21658842.35	5169573.44	0.189352
21658914.49	5169553.43	0.171492
21658986.64	5169533.42	0.159055
21659058.79	5169513.41	0.157601
21653306.68	5171184.83	0.173996
21653378.82	5171164.82	0.14745
21653450.97	5171144.81	0.156776
21653523.12	5171124.8	0.150315
21653595.26	5171104.8	0.259957
21653667.41	5171084.79	0.255783
21653739.56	5171064.78	0.167315
21653811.7	5171044.77	0.172275
21653883.85	5171024.76	0.178681
21653956	5171004.76	0.1747
21654028.14	5170984.75	0.187392
21654100.29	5170964.74	0.182498
21654172.44	5170944.73	0.172094
21654244.58	5170924.72	0.171014
21654316.73	5170904.72	0.185448
21654388.88	5170884.71	0.224644
21654461.02	5170864.7	0.149316
21654533.17	5170844.69	0.164586
21654605.32	5170824.68	0.16948
21654677.46	5170804.68	0.147619
21654749.61	5170784.67	0.175711
21654821.76	5170764.66	0.195108
21654893.9	5170744.65	0.196641
21654966.05	5170724.64	0.190278
21655038.2	5170704.64	0.193816
21655110.34	5170684.63	0.210523
21655182.49	5170664.62	0.205768
21655254.64	5170644.61	0.182667
21655326.78	5170624.6	0.179947
21655398.93	5170604.6	0.18757
21655471.08	5170584.59	0.165987
21655543.22	5170564.58	0.172627
21655615.37	5170544.57	0.170959
21655687.52	5170524.56	0.168825
21655759.66	5170504.56	0.193719
21655831.81	5170484.55	0.153001
21655903.96	5170464.54	0.160354
21655976.1	5170444.53	0.203597
21656048.25	5170424.52	0.213634
21656120.4	5170404.51	0.196775
21656192.54	5170384.51	0.206116
21656264.69	5170364.5	0.19869
21656336.84	5170344.49	0.196181
21656408.98	5170324.48	0.178779
21656481.13	5170304.47	0.144534
21656553.28	5170284.47	0.161549
21656625.42	5170264.46	0.16877
21656697.57	5170244.45	0.168099
21656769.72	5170224.44	0.162186
21656841.86	5170204.43	0.169783
21656914.01	5170184.43	0.147044
21656986.16	5170164.42	0.154546
21657058.3	5170144.41	0.150666
21657130.45	5170124.4	0.154415
21657202.6	5170104.39	0.130485
21657274.74	5170084.39	0.113388
21657346.89	5170064.38	0.11804
21657419.04	5170044.37	0.159187
21657491.18	5170024.36	0.155962
21657563.33	5170004.35	0.10728
21657635.48	5169984.35	0.101146
21657707.62	5169964.34	0.117568
21657779.77	5169944.33	0.157295
21657851.92	5169924.32	0.153237
21657924.06	5169904.31	0.134942
21657996.21	5169884.31	0.124168
21658068.36	5169864.3	0.142309
21658140.5	5169844.29	0.138094
21658212.65	5169824.28	0.140118
21658284.8	5169804.27	0.158029
21658356.94	5169784.27	0.143563
21658429.09	5169764.26	0.123571
21658501.24	5169744.25	0.111778
21658573.38	5169724.24	0.132613
21658645.53	5169704.23	0.149226
21658717.68	5169684.22	0.122472
21658789.82	5169664.22	0.124612
21658861.97	5169644.21	0.146325
21658934.12	5169624.2	0.148209
21659006.26	5169604.19	0.156151
21659078.41	5169584.18	0.149258
21653254.15	5171275.61	0.196559
21653326.3	5171255.6	0.195413
21653398.45	5171235.59	0.196634
21653470.6	5171215.58	0.208858
21653542.74	5171195.58	0.250671
21653614.89	5171175.57	0.27133
21653687.04	5171155.56	0.191418
21653759.18	5171135.55	0.161489
21653831.33	5171115.54	0.128838
21653903.48	5171095.54	0.172035
21653975.62	5171075.53	0.171142
21654047.77	5171055.52	0.171365
21654119.92	5171035.51	0.19298
21654192.06	5171015.5	0.191531
21654264.21	5170995.49	0.173491
21654336.36	5170975.49	0.173859
21654408.5	5170955.48	0.19781
21654480.65	5170935.47	0.190232
21654552.8	5170915.46	0.182488
21654624.94	5170895.45	0.168499
21654697.09	5170875.45	0.169518
21654769.24	5170855.44	0.173015
21654841.38	5170835.43	0.196204
21654913.53	5170815.42	0.191522
21654985.68	5170795.41	0.194413
21655057.82	5170775.41	0.188262
21655129.97	5170755.4	0.194693
21655202.12	5170735.39	0.187198
21655274.26	5170715.38	0.178284
21655346.41	5170695.37	0.174728
21655418.56	5170675.37	0.175813
21655490.7	5170655.36	0.177874
21655562.85	5170635.35	0.185348
21655635	5170615.34	0.184141
21655707.14	5170595.33	0.159254
21655779.29	5170575.33	0.167625
21655851.44	5170555.32	0.16269
21655923.58	5170535.31	0.163689
21655995.73	5170515.3	0.166926
21656067.88	5170495.29	0.188287
21656140.02	5170475.29	0.184362
21656212.17	5170455.28	0.183375
21656284.32	5170435.27	0.179232
21656356.46	5170415.26	0.179233
21656428.61	5170395.25	0.156653
21656500.76	5170375.25	0.115145
21656572.9	5170355.24	0.15592
21656645.05	5170335.23	0.174605
21656717.2	5170315.22	0.165164
21656789.34	5170295.21	0.150276
21656861.49	5170275.21	0.155278
21656933.64	5170255.2	0.165205
21657005.78	5170235.19	0.137821
21657077.93	5170215.18	0.112245
21657150.08	5170195.17	0.101151
21657222.22	5170175.16	0.105727
21657294.37	5170155.16	0.107908
21657366.52	5170135.15	0.106993
21657438.66	5170115.14	0.146213
21657510.81	5170095.13	0.143605
21657582.96	5170075.12	0.111142
21657655.1	5170055.12	0.108985
21657727.25	5170035.11	0.104764
21657799.4	5170015.1	0
21657871.54	5169995.09	0.128057
21657943.69	5169975.08	0.112259
21658015.84	5169955.08	0.113855
21658087.98	5169935.07	0.0966656
21658160.13	5169915.06	0.1077
21658232.28	5169895.05	0.105126
21658304.42	5169875.04	0.140749
21658376.57	5169855.04	0.114152
21658448.72	5169835.03	0.11451
21658520.86	5169815.02	0.112735
21658593.01	5169795.01	0.110003
21658665.16	5169775	0.16153
21658737.3	5169755	0.135615
21658809.45	5169734.99	0.158435
21658881.6	5169714.98	0.184119
21658953.74	5169694.97	0.184245
21659025.89	5169674.96	0.191984
21659098.04	5169654.96	0.1685
21653273.78	5171346.38	0.201949
21653345.93	5171326.37	0.205495
21653418.07	5171306.36	0.213422
21653490.22	5171286.35	0.26514
21653562.37	5171266.35	0.266912
21653634.51	5171246.34	0.216821
21653706.66	5171226.33	0.200753
21653778.81	5171206.32	0.147309
21653850.96	5171186.31	0.133518
21653923.1	5171166.31	0.163664
21653995.25	5171146.3	0.162023
21654067.4	5171126.29	0.169239
21654139.54	5171106.28	0.175093
21654211.69	5171086.27	0.177683
21654283.84	5171066.27	0.141827
21654355.98	5171046.26	0.147545
21654428.13	5171026.25	0.186641
21654500.28	5171006.24	0.189036
21654572.42	5170986.23	0.188332
21654644.57	5170966.23	0.182181
21654716.72	5170946.22	0.196737
21654788.86	5170926.21	0.201827
21654861.01	5170906.2	0.206457
21654933.16	5170886.19	0.203465
21655005.3	5170866.18	0.199022
21655077.45	5170846.18	0.188265
21655149.6	5170826.17	0.182345
21655221.74	5170806.16	0.16905
21655293.89	5170786.15	0.159807
21655366.04	5170766.14	0.160526
21655438.18	5170746.14	0.148945
21655510.33	5170726.13	0.137796
21655582.48	5170706.12	0.196775
21655654.62	5170686.11	0.190782
21655726.77	5170666.1	0.159164
21655798.92	5170646.1	0.144611
21655871.06	5170626.09	0.208669
21655943.21	5170606.08	0.202228
21656015.36	5170586.07	0.172754
21656087.5	5170566.06	0.167492
21656159.65	5170546.06	0.170367
21656231.8	5170526.05	0.137766
21656303.94	5170506.04	0.166741
21656376.09	5170486.03	0.189752
21656448.24	5170466.02	0.171493
21656520.38	5170446.02	0.124111
21656592.53	5170426.01	0.112019
21656664.68	5170406	0.127455
21656736.82	5170385.99	0.149398
21656808.97	5170365.98	0.163773
21656881.12	5170345.98	0.156042
21656953.26	5170325.97	0.149338
21657025.41	5170305.96	0.126289
21657097.56	5170285.95	0.108726
21657169.7	5170265.94	0.083808
21657241.85	5170245.94	0
21657314	5170225.93	0
21657386.14	5170205.92	0.110254
21657458.29	5170185.91	0.166665
21657530.44	5170165.9	0.1498
21657602.58	5170145.9	0.125048
21657674.73	5170125.89	0.122548
21657746.88	5170105.88	0.118127
21657819.02	5170085.87	0.136101
21657891.17	5170065.86	0.153308
21657963.32	5170045.85	0.112636
21658035.46	5170025.85	0.103203
21658107.61	5170005.84	0.0939822
21658179.76	5169985.83	0.103336
21658251.9	5169965.82	0.106935
21658324.05	5169945.81	0.115874
21658396.2	5169925.81	0.171182
21658468.34	5169905.8	0.113896
21658540.49	5169885.79	0.100478
21658612.64	5169865.78	0.165738
21658684.78	5169845.77	0.16725
21658756.93	5169825.77	0.157965
21658829.08	5169805.76	0.146295
21658901.22	5169785.75	0.15496
21658973.37	5169765.74	0.188637
21659045.52	5169745.73	0.187745
21653293.41	5171417.15	0.259121
21653365.55	5171397.14	0.138832
21653437.7	5171377.13	0.205015
21653509.85	5171357.12	0.262838
21653581.99	5171337.12	0.225133
21653654.14	5171317.11	0.17115
21653726.29	5171297.1	0.168331
21653798.43	5171277.09	0.15854
21653870.58	5171257.08	0.124204
21653942.73	5171237.08	0.120823
21654014.87	5171217.07	0
21654087.02	5171197.06	0
21654159.17	5171177.05	0.142649
21654231.32	5171157.04	0.146787
21654303.46	5171137.04	0.132862
21654375.61	5171117.03	0.140299
21654447.76	5171097.02	0.185999
21654519.9	5171077.01	0.188189
21654592.05	5171057	0.186259
21654664.2	5171037	0.191175
21654736.34	5171016.99	0.193755
21654808.49	5170996.98	0.202168
21654880.64	5170976.97	0.219134
21654952.78	5170956.96	0.217944
21655024.93	5170936.96	0.188689
21655097.08	5170916.95	0.196667
21655169.22	5170896.94	0.186472
21655241.37	5170876.93	0.172228
21655313.52	5170856.92	0.153498
21655385.66	5170836.92	0.140888
21655457.81	5170816.91	0.158125
21655529.96	5170796.9	0.198223
21655602.1	5170776.89	0.187448
21655674.25	5170756.88	0.160459
21655746.4	5170736.88	0.150394
21655818.54	5170716.87	0.149
21655890.69	5170696.86	0.173114
21655962.84	5170676.85	0.210317
21656034.98	5170656.84	0.147383
21656107.13	5170636.83	0.129468
21656179.28	5170616.83	0.138407
21656251.42	5170596.82	0.157642
21656323.57	5170576.81	0.169667
21656395.72	5170556.8	0.184748
21656467.86	5170536.79	0.160334
21656540.01	5170516.79	0.139613
21656612.16	5170496.78	0
21656684.3	5170476.77	0.104225
21656756.45	5170456.76	0.130769
21656828.6	5170436.75	0.165273
21656900.74	5170416.75	0.163366
21656972.89	5170396.74	0.160676
21657045.04	5170376.73	0.165223
21657117.18	5170356.72	0.108278
21657189.33	5170336.71	0.104684
21657261.48	5170316.71	0
21657333.62	5170296.7	0
21657405.77	5170276.69	0.125512
21657477.92	5170256.68	0.160341
21657550.06	5170236.67	0.141576
21657622.21	5170216.67	0.115573
21657694.36	5170196.66	0.118445
21657766.5	5170176.65	0.126463
21657838.65	5170156.64	0.153005
21657910.8	5170136.63	0.158263
21657982.94	5170116.63	0.110016
21658055.09	5170096.62	0.108715
21658127.24	5170076.61	0.0991064
21658199.38	5170056.6	0.0905066
21658271.53	5170036.59	0.101288
21658343.68	5170016.59	0.141073
21658415.82	5169996.58	0.191789
21658487.97	5169976.57	0.161185
21658560.12	5169956.56	0.113194
21658632.26	5169936.55	0.113946
21658704.41	5169916.55	0.135253
21658776.56	5169896.54	0.120042
21658848.7	5169876.53	0.114885
21658920.85	5169856.52	0.127707
21658993	5169836.51	0.133714
21659065.14	5169816.5	0.13999
21653313.03	5171487.92	0.214492
21653385.18	5171467.91	0.23244
21653457.33	5171447.9	0.238776
21653529.47	5171427.9	0.210969
21653601.62	5171407.89	0.161704
21653673.77	5171387.88	0.145821
21653745.91	5171367.87	0.152039
21653818.06	5171347.86	0.148733
21653890.21	5171327.86	0.116933
21653962.35	5171307.85	0.13982
21654034.5	5171287.84	0.104652
21654106.65	5171267.83	0.0951903
21654178.79	5171247.82	0.14012
21654250.94	5171227.82	0.152565
21654323.09	5171207.81	0.144269
21654395.23	5171187.8	0.157007
21654467.38	5171167.79	0.192443
21654539.53	5171147.78	0.190541
21654611.67	5171127.77	0.178464
21654683.82	5171107.77	0.203451
21654755.97	5171087.76	0.207258
21654828.12	5171067.75	0.181517
21654900.26	5171047.74	0.200896
21654972.41	5171027.73	0.208089
21655044.56	5171007.73	0.163774
21655116.7	5170987.72	0.17988
21655188.85	5170967.71	0.17012
21655261	5170947.7	0.167436
21655333.14	5170927.69	0.143657
21655405.29	5170907.69	0.135135
21655477.44	5170887.68	0.174576
21655549.58	5170867.67	0.209212
21655621.73	5170847.66	0.199716
21655693.88	5170827.65	0.187153
21655766.02	5170807.65	0.172752
21655838.17	5170787.64	0.164149
21655910.32	5170767.63	0.171914
21655982.46	5170747.62	0.179186
21656054.61	5170727.61	0.156976
21656126.76	5170707.61	0.16691
21656198.9	5170687.6	0.176987
21656271.05	5170667.59	0.174214
21656343.2	5170647.58	0.190653
21656415.34	5170627.57	0.20526
21656487.49	5170607.57	0.185633
21656559.64	5170587.56	0.158378
21656631.78	5170567.55	0.129514
21656703.93	5170547.54	0.115676
21656776.08	5170527.53	0.145156
21656848.22	5170507.53	0.186797
21656920.37	5170487.52	0.182398
21656992.52	5170467.51	0.168402
21657064.66	5170447.5	0.161622
21657136.81	5170427.49	0.121969
21657208.96	5170407.48	0
21657281.1	5170387.48	0
21657353.25	5170367.47	0.102675
21657425.4	5170347.46	0.144393
21657497.54	5170327.45	0.164222
21657569.69	5170307.44	0.118784
21657641.84	5170287.44	0.118007
21657713.98	5170267.43	0.128205
21657786.13	5170247.42	0.113353
21657858.28	5170227.41	0.112492
21657930.42	5170207.4	0.169331
21658002.57	5170187.4	0.122278
21658074.72	5170167.39	0.114039
21658146.86	5170147.38	0.1014
21658219.01	5170127.37	0.115422
21658291.16	5170107.36	0.156242
21658363.3	5170087.36	0.167385
21658435.45	5170067.35	0.206862
21658507.6	5170047.34	0.193615
21658579.74	5170027.33	0.113827
21658651.89	5170007.32	0.15146
21658724.04	5169987.32	0.179704
21658796.18	5169967.31	0.11752
21658868.33	5169947.3	0.110245
21658940.48	5169927.29	0.113689
21659012.62	5169907.28	0.11976
21659084.77	5169887.28	0.124668
21653260.51	5171578.7	0.179504
21653332.66	5171558.69	0.193479
21653404.81	5171538.68	0.257521
21653476.95	5171518.67	0.264244
21653549.1	5171498.67	0.20397
21653621.25	5171478.66	0
21653693.39	5171458.65	0.140657
21653765.54	5171438.64	0.160757
21653837.69	5171418.63	0.164728
21653909.83	5171398.63	0.150545
21653981.98	5171378.62	0.162302
21654054.13	5171358.61	0.158566
21654126.27	5171338.6	0.136846
21654198.42	5171318.59	0.159897
21654270.57	5171298.59	0.126578
21654342.71	5171278.58	0.116703
21654414.86	5171258.57	0.179472
21654487.01	5171238.56	0.198843
21654559.15	5171218.55	0.204236
21654631.3	5171198.55	0.200475
21654703.45	5171178.54	0.218426
21654775.59	5171158.53	0.217296
21654847.74	5171138.52	0.188702
21654919.89	5171118.51	0.185201
21654992.04	5171098.51	0.178419
21655064.18	5171078.5	0.16972
21655136.33	5171058.49	0.173188
21655208.48	5171038.48	0.152886
21655280.62	5171018.47	0.158574
21655352.77	5170998.47	0.173528
21655424.92	5170978.46	0.176392
21655497.06	5170958.45	0.182621
21655569.21	5170938.44	0.189639
21655641.36	5170918.43	0.196336
21655713.5	5170898.42	0.195616
21655785.65	5170878.42	0.194263
21655857.8	5170858.41	0.189187
21655929.94	5170838.4	0.168066
21656002.09	5170818.39	0.161589
21656074.24	5170798.38	0.129032
21656146.38	5170778.38	0.173588
21656218.53	5170758.37	0.179875
21656290.68	5170738.36	0.172357
21656362.82	5170718.35	0.177594
21656434.97	5170698.34	0.175947
21656507.12	5170678.34	0.172921
21656579.26	5170658.33	0.16242
21656651.41	5170638.32	0.155677
21656723.56	5170618.31	0.107385
21656795.7	5170598.3	0.104054
21656867.85	5170578.3	0.161849
21656940	5170558.29	0.164093
21657012.14	5170538.28	0.143204
21657084.29	5170518.27	0.164067
21657156.44	5170498.26	0.154519
21657228.58	5170478.26	0.12988
21657300.73	5170458.25	0.141386
21657372.88	5170438.24	0.150829
21657445.02	5170418.23	0.156815
21657517.17	5170398.22	0.156795
21657589.32	5170378.22	0.136767
21657661.46	5170358.21	0.165081
21657733.61	5170338.2	0.22598
21657805.76	5170318.19	0.201836
21657877.9	5170298.18	0.1475
21657950.05	5170278.18	0.128175
21658022.2	5170258.17	0.122656
21658094.34	5170238.16	0.116884
21658166.49	5170218.15	0.122648
21658238.64	5170198.14	0.145825
21658310.78	5170178.13	0.192258
21658382.93	5170158.13	0.185751
21658455.08	5170138.12	0.184724
21658527.22	5170118.11	0.187415
21658599.37	5170098.1	0.148105
21658671.52	5170078.09	0.173516
21658743.66	5170058.09	0.179157
21658815.81	5170038.08	0.138217
21658887.96	5170018.07	0.0985628
21658960.1	5169998.06	0.0869342
21659032.25	5169978.05	0.0942559
21659104.4	5169958.05	0.102041
21653280.14	5171649.47	0.184593
21653352.29	5171629.46	0.206622
21653424.43	5171609.45	0.254313
21653496.58	5171589.45	0.280503
21653568.73	5171569.44	0.189517
21653640.87	5171549.43	0.161345
21653713.02	5171529.42	0.122594
21653785.17	5171509.41	0.161811
21653857.31	5171489.4	0.185523
21653929.46	5171469.4	0.175439
21654001.61	5171449.39	0.172859
21654073.75	5171429.38	0.165864
21654145.9	5171409.37	0.141412
21654218.05	5171389.36	0.16927
21654290.19	5171369.36	0.177196
21654362.34	5171349.35	0.170326
21654434.49	5171329.34	0.182819
21654506.63	5171309.33	0.181093
21654578.78	5171289.32	0.187215
21654650.93	5171269.32	0.20735
21654723.07	5171249.31	0.216193
21654795.22	5171229.3	0.208997
21654867.37	5171209.29	0.186927
21654939.51	5171189.28	0.183016
21655011.66	5171169.28	0.18387
21655083.81	5171149.27	0.170213
21655155.95	5171129.26	0.167539
21655228.1	5171109.25	0.168022
21655300.25	5171089.24	0.168256
21655372.39	5171069.24	0.179805
21655444.54	5171049.23	0.18171
21655516.69	5171029.22	0.180726
21655588.84	5171009.21	0.181354
21655660.98	5170989.2	0.191874
21655733.13	5170969.2	0.192713
21655805.28	5170949.19	0.187106
21655877.42	5170929.18	0.200874
21655949.57	5170909.17	0.198785
21656021.72	5170889.16	0.184246
21656093.86	5170869.16	0.147065
21656166.01	5170849.15	0.177939
21656238.16	5170829.14	0.185561
21656310.3	5170809.13	0.184945
21656382.45	5170789.12	0.190799
21656454.6	5170769.11	0.201167
21656526.74	5170749.11	0.183575
21656598.89	5170729.1	0.17176
21656671.04	5170709.09	0.163979
21656743.18	5170689.08	0.135459
21656815.33	5170669.07	0.0884423
21656887.48	5170649.07	0.122039
21656959.62	5170629.06	0.150743
21657031.77	5170609.05	0.172011
21657103.92	5170589.04	0.164896
21657176.06	5170569.03	0.190928
21657248.21	5170549.03	0.171412
21657320.36	5170529.02	0.170112
21657392.5	5170509.01	0.162719
21657464.65	5170489	0.1606
21657536.8	5170468.99	0.169251
21657608.94	5170448.99	0.17582
21657681.09	5170428.98	0.201105
21657753.24	5170408.97	0.227298
21657825.38	5170388.96	0.188553
21657897.53	5170368.95	0.179888
21657969.68	5170348.95	0.14976
21658041.82	5170328.94	0.126177
21658113.97	5170308.93	0.114521
21658186.12	5170288.92	0.108449
21658258.26	5170268.91	0.161556
21658330.41	5170248.91	0.180394
21658402.56	5170228.9	0.15993
21658474.7	5170208.89	0.148756
21658546.85	5170188.88	0.159969
21658619	5170168.87	0.159366
21658691.14	5170148.87	0.114494
21658763.29	5170128.86	0.148295
21658835.44	5170108.85	0.136465
21658907.58	5170088.84	0.100677
21658979.73	5170068.83	0.0749648
21659051.88	5170048.83	0.074555
21653299.77	5171720.24	0.195224
21653371.91	5171700.23	0.225611
21653444.06	5171680.22	0.302132
21653516.21	5171660.22	0.28331
21653588.35	5171640.21	0.223598
21653660.5	5171620.2	0.196615
21653732.65	5171600.19	0.169957
21653804.79	5171580.18	0.188803
21653876.94	5171560.18	0.225631
21653949.09	5171540.17	0.195838
21654021.23	5171520.16	0.195262
21654093.38	5171500.15	0.17991
21654165.53	5171480.14	0.17753
21654237.67	5171460.14	0.19497
21654309.82	5171440.13	0.187407
21654381.97	5171420.12	0.200028
21654454.11	5171400.11	0.221018
21654526.26	5171380.1	0.181512
21654598.41	5171360.09	0.173618
21654670.55	5171340.09	0.18197
21654742.7	5171320.08	0.20376
21654814.85	5171300.07	0.183647
21654886.99	5171280.06	0.166553
21654959.14	5171260.05	0.180812
21655031.29	5171240.05	0.182224
21655103.43	5171220.04	0.171596
21655175.58	5171200.03	0.166009
21655247.73	5171180.02	0.176874
21655319.87	5171160.01	0.177518
21655392.02	5171140.01	0.169667
21655464.17	5171120	0.194028
21655536.31	5171099.99	0.192312
21655608.46	5171079.98	0.181986
21655680.61	5171059.97	0.188768
21655752.76	5171039.97	0.191133
21655824.9	5171019.96	0.178136
21655897.05	5170999.95	0.21551
21655969.2	5170979.94	0.242239
21656041.34	5170959.93	0.205526
21656113.49	5170939.93	0.15353
21656185.64	5170919.92	0.168092
21656257.78	5170899.91	0.166502
21656329.93	5170879.9	0.191101
21656402.08	5170859.89	0.192424
21656474.22	5170839.89	0.165197
21656546.37	5170819.88	0.12733
21656618.52	5170799.87	0.133695
21656690.66	5170779.86	0.170509
21656762.81	5170759.85	0.155135
21656834.96	5170739.85	0.12014
21656907.1	5170719.84	0.131931
21656979.25	5170699.83	0.143558
21657051.4	5170679.82	0.151879
21657123.54	5170659.81	0.173323
21657195.69	5170639.81	0.170429
21657267.84	5170619.8	0.162668
21657339.98	5170599.79	0.1695
21657412.13	5170579.78	0.184119
21657484.28	5170559.77	0.178383
21657556.42	5170539.76	0.166614
21657628.57	5170519.76	0.142702
21657700.72	5170499.75	0.159932
21657772.86	5170479.74	0.1713
21657845.01	5170459.73	0.162842
21657917.16	5170439.72	0.164985
21657989.3	5170419.72	0.157027
21658061.45	5170399.71	0.101387
21658133.6	5170379.7	0.104806
21658205.74	5170359.69	0.131559
21658277.89	5170339.68	0.149252
21658350.04	5170319.68	0.17449
21658422.18	5170299.67	0.156024
21658494.33	5170279.66	0.146812
21658566.48	5170259.65	0.164263
21658638.62	5170239.64	0.154217
21658710.77	5170219.64	0.108979
21658782.92	5170199.63	0.162816
21658855.06	5170179.62	0.127752
21658927.21	5170159.61	0.115359
21658999.36	5170139.6	0.11137
21659071.5	5170119.6	0.0929875
21653247.25	5171811.02	0.179472
21653319.39	5171791.01	0.213515
21653391.54	5171771	0.270489
21653463.69	5171750.99	0.271328
21653535.83	5171730.99	0.233755
21653607.98	5171710.98	0.22879
21653680.13	5171690.97	0.226128
21653752.27	5171670.96	0.197742
21653824.42	5171650.95	0.180566
21653896.57	5171630.95	0.171925
21653968.71	5171610.94	0.180426
21654040.86	5171590.93	0.191423
21654113.01	5171570.92	0.181892
21654185.15	5171550.91	0.1753
21654257.3	5171530.91	0.164232
21654329.45	5171510.9	0.16076
21654401.59	5171490.89	0.160881
21654473.74	5171470.88	0.17972
21654545.89	5171450.87	0.169841
21654618.03	5171430.87	0.154284
21654690.18	5171410.86	0.157091
21654762.33	5171390.85	0.165671
21654834.47	5171370.84	0.164974
21654906.62	5171350.83	0.15938
21654978.77	5171330.83	0.154967
21655050.91	5171310.82	0.171883
21655123.06	5171290.81	0.188181
21655195.21	5171270.8	0.183492
21655267.35	5171250.79	0.179672
21655339.5	5171230.79	0.174844
21655411.65	5171210.78	0.168781
21655483.79	5171190.77	0.172273
21655555.94	5171170.76	0.180251
21655628.09	5171150.75	0.191454
21655700.23	5171130.74	0.200242
21655772.38	5171110.74	0.19814
21655844.53	5171090.73	0.189286
21655916.67	5171070.72	0.197208
21655988.82	5171050.71	0.215074
21656060.97	5171030.7	0.210023
21656133.11	5171010.7	0.154143
21656205.26	5170990.69	0.192662
21656277.41	5170970.68	0.20304
21656349.56	5170950.67	0.210875
21656421.7	5170930.66	0.198763
21656493.85	5170910.66	0.162152
21656566	5170890.65	0.15389
21656638.14	5170870.64	0.16877
21656710.29	5170850.63	0.141639
21656782.44	5170830.62	0.166282
21656854.58	5170810.62	0.180575
21656926.73	5170790.61	0.163492
21656998.88	5170770.6	0.150985
21657071.02	5170750.59	0.146874
21657143.17	5170730.58	0.166088
21657215.32	5170710.58	0.167366
21657287.46	5170690.57	0.170061
21657359.61	5170670.56	0.17678
21657431.76	5170650.55	0.191953
21657503.9	5170630.54	0.188105
21657576.05	5170610.54	0.181493
21657648.2	5170590.53	0.158042
21657720.34	5170570.52	0.146269
21657792.49	5170550.51	0.133841
21657864.64	5170530.5	0.157949
21657936.78	5170510.5	0.161286
21658008.93	5170490.49	0.119473
21658081.08	5170470.48	0.126595
21658153.22	5170450.47	0.162378
21658225.37	5170430.46	0.177176
21658297.52	5170410.46	0.172072
21658369.66	5170390.45	0.169751
21658441.81	5170370.44	0.145045
21658513.96	5170350.43	0.14014
21658586.1	5170330.42	0.157235
21658658.25	5170310.41	0.137437
21658730.4	5170290.41	0.138172
21658802.54	5170270.4	0.185806
21658874.69	5170250.39	0.166315
21658946.84	5170230.38	0.148105
21659018.98	5170210.37	0.127409
21659091.13	5170190.37	0.113587
21653266.87	5171881.79	0.189261
21653339.02	5171861.78	0.245922
21653411.17	5171841.77	0.251224
21653483.31	5171821.77	0.235799
21653555.46	5171801.76	0.246654
21653627.61	5171781.75	0.257593
21653699.75	5171761.74	0.24066
21653771.9	5171741.73	0.219346
21653844.05	5171721.73	0.195992
21653916.19	5171701.72	0.187079
21653988.34	5171681.71	0.184323
21654060.49	5171661.7	0.183093
21654132.63	5171641.69	0.182079
21654204.78	5171621.68	0.16773
21654276.93	5171601.68	0.157334
21654349.07	5171581.67	0.14964
21654421.22	5171561.66	0.149144
21654493.37	5171541.65	0.152787
21654565.51	5171521.64	0.135078
21654637.66	5171501.64	0.134354
21654709.81	5171481.63	0.12763
21654781.95	5171461.62	0.148905
21654854.1	5171441.61	0.15375
21654926.25	5171421.6	0.160695
21654998.39	5171401.6	0.162233
21655070.54	5171381.59	0.168656
21655142.69	5171361.58	0.180196
21655214.83	5171341.57	0.19094
21655286.98	5171321.56	0.184361
21655359.13	5171301.56	0.180442
21655431.27	5171281.55	0.176464
21655503.42	5171261.54	0.178767
21655575.57	5171241.53	0.195399
21655647.71	5171221.52	0.19407
21655719.86	5171201.52	0.194625
21655792.01	5171181.51	0.189293
21655864.15	5171161.5	0.182621
21655936.3	5171141.49	0.200842
21656008.45	5171121.48	0.214622
21656080.59	5171101.48	0.18494
21656152.74	5171081.47	0.158564
21656224.89	5171061.46	0.22681
21656297.03	5171041.45	0.243437
21656369.18	5171021.44	0.25223
21656441.33	5171001.44	0.219212
21656513.48	5170981.43	0.183238
21656585.62	5170961.42	0.168271
21656657.77	5170941.41	0.179774
21656729.91	5170921.4	0.17157
21656802.06	5170901.39	0.1443
21656874.21	5170881.39	0.172554
21656946.36	5170861.38	0.168431
21657018.5	5170841.37	0.160892
21657090.65	5170821.36	0.152787
21657162.8	5170801.35	0.150657
21657234.94	5170781.35	0.158813
21657307.09	5170761.34	0.1664
21657379.24	5170741.33	0.177958
21657451.38	5170721.32	0.19433
21657523.53	5170701.31	0.203281
21657595.68	5170681.31	0.190635
21657667.82	5170661.3	0.162461
21657739.97	5170641.29	0.146854
21657812.12	5170621.28	0.154908
21657884.26	5170601.27	0.171944
21657956.41	5170581.27	0.170802
21658028.56	5170561.26	0.133285
21658100.7	5170541.25	0.177358
21658172.85	5170521.24	0.205158
21658245	5170501.23	0.235208
21658317.14	5170481.23	0.216707
21658389.29	5170461.22	0.184014
21658461.44	5170441.21	0.176558
21658533.58	5170421.2	0.151574
21658605.73	5170401.19	0.14721
21658677.88	5170381.19	0.172211
21658750.02	5170361.18	0.191215
21658822.17	5170341.17	0.184754
21658894.32	5170321.16	0.183088
21658966.46	5170301.15	0.185862
21659038.61	5170281.15	0.195853
21653286.5	5171952.56	0.213159
21653358.65	5171932.55	0.285487
21653430.79	5171912.54	0.265675
21653502.94	5171892.54	0.260614
21653575.09	5171872.53	0.264609
21653647.23	5171852.52	0.26949
21653719.38	5171832.51	0.248238
21653791.53	5171812.5	0.226622
21653863.67	5171792.5	0.214771
21653935.82	5171772.49	0.201908
21654007.97	5171752.48	0.197095
21654080.11	5171732.47	0.188502
21654152.26	5171712.46	0.181061
21654224.41	5171692.46	0.175136
21654296.55	5171672.45	0.169797
21654368.7	5171652.44	0.166864
21654440.85	5171632.43	0.159358
21654512.99	5171612.42	0.163485
21654585.14	5171592.42	0.145979
21654657.29	5171572.41	0.131112
21654729.43	5171552.4	0.140037
21654801.58	5171532.39	0.146309
21654873.73	5171512.38	0.144832
21654945.87	5171492.37	0.152241
21655018.02	5171472.37	0.15643
21655090.17	5171452.36	0.160615
21655162.31	5171432.35	0.169141
21655234.46	5171412.34	0.174178
21655306.61	5171392.33	0.184313
21655378.75	5171372.33	0.190172
21655450.9	5171352.32	0.184732
21655523.05	5171332.31	0.183015
21655595.19	5171312.3	0.185118
21655667.34	5171292.29	0.186419
21655739.49	5171272.29	0.177166
21655811.63	5171252.28	0.17997
21655883.78	5171232.27	0.184212
21655955.93	5171212.26	0.193566
21656028.07	5171192.25	0.205426
21656100.22	5171172.25	0.181359
21656172.37	5171152.24	0.186322
21656244.51	5171132.23	0.224561
21656316.66	5171112.22	0.240333
21656388.81	5171092.21	0.249289
21656460.95	5171072.21	0.230235
21656533.1	5171052.2	0.206395
21656605.25	5171032.19	0.193181
21656677.39	5171012.18	0.185842
21656749.54	5170992.17	0.182792
21656821.69	5170972.17	0.142306
21656893.84	5170952.16	0.163056
21656965.98	5170932.15	0.176681
21657038.13	5170912.14	0.169723
21657110.27	5170892.13	0.162722
21657182.42	5170872.13	0.155933
21657254.57	5170852.12	0.154322
21657326.72	5170832.11	0.166728
21657398.86	5170812.1	0.178849
21657471.01	5170792.09	0.189298
21657543.16	5170772.09	0.191078
21657615.3	5170752.08	0.197753
21657687.45	5170732.07	0.181929
21657759.6	5170712.06	0.15748
21657831.74	5170692.05	0.169013
21657903.89	5170672.04	0.188139
21657976.04	5170652.04	0.18818
21658048.18	5170632.03	0.167249
21658120.33	5170612.02	0.220206
21658192.48	5170592.01	0.195453
21658264.62	5170572	0.211214
21658336.77	5170552	0.206549
21658408.92	5170531.99	0.204702
21658481.06	5170511.98	0.204001
21658553.21	5170491.97	0.185816
21658625.36	5170471.96	0.174217
21658697.5	5170451.96	0.183426
21658769.65	5170431.95	0.195008
21658841.8	5170411.94	0.179296
21658913.94	5170391.93	0.176781
21658986.09	5170371.92	0.191387
21659058.24	5170351.92	0.204745
21653306.13	5172023.33	0.222916
21653378.27	5172003.32	0.289024
21653450.42	5171983.31	0.268116
21653522.57	5171963.31	0.289142
21653594.71	5171943.3	0.266076
21653666.86	5171923.29	0.276698
21653739.01	5171903.28	0.256953
21653811.15	5171883.27	0.238603
21653883.3	5171863.27	0.219435
21653955.45	5171843.26	0.204611
21654027.59	5171823.25	0.201697
21654099.74	5171803.24	0.202177
21654171.89	5171783.23	0.19597
21654244.03	5171763.23	0.188569
21654316.18	5171743.22	0.192554
21654388.33	5171723.21	0.179695
21654460.47	5171703.2	0.167592
21654532.62	5171683.19	0.15858
21654604.77	5171663.19	0.13277
21654676.91	5171643.18	0.126444
21654749.06	5171623.17	0.126297
21654821.21	5171603.16	0.127874
21654893.35	5171583.15	0.133261
21654965.5	5171563.15	0.143242
21655037.65	5171543.14	0.149614
21655109.79	5171523.13	0.158432
21655181.94	5171503.12	0.166027
21655254.09	5171483.11	0.17102
21655326.23	5171463.11	0.183667
21655398.38	5171443.1	0.189988
21655470.53	5171423.09	0.185676
21655542.67	5171403.08	0.177816
21655614.82	5171383.07	0.179544
21655686.97	5171363.07	0.184269
21655759.11	5171343.06	0.184076
21655831.26	5171323.05	0.184939
21655903.41	5171303.04	0.181209
21655975.55	5171283.03	0.191141
21656047.7	5171263.02	0.203333
21656119.85	5171243.02	0.185708
21656191.99	5171223.01	0.154623
21656264.14	5171203	0.223541
21656336.29	5171182.99	0.227771
21656408.43	5171162.98	0.230175
21656480.58	5171142.98	0.220383
21656552.73	5171122.97	0.208863
21656624.87	5171102.96	0.195664
21656697.02	5171082.95	0.188421
21656769.17	5171062.94	0.175072
21656841.31	5171042.94	0.145446
21656913.46	5171022.93	0.172978
21656985.61	5171002.92	0.16923
21657057.75	5170982.91	0.166329
21657129.9	5170962.9	0.157649
21657202.05	5170942.9	0.154811
21657274.19	5170922.89	0.152618
21657346.34	5170902.88	0.160651
21657418.49	5170882.87	0.175147
21657490.64	5170862.86	0.182316
21657562.78	5170842.86	0.191623
21657634.93	5170822.85	0.205691
21657707.08	5170802.84	0.212755
21657779.22	5170782.83	0.210251
21657851.37	5170762.82	0.201044
21657923.52	5170742.82	0.206629
21657995.66	5170722.81	0.203333
21658067.81	5170702.8	0.158145
21658139.96	5170682.79	0.189751
21658212.1	5170662.78	0.185896
21658284.25	5170642.78	0.19285
21658356.4	5170622.77	0.207024
21658428.54	5170602.76	0.22241
21658500.69	5170582.75	0.219723
21658572.84	5170562.74	0.213234
21658644.98	5170542.74	0.204424
21658717.13	5170522.73	0.192411
21658789.28	5170502.72	0.178908
21658861.42	5170482.71	0.177202
21658933.57	5170462.7	0.182046
21659005.72	5170442.69	0.178977
21659077.86	5170422.69	0.199706
21653253.61	5172114.11	0.232354
21653325.75	5172094.1	0.224736
21653397.9	5172074.09	0.256668
21653470.05	5172054.09	0.283101
21653542.19	5172034.08	0.301141
21653614.34	5172014.07	0.302691
21653686.49	5171994.06	0.29613
21653758.63	5171974.05	0.245744
21653830.78	5171954.05	0.233745
21653902.93	5171934.04	0.219454
21653975.07	5171914.03	0.207096
21654047.22	5171894.02	0.206658
21654119.37	5171874.01	0.196785
21654191.51	5171854	0.202963
21654263.66	5171834	0.201857
21654335.81	5171813.99	0.192925
21654407.95	5171793.98	0.182102
21654480.1	5171773.97	0.158976
21654552.25	5171753.96	0.139722
21654624.39	5171733.96	0.118581
21654696.54	5171713.95	0.114758
21654768.69	5171693.94	0.104715
21654840.83	5171673.93	0.130458
21654912.98	5171653.92	0.13853
21654985.13	5171633.92	0.137418
21655057.27	5171613.91	0.148321
21655129.42	5171593.9	0.152951
21655201.57	5171573.89	0.169045
21655273.71	5171553.88	0.174759
21655345.86	5171533.88	0.181294
21655418.01	5171513.87	0.175259
21655490.15	5171493.86	0.175886
21655562.3	5171473.85	0.171738
21655634.45	5171453.84	0.181947
21655706.59	5171433.84	0.189065
21655778.74	5171413.83	0.190052
21655850.89	5171393.82	0.185625
21655923.03	5171373.81	0.187422
21655995.18	5171353.8	0.190923
21656067.33	5171333.8	0.204587
21656139.47	5171313.79	0.169925
21656211.62	5171293.78	0.165554
21656283.77	5171273.77	0.227035
21656355.91	5171253.76	0.215655
21656428.06	5171233.76	0.215911
21656500.21	5171213.75	0.209013
21656572.35	5171193.74	0.209007
21656644.5	5171173.73	0.197379
21656716.65	5171153.72	0.182378
21656788.79	5171133.72	0.171939
21656860.94	5171113.71	0.121325
21656933.09	5171093.7	0.150934
21657005.23	5171073.69	0.163629
21657077.38	5171053.68	0.159736
21657149.53	5171033.67	0.154311
21657221.67	5171013.67	0.147805
21657293.82	5170993.66	0.143857
21657365.97	5170973.65	0.16217
21657438.11	5170953.64	0.191174
21657510.26	5170933.63	0.196792
21657582.41	5170913.63	0.200039
21657654.55	5170893.62	0.202453
21657726.7	5170873.61	0.22132
21657798.85	5170853.6	0.227045
21657870.99	5170833.59	0.220193
21657943.14	5170813.59	0.223748
21658015.29	5170793.58	0.203493
21658087.44	5170773.57	0.156284
21658159.58	5170753.56	0.204313
21658231.73	5170733.55	0.183986
21658303.88	5170713.55	0.199089
21658376.02	5170693.54	0.200405
21658448.17	5170673.53	0.211888
21658520.32	5170653.52	0.228987
21658592.46	5170633.51	0.229737
21658664.61	5170613.51	0.22097
21658736.76	5170593.5	0.200288
21658808.9	5170573.49	0.19205
21658881.05	5170553.48	0.180918
21658953.2	5170533.47	0.184688
21659025.34	5170513.47	0.184143
21659097.49	5170493.46	0.195864
21653273.23	5172184.88	0.232973
21653345.38	5172164.87	0.232074
21653417.53	5172144.86	0.273219
21653489.67	5172124.86	0.308782
21653561.82	5172104.85	0.308694
21653633.97	5172084.84	0.301061
21653706.11	5172064.83	0.281268
21653778.26	5172044.82	0.237058
21653850.41	5172024.82	0.201044
21653922.55	5172004.81	0.20997
21653994.7	5171984.8	0.209141
21654066.85	5171964.79	0.200652
21654138.99	5171944.78	0.192883
21654211.14	5171924.78	0.18738
21654283.29	5171904.77	0.190943
21654355.43	5171884.76	0.192074
21654427.58	5171864.75	0.179154
21654499.73	5171844.74	0.16108
21654571.87	5171824.74	0.145652
21654644.02	5171804.73	0.126293
21654716.17	5171784.72	0.112817
21654788.31	5171764.71	0.110993
21654860.46	5171744.7	0.136052
21654932.61	5171724.7	0.137405
21655004.75	5171704.69	0.144541
21655076.9	5171684.68	0.157232
21655149.05	5171664.67	0.163275
21655221.19	5171644.66	0.170029
21655293.34	5171624.65	0.171695
21655365.49	5171604.65	0.185678
21655437.63	5171584.64	0.188627
21655509.78	5171564.63	0.18995
21655581.93	5171544.62	0.191131
21655654.07	5171524.61	0.185504
21655726.22	5171504.61	0.199249
21655798.37	5171484.6	0.195596
21655870.51	5171464.59	0.191537
21655942.66	5171444.58	0.194194
21656014.81	5171424.57	0.195706
21656086.95	5171404.57	0.204313
21656159.1	5171384.56	0.170777
21656231.25	5171364.55	0.181212
21656303.39	5171344.54	0.222173
21656375.54	5171324.53	0.201989
21656447.69	5171304.53	0.200513
21656519.83	5171284.52	0.212628
21656591.98	5171264.51	0.218619
21656664.13	5171244.5	0.205421
21656736.27	5171224.49	0.193589
21656808.42	5171204.49	0.174277
21656880.57	5171184.48	0.132168
21656952.71	5171164.47	0.154775
21657024.86	5171144.46	0.156466
21657097.01	5171124.45	0.164778
21657169.15	5171104.45	0.169911
21657241.3	5171084.44	0.169687
21657313.45	5171064.43	0.162314
21657385.59	5171044.42	0.17962
21657457.74	5171024.41	0.192909
21657529.89	5171004.41	0.194255
21657602.03	5170984.4	0.208976
21657674.18	5170964.39	0.222286
21657746.33	5170944.38	0.220496
21657818.47	5170924.37	0.233321
21657890.62	5170904.36	0.252829
21657962.77	5170884.36	0.254268
21658034.91	5170864.35	0.195411
21658107.06	5170844.34	0.177665
21658179.21	5170824.33	0.222332
21658251.36	5170804.32	0.223348
21658323.5	5170784.32	0.219779
21658395.65	5170764.31	0.209447
21658467.8	5170744.3	0.214505
21658539.94	5170724.29	0.24092
21658612.09	5170704.28	0.236052
21658684.24	5170684.28	0.215116
21658756.38	5170664.27	0.200468
21658828.53	5170644.26	0.197336
21658900.68	5170624.25	0.196921
21658972.82	5170604.24	0.184155
21659044.97	5170584.24	0.180188
