21653307.22	5170346.33	0.0359622
21653379.37	5170326.32	0.0880613
21653451.52	5170306.31	0.0918562
21653523.66	5170286.3	0
21653595.81	5170266.29	0.00473534
21653667.96	5170246.29	0
21653740.1	5170226.28	0
21653812.25	5170206.27	0.0768016
21653884.4	5170186.26	0
21653956.54	5170166.25	0.169639
21654028.69	5170146.25	0
21654100.84	5170126.24	0
21654172.98	5170106.23	0
21654245.13	5170086.22	0
21654317.28	5170066.21	0
21654389.42	5170046.21	0.0230774
21654461.57	5170026.2	0.0526576
21654533.72	5170006.19	0.130697
21654605.86	5169986.18	0.156361
21654678.01	5169966.17	0.187775
21654750.16	5169946.17	0.255871
21654822.31	5169926.16	0.253828
21654894.45	5169906.15	0.294442
21654966.6	5169886.14	0.304906
21655038.75	5169866.13	0.285009
21655110.89	5169846.13	0.204452
21655183.04	5169826.12	0.130633
21655255.19	5169806.11	0.148461
21655327.33	5169786.1	0.203996
21655399.48	5169766.09	0.246011
21653254.7	5170437.11	0.039809
21653326.85	5170417.1	0.043437
21653399	5170397.09	0.184192
21653471.14	5170377.08	0.137785
21653543.29	5170357.07	0
21653615.44	5170337.07	0
21653687.58	5170317.06	0
21653759.73	5170297.05	0.105165
21653831.88	5170277.04	0.102097
21653904.02	5170257.03	0.1087
21653976.17	5170237.03	0.156302
21654048.32	5170217.02	0.14883
21654120.46	5170197.01	0
21654192.61	5170177	0
21654264.76	5170156.99	0
21654336.9	5170136.98	0
21654409.05	5170116.98	0
21654481.2	5170096.97	0
21654553.34	5170076.96	0.100666
21654625.49	5170056.95	0.163819
21654697.64	5170036.94	0.197841
21654769.78	5170016.94	0.250856
21654841.93	5169996.93	0.273005
21654914.08	5169976.92	0.26682
21654986.23	5169956.91	0.247959
21655058.37	5169936.9	0.265111
21655130.52	5169916.9	0.226117
21655202.66	5169896.89	0.142032
21655274.81	5169876.88	0.166883
21655346.96	5169856.87	0.213672
21655419.11	5169836.86	0.24782
21655491.25	5169816.86	0.243102
21655563.4	5169796.85	0.212293
21655635.55	5169776.84	0.166734
21655707.69	5169756.83	0.146403
21655779.84	5169736.82	0.0976038
21655851.99	5169716.82	0
21655924.13	5169696.81	0
21655996.28	5169676.8	0
21656068.43	5169656.79	0
21656140.57	5169636.78	0
21656212.72	5169616.78	0
21656284.87	5169596.77	0
21656357.01	5169576.76	0.121368
21656429.16	5169556.75	0.0695129
21656501.31	5169536.74	0.0928855
21656573.45	5169516.74	0.0656948
21656645.6	5169496.73	0.188805
21656717.75	5169476.72	0.188811
21656789.89	5169456.71	0.14964
21656862.04	5169436.7	0.157682
21656934.19	5169416.69	0.243126
21657006.33	5169396.69	0.187235
21657078.48	5169376.68	0.148278
21657150.63	5169356.67	0.136333
21657222.77	5169336.66	0.207689
21657294.92	5169316.65	0.213118
21657367.07	5169296.65	0.242465
21657439.21	5169276.64	0.207725
21657511.36	5169256.63	0.179556
21657583.51	5169236.62	0.175298
21657655.65	5169216.61	0.215967
21657727.8	5169196.61	0.158144
21657799.95	5169176.6	0.0938462
21657872.09	5169156.59	0.163793
21657944.24	5169136.58	0.195313
21658016.39	5169116.57	0.198094
21658088.53	5169096.57	0.18655
21658160.68	5169076.56	0.164517
21658232.83	5169056.55	0.164523
21658304.97	5169036.54	0.169224
21658377.12	5169016.53	0.170727
21658449.27	5168996.53	0.197474
21658521.41	5168976.52	0.181771
21658593.56	5168956.51	0.192698
21658665.71	5168936.5	0.127235
21658737.85	5168916.49	0.136951
21658810	5168896.49	0.138993
21658882.15	5168876.48	0.213472
21658954.29	5168856.47	0.250751
21659026.44	5168836.46	0.265848
21659098.59	5168816.45	0.278142
21653274.33	5170507.88	0.20582
21653346.48	5170487.87	0.14176
21653418.62	5170467.86	0.203271
21653490.77	5170447.85	0.186746
21653562.92	5170427.84	0
21653635.06	5170407.84	0
21653707.21	5170387.83	0.0816805
21653779.36	5170367.82	0.119264
21653851.5	5170347.81	0.114891
21653923.65	5170327.8	0.120211
21653995.8	5170307.8	0.15178
21654067.94	5170287.79	0.135864
21654140.09	5170267.78	0
21654212.24	5170247.77	0
21654284.38	5170227.76	0
21654356.53	5170207.76	0
21654428.68	5170187.75	0
21654500.82	5170167.74	0
21654572.97	5170147.73	0.156516
21654645.12	5170127.72	0.187479
21654717.26	5170107.72	0.225332
21654789.41	5170087.71	0.236875
21654861.56	5170067.7	0.284631
21654933.7	5170047.69	0.218373
21655005.85	5170027.68	0.264075
21655078	5170007.68	0.271275
21655150.14	5169987.67	0.187121
21655222.29	5169967.66	0.192473
21655294.44	5169947.65	0.17876
21655366.58	5169927.64	0.201015
21655438.73	5169907.63	0.231087
21655510.88	5169887.63	0.233431
21655583.03	5169867.62	0.188694
21655655.17	5169847.61	0.16634
21655727.32	5169827.6	0.132471
21655799.47	5169807.59	0.121759
21655871.61	5169787.59	0.0222172
21655943.76	5169767.58	0
21656015.91	5169747.57	0
21656088.05	5169727.56	0
21656160.2	5169707.55	0
21656232.35	5169687.55	0
21656304.49	5169667.54	0
21656376.64	5169647.53	0.0686015
21656448.79	5169627.52	0.0648309
21656520.93	5169607.51	0.0727607
21656593.08	5169587.51	0
21656665.23	5169567.5	0.0722007
21656737.37	5169547.49	0.176751
21656809.52	5169527.48	0.152242
21656881.67	5169507.47	0.149962
21656953.81	5169487.47	0.190173
21657025.96	5169467.46	0.240308
21657098.11	5169447.45	0.195402
21657170.25	5169427.44	0.232795
21657242.4	5169407.43	0.218496
21657314.55	5169387.43	0.183515
21657386.69	5169367.42	0.193775
21657458.84	5169347.41	0.196485
21657530.99	5169327.4	0.136378
21657603.13	5169307.39	0.192372
21657675.28	5169287.39	0.209722
21657747.43	5169267.38	0.159381
21657819.57	5169247.37	0.148064
21657891.72	5169227.36	0.177438
21657963.87	5169207.35	0.198919
21658036.01	5169187.34	0.200868
21658108.16	5169167.34	0.19704
21658180.31	5169147.33	0.206906
21658252.45	5169127.32	0.197737
21658324.6	5169107.31	0.197264
21658396.75	5169087.3	0.191843
21658468.89	5169067.3	0.176972
21658541.04	5169047.29	0.173323
21658613.19	5169027.28	0.142095
21658685.33	5169007.27	0.12929
21658757.48	5168987.26	0.143093
21658829.63	5168967.26	0.168413
21658901.77	5168947.25	0.215994
21658973.92	5168927.24	0.241367
21659046.07	5168907.23	0.256534
21653293.96	5170578.65	0.260801
21653366.1	5170558.64	0.248671
21653438.25	5170538.63	0.215025
21653510.4	5170518.62	0.18157
21653582.54	5170498.61	0.115468
21653654.69	5170478.61	0
21653726.84	5170458.6	0.136212
21653798.98	5170438.59	0.124296
21653871.13	5170418.58	0.11663
21653943.28	5170398.57	0.103589
21654015.42	5170378.57	0.164029
21654087.57	5170358.56	0.154728
21654159.72	5170338.55	0.0989407
21654231.86	5170318.54	0.0827196
21654304.01	5170298.53	0.0931422
21654376.16	5170278.53	0.169862
21654448.3	5170258.52	0.181718
21654520.45	5170238.51	0.164632
21654592.6	5170218.5	0.153981
21654664.74	5170198.49	0.189645
21654736.89	5170178.49	0.198527
21654809.04	5170158.48	0.263072
21654881.18	5170138.47	0.301581
21654953.33	5170118.46	0.3066
21655025.48	5170098.45	0.296509
21655097.62	5170078.45	0.234982
21655169.77	5170058.44	0.126189
21655241.92	5170038.43	0.110078
21655314.06	5170018.42	0.208185
21655386.21	5169998.41	0.224095
21655458.36	5169978.41	0.257936
21655530.5	5169958.4	0.275888
21655602.65	5169938.39	0.176133
21655674.8	5169918.38	0.174886
21655746.95	5169898.37	0.179171
21655819.09	5169878.37	0.171929
21655891.24	5169858.36	0
21655963.38	5169838.35	0
21656035.53	5169818.34	0
21656107.68	5169798.33	0
21656179.83	5169778.32	0
21656251.97	5169758.32	0
21656324.12	5169738.31	0
21656396.27	5169718.3	0.0417725
21656468.41	5169698.29	0.146207
21656540.56	5169678.28	0
21656612.71	5169658.28	0
21656684.85	5169638.27	0
21656757	5169618.26	0.149668
21656829.15	5169598.25	0.166727
21656901.29	5169578.24	0.140112
21656973.44	5169558.24	0.147901
21657045.59	5169538.23	0.233074
21657117.73	5169518.22	0.252423
21657189.88	5169498.21	0.208911
21657262.03	5169478.2	0.194207
21657334.17	5169458.2	0.162146
21657406.32	5169438.19	0.145863
21657478.47	5169418.18	0.201483
21657550.61	5169398.17	0.211104
21657622.76	5169378.16	0.203362
21657694.91	5169358.16	0.210558
21657767.05	5169338.15	0.168707
21657839.2	5169318.14	0.159333
21657911.35	5169298.13	0.204137
21657983.49	5169278.12	0.185541
21658055.64	5169258.12	0.188963
21658127.79	5169238.11	0.193204
21658199.93	5169218.1	0.216083
21658272.08	5169198.09	0.222577
21658344.23	5169178.08	0.221657
21658416.37	5169158.08	0.22066
21658488.52	5169138.07	0.183394
21658560.67	5169118.06	0.145664
21658632.81	5169098.05	0.081223
21658704.96	5169078.04	0.095453
21658777.11	5169058.03	0.164867
21658849.25	5169038.03	0.206853
21658921.4	5169018.02	0.186851
21658993.55	5168998.01	0.181479
21659065.69	5168978	0.219756
21653313.58	5170649.42	0.25186
21653385.73	5170629.41	0.262094
21653457.88	5170609.4	0.216221
21653530.02	5170589.39	0.170482
21653602.17	5170569.39	0.191643
21653674.32	5170549.38	0.22205
21653746.46	5170529.37	0.215665
21653818.61	5170509.36	0.196011
21653890.76	5170489.35	0.168213
21653962.9	5170469.35	0.16144
21654035.05	5170449.34	0.213847
21654107.2	5170429.33	0.224911
21654179.34	5170409.32	0.157954
21654251.49	5170389.31	0.115291
21654323.64	5170369.3	0.147313
21654395.78	5170349.3	0.204609
21654467.93	5170329.29	0.229502
21654540.08	5170309.28	0.201232
21654612.22	5170289.27	0.186862
21654684.37	5170269.26	0.189708
21654756.52	5170249.26	0.158087
21654828.66	5170229.25	0.24148
21654900.81	5170209.24	0.310581
21654972.96	5170189.23	0.311647
21655045.1	5170169.22	0.267411
21655117.25	5170149.22	0.174617
21655189.4	5170129.21	0.0661899
21655261.54	5170109.2	0.11787
21655333.69	5170089.19	0.170689
21655405.84	5170069.18	0.195453
21655477.98	5170049.18	0.227546
21655550.13	5170029.17	0.227958
21655622.28	5170009.16	0.168161
21655694.42	5169989.15	0.15859
21655766.57	5169969.14	0.149592
21655838.72	5169949.14	0.138452
21655910.86	5169929.13	0
21655983.01	5169909.12	0
21656055.16	5169889.11	0
21656127.3	5169869.1	0
21656199.45	5169849.1	0
21656271.6	5169829.09	0
21656343.75	5169809.08	0
21656415.89	5169789.07	0
21656488.04	5169769.06	0
21656560.19	5169749.06	0
21656632.33	5169729.05	0
21656704.48	5169709.04	0.152418
21656776.63	5169689.03	0.158052
21656848.77	5169669.02	0.165107
21656920.92	5169649.02	0.130098
21656993.07	5169629.01	0.105651
21657065.21	5169609	0.148149
21657137.36	5169588.99	0.209604
21657209.51	5169568.98	0.204514
21657281.65	5169548.97	0.154667
21657353.8	5169528.97	0.165195
21657425.95	5169508.96	0.168356
21657498.09	5169488.95	0.20495
21657570.24	5169468.94	0.197143
21657642.39	5169448.93	0.195887
21657714.53	5169428.93	0.19998
21657786.68	5169408.92	0.189899
21657858.83	5169388.91	0.177368
21657930.97	5169368.9	0.157705
21658003.12	5169348.89	0.159799
21658075.27	5169328.89	0.182515
21658147.41	5169308.88	0.185252
21658219.56	5169288.87	0.203538
21658291.71	5169268.86	0.218627
21658363.85	5169248.85	0.25307
21658436	5169228.85	0.244916
21658508.15	5169208.84	0.200187
21658580.29	5169188.83	0.120557
21658652.44	5169168.82	0.0843649
21658724.59	5169148.81	0.135404
21658796.73	5169128.81	0.192641
21658868.88	5169108.8	0.202885
21658941.03	5169088.79	0.151248
21659013.17	5169068.78	0.148722
21659085.32	5169048.77	0.162726
21653261.06	5170740.2	0.249229
21653333.21	5170720.19	0.222337
21653405.36	5170700.18	0.213598
21653477.5	5170680.17	0.238904
21653549.65	5170660.16	0.220801
21653621.8	5170640.16	0.253305
21653693.94	5170620.15	0.271149
21653766.09	5170600.14	0.213053
21653838.24	5170580.13	0.210519
21653910.38	5170560.12	0.243408
21653982.53	5170540.12	0.231003
21654054.68	5170520.11	0.260811
21654126.82	5170500.1	0.280018
21654198.97	5170480.09	0.262544
21654271.12	5170460.08	0.243155
21654343.26	5170440.08	0.254898
21654415.41	5170420.07	0.254585
21654487.56	5170400.06	0.263375
21654559.7	5170380.05	0.215259
21654631.85	5170360.04	0.211939
21654704	5170340.04	0.206939
21654776.14	5170320.03	0.183316
21654848.29	5170300.02	0.232175
21654920.44	5170280.01	0.25573
21654992.58	5170260	0.271632
21655064.73	5170240	0.220001
21655136.88	5170219.99	0.126711
21655209.02	5170199.98	0.0749071
21655281.17	5170179.97	0
21655353.32	5170159.96	0.131505
21655425.46	5170139.95	0.163312
21655497.61	5170119.95	0.214427
21655569.76	5170099.94	0.228236
21655641.9	5170079.93	0.201887
21655714.05	5170059.92	0.186316
21655786.2	5170039.91	0.19694
21655858.34	5170019.91	0.14311
21655930.49	5169999.9	0.187799
21656002.64	5169979.89	0.117979
21656074.78	5169959.88	0.103726
21656146.93	5169939.87	0.106419
21656219.08	5169919.87	0.106681
21656291.22	5169899.86	0
21656363.37	5169879.85	0
21656435.52	5169859.84	0
21656507.66	5169839.83	0
21656579.81	5169819.83	0
21656651.96	5169799.82	0.130333
21656724.1	5169779.81	0.199279
21656796.25	5169759.8	0.223811
21656868.4	5169739.79	0.226634
21656940.55	5169719.79	0.157885
21657012.69	5169699.78	0.0920496
21657084.84	5169679.77	0
21657156.99	5169659.76	0.19023
21657229.13	5169639.75	0.236122
21657301.28	5169619.75	0.226341
21657373.43	5169599.74	0.17799
21657445.57	5169579.73	0.171523
21657517.72	5169559.72	0.193872
21657589.87	5169539.71	0.187987
21657662.01	5169519.71	0.180348
21657734.16	5169499.7	0.187111
21657806.31	5169479.69	0.173097
21657878.45	5169459.68	0.16447
21657950.6	5169439.67	0.163536
21658022.75	5169419.66	0.147605
21658094.89	5169399.66	0.159691
21658167.04	5169379.65	0.180594
21658239.19	5169359.64	0.211769
21658311.33	5169339.63	0.228105
21658383.48	5169319.62	0.249741
21658455.63	5169299.62	0.246742
21658527.77	5169279.61	0.218302
21658599.92	5169259.6	0.179637
21658672.07	5169239.59	0.158485
21658744.21	5169219.58	0.183257
21658816.36	5169199.58	0.204355
21658888.51	5169179.57	0.176273
21658960.65	5169159.56	0.149649
21659032.8	5169139.55	0.141809
21659104.95	5169119.54	0.142542
21653280.69	5170810.97	0.219275
21653352.84	5170790.96	0.161499
21653424.98	5170770.95	0.174727
21653497.13	5170750.94	0.231642
21653569.28	5170730.93	0.259982
21653641.42	5170710.93	0.261619
21653713.57	5170690.92	0.252773
21653785.72	5170670.91	0.217402
21653857.86	5170650.9	0.263722
21653930.01	5170630.89	0.247252
21654002.16	5170610.89	0.240501
21654074.3	5170590.88	0.216784
21654146.45	5170570.87	0.250255
21654218.6	5170550.86	0.29547
21654290.74	5170530.85	0.304869
21654362.89	5170510.85	0.291966
21654435.04	5170490.84	0.273012
21654507.18	5170470.83	0.261151
21654579.33	5170450.82	0.212563
21654651.48	5170430.81	0.200131
21654723.62	5170410.81	0.219439
21654795.77	5170390.8	0.259408
21654867.92	5170370.79	0.212444
21654940.06	5170350.78	0.215003
21655012.21	5170330.77	0.209078
21655084.36	5170310.77	0.177383
21655156.5	5170290.76	0.188084
21655228.65	5170270.75	0.132764
21655300.8	5170250.74	0.133531
21655372.94	5170230.73	0.15024
21655445.09	5170210.73	0.12334
21655517.24	5170190.72	0.1553
21655589.38	5170170.71	0.192024
21655661.53	5170150.7	0.186997
21655733.68	5170130.69	0.179303
21655805.82	5170110.69	0.191191
21655877.97	5170090.68	0.147213
21655950.12	5170070.67	0.172244
21656022.26	5170050.66	0.14055
21656094.41	5170030.65	0.150846
21656166.56	5170010.65	0.141121
21656238.7	5169990.64	0.153219
21656310.85	5169970.63	0
21656383	5169950.62	0.130884
21656455.14	5169930.61	0.152271
21656527.29	5169910.6	0.160965
21656599.44	5169890.6	0.129304
21656671.58	5169870.59	0.152356
21656743.73	5169850.58	0.219145
21656815.88	5169830.57	0.231459
21656888.02	5169810.56	0.222925
21656960.17	5169790.56	0.186444
21657032.32	5169770.55	0.109744
21657104.47	5169750.54	0.171238
21657176.61	5169730.53	0.18326
21657248.76	5169710.52	0.237382
21657320.91	5169690.52	0.236682
21657393.05	5169670.51	0.178713
21657465.2	5169650.5	0.16365
21657537.35	5169630.49	0.182756
21657609.49	5169610.48	0.183571
21657681.64	5169590.48	0.196211
21657753.79	5169570.47	0.186465
21657825.93	5169550.46	0.165156
21657898.08	5169530.45	0.14859
21657970.23	5169510.44	0.150452
21658042.37	5169490.44	0.129279
21658114.52	5169470.43	0.125976
21658186.67	5169450.42	0.157175
21658258.81	5169430.41	0.190702
21658330.96	5169410.4	0.212788
21658403.11	5169390.4	0.228831
21658475.25	5169370.39	0.20808
21658547.4	5169350.38	0.200672
21658619.55	5169330.37	0.230432
21658691.69	5169310.36	0.223474
21658763.84	5169290.36	0.198831
21658835.99	5169270.35	0.219597
21658908.13	5169250.34	0.162565
21658980.28	5169230.33	0.160597
21659052.43	5169210.32	0.145908
21653300.32	5170881.74	0.188252
21653372.46	5170861.73	0.172454
21653444.61	5170841.72	0.17431
21653516.76	5170821.71	0.191381
21653588.9	5170801.71	0.206591
21653661.05	5170781.7	0.197712
21653733.2	5170761.69	0.193822
21653805.34	5170741.68	0.228852
21653877.49	5170721.67	0.295624
21653949.64	5170701.67	0.247156
21654021.78	5170681.66	0.214196
21654093.93	5170661.65	0.141852
21654166.08	5170641.64	0.145521
21654238.22	5170621.63	0.242281
21654310.37	5170601.63	0.270206
21654382.52	5170581.62	0.263592
21654454.66	5170561.61	0.26054
21654526.81	5170541.6	0.275642
21654598.96	5170521.59	0.229723
21654671.1	5170501.58	0.192639
21654743.25	5170481.58	0.184191
21654815.4	5170461.57	0.172398
21654887.54	5170441.56	0.243389
21654959.69	5170421.55	0.233469
21655031.84	5170401.54	0.187239
21655103.98	5170381.54	0
21655176.13	5170361.53	0
21655248.28	5170341.52	0
21655320.42	5170321.51	0
21655392.57	5170301.5	0.0963173
21655464.72	5170281.5	0
21655536.86	5170261.49	0
21655609.01	5170241.48	0.18486
21655681.16	5170221.47	0.147723
21655753.3	5170201.46	0.0953526
21655825.45	5170181.46	0
21655897.6	5170161.45	0.0946527
21655969.74	5170141.44	0.146363
21656041.89	5170121.43	0.131011
21656114.04	5170101.42	0.11134
21656186.18	5170081.42	0.176182
21656258.33	5170061.41	0.161775
21656330.48	5170041.4	0
21656402.62	5170021.39	0.102999
21656474.77	5170001.38	0.136447
21656546.92	5169981.38	0.156485
21656619.06	5169961.37	0.121949
21656691.21	5169941.36	0.107018
21656763.36	5169921.35	0.174674
21656835.5	5169901.34	0.245214
21656907.65	5169881.34	0.214033
21656979.8	5169861.33	0.130111
21657051.94	5169841.32	0.127458
21657124.09	5169821.31	0.186154
21657196.24	5169801.3	0.224459
21657268.38	5169781.3	0.157945
21657340.53	5169761.29	0.181646
21657412.68	5169741.28	0.186898
21657484.83	5169721.27	0.182685
21657556.97	5169701.26	0.170289
21657629.12	5169681.25	0.112695
21657701.27	5169661.25	0.137326
21657773.41	5169641.24	0.162391
21657845.56	5169621.23	0.140514
21657917.71	5169601.22	0.0900817
21657989.85	5169581.21	0.105996
21658062	5169561.21	0.128986
21658134.15	5169541.2	0.133753
21658206.29	5169521.19	0.160062
21658278.44	5169501.18	0.15655
21658350.59	5169481.17	0.193708
21658422.73	5169461.17	0.201416
21658494.88	5169441.16	0.1721
21658567.03	5169421.15	0.217512
21658639.17	5169401.14	0.265294
21658711.32	5169381.13	0.266797
21658783.47	5169361.13	0.241821
21658855.61	5169341.12	0.219414
21658927.76	5169321.11	0.175464
21658999.91	5169301.1	0.175768
21659072.05	5169281.09	0.166757
21653247.8	5170972.52	0.243185
21653319.94	5170952.51	0.216992
21653392.09	5170932.5	0.212024
21653464.24	5170912.49	0.222119
21653536.38	5170892.48	0.184173
21653608.53	5170872.48	0.14568
21653680.68	5170852.47	0.149082
21653752.82	5170832.46	0.174593
21653824.97	5170812.45	0.227251
21653897.12	5170792.44	0.25684
21653969.26	5170772.44	0.226543
21654041.41	5170752.43	0.198578
21654113.56	5170732.42	0.157014
21654185.7	5170712.41	0.143399
21654257.85	5170692.4	0.224804
21654330	5170672.4	0.246598
21654402.14	5170652.39	0.254932
21654474.29	5170632.38	0.248772
21654546.44	5170612.37	0.242232
21654618.58	5170592.36	0.198995
21654690.73	5170572.36	0.159351
21654762.88	5170552.35	0.156118
21654835.02	5170532.34	0.166686
21654907.17	5170512.33	0.237552
21654979.32	5170492.32	0.21956
21655051.46	5170472.32	0
21655123.61	5170452.31	0.131508
21655195.76	5170432.3	0.16581
21655267.9	5170412.29	0.172128
21655340.05	5170392.28	0.133687
21655412.2	5170372.28	0.177916
21655484.34	5170352.27	0.183095
21655556.49	5170332.26	0.205149
21655628.64	5170312.25	0.207142
21655700.78	5170292.24	0.170234
21655772.93	5170272.23	0.147106
21655845.08	5170252.23	0.150813
21655917.22	5170232.22	0.102988
21655989.37	5170212.21	0.122508
21656061.52	5170192.2	0
21656133.66	5170172.19	0.0935248
21656205.81	5170152.19	0.128195
21656277.96	5170132.18	0.127834
21656350.1	5170112.17	0
21656422.25	5170092.16	0
21656494.4	5170072.15	0
21656566.54	5170052.15	0
21656638.69	5170032.14	0.108405
21656710.84	5170012.13	0
21656782.98	5169992.12	0.176378
21656855.13	5169972.11	0.236528
21656927.28	5169952.11	0.213076
21656999.42	5169932.1	0.115868
21657071.57	5169912.09	0.141341
21657143.72	5169892.08	0.176615
21657215.86	5169872.07	0.195034
21657288.01	5169852.07	0.143571
21657360.16	5169832.06	0
21657432.3	5169812.05	0.200424
21657504.45	5169792.04	0.216065
21657576.6	5169772.03	0.184431
21657648.74	5169752.03	0.130736
21657720.89	5169732.02	0.158095
21657793.04	5169712.01	0.18508
21657865.18	5169692	0.133416
21657937.33	5169671.99	0.0962228
21658009.48	5169651.99	0
21658081.63	5169631.98	0
21658153.77	5169611.97	0
21658225.92	5169591.96	0.113291
21658298.07	5169571.95	0.14014
21658370.21	5169551.94	0.180994
21658442.36	5169531.94	0.140779
21658514.51	5169511.93	0.112195
21658586.65	5169491.92	0.189617
21658658.8	5169471.91	0.269334
21658730.95	5169451.9	0.269379
21658803.09	5169431.9	0.260895
21658875.24	5169411.89	0.21586
21658947.39	5169391.88	0.177572
21659019.53	5169371.87	0.160934
21659091.68	5169351.86	0.158701
21653267.42	5171043.29	0.249683
21653339.57	5171023.28	0.248747
21653411.72	5171003.27	0.236641
21653483.86	5170983.26	0.245345
21653556.01	5170963.26	0.201593
21653628.16	5170943.25	0.155946
21653700.3	5170923.24	0.155119
21653772.45	5170903.23	0.158988
21653844.6	5170883.22	0.1907
21653916.74	5170863.21	0.18948
21653988.89	5170843.21	0.173039
21654061.04	5170823.2	0.183327
21654133.18	5170803.19	0.198921
21654205.33	5170783.18	0.197095
21654277.48	5170763.17	0.236874
21654349.62	5170743.17	0.292566
21654421.77	5170723.16	0.265627
21654493.92	5170703.15	0.224542
21654566.06	5170683.14	0.170243
21654638.21	5170663.13	0.116358
21654710.36	5170643.13	0.109392
21654782.5	5170623.12	0.164262
21654854.65	5170603.11	0.20789
21654926.8	5170583.1	0.23483
21654998.94	5170563.09	0.230035
21655071.09	5170543.09	0.16848
21655143.24	5170523.08	0.13942
21655215.38	5170503.07	0.186567
21655287.53	5170483.06	0.221749
21655359.68	5170463.05	0.197334
21655431.82	5170443.05	0.179297
21655503.97	5170423.04	0.158243
21655576.12	5170403.03	0.201475
21655648.26	5170383.02	0.235847
21655720.41	5170363.01	0.24523
21655792.56	5170343.01	0.164043
21655864.7	5170323	0.177451
21655936.85	5170302.99	0.19431
21656009	5170282.98	0.152171
21656081.14	5170262.97	0.110947
21656153.29	5170242.97	0.103689
21656225.44	5170222.96	0.0821077
21656297.58	5170202.95	0.153131
21656369.73	5170182.94	0
21656441.88	5170162.93	0.141028
21656514.02	5170142.93	0
21656586.17	5170122.92	0
21656658.32	5170102.91	0
21656730.46	5170082.9	0.138133
21656802.61	5170062.89	0.126162
21656874.76	5170042.88	0.142002
21656946.9	5170022.88	0.125449
21657019.05	5170002.87	0.117799
21657091.2	5169982.86	0.18407
21657163.34	5169962.85	0.19031
21657235.49	5169942.84	0.18205
21657307.64	5169922.84	0.207476
21657379.78	5169902.83	0.187785
21657451.93	5169882.82	0.203485
21657524.08	5169862.81	0.219358
21657596.22	5169842.8	0.239607
21657668.37	5169822.8	0.18992
21657740.52	5169802.79	0.218544
21657812.66	5169782.78	0.267714
21657884.81	5169762.77	0.243684
21657956.96	5169742.76	0.107701
21658029.1	5169722.76	0.160934
21658101.25	5169702.75	0
21658173.4	5169682.74	0.130831
21658245.54	5169662.73	0.137024
21658317.69	5169642.72	0.177513
21658389.84	5169622.72	0.196849
21658461.99	5169602.71	0.128021
21658534.13	5169582.7	0.129042
21658606.28	5169562.69	0.176424
21658678.43	5169542.68	0.244316
21658750.57	5169522.68	0.255941
21658822.72	5169502.67	0.237181
21658894.87	5169482.66	0.237708
21658967.01	5169462.65	0.174724
21659039.16	5169442.64	0.149942
21659111.31	5169422.64	0.147013
21653287.05	5171114.06	0.282855
21653359.2	5171094.05	0.248811
21653431.34	5171074.04	0.215849
21653503.49	5171054.03	0.208692
21653575.64	5171034.03	0.179018
21653647.78	5171014.02	0.148842
21653719.93	5170994.01	0
21653792.08	5170974	0
21653864.22	5170953.99	0.141984
21653936.37	5170933.99	0.18755
21654008.52	5170913.98	0.173173
21654080.66	5170893.97	0.188981
21654152.81	5170873.96	0.199081
21654224.96	5170853.95	0.18065
21654297.1	5170833.95	0.201256
21654369.25	5170813.94	0.252869
21654441.4	5170793.93	0.252074
21654513.54	5170773.92	0.233063
21654585.69	5170753.91	0.126045
21654657.84	5170733.91	0.107531
21654729.98	5170713.9	0.113382
21654802.13	5170693.89	0.190237
21654874.28	5170673.88	0.263288
21654946.42	5170653.87	0.282323
21655018.57	5170633.86	0.242087
21655090.72	5170613.86	0.218541
21655162.86	5170593.85	0.20832
21655235.01	5170573.84	0.210391
21655307.16	5170553.83	0.250735
21655379.3	5170533.82	0.223851
21655451.45	5170513.82	0.149629
21655523.6	5170493.81	0.143978
21655595.74	5170473.8	0.175874
21655667.89	5170453.79	0.204916
21655740.04	5170433.78	0.204396
21655812.18	5170413.78	0.143144
21655884.33	5170393.77	0.165059
21655956.48	5170373.76	0.175323
21656028.62	5170353.75	0.146595
21656100.77	5170333.74	0.135219
21656172.92	5170313.74	0.119602
21656245.06	5170293.73	0.102491
21656317.21	5170273.72	0.130731
21656389.36	5170253.71	0.194487
21656461.5	5170233.7	0.187
21656533.65	5170213.7	0
21656605.8	5170193.69	0.142068
21656677.94	5170173.68	0.125731
21656750.09	5170153.67	0.14643
21656822.24	5170133.66	0.120277
21656894.38	5170113.66	0.107505
21656966.53	5170093.65	0.0891282
21657038.68	5170073.64	0.10967
21657110.82	5170053.63	0.168971
21657182.97	5170033.62	0.174898
21657255.12	5170013.62	0.161791
21657327.26	5169993.61	0.174694
21657399.41	5169973.6	0.201555
21657471.56	5169953.59	0.20374
21657543.7	5169933.58	0.206204
21657615.85	5169913.57	0.219312
21657688	5169893.57	0.235669
21657760.14	5169873.56	0.263619
21657832.29	5169853.55	0.283258
21657904.44	5169833.54	0.274259
21657976.58	5169813.53	0.195458
21658048.73	5169793.53	0.182246
21658120.88	5169773.52	0.163561
21658193.02	5169753.51	0.179443
21658265.17	5169733.5	0.225419
21658337.32	5169713.49	0.271944
21658409.46	5169693.49	0.231631
21658481.61	5169673.48	0.202309
21658553.76	5169653.47	0.184668
21658625.91	5169633.46	0.208576
21658698.05	5169613.45	0.240318
21658770.2	5169593.45	0.276435
21658842.35	5169573.44	0.24075
21658914.49	5169553.43	0.212803
21658986.64	5169533.42	0.1922
21659058.79	5169513.41	0.178328
21653306.68	5171184.83	0.282577
21653378.82	5171164.82	0.277799
21653450.97	5171144.81	0.227195
21653523.12	5171124.8	0.254689
21653595.26	5171104.8	0.206266
21653667.41	5171084.79	0
21653739.56	5171064.78	0
21653811.7	5171044.77	0
21653883.85	5171024.76	0
21653956	5171004.76	0.10176
21654028.14	5170984.75	0.146162
21654100.29	5170964.74	0.248021
21654172.44	5170944.73	0.228816
21654244.58	5170924.72	0.17747
21654316.73	5170904.72	0.182769
21654388.88	5170884.71	0.239937
21654461.02	5170864.7	0.142441
21654533.17	5170844.69	0.140971
21654605.32	5170824.68	0.137114
21654677.46	5170804.68	0.123179
21654749.61	5170784.67	0.150485
21654821.76	5170764.66	0.221608
21654893.9	5170744.65	0.26003
21654966.05	5170724.64	0.279617
21655038.2	5170704.64	0.212344
21655110.34	5170684.63	0.20789
21655182.49	5170664.62	0.217337
21655254.64	5170644.61	0.0995403
21655326.78	5170624.6	0.11507
21655398.93	5170604.6	0.121529
21655471.08	5170584.59	0.192262
21655543.22	5170564.58	0.215383
21655615.37	5170544.57	0.228025
21655687.52	5170524.56	0.147796
21655759.66	5170504.56	0
21655831.81	5170484.55	0
21655903.96	5170464.54	0
21655976.1	5170444.53	0.179021
21656048.25	5170424.52	0.179825
21656120.4	5170404.51	0.136136
21656192.54	5170384.51	0.126417
21656264.69	5170364.5	0.113855
21656336.84	5170344.49	0.155948
21656408.98	5170324.48	0.18561
21656481.13	5170304.47	0.18041
21656553.28	5170284.47	0.169349
21656625.42	5170264.46	0.181065
21656697.57	5170244.45	0.183736
21656769.72	5170224.44	0.113742
21656841.86	5170204.43	0
21656914.01	5170184.43	0.10086
21656986.16	5170164.42	0.114903
21657058.3	5170144.41	0.15876
21657130.45	5170124.4	0.162892
21657202.6	5170104.39	0.140668
21657274.74	5170084.39	0.134386
21657346.89	5170064.38	0.16899
21657419.04	5170044.37	0.21071
21657491.18	5170024.36	0.223214
21657563.33	5170004.35	0.20195
21657635.48	5169984.35	0.193485
21657707.62	5169964.34	0.208581
21657779.77	5169944.33	0.246198
21657851.92	5169924.32	0.268446
21657924.06	5169904.31	0.260526
21657996.21	5169884.31	0.235098
21658068.36	5169864.3	0.204739
21658140.5	5169844.29	0.215066
21658212.65	5169824.28	0.236312
21658284.8	5169804.27	0.248534
21658356.94	5169784.27	0.269093
21658429.09	5169764.26	0.235423
21658501.24	5169744.25	0.210227
21658573.38	5169724.24	0.205005
21658645.53	5169704.23	0.231413
21658717.68	5169684.22	0.259142
21658789.82	5169664.22	0.262271
21658861.97	5169644.21	0.226981
21658934.12	5169624.2	0.196642
21659006.26	5169604.19	0.165135
21659078.41	5169584.18	0.156699
21653254.15	5171275.61	0.28603
21653326.3	5171255.6	0.280869
21653398.45	5171235.59	0.251265
21653470.6	5171215.58	0.280272
21653542.74	5171195.58	0.233636
21653614.89	5171175.57	0.169584
21653687.04	5171155.56	0.122631
21653759.18	5171135.55	0.117652
21653831.33	5171115.54	0.138035
21653903.48	5171095.54	0.104444
21653975.62	5171075.53	0.104329
21654047.77	5171055.52	0.121989
21654119.92	5171035.51	0.187469
21654192.06	5171015.5	0.178701
21654264.21	5170995.49	0.189001
21654336.36	5170975.49	0.175517
21654408.5	5170955.48	0.138978
21654480.65	5170935.47	0.0856429
21654552.8	5170915.46	0
21654624.94	5170895.45	0.174558
21654697.09	5170875.45	0.175291
21654769.24	5170855.44	0.206239
21654841.38	5170835.43	0.230477
21654913.53	5170815.42	0.276261
21654985.68	5170795.41	0.281262
21655057.82	5170775.41	0.239722
21655129.97	5170755.4	0.249546
21655202.12	5170735.39	0.239076
21655274.26	5170715.38	0.205384
21655346.41	5170695.37	0.205115
21655418.56	5170675.37	0.226476
21655490.7	5170655.36	0.212451
21655562.85	5170635.35	0.249283
21655635	5170615.34	0.219302
21655707.14	5170595.33	0.121923
21655779.29	5170575.33	0
21655851.44	5170555.32	0
21655923.58	5170535.31	0.0903252
21655995.73	5170515.3	0.139615
21656067.88	5170495.29	0.20231
21656140.02	5170475.29	0.150519
21656212.17	5170455.28	0.119165
21656284.32	5170435.27	0.111448
21656356.46	5170415.26	0.190489
21656428.61	5170395.25	0.183797
21656500.76	5170375.25	0.167787
21656572.9	5170355.24	0.167771
21656645.05	5170335.23	0.189087
21656717.2	5170315.22	0.186145
21656789.34	5170295.21	0.134609
21656861.49	5170275.21	0.117689
21656933.64	5170255.2	0.108888
21657005.78	5170235.19	0.130851
21657077.93	5170215.18	0.167265
21657150.08	5170195.17	0.169611
21657222.22	5170175.16	0
21657294.37	5170155.16	0.137594
21657366.52	5170135.15	0.172518
21657438.66	5170115.14	0.151805
21657510.81	5170095.13	0.198085
21657582.96	5170075.12	0.198439
21657655.1	5170055.12	0.172532
21657727.25	5170035.11	0.151373
21657799.4	5170015.1	0.209122
21657871.54	5169995.09	0.223292
21657943.69	5169975.08	0.214774
21658015.84	5169955.08	0.222002
21658087.98	5169935.07	0.184729
21658160.13	5169915.06	0.209579
21658232.28	5169895.05	0.240437
21658304.42	5169875.04	0.182748
21658376.57	5169855.04	0.202823
21658448.72	5169835.03	0.231425
21658520.86	5169815.02	0.225956
21658593.01	5169795.01	0.218803
21658665.16	5169775	0.220412
21658737.3	5169755	0.235758
21658809.45	5169734.99	0.237857
21658881.6	5169714.98	0.225197
21658953.74	5169694.97	0.186716
21659025.89	5169674.96	0.167834
21659098.04	5169654.96	0.164825
21653273.78	5171346.38	0.258178
21653345.93	5171326.37	0.252895
21653418.07	5171306.36	0.227136
21653490.22	5171286.35	0.236687
21653562.37	5171266.35	0.183612
21653634.51	5171246.34	0.170676
21653706.66	5171226.33	0.196744
21653778.81	5171206.32	0.164731
21653850.96	5171186.31	0.201039
21653923.1	5171166.31	0.098184
21653995.25	5171146.3	0.0942407
21654067.4	5171126.29	0
21654139.54	5171106.28	0.110914
21654211.69	5171086.27	0.148377
21654283.84	5171066.27	0.140887
21654355.98	5171046.26	0.147081
21654428.13	5171026.25	0.138044
21654500.28	5171006.24	0.0806041
21654572.42	5170986.23	0.168879
21654644.57	5170966.23	0.170731
21654716.72	5170946.22	0.193136
21654788.86	5170926.21	0.241753
21654861.01	5170906.2	0.179333
21654933.16	5170886.19	0.226022
21655005.3	5170866.18	0.271588
21655077.45	5170846.18	0.261216
21655149.6	5170826.17	0.187773
21655221.74	5170806.16	0.208155
21655293.89	5170786.15	0.23547
21655366.04	5170766.14	0.280804
21655438.18	5170746.14	0.283485
21655510.33	5170726.13	0.203804
21655582.48	5170706.12	0.212924
21655654.62	5170686.11	0.169634
21655726.77	5170666.1	0.125668
21655798.92	5170646.1	0.150247
21655871.06	5170626.09	0.127209
21655943.21	5170606.08	0
21656015.36	5170586.07	0
21656087.5	5170566.06	0.187241
21656159.65	5170546.06	0.138322
21656231.8	5170526.05	0.131277
21656303.94	5170506.04	0.127251
21656376.09	5170486.03	0.185589
21656448.24	5170466.02	0
21656520.38	5170446.02	0.112951
21656592.53	5170426.01	0
21656664.68	5170406	0.179201
21656736.82	5170385.99	0.154953
21656808.97	5170365.98	0
21656881.12	5170345.98	0
21656953.26	5170325.97	0
21657025.41	5170305.96	0.17153
21657097.56	5170285.95	0.164895
21657169.7	5170265.94	0.105879
21657241.85	5170245.94	0.105579
21657314	5170225.93	0.104714
21657386.14	5170205.92	0.10254
21657458.29	5170185.91	0.112361
21657530.44	5170165.9	0.142938
21657602.58	5170145.9	0.143567
21657674.73	5170125.89	0
21657746.88	5170105.88	0.114864
21657819.02	5170085.87	0.147064
21657891.17	5170065.86	0.187435
21657963.32	5170045.85	0.20213
21658035.46	5170025.85	0.195018
21658107.61	5170005.84	0
21658179.76	5169985.83	0.129317
21658251.9	5169965.82	0.156656
21658324.05	5169945.81	0.125444
21658396.2	5169925.81	0.073679
21658468.34	5169905.8	0.222262
21658540.49	5169885.79	0.255232
21658612.64	5169865.78	0.261204
21658684.78	5169845.77	0.263073
21658756.93	5169825.77	0.254694
21658829.08	5169805.76	0.250878
21658901.22	5169785.75	0.247703
21658973.37	5169765.74	0.225891
21659045.52	5169745.73	0.176926
21653293.41	5171417.15	0.159041
21653365.55	5171397.14	0.158885
21653437.7	5171377.13	0.122838
21653509.85	5171357.12	0.114862
21653581.99	5171337.12	0.0976788
21653654.14	5171317.11	0.194616
21653726.29	5171297.1	0.264069
21653798.43	5171277.09	0.270993
21653870.58	5171257.08	0.199729
21653942.73	5171237.08	0.145346
21654014.87	5171217.07	0.177731
21654087.02	5171197.06	0.165978
21654159.17	5171177.05	0.162103
21654231.32	5171157.04	0.153477
21654303.46	5171137.04	0.142033
21654375.61	5171117.03	0.157811
21654447.76	5171097.02	0.178424
21654519.9	5171077.01	0.140305
21654592.05	5171057	0.139804
21654664.2	5171037	0.190064
21654736.34	5171016.99	0.185957
21654808.49	5170996.98	0.172502
21654880.64	5170976.97	0.133408
21654952.78	5170956.96	0.191737
21655024.93	5170936.96	0.245842
21655097.08	5170916.95	0.232066
21655169.22	5170896.94	0.202115
21655241.37	5170876.93	0.186546
21655313.52	5170856.92	0.203872
21655385.66	5170836.92	0.232049
21655457.81	5170816.91	0.220828
21655529.96	5170796.9	0.166696
21655602.1	5170776.89	0.152567
21655674.25	5170756.88	0.119711
21655746.4	5170736.88	0.155079
21655818.54	5170716.87	0.171369
21655890.69	5170696.86	0.17234
21655962.84	5170676.85	0.0843104
21656034.98	5170656.84	0.195986
21656107.13	5170636.83	0.215115
21656179.28	5170616.83	0.209911
21656251.42	5170596.82	0.184347
21656323.57	5170576.81	0.200108
21656395.72	5170556.8	0.223254
21656467.86	5170536.79	0.102589
21656540.01	5170516.79	0
21656612.16	5170496.78	0.164717
21656684.3	5170476.77	0.12763
21656756.45	5170456.76	0
21656828.6	5170436.75	0
21656900.74	5170416.75	0.131091
21656972.89	5170396.74	0.140047
21657045.04	5170376.73	0.149687
21657117.18	5170356.72	0.15884
21657189.33	5170336.71	0.105624
21657261.48	5170316.71	0.107592
21657333.62	5170296.7	0.130135
21657405.77	5170276.69	0.151634
21657477.92	5170256.68	0.202925
21657550.06	5170236.67	0.145975
21657622.21	5170216.67	0.144571
21657694.36	5170196.66	0.114698
21657766.5	5170176.65	0.128417
21657838.65	5170156.64	0.147294
21657910.8	5170136.63	0.169393
21657982.94	5170116.63	0.207016
21658055.09	5170096.62	0.206854
21658127.24	5170076.61	0.128448
21658199.38	5170056.6	0.149318
21658271.53	5170036.59	0.17933
21658343.68	5170016.59	0.201848
21658415.82	5169996.58	0.195103
21658487.97	5169976.57	0.238178
21658560.12	5169956.56	0.288972
21658632.26	5169936.55	0.26629
21658704.41	5169916.55	0.243395
21658776.56	5169896.54	0.23105
21658848.7	5169876.53	0.234487
21658920.85	5169856.52	0.236816
21658993	5169836.51	0.220016
21659065.14	5169816.5	0.207557
21653313.03	5171487.92	0.120668
21653385.18	5171467.91	0.0821739
21653457.33	5171447.9	0.0870587
21653529.47	5171427.9	0.0655318
21653601.62	5171407.89	0
21653673.77	5171387.88	0
21653745.91	5171367.87	0.192594
21653818.06	5171347.86	0.163182
21653890.21	5171327.86	0.0883473
21653962.35	5171307.85	0.14006
21654034.5	5171287.84	0.159896
21654106.65	5171267.83	0.190443
21654178.79	5171247.82	0.15786
21654250.94	5171227.82	0.167585
21654323.09	5171207.81	0.172215
21654395.23	5171187.8	0.177013
21654467.38	5171167.79	0.218377
21654539.53	5171147.78	0.185789
21654611.67	5171127.77	0.117998
21654683.82	5171107.77	0.160158
21654755.97	5171087.76	0.153861
21654828.12	5171067.75	0.116101
21654900.26	5171047.74	0.143609
21654972.41	5171027.73	0.21588
21655044.56	5171007.73	0.204052
21655116.7	5170987.72	0.167572
21655188.85	5170967.71	0.125557
21655261	5170947.7	0.0903938
21655333.14	5170927.69	0.152718
21655405.29	5170907.69	0.215003
21655477.44	5170887.68	0.21298
21655549.58	5170867.67	0.160073
21655621.73	5170847.66	0.0947408
21655693.88	5170827.65	0
21655766.02	5170807.65	0.122858
21655838.17	5170787.64	0.171972
21655910.32	5170767.63	0.181395
21655982.46	5170747.62	0.101101
21656054.61	5170727.61	0.181844
21656126.76	5170707.61	0.249499
21656198.9	5170687.6	0.277952
21656271.05	5170667.59	0.226701
21656343.2	5170647.58	0.196377
21656415.34	5170627.57	0.188188
21656487.49	5170607.57	0.143668
21656559.64	5170587.56	0
21656631.78	5170567.55	0.189324
21656703.93	5170547.54	0.155233
21656776.08	5170527.53	0
21656848.22	5170507.53	0
21656920.37	5170487.52	0.149383
21656992.52	5170467.51	0.146287
21657064.66	5170447.5	0.16117
21657136.81	5170427.49	0.165242
21657208.96	5170407.48	0.138936
21657281.1	5170387.48	0.147495
21657353.25	5170367.47	0.203887
21657425.4	5170347.46	0.232789
21657497.54	5170327.45	0.227922
21657569.69	5170307.44	0.113462
21657641.84	5170287.44	0.140273
21657713.98	5170267.43	0.0947063
21657786.13	5170247.42	0.132231
21657858.28	5170227.41	0.191603
21657930.42	5170207.4	0.249793
21658002.57	5170187.4	0.247555
21658074.72	5170167.39	0.209297
21658146.86	5170147.38	0.159786
21658219.01	5170127.37	0.178329
21658291.16	5170107.36	0.217858
21658363.3	5170087.36	0.220518
21658435.45	5170067.35	0.227335
21658507.6	5170047.34	0.211185
21658579.74	5170027.33	0.234551
21658651.89	5170007.32	0.215162
21658724.04	5169987.32	0.207649
21658796.18	5169967.31	0.254302
21658868.33	5169947.3	0.229209
21658940.48	5169927.29	0.213517
21659012.62	5169907.28	0.200445
21659084.77	5169887.28	0.204151
21653260.51	5171578.7	0.112533
21653332.66	5171558.69	0.0972858
21653404.81	5171538.68	0.0838207
21653476.95	5171518.67	0
21653549.1	5171498.67	0
21653621.25	5171478.66	0
21653693.39	5171458.65	0
21653765.54	5171438.64	0.143045
21653837.69	5171418.63	0.113442
21653909.83	5171398.63	0.0817683
21653981.98	5171378.62	0
21654054.13	5171358.61	0
21654126.27	5171338.6	0
21654198.42	5171318.59	0.112735
21654270.57	5171298.59	0.119612
21654342.71	5171278.58	0.147682
21654414.86	5171258.57	0.15651
21654487.01	5171238.56	0.193616
21654559.15	5171218.55	0.151774
21654631.3	5171198.55	0
21654703.45	5171178.54	0.133258
21654775.59	5171158.53	0.189776
21654847.74	5171138.52	0.174973
21654919.89	5171118.51	0.126465
21654992.04	5171098.51	0.138817
21655064.18	5171078.5	0.191982
21655136.33	5171058.49	0.182506
21655208.48	5171038.48	0.136484
21655280.62	5171018.47	0.158641
21655352.77	5170998.47	0.191434
21655424.92	5170978.46	0.161897
21655497.06	5170958.45	0.181329
21655569.21	5170938.44	0.196817
21655641.36	5170918.43	0.135957
21655713.5	5170898.42	0.230429
21655785.65	5170878.42	0.227903
21655857.8	5170858.41	0.236088
21655929.94	5170838.4	0.205493
21656002.09	5170818.39	0.118351
21656074.24	5170798.38	0.165173
21656146.38	5170778.38	0.188327
21656218.53	5170758.37	0.192373
21656290.68	5170738.36	0.210073
21656362.82	5170718.35	0.25876
21656434.97	5170698.34	0.248006
21656507.12	5170678.34	0.214778
21656579.26	5170658.33	0.177946
21656651.41	5170638.32	0.174068
21656723.56	5170618.31	0.11984
21656795.7	5170598.3	0
21656867.85	5170578.3	0.230906
21656940	5170558.29	0.208515
21657012.14	5170538.28	0.0952585
21657084.29	5170518.27	0.154655
21657156.44	5170498.26	0
21657228.58	5170478.26	0.0938476
21657300.73	5170458.25	0.133164
21657372.88	5170438.24	0.200089
21657445.02	5170418.23	0.21246
21657517.17	5170398.22	0.164329
21657589.32	5170378.22	0.0524381
21657661.46	5170358.21	0.143927
21657733.61	5170338.2	0.103019
21657805.76	5170318.19	0.123271
21657877.9	5170298.18	0.161537
21657950.05	5170278.18	0.160378
21658022.2	5170258.17	0.14137
21658094.34	5170238.16	0.139697
21658166.49	5170218.15	0.17577
21658238.64	5170198.14	0.162867
21658310.78	5170178.13	0.218295
21658382.93	5170158.13	0.218178
21658455.08	5170138.12	0.218406
21658527.22	5170118.11	0.192802
21658599.37	5170098.1	0.203756
21658671.52	5170078.09	0.204873
21658743.66	5170058.09	0.220671
21658815.81	5170038.08	0.273882
21658887.96	5170018.07	0.184816
21658960.1	5169998.06	0.201157
21659032.25	5169978.05	0.202223
21659104.4	5169958.05	0.217277
21653280.14	5171649.47	0.111501
21653352.29	5171629.46	0.107159
21653424.43	5171609.45	0.0888841
21653496.58	5171589.45	0.0761995
21653568.73	5171569.44	0.138942
21653640.87	5171549.43	0
21653713.02	5171529.42	0
21653785.17	5171509.41	0.151464
21653857.31	5171489.4	0.107747
21653929.46	5171469.4	0
21654001.61	5171449.39	0.145553
21654073.75	5171429.38	0.10109
21654145.9	5171409.37	0.133493
21654218.05	5171389.36	0.164432
21654290.19	5171369.36	0.171821
21654362.34	5171349.35	0.122338
21654434.49	5171329.34	0.141399
21654506.63	5171309.33	0.164034
21654578.78	5171289.32	0
21654650.93	5171269.32	0.0970578
21654723.07	5171249.31	0.111187
21654795.22	5171229.3	0.172365
21654867.37	5171209.29	0.180989
21654939.51	5171189.28	0.111697
21655011.66	5171169.28	0.139074
21655083.81	5171149.27	0.193794
21655155.95	5171129.26	0.167356
21655228.1	5171109.25	0.126413
21655300.25	5171089.24	0.161136
21655372.39	5171069.24	0.193604
21655444.54	5171049.23	0.182484
21655516.69	5171029.22	0.199723
21655588.84	5171009.21	0.22229
21655660.98	5170989.2	0.233786
21655733.13	5170969.2	0.254284
21655805.28	5170949.19	0.255313
21655877.42	5170929.18	0.253329
21655949.57	5170909.17	0.145861
21656021.72	5170889.16	0.111211
21656093.86	5170869.16	0.148541
21656166.01	5170849.15	0.186099
21656238.16	5170829.14	0.192518
21656310.3	5170809.13	0.220025
21656382.45	5170789.12	0.239268
21656454.6	5170769.11	0.240311
21656526.74	5170749.11	0.246594
21656598.89	5170729.1	0.192669
21656671.04	5170709.09	0.15434
21656743.18	5170689.08	0
21656815.33	5170669.07	0.189934
21656887.48	5170649.07	0.250825
21656959.62	5170629.06	0.220593
21657031.77	5170609.05	0.10697
21657103.92	5170589.04	0
21657176.06	5170569.03	0
21657248.21	5170549.03	0.0980297
21657320.36	5170529.02	0.0983288
21657392.5	5170509.01	0
21657464.65	5170489	0
21657536.8	5170468.99	0
21657608.94	5170448.99	0.171898
21657681.09	5170428.98	0.163404
21657753.24	5170408.97	0
21657825.38	5170388.96	0
21657897.53	5170368.95	0
21657969.68	5170348.95	0
21658041.82	5170328.94	0.0994272
21658113.97	5170308.93	0.14262
21658186.12	5170288.92	0.172808
21658258.26	5170268.91	0.174169
21658330.41	5170248.91	0.185399
21658402.56	5170228.9	0.196124
21658474.7	5170208.89	0.145996
21658546.85	5170188.88	0.136359
21658619	5170168.87	0.17092
21658691.14	5170148.87	0.19496
21658763.29	5170128.86	0.203619
21658835.44	5170108.85	0.197407
21658907.58	5170088.84	0.135938
21658979.73	5170068.83	0.172822
21659051.88	5170048.83	0.212727
21653299.77	5171720.24	0.124799
21653371.91	5171700.23	0.0918257
21653444.06	5171680.22	0.0895884
21653516.21	5171660.22	0.0921031
21653588.35	5171640.21	0.152021
21653660.5	5171620.2	0.168091
21653732.65	5171600.19	0
21653804.79	5171580.18	0.17991
21653876.94	5171560.18	0.100721
21653949.09	5171540.17	0.152688
21654021.23	5171520.16	0.172668
21654093.38	5171500.15	0.174181
21654165.53	5171480.14	0.213026
21654237.67	5171460.14	0.229424
21654309.82	5171440.13	0.209093
21654381.97	5171420.12	0.129713
21654454.11	5171400.11	0.161756
21654526.26	5171380.1	0.146883
21654598.41	5171360.09	0.110782
21654670.55	5171340.09	0.098039
21654742.7	5171320.08	0.126616
21654814.85	5171300.07	0.177386
21654886.99	5171280.06	0.211915
21654959.14	5171260.05	0.159919
21655031.29	5171240.05	0.177695
21655103.43	5171220.04	0.269259
21655175.58	5171200.03	0.194661
21655247.73	5171180.02	0.0878438
21655319.87	5171160.01	0.106664
21655392.02	5171140.01	0.191082
21655464.17	5171120	0.235907
21655536.31	5171099.99	0.234899
21655608.46	5171079.98	0.218591
21655680.61	5171059.97	0.166363
21655752.76	5171039.97	0.165881
21655824.9	5171019.96	0.201643
21655897.05	5170999.95	0.204691
21655969.2	5170979.94	0.118516
21656041.34	5170959.93	0.114402
21656113.49	5170939.93	0.18613
21656185.64	5170919.92	0.21535
21656257.78	5170899.91	0.212035
21656329.93	5170879.9	0.269199
21656402.08	5170859.89	0.167398
21656474.22	5170839.89	0.135736
21656546.37	5170819.88	0.0981432
21656618.52	5170799.87	0.146364
21656690.66	5170779.86	0.140892
21656762.81	5170759.85	0
21656834.96	5170739.85	0.167009
21656907.1	5170719.84	0.162789
21656979.25	5170699.83	0.17069
21657051.4	5170679.82	0.119027
21657123.54	5170659.81	0.15072
21657195.69	5170639.81	0.0908713
21657267.84	5170619.8	0.0913075
21657339.98	5170599.79	0
21657412.13	5170579.78	0
21657484.28	5170559.77	0
21657556.42	5170539.76	0
21657628.57	5170519.76	0.113118
21657700.72	5170499.75	0.176806
21657772.86	5170479.74	0.239993
21657845.01	5170459.73	0.155158
21657917.16	5170439.72	0.109639
21657989.3	5170419.72	0
21658061.45	5170399.71	0.110129
21658133.6	5170379.7	0.126272
21658205.74	5170359.69	0.15051
21658277.89	5170339.68	0.186932
21658350.04	5170319.68	0.186592
21658422.18	5170299.67	0.15885
21658494.33	5170279.66	0.138603
21658566.48	5170259.65	0.177013
21658638.62	5170239.64	0.200383
21658710.77	5170219.64	0.19297
21658782.92	5170199.63	0.186935
21658855.06	5170179.62	0.158308
21658927.21	5170159.61	0.175592
21658999.36	5170139.6	0.186271
21659071.5	5170119.6	0.224807
21653247.25	5171811.02	0.138382
21653319.39	5171791.01	0.127947
21653391.54	5171771	0.099562
21653463.69	5171750.99	0.0946868
21653535.83	5171730.99	0.115119
21653607.98	5171710.98	0.18462
21653680.13	5171690.97	0.175381
21653752.27	5171670.96	0.155845
21653824.42	5171650.95	0.162016
21653896.57	5171630.95	0.161043
21653968.71	5171610.94	0.182269
21654040.86	5171590.93	0.196401
21654113.01	5171570.92	0.206965
21654185.15	5171550.91	0.21882
21654257.3	5171530.91	0.242122
21654329.45	5171510.9	0.225775
21654401.59	5171490.89	0.182884
21654473.74	5171470.88	0.182602
21654545.89	5171450.87	0.14404
21654618.03	5171430.87	0.122757
21654690.18	5171410.86	0.110131
21654762.33	5171390.85	0.144526
21654834.47	5171370.84	0.242318
21654906.62	5171350.83	0.213396
21654978.77	5171330.83	0.211756
21655050.91	5171310.82	0.211888
21655123.06	5171290.81	0.303329
21655195.21	5171270.8	0.199045
21655267.35	5171250.79	0.0999335
21655339.5	5171230.79	0.114653
21655411.65	5171210.78	0.187987
21655483.79	5171190.77	0.209915
21655555.94	5171170.76	0.208474
21655628.09	5171150.75	0.178803
21655700.23	5171130.74	0.129426
21655772.38	5171110.74	0.131431
21655844.53	5171090.73	0.170356
21655916.67	5171070.72	0.172456
21655988.82	5171050.71	0.148663
21656060.97	5171030.7	0.122465
21656133.11	5171010.7	0.181574
21656205.26	5170990.69	0.191903
21656277.41	5170970.68	0.165139
21656349.56	5170950.67	0.166427
21656421.7	5170930.66	0.132861
21656493.85	5170910.66	0.153913
21656566	5170890.65	0.149792
21656638.14	5170870.64	0.154768
21656710.29	5170850.63	0.0991842
21656782.44	5170830.62	0.108772
21656854.58	5170810.62	0.185263
21656926.73	5170790.61	0.16333
21656998.88	5170770.6	0.148587
21657071.02	5170750.59	0.138384
21657143.17	5170730.58	0.14947
21657215.32	5170710.58	0.104903
21657287.46	5170690.57	0.0910139
21657359.61	5170670.56	0
21657431.76	5170650.55	0.0523381
21657503.9	5170630.54	0.0504475
21657576.05	5170610.54	0.0690875
21657648.2	5170590.53	0.125705
21657720.34	5170570.52	0.194324
21657792.49	5170550.51	0.212388
21657864.64	5170530.5	0.16579
21657936.78	5170510.5	0.148535
21658008.93	5170490.49	0.122014
21658081.08	5170470.48	0.104406
21658153.22	5170450.47	0.136016
21658225.37	5170430.46	0.162448
21658297.52	5170410.46	0.207223
21658369.66	5170390.45	0.194222
21658441.81	5170370.44	0.1759
21658513.96	5170350.43	0.121567
21658586.1	5170330.42	0.177819
21658658.25	5170310.41	0.207302
21658730.4	5170290.41	0.216339
21658802.54	5170270.4	0.216904
21658874.69	5170250.39	0.230456
21658946.84	5170230.38	0.254585
21659018.98	5170210.37	0.236566
21659091.13	5170190.37	0.26194
21653266.87	5171881.79	0.131811
21653339.02	5171861.78	0.123434
21653411.17	5171841.77	0.106783
21653483.31	5171821.77	0.108334
21653555.46	5171801.76	0.14184
21653627.61	5171781.75	0.15702
21653699.75	5171761.74	0.167898
21653771.9	5171741.73	0.160878
21653844.05	5171721.73	0.165123
21653916.19	5171701.72	0.172144
21653988.34	5171681.71	0.18506
21654060.49	5171661.7	0.177618
21654132.63	5171641.69	0.205029
21654204.78	5171621.68	0.237946
21654276.93	5171601.68	0.232289
21654349.07	5171581.67	0.223924
21654421.22	5171561.66	0.188286
21654493.37	5171541.65	0.183748
21654565.51	5171521.64	0.135645
21654637.66	5171501.64	0.124485
21654709.81	5171481.63	0.114813
21654781.95	5171461.62	0.204486
21654854.1	5171441.61	0.224652
21654926.25	5171421.6	0.210842
21654998.39	5171401.6	0.207581
21655070.54	5171381.59	0.237499
21655142.69	5171361.58	0.290931
21655214.83	5171341.57	0.2095
21655286.98	5171321.56	0.118164
21655359.13	5171301.56	0.103867
21655431.27	5171281.55	0.151389
21655503.42	5171261.54	0.183935
21655575.57	5171241.53	0.182278
21655647.71	5171221.52	0.167816
21655719.86	5171201.52	0.103271
21655792.01	5171181.51	0.133112
21655864.15	5171161.5	0.129795
21655936.3	5171141.49	0.156386
21656008.45	5171121.48	0.159594
21656080.59	5171101.48	0.130094
21656152.74	5171081.47	0.205676
21656224.89	5171061.46	0.179205
21656297.03	5171041.45	0.148096
21656369.18	5171021.44	0.129911
21656441.33	5171001.44	0.133036
21656513.48	5170981.43	0.185259
21656585.62	5170961.42	0.23395
21656657.77	5170941.41	0.192364
21656729.91	5170921.4	0.177149
21656802.06	5170901.39	0.123192
21656874.21	5170881.39	0.161248
21656946.36	5170861.38	0.184751
21657018.5	5170841.37	0.183675
21657090.65	5170821.36	0.166645
21657162.8	5170801.35	0.159062
21657234.94	5170781.35	0
21657307.09	5170761.34	0
21657379.24	5170741.33	0
21657451.38	5170721.32	0.0555436
21657523.53	5170701.31	0.0594405
21657595.68	5170681.31	0.111694
21657667.82	5170661.3	0.12743
21657739.97	5170641.29	0.216651
21657812.12	5170621.28	0.205487
21657884.26	5170601.27	0.171721
21657956.41	5170581.27	0.175802
21658028.56	5170561.26	0.166779
21658100.7	5170541.25	0.15695
21658172.85	5170521.24	0.129032
21658245	5170501.23	0.121357
21658317.14	5170481.23	0.170023
21658389.29	5170461.22	0.20507
21658461.44	5170441.21	0.146334
21658533.58	5170421.2	0.134854
21658605.73	5170401.19	0.189339
21658677.88	5170381.19	0.19754
21658750.02	5170361.18	0.256585
21658822.17	5170341.17	0.242971
21658894.32	5170321.16	0.231974
21658966.46	5170301.15	0.225307
21659038.61	5170281.15	0.238168
21653286.5	5171952.56	0.132975
21653358.65	5171932.55	0.135911
21653430.79	5171912.54	0.135579
21653502.94	5171892.54	0.121146
21653575.09	5171872.53	0.151733
21653647.23	5171852.52	0.160014
21653719.38	5171832.51	0.165416
21653791.53	5171812.5	0.154416
21653863.67	5171792.5	0.142647
21653935.82	5171772.49	0.178023
21654007.97	5171752.48	0.186778
21654080.11	5171732.47	0.187739
21654152.26	5171712.46	0.202259
21654224.41	5171692.46	0.242819
21654296.55	5171672.45	0.234598
21654368.7	5171652.44	0.19865
21654440.85	5171632.43	0.179793
21654512.99	5171612.42	0.167793
21654585.14	5171592.42	0.132499
21654657.29	5171572.41	0.139654
21654729.43	5171552.4	0.130294
21654801.58	5171532.39	0.20075
21654873.73	5171512.38	0.212337
21654945.87	5171492.37	0.216048
21655018.02	5171472.37	0.167057
21655090.17	5171452.36	0.232481
21655162.31	5171432.35	0.275724
21655234.46	5171412.34	0.205131
21655306.61	5171392.33	0.135938
21655378.75	5171372.33	0.141867
21655450.9	5171352.32	0.142963
21655523.05	5171332.31	0.149854
21655595.19	5171312.3	0.139982
21655667.34	5171292.29	0.111217
21655739.49	5171272.29	0.0989108
21655811.63	5171252.28	0.145106
21655883.78	5171232.27	0.159035
21655955.93	5171212.26	0.164303
21656028.07	5171192.25	0.123161
21656100.22	5171172.25	0.110628
21656172.37	5171152.24	0.18633
21656244.51	5171132.23	0.171587
21656316.66	5171112.22	0.155723
21656388.81	5171092.21	0.11766
21656460.95	5171072.21	0.106847
21656533.1	5171052.2	0.167935
21656605.25	5171032.19	0.199533
21656677.39	5171012.18	0.193155
21656749.54	5170992.17	0.192789
21656821.69	5170972.17	0.168947
21656893.84	5170952.16	0.185835
21656965.98	5170932.15	0.195082
21657038.13	5170912.14	0.192817
21657110.27	5170892.13	0.187116
21657182.42	5170872.13	0.135407
21657254.57	5170852.12	0
21657326.72	5170832.11	0
21657398.86	5170812.1	0
21657471.01	5170792.09	0.0626973
21657543.16	5170772.09	0.0732
21657615.3	5170752.08	0
21657687.45	5170732.07	0.190429
21657759.6	5170712.06	0.232918
21657831.74	5170692.05	0.180241
21657903.89	5170672.04	0.1733
21657976.04	5170652.04	0.165129
21658048.18	5170632.03	0.154507
21658120.33	5170612.02	0.144502
21658192.48	5170592.01	0.136784
21658264.62	5170572	0.123141
21658336.77	5170552	0.164021
21658408.92	5170531.99	0.169775
21658481.06	5170511.98	0.139529
21658553.21	5170491.97	0.159001
21658625.36	5170471.96	0.201931
21658697.5	5170451.96	0.211366
21658769.65	5170431.95	0.226634
21658841.8	5170411.94	0.227187
21658913.94	5170391.93	0.230527
21658986.09	5170371.92	0.219231
21659058.24	5170351.92	0.218225
21653306.13	5172023.33	0.123337
21653378.27	5172003.32	0.126929
21653450.42	5171983.31	0.122092
21653522.57	5171963.31	0.13325
21653594.71	5171943.3	0.149404
21653666.86	5171923.29	0.158006
21653739.01	5171903.28	0.171308
21653811.15	5171883.27	0.167453
21653883.3	5171863.27	0.157549
21653955.45	5171843.26	0.173899
21654027.59	5171823.25	0.204357
21654099.74	5171803.24	0.202228
21654171.89	5171783.23	0.202339
21654244.03	5171763.23	0.208931
21654316.18	5171743.22	0.223393
21654388.33	5171723.21	0.207582
21654460.47	5171703.2	0.197526
21654532.62	5171683.19	0.20603
21654604.77	5171663.19	0.156283
21654676.91	5171643.18	0.144788
21654749.06	5171623.17	0.141138
21654821.21	5171603.16	0.199606
21654893.35	5171583.15	0.203421
21654965.5	5171563.15	0.205322
21655037.65	5171543.14	0.158267
21655109.79	5171523.13	0.170142
21655181.94	5171503.12	0.235974
21655254.09	5171483.11	0.212844
21655326.23	5171463.11	0.152374
21655398.38	5171443.1	0.169059
21655470.53	5171423.09	0.152203
21655542.67	5171403.08	0.146424
21655614.82	5171383.07	0.121952
21655686.97	5171363.07	0.117258
21655759.11	5171343.06	0.0935698
21655831.26	5171323.05	0.132465
21655903.41	5171303.04	0.171453
21655975.55	5171283.03	0
21656047.7	5171263.02	0.0939023
21656119.85	5171243.02	0.0908703
21656191.99	5171223.01	0
21656264.14	5171203	0
21656336.29	5171182.99	0
21656408.43	5171162.98	0
21656480.58	5171142.98	0.100649
21656552.73	5171122.97	0.109492
21656624.87	5171102.96	0.152896
21656697.02	5171082.95	0.17014
21656769.17	5171062.94	0.1726
21656841.31	5171042.94	0.158412
21656913.46	5171022.93	0.162866
21656985.61	5171002.92	0.205372
21657057.75	5170982.91	0.210652
21657129.9	5170962.9	0.181698
21657202.05	5170942.9	0.110892
21657274.19	5170922.89	0.0770772
21657346.34	5170902.88	0.114557
21657418.49	5170882.87	0
21657490.64	5170862.86	0
21657562.78	5170842.86	0.185296
21657634.93	5170822.85	0.213734
21657707.08	5170802.84	0.209796
21657779.22	5170782.83	0.239843
21657851.37	5170762.82	0.195405
21657923.52	5170742.82	0.201606
21657995.66	5170722.81	0.186113
21658067.81	5170702.8	0.170518
21658139.96	5170682.79	0.148188
21658212.1	5170662.78	0.161017
21658284.25	5170642.78	0.123141
21658356.4	5170622.77	0.168308
21658428.54	5170602.76	0.172598
21658500.69	5170582.75	0.126662
21658572.84	5170562.74	0.132772
21658644.98	5170542.74	0.195691
21658717.13	5170522.73	0.21555
21658789.28	5170502.72	0.226204
21658861.42	5170482.71	0.224258
21658933.57	5170462.7	0.209084
21659005.72	5170442.69	0.206517
21659077.86	5170422.69	0.212854
21653253.61	5172114.11	0.124732
21653325.75	5172094.1	0.106246
21653397.9	5172074.09	0.0962619
21653470.05	5172054.09	0.100865
21653542.19	5172034.08	0.127975
21653614.34	5172014.07	0.145789
21653686.49	5171994.06	0.162159
21653758.63	5171974.05	0.179486
21653830.78	5171954.05	0.170911
21653902.93	5171934.04	0.171508
21653975.07	5171914.03	0.178808
21654047.22	5171894.02	0.194979
21654119.37	5171874.01	0.198912
21654191.51	5171854	0.194542
21654263.66	5171834	0.201147
21654335.81	5171813.99	0.220023
21654407.95	5171793.98	0.20334
21654480.1	5171773.97	0.2194
21654552.25	5171753.96	0.221161
21654624.39	5171733.96	0.166053
21654696.54	5171713.95	0.164874
21654768.69	5171693.94	0.153694
21654840.83	5171673.93	0.189857
21654912.98	5171653.92	0.208169
21654985.13	5171633.92	0.211658
21655057.27	5171613.91	0.157082
21655129.42	5171593.9	0.182931
21655201.57	5171573.89	0.206002
21655273.71	5171553.88	0.17114
21655345.86	5171533.88	0.144564
21655418.01	5171513.87	0.15342
21655490.15	5171493.86	0.152254
21655562.3	5171473.85	0.142998
21655634.45	5171453.84	0.0979524
21655706.59	5171433.84	0.0928962
21655778.74	5171413.83	0.0812878
21655850.89	5171393.82	0.100633
21655923.03	5171373.81	0
21655995.18	5171353.8	0
21656067.33	5171333.8	0
21656139.47	5171313.79	0
21656211.62	5171293.78	0
21656283.77	5171273.77	0
21656355.91	5171253.76	0
21656428.06	5171233.76	0
21656500.21	5171213.75	0.0743317
21656572.35	5171193.74	0.0747359
21656644.5	5171173.73	0.127368
21656716.65	5171153.72	0.181165
21656788.79	5171133.72	0.186066
21656860.94	5171113.71	0.170444
21656933.09	5171093.7	0.164277
21657005.23	5171073.69	0.182995
21657077.38	5171053.68	0.202074
21657149.53	5171033.67	0.202537
21657221.67	5171013.67	0.139323
21657293.82	5170993.66	0.119888
21657365.97	5170973.65	0.146334
21657438.11	5170953.64	0
21657510.26	5170933.63	0
21657582.41	5170913.63	0.206116
21657654.55	5170893.62	0.220788
21657726.7	5170873.61	0.232166
21657798.85	5170853.6	0.237433
21657870.99	5170833.59	0.202275
21657943.14	5170813.59	0.212645
21658015.29	5170793.58	0.211077
21658087.44	5170773.57	0.20159
21658159.58	5170753.56	0.177358
21658231.73	5170733.55	0.173841
21658303.88	5170713.55	0.185032
21658376.02	5170693.54	0.211187
21658448.17	5170673.53	0.200077
21658520.32	5170653.52	0.134931
21658592.46	5170633.51	0.137993
21658664.61	5170613.51	0.208214
21658736.76	5170593.5	0.221224
21658808.9	5170573.49	0.216616
21658881.05	5170553.48	0.201438
21658953.2	5170533.47	0.19919
21659025.34	5170513.47	0.217514
21659097.49	5170493.46	0.211278
21653273.23	5172184.88	0.153906
21653345.38	5172164.87	0.109442
21653417.53	5172144.86	0.0989959
21653489.67	5172124.86	0.103298
21653561.82	5172104.85	0.14602
21653633.97	5172084.84	0.153296
21653706.11	5172064.83	0.139537
21653778.26	5172044.82	0.162656
21653850.41	5172024.82	0.16107
21653922.55	5172004.81	0.163667
21653994.7	5171984.8	0.174321
21654066.85	5171964.79	0.194253
21654138.99	5171944.78	0.206038
21654211.14	5171924.78	0.19338
21654283.29	5171904.77	0.214662
21654355.43	5171884.76	0.208345
21654427.58	5171864.75	0.199856
21654499.73	5171844.74	0.188349
21654571.87	5171824.74	0.186164
21654644.02	5171804.73	0.161317
21654716.17	5171784.72	0.182992
21654788.31	5171764.71	0.19155
21654860.46	5171744.7	0.253994
21654932.61	5171724.7	0.243149
21655004.75	5171704.69	0.210385
21655076.9	5171684.68	0.147432
21655149.05	5171664.67	0.179456
21655221.19	5171644.66	0.183198
21655293.34	5171624.65	0.162187
21655365.49	5171604.65	0.139421
21655437.63	5171584.64	0.165855
21655509.78	5171564.63	0.161245
21655581.93	5171544.62	0.141695
21655654.07	5171524.61	0.108525
21655726.22	5171504.61	0.0751419
21655798.37	5171484.6	0
21655870.51	5171464.59	0.128854
21655942.66	5171444.58	0.124048
21656014.81	5171424.57	0
21656086.95	5171404.57	0
21656159.1	5171384.56	0
21656231.25	5171364.55	0
21656303.39	5171344.54	0.00453431
21656375.54	5171324.53	0
21656447.69	5171304.53	0
21656519.83	5171284.52	0.0533148
21656591.98	5171264.51	0.0530659
21656664.13	5171244.5	0.141755
21656736.27	5171224.49	0.157411
21656808.42	5171204.49	0.181575
21656880.57	5171184.48	0.163841
21656952.71	5171164.47	0.166502
21657024.86	5171144.46	0.196705
21657097.01	5171124.45	0.214858
21657169.15	5171104.45	0.231105
21657241.3	5171084.44	0.178736
21657313.45	5171064.43	0.139308
21657385.59	5171044.42	0.146334
21657457.74	5171024.41	0
21657529.89	5171004.41	0.104377
21657602.03	5170984.4	0.208758
21657674.18	5170964.39	0.236521
21657746.33	5170944.38	0.270217
21657818.47	5170924.37	0.28188
21657890.62	5170904.36	0.236046
21657962.77	5170884.36	0.21068
21658034.91	5170864.35	0.197545
21658107.06	5170844.34	0.199321
21658179.21	5170824.33	0.186202
21658251.36	5170804.32	0.179041
21658323.5	5170784.32	0.200794
21658395.65	5170764.31	0.2223
21658467.8	5170744.3	0.181957
21658539.94	5170724.29	0.132914
21658612.09	5170704.28	0.167559
21658684.24	5170684.28	0.217284
21658756.38	5170664.27	0.234206
21658828.53	5170644.26	0.225415
21658900.68	5170624.25	0.201439
21658972.82	5170604.24	0.202296
21659044.97	5170584.24	0.18956
