21653307.22	5170346.33	0
21653379.37	5170326.32	0
21653451.52	5170306.31	0.07662
21653523.66	5170286.3	0.0306677
21653595.81	5170266.29	0.0214674
21653667.96	5170246.29	0.0906957
21653740.1	5170226.28	0.117914
21653812.25	5170206.27	0.133307
21653884.4	5170186.26	0.029798
21653956.54	5170166.25	0
21654028.69	5170146.25	0
21654100.84	5170126.24	0
21654172.98	5170106.23	0
21654245.13	5170086.22	0
21654317.28	5170066.21	0
21654389.42	5170046.21	0.042806
21654461.57	5170026.2	0.13806
21654533.72	5170006.19	0.135826
21654605.86	5169986.18	0.119066
21654678.01	5169966.17	0.101727
21654750.16	5169946.17	0.123706
21654822.31	5169926.16	0.178642
21654894.45	5169906.15	0.198041
21654966.6	5169886.14	0.211333
21655038.75	5169866.13	0.220764
21655110.89	5169846.13	0.0988731
21655183.04	5169826.12	0.108143
21655255.19	5169806.11	0.110706
21655327.33	5169786.1	0.0933341
21655399.48	5169766.09	0.111691
21653254.7	5170437.11	0
21653326.85	5170417.1	0
21653399	5170397.09	0.0452993
21653471.14	5170377.08	0.041412
21653543.29	5170357.07	0
21653615.44	5170337.07	0
21653687.58	5170317.06	0.0753092
21653759.73	5170297.05	0.152014
21653831.88	5170277.04	0.145321
21653904.02	5170257.03	0
21653976.17	5170237.03	0
21654048.32	5170217.02	0
21654120.46	5170197.01	0
21654192.61	5170177	0
21654264.76	5170156.99	0.117129
21654336.9	5170136.98	0.0913363
21654409.05	5170116.98	0.0856128
21654481.2	5170096.97	0.138061
21654553.34	5170076.96	0.152588
21654625.49	5170056.95	0.154286
21654697.64	5170036.94	0.132573
21654769.78	5170016.94	0.161036
21654841.93	5169996.93	0.195984
21654914.08	5169976.92	0.149839
21654986.23	5169956.91	0.164546
21655058.37	5169936.9	0.198069
21655130.52	5169916.9	0.0896053
21655202.66	5169896.89	0.105583
21655274.81	5169876.88	0.122437
21655346.96	5169856.87	0.113661
21655419.11	5169836.86	0.105287
21655491.25	5169816.86	0.10162
21655563.4	5169796.85	0.123139
21655635.55	5169776.84	0.102638
21655707.69	5169756.83	0.0950753
21655779.84	5169736.82	0.0950771
21655851.99	5169716.82	0.133305
21655924.13	5169696.81	0.142549
21655996.28	5169676.8	0.134711
21656068.43	5169656.79	0.106329
21656140.57	5169636.78	0.132974
21656212.72	5169616.78	0.181205
21656284.87	5169596.77	0.223314
21656357.01	5169576.76	0.142299
21656429.16	5169556.75	0.150279
21656501.31	5169536.74	0.12955
21656573.45	5169516.74	0.158807
21656645.6	5169496.73	0.169422
21656717.75	5169476.72	0.152585
21656789.89	5169456.71	0.131629
21656862.04	5169436.7	0.125945
21656934.19	5169416.69	0.100477
21657006.33	5169396.69	0.082843
21657078.48	5169376.68	0.100641
21657150.63	5169356.67	0.145832
21657222.77	5169336.66	0.156886
21657294.92	5169316.65	0.179135
21657367.07	5169296.65	0.216054
21657439.21	5169276.64	0.206195
21657511.36	5169256.63	0.192123
21657583.51	5169236.62	0.188049
21657655.65	5169216.61	0.160412
21657727.8	5169196.61	0.125694
21657799.95	5169176.6	0.140821
21657872.09	5169156.59	0.146953
21657944.24	5169136.58	0.137597
21658016.39	5169116.57	0
21658088.53	5169096.57	0.03697
21658160.68	5169076.56	0.110915
21658232.83	5169056.55	0.110919
21658304.97	5169036.54	0.123048
21658377.12	5169016.53	0.137361
21658449.27	5168996.53	0.176019
21658521.41	5168976.52	0.166516
21658593.56	5168956.51	0.179975
21658665.71	5168936.5	0.152915
21658737.85	5168916.49	0.123882
21658810	5168896.49	0.122816
21658882.15	5168876.48	0.0770214
21658954.29	5168856.47	0.0537191
21659026.44	5168836.46	0.0488157
21659098.59	5168816.45	0.0525713
21653274.33	5170507.88	0
21653346.48	5170487.87	0
21653418.62	5170467.86	0
21653490.77	5170447.85	0
21653562.92	5170427.84	0
21653635.06	5170407.84	0
21653707.21	5170387.83	0
21653779.36	5170367.82	0.178453
21653851.5	5170347.81	0.158536
21653923.65	5170327.8	0.12006
21653995.8	5170307.8	0
21654067.94	5170287.79	0
21654140.09	5170267.78	0
21654212.24	5170247.77	0
21654284.38	5170227.76	0.134131
21654356.53	5170207.76	0.116891
21654428.68	5170187.75	0.0890063
21654500.82	5170167.74	0.139683
21654572.97	5170147.73	0.181368
21654645.12	5170127.72	0.189432
21654717.26	5170107.72	0.206784
21654789.41	5170087.71	0.226661
21654861.56	5170067.7	0.210486
21654933.7	5170047.69	0.119636
21655005.85	5170027.68	0.129788
21655078	5170007.68	0.132366
21655150.14	5169987.67	0.0736296
21655222.29	5169967.66	0.0966101
21655294.44	5169947.65	0.136005
21655366.58	5169927.64	0.117275
21655438.73	5169907.63	0.0869145
21655510.88	5169887.63	0.0869244
21655583.03	5169867.62	0.0974337
21655655.17	5169847.61	0.0959533
21655727.32	5169827.6	0.0970536
21655799.47	5169807.59	0.122221
21655871.61	5169787.59	0.133305
21655943.76	5169767.58	0.150391
21656015.91	5169747.57	0.184749
21656088.05	5169727.56	0.156838
21656160.2	5169707.55	0.142724
21656232.35	5169687.55	0.167301
21656304.49	5169667.54	0.199965
21656376.64	5169647.53	0.153944
21656448.79	5169627.52	0.103419
21656520.93	5169607.51	0.219669
21656593.08	5169587.51	0.184435
21656665.23	5169567.5	0.162514
21656737.37	5169547.49	0.12162
21656809.52	5169527.48	0.11454
21656881.67	5169507.47	0.0843374
21656953.81	5169487.47	0.0582641
21657025.96	5169467.46	0.0908273
21657098.11	5169447.45	0.118438
21657170.25	5169427.44	0.139529
21657242.4	5169407.43	0.163181
21657314.55	5169387.43	0.161128
21657386.69	5169367.42	0.149219
21657458.84	5169347.41	0.16769
21657530.99	5169327.4	0.132647
21657603.13	5169307.39	0.0906347
21657675.28	5169287.39	0.130667
21657747.43	5169267.38	0.156175
21657819.57	5169247.37	0.198595
21657891.72	5169227.36	0.123627
21657963.87	5169207.35	0.0993776
21658036.01	5169187.34	0
21658108.16	5169167.34	0
21658180.31	5169147.33	0.0673492
21658252.45	5169127.32	0.134703
21658324.6	5169107.31	0.146606
21658396.75	5169087.3	0.152582
21658468.89	5169067.3	0.158188
21658541.04	5169047.29	0.163495
21658613.19	5169027.28	0.167548
21658685.33	5169007.27	0.161965
21658757.48	5168987.26	0.116861
21658829.63	5168967.26	0.111034
21658901.77	5168947.25	0.105921
21658973.92	5168927.24	0.156555
21659046.07	5168907.23	0.143566
21653293.96	5170578.65	0
21653366.1	5170558.64	0
21653438.25	5170538.63	0
21653510.4	5170518.62	0
21653582.54	5170498.61	0
21653654.69	5170478.61	0
21653726.84	5170458.6	0
21653798.98	5170438.59	0.150122
21653871.13	5170418.58	0.157292
21653943.28	5170398.57	0.12492
21654015.42	5170378.57	0
21654087.57	5170358.56	0.153131
21654159.72	5170338.55	0
21654231.86	5170318.54	0
21654304.01	5170298.53	0.185273
21654376.16	5170278.53	0.148057
21654448.3	5170258.52	0.10231
21654520.45	5170238.51	0.102308
21654592.6	5170218.5	0.134674
21654664.74	5170198.49	0.200215
21654736.89	5170178.49	0.230713
21654809.04	5170158.48	0.226103
21654881.18	5170138.47	0.165085
21654953.33	5170118.46	0.112324
21655025.48	5170098.45	0.112573
21655097.62	5170078.45	0.124226
21655169.77	5170058.44	0
21655241.92	5170038.43	0.0818294
21655314.06	5170018.42	0.158012
21655386.21	5169998.41	0.132527
21655458.36	5169978.41	0.109819
21655530.5	5169958.4	0
21655602.65	5169938.39	0
21655674.8	5169918.38	0
21655746.95	5169898.37	0.105594
21655819.09	5169878.37	0.136309
21655891.24	5169858.36	0.160093
21655963.38	5169838.35	0.21421
21656035.53	5169818.34	0.202355
21656107.68	5169798.33	0.188806
21656179.83	5169778.32	0.150062
21656251.97	5169758.32	0.149742
21656324.12	5169738.31	0.214624
21656396.27	5169718.3	0.198236
21656468.41	5169698.29	0.200424
21656540.56	5169678.28	0.200761
21656612.71	5169658.28	0.224264
21656684.85	5169638.27	0.203416
21656757	5169618.26	0.158893
21656829.15	5169598.25	0
21656901.29	5169578.24	0
21656973.44	5169558.24	0.0540664
21657045.59	5169538.23	0.101051
21657117.73	5169518.22	0.126802
21657189.88	5169498.21	0.113822
21657262.03	5169478.2	0.145717
21657334.17	5169458.2	0.152277
21657406.32	5169438.19	0.140324
21657478.47	5169418.18	0.15483
21657550.61	5169398.17	0.175215
21657622.76	5169378.16	0.127529
21657694.91	5169358.16	0.0895418
21657767.05	5169338.15	0.209117
21657839.2	5169318.14	0.211188
21657911.35	5169298.13	0.12724
21657983.49	5169278.12	0.0905296
21658055.64	5169258.12	0
21658127.79	5169238.11	0
21658199.93	5169218.1	0
21658272.08	5169198.09	0.151208
21658344.23	5169178.08	0.161217
21658416.37	5169158.08	0.183574
21658488.52	5169138.07	0.180418
21658560.67	5169118.06	0.164029
21658632.81	5169098.05	0.152333
21658704.96	5169078.04	0.149984
21658777.11	5169058.03	0.12979
21658849.25	5169038.03	0.130041
21658921.4	5169018.02	0.1343
21658993.55	5168998.01	0.148133
21659065.69	5168978	0.169767
21653313.58	5170649.42	0
21653385.73	5170629.41	0
21653457.88	5170609.4	0
21653530.02	5170589.39	0.0883783
21653602.17	5170569.39	0.0964621
21653674.32	5170549.38	0.0962979
21653746.46	5170529.37	0.0916509
21653818.61	5170509.36	0
21653890.76	5170489.35	0
21653962.9	5170469.35	0
21654035.05	5170449.34	0
21654107.2	5170429.33	0.114862
21654179.34	5170409.32	0.125168
21654251.49	5170389.31	0.143906
21654323.64	5170369.3	0.0951634
21654395.78	5170349.3	0
21654467.93	5170329.29	0
21654540.08	5170309.28	0.0955193
21654612.22	5170289.27	0.130166
21654684.37	5170269.26	0.214815
21654756.52	5170249.26	0.200511
21654828.66	5170229.25	0.177082
21654900.81	5170209.24	0.149312
21654972.96	5170189.23	0.10767
21655045.1	5170169.22	0.140437
21655117.25	5170149.22	0.177119
21655189.4	5170129.21	0.169946
21655261.54	5170109.2	0.0969713
21655333.69	5170089.19	0.113856
21655405.84	5170069.18	0.119163
21655477.98	5170049.18	0.110835
21655550.13	5170029.17	0.0908328
21655622.28	5170009.16	0
21655694.42	5169989.15	0
21655766.57	5169969.14	0.115105
21655838.72	5169949.14	0.171519
21655910.86	5169929.13	0.162328
21655983.01	5169909.12	0.158504
21656055.16	5169889.11	0.181294
21656127.3	5169869.1	0.259874
21656199.45	5169849.1	0.248469
21656271.6	5169829.09	0.230035
21656343.75	5169809.08	0.210263
21656415.89	5169789.07	0.179659
21656488.04	5169769.06	0.158741
21656560.19	5169749.06	0.168478
21656632.33	5169729.05	0.190659
21656704.48	5169709.04	0.188224
21656776.63	5169689.03	0.154322
21656848.77	5169669.02	0
21656920.92	5169649.02	0
21656993.07	5169629.01	0
21657065.21	5169609	0.109572
21657137.36	5169588.99	0.147042
21657209.51	5169568.98	0.142302
21657281.65	5169548.97	0.129088
21657353.8	5169528.97	0.13526
21657425.95	5169508.96	0.168429
21657498.09	5169488.95	0.177655
21657570.24	5169468.94	0.181859
21657642.39	5169448.93	0.187363
21657714.53	5169428.93	0.182253
21657786.68	5169408.92	0.209972
21657858.83	5169388.91	0.165213
21657930.97	5169368.9	0.0951998
21658003.12	5169348.89	0
21658075.27	5169328.89	0
21658147.41	5169308.88	0
21658219.56	5169288.87	0
21658291.71	5169268.86	0.159724
21658363.85	5169248.85	0.174303
21658436	5169228.85	0.148352
21658508.15	5169208.84	0.159925
21658580.29	5169188.83	0.14342
21658652.44	5169168.82	0.113289
21658724.59	5169148.81	0.128964
21658796.73	5169128.81	0.11387
21658868.88	5169108.8	0.146918
21658941.03	5169088.79	0.163428
21659013.17	5169068.78	0.158622
21659085.32	5169048.77	0.163102
21653261.06	5170740.2	0.0814889
21653333.21	5170720.19	0
21653405.36	5170700.18	0
21653477.5	5170680.17	0.126418
21653549.65	5170660.16	0.135214
21653621.8	5170640.16	0.115682
21653693.94	5170620.15	0.105172
21653766.09	5170600.14	0.0934089
21653838.24	5170580.13	0.121094
21653910.38	5170560.12	0.15626
21653982.53	5170540.12	0.152017
21654054.68	5170520.11	0.105118
21654126.82	5170500.1	0.106902
21654198.97	5170480.09	0.101274
21654271.12	5170460.08	0.110608
21654343.26	5170440.08	0.103183
21654415.41	5170420.07	0.0997924
21654487.56	5170400.06	0.126892
21654559.7	5170380.05	0.161826
21654631.85	5170360.04	0.192644
21654704	5170340.04	0.213199
21654776.14	5170320.03	0.205049
21654848.29	5170300.02	0.219575
21654920.44	5170280.01	0.182067
21654992.58	5170260	0.122297
21655064.73	5170240	0.127307
21655136.88	5170219.99	0.200249
21655209.02	5170199.98	0.195842
21655281.17	5170179.97	0.104776
21655353.32	5170159.96	0.101127
21655425.46	5170139.95	0.132547
21655497.61	5170119.95	0.150095
21655569.76	5170099.94	0.113746
21655641.9	5170079.93	0
21655714.05	5170059.92	0
21655786.2	5170039.91	0.183307
21655858.34	5170019.91	0.180782
21655930.49	5169999.9	0.107938
21656002.64	5169979.89	0.123768
21656074.78	5169959.88	0.240325
21656146.93	5169939.87	0.286004
21656219.08	5169919.87	0.293465
21656291.22	5169899.86	0.273618
21656363.37	5169879.85	0.257204
21656435.52	5169859.84	0.202879
21656507.66	5169839.83	0.206821
21656579.81	5169819.83	0.203015
21656651.96	5169799.82	0.173421
21656724.1	5169779.81	0.166938
21656796.25	5169759.8	0
21656868.4	5169739.79	0
21656940.55	5169719.79	0
21657012.69	5169699.78	0.100311
21657084.84	5169679.77	0.148784
21657156.99	5169659.76	0.15539
21657229.13	5169639.75	0
21657301.28	5169619.75	0.131134
21657373.43	5169599.74	0.138163
21657445.57	5169579.73	0.147983
21657517.72	5169559.72	0.172266
21657589.87	5169539.71	0.169223
21657662.01	5169519.71	0.158087
21657734.16	5169499.7	0.167825
21657806.31	5169479.69	0.163016
21657878.45	5169459.68	0.153491
21657950.6	5169439.67	0.160077
21658022.75	5169419.66	0.138554
21658094.89	5169399.66	0.147688
21658167.04	5169379.65	0
21658239.19	5169359.64	0
21658311.33	5169339.63	0.195666
21658383.48	5169319.62	0.208318
21658455.63	5169299.62	0.159537
21658527.77	5169279.61	0.140217
21658599.92	5169259.6	0.112581
21658672.07	5169239.59	0.101329
21658744.21	5169219.58	0.0927533
21658816.36	5169199.58	0.117029
21658888.51	5169179.57	0.163416
21658960.65	5169159.56	0.191889
21659032.8	5169139.55	0.198577
21659104.95	5169119.54	0.197428
21653280.69	5170810.97	0.0644021
21653352.84	5170790.96	0.0748008
21653424.98	5170770.95	0.0999377
21653497.13	5170750.94	0.135927
21653569.28	5170730.93	0.165404
21653641.42	5170710.93	0.143002
21653713.57	5170690.92	0.114358
21653785.72	5170670.91	0
21653857.86	5170650.9	0.165796
21653930.01	5170630.89	0.168363
21654002.16	5170610.89	0.121928
21654074.3	5170590.88	0.10507
21654146.45	5170570.87	0
21654218.6	5170550.86	0
21654290.74	5170530.85	0.107438
21654362.89	5170510.85	0.102915
21654435.04	5170490.84	0.102561
21654507.18	5170470.83	0.169601
21654579.33	5170450.82	0.192982
21654651.48	5170430.81	0.20177
21654723.62	5170410.81	0
21654795.77	5170390.8	0.150456
21654867.92	5170370.79	0.221448
21654940.06	5170350.78	0.193169
21655012.21	5170330.77	0.165546
21655084.36	5170310.77	0.121524
21655156.5	5170290.76	0.174792
21655228.65	5170270.75	0.160961
21655300.8	5170250.74	0.129466
21655372.94	5170230.73	0
21655445.09	5170210.73	0.138867
21655517.24	5170190.72	0.172105
21655589.38	5170170.71	0.14391
21655661.53	5170150.7	0.134437
21655733.68	5170130.69	0.176433
21655805.82	5170110.69	0.195147
21655877.97	5170090.68	0.189288
21655950.12	5170070.67	0.121854
21656022.26	5170050.66	0.165489
21656094.41	5170030.65	0.22447
21656166.56	5170010.65	0.256142
21656238.7	5169990.64	0.290092
21656310.85	5169970.63	0.296618
21656383	5169950.62	0.252069
21656455.14	5169930.61	0.278758
21656527.29	5169910.6	0.293961
21656599.44	5169890.6	0.284303
21656671.58	5169870.59	0.186613
21656743.73	5169850.58	0
21656815.88	5169830.57	0
21656888.02	5169810.56	0
21656960.17	5169790.56	0
21657032.32	5169770.55	0.115045
21657104.47	5169750.54	0.196233
21657176.61	5169730.53	0.215105
21657248.76	5169710.52	0.22104
21657320.91	5169690.52	0
21657393.05	5169670.51	0
21657465.2	5169650.5	0.11522
21657537.35	5169630.49	0.107212
21657609.49	5169610.48	0.119004
21657681.64	5169590.48	0.120913
21657753.79	5169570.47	0.145082
21657825.93	5169550.46	0.132265
21657898.08	5169530.45	0.162168
21657970.23	5169510.44	0.191745
21658042.37	5169490.44	0.204202
21658114.52	5169470.43	0.174426
21658186.67	5169450.42	0.159105
21658258.81	5169430.41	0.136576
21658330.96	5169410.4	0.185241
21658403.11	5169390.4	0.189364
21658475.25	5169370.39	0.192923
21658547.4	5169350.38	0.135503
21658619.55	5169330.37	0.110005
21658691.69	5169310.36	0.10619
21658763.84	5169290.36	0.106376
21658835.99	5169270.35	0.127713
21658908.13	5169250.34	0.156638
21658980.28	5169230.33	0.206719
21659052.43	5169210.32	0.200796
21653300.32	5170881.74	0.0816935
21653372.46	5170861.73	0.0867909
21653444.61	5170841.72	0.0938694
21653516.76	5170821.71	0.117287
21653588.9	5170801.71	0.168868
21653661.05	5170781.7	0.167575
21653733.2	5170761.69	0
21653805.34	5170741.68	0
21653877.49	5170721.67	0.15322
21653949.64	5170701.67	0.16727
21654021.78	5170681.66	0.0986929
21654093.93	5170661.65	0.09477
21654166.08	5170641.64	0
21654238.22	5170621.63	0.10151
21654310.37	5170601.63	0.104715
21654382.52	5170581.62	0.109664
21654454.66	5170561.61	0.161853
21654526.81	5170541.6	0.186046
21654598.96	5170521.59	0.181902
21654671.1	5170501.58	0.179233
21654743.25	5170481.58	0
21654815.4	5170461.57	0.10734
21654887.54	5170441.56	0.138282
21654959.69	5170421.55	0.188639
21655031.84	5170401.54	0.151208
21655103.98	5170381.54	0.10695
21655176.13	5170361.53	0.173805
21655248.28	5170341.52	0.189424
21655320.42	5170321.51	0.127299
21655392.57	5170301.5	0.113342
21655464.72	5170281.5	0.123067
21655536.86	5170261.49	0.16324
21655609.01	5170241.48	0.158992
21655681.16	5170221.47	0.10506
21655753.3	5170201.46	0.118329
21655825.45	5170181.46	0.146413
21655897.6	5170161.45	0.161761
21655969.74	5170141.44	0.162058
21656041.89	5170121.43	0.184032
21656114.04	5170101.42	0.212286
21656186.18	5170081.42	0.220892
21656258.33	5170061.41	0.323743
21656330.48	5170041.4	0.321888
21656402.62	5170021.39	0.239963
21656474.77	5170001.38	0.265121
21656546.92	5169981.38	0.264132
21656619.06	5169961.37	0.251409
21656691.21	5169941.36	0.155901
21656763.36	5169921.35	0
21656835.5	5169901.34	0.0700694
21656907.65	5169881.34	0
21656979.8	5169861.33	0
21657051.94	5169841.32	0.243579
21657124.09	5169821.31	0.250922
21657196.24	5169801.3	0.260996
21657268.38	5169781.3	0.220124
21657340.53	5169761.29	0.087859
21657412.68	5169741.28	0
21657484.83	5169721.27	0.114948
21657556.97	5169701.26	0.100704
21657629.12	5169681.25	0.0952245
21657701.27	5169661.25	0.11758
21657773.41	5169641.24	0.148071
21657845.56	5169621.23	0.111947
21657917.71	5169601.22	0.132772
21657989.85	5169581.21	0.16567
21658062	5169561.21	0.198346
21658134.15	5169541.2	0.189113
21658206.29	5169521.19	0.151998
21658278.44	5169501.18	0.133357
21658350.59	5169481.17	0.14614
21658422.73	5169461.17	0.15469
21658494.88	5169441.16	0.186831
21658567.03	5169421.15	0.218458
21658639.17	5169401.14	0.182521
21658711.32	5169381.13	0.177723
21658783.47	5169361.13	0.219126
21658855.61	5169341.12	0.168665
21658927.76	5169321.11	0.172171
21658999.91	5169301.1	0.194357
21659072.05	5169281.09	0.211525
21653247.8	5170972.52	0.088973
21653319.94	5170952.51	0.0960948
21653392.09	5170932.5	0.0778526
21653464.24	5170912.49	0.114075
21653536.38	5170892.48	0.159265
21653608.53	5170872.48	0.204882
21653680.68	5170852.47	0.199389
21653752.82	5170832.46	0.183608
21653824.97	5170812.45	0.170901
21653897.12	5170792.44	0.126445
21653969.26	5170772.44	0.118817
21654041.41	5170752.43	0.0898242
21654113.56	5170732.42	0
21654185.7	5170712.41	0
21654257.85	5170692.4	0.104422
21654330	5170672.4	0.115012
21654402.14	5170652.39	0.141757
21654474.29	5170632.38	0.172772
21654546.44	5170612.37	0.201328
21654618.58	5170592.36	0.185325
21654690.73	5170572.36	0.142169
21654762.88	5170552.35	0
21654835.02	5170532.34	0.0857649
21654907.17	5170512.33	0.131267
21654979.32	5170492.32	0.237564
21655051.46	5170472.32	0.11224
21655123.61	5170452.31	0.105613
21655195.76	5170432.3	0.151206
21655267.9	5170412.29	0.176087
21655340.05	5170392.28	0.177217
21655412.2	5170372.28	0.173487
21655484.34	5170352.27	0.165381
21655556.49	5170332.26	0.146614
21655628.64	5170312.25	0.161565
21655700.78	5170292.24	0
21655772.93	5170272.23	0.112002
21655845.08	5170252.23	0.129449
21655917.22	5170232.22	0.183802
21655989.37	5170212.21	0.191349
21656061.52	5170192.2	0.219656
21656133.66	5170172.19	0.247288
21656205.81	5170152.19	0.268444
21656277.96	5170132.18	0.334794
21656350.1	5170112.17	0.251012
21656422.25	5170092.16	0.182009
21656494.4	5170072.15	0.216778
21656566.54	5170052.15	0.217857
21656638.69	5170032.14	0.157012
21656710.84	5170012.13	0
21656782.98	5169992.12	0
21656855.13	5169972.11	0.0899102
21656927.28	5169952.11	0
21656999.42	5169932.1	0
21657071.57	5169912.09	0.199032
21657143.72	5169892.08	0.236843
21657215.86	5169872.07	0.207649
21657288.01	5169852.07	0.174092
21657360.16	5169832.06	0
21657432.3	5169812.05	0.12819
21657504.45	5169792.04	0.124764
21657576.6	5169772.03	0.118123
21657648.74	5169752.03	0.117633
21657720.89	5169732.02	0.136798
21657793.04	5169712.01	0.171245
21657865.18	5169692	0.130473
21657937.33	5169671.99	0.0939497
21658009.48	5169651.99	0.10618
21658081.63	5169631.98	0.144761
21658153.77	5169611.97	0
21658225.92	5169591.96	0
21658298.07	5169571.95	0.130378
21658370.21	5169551.94	0
21658442.36	5169531.94	0.150293
21658514.51	5169511.93	0.21452
21658586.65	5169491.92	0.241042
21658658.8	5169471.91	0.252665
21658730.95	5169451.9	0.288458
21658803.09	5169431.9	0.299073
21658875.24	5169411.89	0.240668
21658947.39	5169391.88	0.208942
21659019.53	5169371.87	0.163266
21659091.68	5169351.86	0.152545
21653267.42	5171043.29	0.112134
21653339.57	5171023.28	0.106307
21653411.72	5171003.27	0.118736
21653483.86	5170983.26	0.175695
21653556.01	5170963.26	0.251156
21653628.16	5170943.25	0.250635
21653700.3	5170923.24	0.246231
21653772.45	5170903.23	0.196242
21653844.6	5170883.22	0.147653
21653916.74	5170863.21	0.117652
21653988.89	5170843.21	0.118472
21654061.04	5170823.2	0
21654133.18	5170803.19	0
21654205.33	5170783.18	0
21654277.48	5170763.17	0.100795
21654349.62	5170743.17	0.145218
21654421.77	5170723.16	0.202978
21654493.92	5170703.15	0.185694
21654566.06	5170683.14	0.234667
21654638.21	5170663.13	0.216249
21654710.36	5170643.13	0.148861
21654782.5	5170623.12	0
21654854.65	5170603.11	0
21654926.8	5170583.1	0.113897
21654998.94	5170563.09	0.206417
21655071.09	5170543.09	0.259136
21655143.24	5170523.08	0.22105
21655215.38	5170503.07	0.205827
21655287.53	5170483.06	0.163798
21655359.68	5170463.05	0.0762676
21655431.82	5170443.05	0.14762
21655503.97	5170423.04	0.153036
21655576.12	5170403.03	0.142877
21655648.26	5170383.02	0.175632
21655720.41	5170363.01	0.199148
21655792.56	5170343.01	0.143434
21655864.7	5170323	0.137915
21655936.85	5170302.99	0.190926
21656009	5170282.98	0.211069
21656081.14	5170262.97	0.21989
21656153.29	5170242.97	0.234391
21656225.44	5170222.96	0.268925
21656297.58	5170202.95	0.300588
21656369.73	5170182.94	0.2603
21656441.88	5170162.93	0.192907
21656514.02	5170142.93	0.177246
21656586.17	5170122.92	0.170702
21656658.32	5170102.91	0.153083
21656730.46	5170082.9	0.182306
21656802.61	5170062.89	0.201692
21656874.76	5170042.88	0.193658
21656946.9	5170022.88	0.182526
21657019.05	5170002.87	0.19346
21657091.2	5169982.86	0.140623
21657163.34	5169962.85	0.178615
21657235.49	5169942.84	0.243198
21657307.64	5169922.84	0.21566
21657379.78	5169902.83	0.110912
21657451.93	5169882.82	0.125098
21657524.08	5169862.81	0.128076
21657596.22	5169842.8	0.127762
21657668.37	5169822.8	0.110432
21657740.52	5169802.79	0.114772
21657812.66	5169782.78	0.162597
21657884.81	5169762.77	0.127492
21657956.96	5169742.76	0.105261
21658029.1	5169722.76	0.104679
21658101.25	5169702.75	0.109514
21658173.4	5169682.74	0
21658245.54	5169662.73	0.128127
21658317.69	5169642.72	0.164091
21658389.84	5169622.72	0.189894
21658461.99	5169602.71	0.120328
21658534.13	5169582.7	0.182353
21658606.28	5169562.69	0.261577
21658678.43	5169542.68	0.270459
21658750.57	5169522.68	0.243888
21658822.72	5169502.67	0.201212
21658894.87	5169482.66	0.196965
21658967.01	5169462.65	0.196352
21659039.16	5169442.64	0.159628
21659111.31	5169422.64	0.13163
21653287.05	5171114.06	0.115126
21653359.2	5171094.05	0.127473
21653431.34	5171074.04	0.148163
21653503.49	5171054.03	0.249418
21653575.64	5171034.03	0.278116
21653647.78	5171014.02	0.255455
21653719.93	5170994.01	0.197744
21653792.08	5170974	0.162841
21653864.22	5170953.99	0.117543
21653936.37	5170933.99	0
21654008.52	5170913.98	0
21654080.66	5170893.97	0
21654152.81	5170873.96	0
21654224.96	5170853.95	0
21654297.1	5170833.95	0.0991763
21654369.25	5170813.94	0.145067
21654441.4	5170793.93	0.225057
21654513.54	5170773.92	0.27655
21654585.69	5170753.91	0.208106
21654657.84	5170733.91	0.200019
21654729.98	5170713.9	0
21654802.13	5170693.89	0.155702
21654874.28	5170673.88	0.162366
21654946.42	5170653.87	0.270331
21655018.57	5170633.86	0.258384
21655090.72	5170613.86	0.303695
21655162.86	5170593.85	0.264696
21655235.01	5170573.84	0.199477
21655307.16	5170553.83	0.128219
21655379.3	5170533.82	0.0997415
21655451.45	5170513.82	0.139458
21655523.6	5170493.81	0.137038
21655595.74	5170473.8	0
21655667.89	5170453.79	0.179848
21655740.04	5170433.78	0.203942
21655812.18	5170413.78	0.185175
21655884.33	5170393.77	0.124188
21655956.48	5170373.76	0.171312
21656028.62	5170353.75	0.210547
21656100.77	5170333.74	0.226305
21656172.92	5170313.74	0.197111
21656245.06	5170293.73	0.226211
21656317.21	5170273.72	0.270266
21656389.36	5170253.71	0.247061
21656461.5	5170233.7	0.234213
21656533.65	5170213.7	0.230057
21656605.8	5170193.69	0.190617
21656677.94	5170173.68	0.167047
21656750.09	5170153.67	0.255969
21656822.24	5170133.66	0.295424
21656894.38	5170113.66	0.253805
21656966.53	5170093.65	0.250079
21657038.68	5170073.64	0.242813
21657110.82	5170053.63	0.175715
21657182.97	5170033.62	0.184546
21657255.12	5170013.62	0.259518
21657327.26	5169993.61	0.232198
21657399.41	5169973.6	0.159541
21657471.56	5169953.59	0.13074
21657543.7	5169933.58	0.129487
21657615.85	5169913.57	0.110311
21657688	5169893.57	0.102324
21657760.14	5169873.56	0.0944458
21657832.29	5169853.55	0
21657904.44	5169833.54	0.112311
21657976.58	5169813.53	0.0949245
21658048.73	5169793.53	0.119312
21658120.88	5169773.52	0.129688
21658193.02	5169753.51	0.12838
21658265.17	5169733.5	0.127058
21658337.32	5169713.49	0.226342
21658409.46	5169693.49	0.180425
21658481.61	5169673.48	0.116118
21658553.76	5169653.47	0.132036
21658625.91	5169633.46	0.220775
21658698.05	5169613.45	0.257875
21658770.2	5169593.45	0.22337
21658842.35	5169573.44	0.137046
21658914.49	5169553.43	0.132556
21658986.64	5169533.42	0.119704
21659058.79	5169513.41	0.128139
21653306.68	5171184.83	0.123401
21653378.82	5171164.82	0.165981
21653450.97	5171144.81	0.169581
21653523.12	5171124.8	0.242707
21653595.26	5171104.8	0.251486
21653667.41	5171084.79	0.259484
21653739.56	5171064.78	0.191596
21653811.7	5171044.77	0.138762
21653883.85	5171024.76	0
21653956	5171004.76	0
21654028.14	5170984.75	0
21654100.29	5170964.74	0
21654172.44	5170944.73	0
21654244.58	5170924.72	0.0941949
21654316.73	5170904.72	0
21654388.88	5170884.71	0.111157
21654461.02	5170864.7	0.142398
21654533.17	5170844.69	0.168205
21654605.32	5170824.68	0.125202
21654677.46	5170804.68	0.118695
21654749.61	5170784.67	0.154863
21654821.76	5170764.66	0.137271
21654893.9	5170744.65	0.161922
21654966.05	5170724.64	0.201271
21655038.2	5170704.64	0.143781
21655110.34	5170684.63	0.155125
21655182.49	5170664.62	0.232258
21655254.64	5170644.61	0.134131
21655326.78	5170624.6	0.126717
21655398.93	5170604.6	0.126633
21655471.08	5170584.59	0.146181
21655543.22	5170564.58	0.172124
21655615.37	5170544.57	0.210164
21655687.52	5170524.56	0.192335
21655759.66	5170504.56	0.185399
21655831.81	5170484.55	0.213962
21655903.96	5170464.54	0.167945
21655976.1	5170444.53	0.186172
21656048.25	5170424.52	0.220606
21656120.4	5170404.51	0.215303
21656192.54	5170384.51	0.243228
21656264.69	5170364.5	0.246421
21656336.84	5170344.49	0.21029
21656408.98	5170324.48	0.224807
21656481.13	5170304.47	0.234312
21656553.28	5170284.47	0.201607
21656625.42	5170264.46	0.142226
21656697.57	5170244.45	0.171505
21656769.72	5170224.44	0.254541
21656841.86	5170204.43	0.301891
21656914.01	5170184.43	0.26686
21656986.16	5170164.42	0.260366
21657058.3	5170144.41	0.233663
21657130.45	5170124.4	0.188522
21657202.6	5170104.39	0.157663
21657274.74	5170084.39	0.200941
21657346.89	5170064.38	0.203797
21657419.04	5170044.37	0.191853
21657491.18	5170024.36	0.143606
21657563.33	5170004.35	0.119271
21657635.48	5169984.35	0.105745
21657707.62	5169964.34	0.0995704
21657779.77	5169944.33	0
21657851.92	5169924.32	0.145493
21657924.06	5169904.31	0.130371
21657996.21	5169884.31	0.127013
21658068.36	5169864.3	0.124198
21658140.5	5169844.29	0.153226
21658212.65	5169824.28	0.149706
21658284.8	5169804.27	0.12698
21658356.94	5169784.27	0.167076
21658429.09	5169764.26	0.155567
21658501.24	5169744.25	0.106294
21658573.38	5169724.24	0.1277
21658645.53	5169704.23	0.22754
21658717.68	5169684.22	0.292717
21658789.82	5169664.22	0.245638
21658861.97	5169644.21	0.168051
21658934.12	5169624.2	0.123917
21659006.26	5169604.19	0.087881
21659078.41	5169584.18	0.0856524
21653254.15	5171275.61	0.191546
21653326.3	5171255.6	0.181709
21653398.45	5171235.59	0.185662
21653470.6	5171215.58	0.219467
21653542.74	5171195.58	0.181503
21653614.89	5171175.57	0.211745
21653687.04	5171155.56	0.209449
21653759.18	5171135.55	0.137471
21653831.33	5171115.54	0.0855773
21653903.48	5171095.54	0.113724
21653975.62	5171075.53	0.121605
21654047.77	5171055.52	0
21654119.92	5171035.51	0
21654192.06	5171015.5	0
21654264.21	5170995.49	0
21654336.36	5170975.49	0
21654408.5	5170955.48	0
21654480.65	5170935.47	0
21654552.8	5170915.46	0
21654624.94	5170895.45	0.121915
21654697.09	5170875.45	0.102222
21654769.24	5170855.44	0.138626
21654841.38	5170835.43	0.173136
21654913.53	5170815.42	0.153999
21654985.68	5170795.41	0
21655057.82	5170775.41	0.0741353
21655129.97	5170755.4	0.0941264
21655202.12	5170735.39	0.149567
21655274.26	5170715.38	0.143973
21655346.41	5170695.37	0.124715
21655418.56	5170675.37	0.128835
21655490.7	5170655.36	0.131051
21655562.85	5170635.35	0.184579
21655635	5170615.34	0.216377
21655707.14	5170595.33	0.20557
21655779.29	5170575.33	0.200357
21655851.44	5170555.32	0.230252
21655923.58	5170535.31	0.245618
21655995.73	5170515.3	0.226788
21656067.88	5170495.29	0.237628
21656140.02	5170475.29	0.21155
21656212.17	5170455.28	0.245014
21656284.32	5170435.27	0.254881
21656356.46	5170415.26	0.208975
21656428.61	5170395.25	0.194258
21656500.76	5170375.25	0.148273
21656572.9	5170355.24	0.153417
21656645.05	5170335.23	0
21656717.2	5170315.22	0.147508
21656789.34	5170295.21	0.198438
21656861.49	5170275.21	0.237987
21656933.64	5170255.2	0.217555
21657005.78	5170235.19	0.220353
21657077.93	5170215.18	0.204784
21657150.08	5170195.17	0.174656
21657222.22	5170175.16	0.109106
21657294.37	5170155.16	0.17257
21657366.52	5170135.15	0.194536
21657438.66	5170115.14	0.181484
21657510.81	5170095.13	0.141196
21657582.96	5170075.12	0.118254
21657655.1	5170055.12	0.116958
21657727.25	5170035.11	0.112384
21657799.4	5170015.1	0.107506
21657871.54	5169995.09	0.137032
21657943.69	5169975.08	0.169028
21658015.84	5169955.08	0.209109
21658087.98	5169935.07	0.147507
21658160.13	5169915.06	0.146196
21658232.28	5169895.05	0.157154
21658304.42	5169875.04	0.0955933
21658376.57	5169855.04	0.133434
21658448.72	5169835.03	0.169469
21658520.86	5169815.02	0.109275
21658593.01	5169795.01	0.116745
21658665.16	5169775	0.163361
21658737.3	5169755	0.251306
21658809.45	5169734.99	0.233212
21658881.6	5169714.98	0.186744
21658953.74	5169694.97	0.142311
21659025.89	5169674.96	0.11296
21659098.04	5169654.96	0.107844
21653273.78	5171346.38	0.211194
21653345.93	5171326.37	0.219074
21653418.07	5171306.36	0.208279
21653490.22	5171286.35	0.231061
21653562.37	5171266.35	0.21448
21653634.51	5171246.34	0.190106
21653706.66	5171226.33	0.193901
21653778.81	5171206.32	0.163553
21653850.96	5171186.31	0.110924
21653923.1	5171166.31	0.161263
21653995.25	5171146.3	0.153558
21654067.4	5171126.29	0
21654139.54	5171106.28	0
21654211.69	5171086.27	0
21654283.84	5171066.27	0
21654355.98	5171046.26	0
21654428.13	5171026.25	0
21654500.28	5171006.24	0
21654572.42	5170986.23	0
21654644.57	5170966.23	0.104997
21654716.72	5170946.22	0.118216
21654788.86	5170926.21	0.231381
21654861.01	5170906.2	0.212072
21654933.16	5170886.19	0.147654
21655005.3	5170866.18	0
21655077.45	5170846.18	0.0760155
21655149.6	5170826.17	0.0963141
21655221.74	5170806.16	0.126196
21655293.89	5170786.15	0.10361
21655366.04	5170766.14	0.119575
21655438.18	5170746.14	0.121918
21655510.33	5170726.13	0
21655582.48	5170706.12	0.0865385
21655654.62	5170686.11	0.247369
21655726.77	5170666.1	0.216455
21655798.92	5170646.1	0.214051
21655871.06	5170626.09	0.233181
21655943.21	5170606.08	0.242517
21656015.36	5170586.07	0.248756
21656087.5	5170566.06	0.227881
21656159.65	5170546.06	0.212518
21656231.8	5170526.05	0.196131
21656303.94	5170506.04	0.164705
21656376.09	5170486.03	0.112873
21656448.24	5170466.02	0.121975
21656520.38	5170446.02	0.105287
21656592.53	5170426.01	0
21656664.68	5170406	0
21656736.82	5170385.99	0
21656808.97	5170365.98	0.145174
21656881.12	5170345.98	0.139998
21656953.26	5170325.97	0.10909
21657025.41	5170305.96	0.259493
21657097.56	5170285.95	0.216061
21657169.7	5170265.94	0.181386
21657241.85	5170245.94	0.130309
21657314	5170225.93	0.152063
21657386.14	5170205.92	0.178987
21657458.29	5170185.91	0.224512
21657530.44	5170165.9	0.187362
21657602.58	5170145.9	0.120409
21657674.73	5170125.89	0.104483
21657746.88	5170105.88	0.112441
21657819.02	5170085.87	0
21657891.17	5170065.86	0
21657963.32	5170045.85	0.155158
21658035.46	5170025.85	0.180363
21658107.61	5170005.84	0.152081
21658179.76	5169985.83	0.159456
21658251.9	5169965.82	0.161596
21658324.05	5169945.81	0.160904
21658396.2	5169925.81	0.167155
21658468.34	5169905.8	0.203259
21658540.49	5169885.79	0.162079
21658612.64	5169865.78	0.096414
21658684.78	5169845.77	0.111043
21658756.93	5169825.77	0.139398
21658829.08	5169805.76	0.193188
21658901.22	5169785.75	0.188675
21658973.37	5169765.74	0.182552
21659045.52	5169745.73	0.140997
21653293.41	5171417.15	0.200278
21653365.55	5171397.14	0.180522
21653437.7	5171377.13	0.203351
21653509.85	5171357.12	0.244461
21653581.99	5171337.12	0.215139
21653654.14	5171317.11	0.163452
21653726.29	5171297.1	0.14904
21653798.43	5171277.09	0.126373
21653870.58	5171257.08	0.133789
21653942.73	5171237.08	0.109074
21654014.87	5171217.07	0.0969877
21654087.02	5171197.06	0.105194
21654159.17	5171177.05	0.13387
21654231.32	5171157.04	0.148059
21654303.46	5171137.04	0
21654375.61	5171117.03	0
21654447.76	5171097.02	0
21654519.9	5171077.01	0
21654592.05	5171057	0
21654664.2	5171037	0.106958
21654736.34	5171016.99	0.12562
21654808.49	5170996.98	0.151163
21654880.64	5170976.97	0.197603
21654952.78	5170956.96	0.194161
21655024.93	5170936.96	0.0980365
21655097.08	5170916.95	0.0849022
21655169.22	5170896.94	0
21655241.37	5170876.93	0.139603
21655313.52	5170856.92	0.0931276
21655385.66	5170836.92	0.0873346
21655457.81	5170816.91	0.103647
21655529.96	5170796.9	0.113162
21655602.1	5170776.89	0.102005
21655674.25	5170756.88	0.169433
21655746.4	5170736.88	0.162132
21655818.54	5170716.87	0.24288
21655890.69	5170696.86	0.251673
21655962.84	5170676.85	0.242612
21656034.98	5170656.84	0.25735
21656107.13	5170636.83	0.24778
21656179.28	5170616.83	0.25407
21656251.42	5170596.82	0.261457
21656323.57	5170576.81	0.277724
21656395.72	5170556.8	0.238605
21656467.86	5170536.79	0.143105
21656540.01	5170516.79	0.0948415
21656612.16	5170496.78	0
21656684.3	5170476.77	0
21656756.45	5170456.76	0.10573
21656828.6	5170436.75	0.127118
21656900.74	5170416.75	0.123598
21656972.89	5170396.74	0.117118
21657045.04	5170376.73	0.171249
21657117.18	5170356.72	0.17052
21657189.33	5170336.71	0.15847
21657261.48	5170316.71	0.157009
21657333.62	5170296.7	0.15364
21657405.77	5170276.69	0.174782
21657477.92	5170256.68	0.241096
21657550.06	5170236.67	0.188054
21657622.21	5170216.67	0.0985426
21657694.36	5170196.66	0.109858
21657766.5	5170176.65	0.118706
21657838.65	5170156.64	0.1114
21657910.8	5170136.63	0.0574954
21657982.94	5170116.63	0
21658055.09	5170096.62	0
21658127.24	5170076.61	0.139399
21658199.38	5170056.6	0.146983
21658271.53	5170036.59	0.187189
21658343.68	5170016.59	0.161339
21658415.82	5169996.58	0.208815
21658487.97	5169976.57	0.244841
21658560.12	5169956.56	0.201085
21658632.26	5169936.55	0.118377
21658704.41	5169916.55	0
21658776.56	5169896.54	0
21658848.7	5169876.53	0.163224
21658920.85	5169856.52	0.184866
21658993	5169836.51	0.189981
21659065.14	5169816.5	0.193106
21653313.03	5171487.92	0.157946
21653385.18	5171467.91	0.15093
21653457.33	5171447.9	0.168926
21653529.47	5171427.9	0.258545
21653601.62	5171407.89	0.259809
21653673.77	5171387.88	0.129501
21653745.91	5171367.87	0.0990986
21653818.06	5171347.86	0
21653890.21	5171327.86	0
21653962.35	5171307.85	0
21654034.5	5171287.84	0
21654106.65	5171267.83	0.118443
21654178.79	5171247.82	0.15288
21654250.94	5171227.82	0.181486
21654323.09	5171207.81	0
21654395.23	5171187.8	0
21654467.38	5171167.79	0
21654539.53	5171147.78	0
21654611.67	5171127.77	0
21654683.82	5171107.77	0.0811243
21654755.97	5171087.76	0.108934
21654828.12	5171067.75	0.151107
21654900.26	5171047.74	0.246965
21654972.41	5171027.73	0.283572
21655044.56	5171007.73	0
21655116.7	5170987.72	0
21655188.85	5170967.71	0.114377
21655261	5170947.7	0.134308
21655333.14	5170927.69	0.112322
21655405.29	5170907.69	0
21655477.44	5170887.68	0.11721
21655549.58	5170867.67	0.121361
21655621.73	5170847.66	0.0821971
21655693.88	5170827.65	0.106972
21655766.02	5170807.65	0.135696
21655838.17	5170787.64	0.217582
21655910.32	5170767.63	0.246252
21655982.46	5170747.62	0.229305
21656054.61	5170727.61	0.249347
21656126.76	5170707.61	0.249065
21656198.9	5170687.6	0.271818
21656271.05	5170667.59	0.282738
21656343.2	5170647.58	0.296958
21656415.34	5170627.57	0.308727
21656487.49	5170607.57	0.257528
21656559.64	5170587.56	0.212465
21656631.78	5170567.55	0
21656703.93	5170547.54	0.103855
21656776.08	5170527.53	0.108861
21656848.22	5170507.53	0.118572
21656920.37	5170487.52	0.113022
21656992.52	5170467.51	0.12165
21657064.66	5170447.5	0.196864
21657136.81	5170427.49	0.172923
21657208.96	5170407.48	0.161122
21657281.1	5170387.48	0.176903
21657353.25	5170367.47	0.180295
21657425.4	5170347.46	0.139332
21657497.54	5170327.45	0.171713
21657569.69	5170307.44	0.173537
21657641.84	5170287.44	0.138173
21657713.98	5170267.43	0.13653
21657786.13	5170247.42	0.122098
21657858.28	5170227.41	0.121975
21657930.42	5170207.4	0
21658002.57	5170187.4	0
21658074.72	5170167.39	0.11031
21658146.86	5170147.38	0.142264
21658219.01	5170127.37	0.165069
21658291.16	5170107.36	0.233461
21658363.3	5170087.36	0.170988
21658435.45	5170067.35	0.247665
21658507.6	5170047.34	0.240529
21658579.74	5170027.33	0.210665
21658651.89	5170007.32	0.107463
21658724.04	5169987.32	0.0955731
21658796.18	5169967.31	0.0728986
21658868.33	5169947.3	0.0915978
21658940.48	5169927.29	0.124632
21659012.62	5169907.28	0.145081
21659084.77	5169887.28	0.171201
21653260.51	5171578.7	0.154547
21653332.66	5171558.69	0.154303
21653404.81	5171538.68	0.161835
21653476.95	5171518.67	0.20378
21653549.1	5171498.67	0.246033
21653621.25	5171478.66	0.198973
21653693.39	5171458.65	0.114872
21653765.54	5171438.64	0.101731
21653837.69	5171418.63	0
21653909.83	5171398.63	0
21653981.98	5171378.62	0
21654054.13	5171358.61	0
21654126.27	5171338.6	0
21654198.42	5171318.59	0.112029
21654270.57	5171298.59	0.0919159
21654342.71	5171278.58	0.093382
21654414.86	5171258.57	0
21654487.01	5171238.56	0
21654559.15	5171218.55	0.10616
21654631.3	5171198.55	0.0896997
21654703.45	5171178.54	0.095017
21654775.59	5171158.53	0.101272
21654847.74	5171138.52	0
21654919.89	5171118.51	0.181525
21654992.04	5171098.51	0.133107
21655064.18	5171078.5	0.1542
21655136.33	5171058.49	0.12033
21655208.48	5171038.48	0.119883
21655280.62	5171018.47	0.162881
21655352.77	5170998.47	0.123137
21655424.92	5170978.46	0.0950919
21655497.06	5170958.45	0.118069
21655569.21	5170938.44	0.105965
21655641.36	5170918.43	0.0921225
21655713.5	5170898.42	0.111124
21655785.65	5170878.42	0.125553
21655857.8	5170858.41	0.164902
21655929.94	5170838.4	0.261916
21656002.09	5170818.39	0.263347
21656074.24	5170798.38	0.241772
21656146.38	5170778.38	0.183578
21656218.53	5170758.37	0.17715
21656290.68	5170738.36	0.220351
21656362.82	5170718.35	0.230705
21656434.97	5170698.34	0.18836
21656507.12	5170678.34	0.220771
21656579.26	5170658.33	0.185362
21656651.41	5170638.32	0
21656723.56	5170618.31	0
21656795.7	5170598.3	0
21656867.85	5170578.3	0
21656940	5170558.29	0.114082
21657012.14	5170538.28	0.117829
21657084.29	5170518.27	0.20008
21657156.44	5170498.26	0.158722
21657228.58	5170478.26	0.0884243
21657300.73	5170458.25	0.155867
21657372.88	5170438.24	0.185388
21657445.02	5170418.23	0.124729
21657517.17	5170398.22	0.131104
21657589.32	5170378.22	0.165406
21657661.46	5170358.21	0.159961
21657733.61	5170338.2	0.122824
21657805.76	5170318.19	0.107284
21657877.9	5170298.18	0.103814
21657950.05	5170278.18	0
21658022.2	5170258.17	0
21658094.34	5170238.16	0.107732
21658166.49	5170218.15	0.119848
21658238.64	5170198.14	0.127644
21658310.78	5170178.13	0.207506
21658382.93	5170158.13	0.189536
21658455.08	5170138.12	0.182705
21658527.22	5170118.11	0.164497
21658599.37	5170098.1	0.156508
21658671.52	5170078.09	0
21658743.66	5170058.09	0.101458
21658815.81	5170038.08	0.0971689
21658887.96	5170018.07	0.11618
21658960.1	5169998.06	0.126302
21659032.25	5169978.05	0.149786
21659104.4	5169958.05	0.177962
21653280.14	5171649.47	0.142039
21653352.29	5171629.46	0.142298
21653424.43	5171609.45	0.14769
21653496.58	5171589.45	0.193273
21653568.73	5171569.44	0.208788
21653640.87	5171549.43	0.139995
21653713.02	5171529.42	0.0975393
21653785.17	5171509.41	0
21653857.31	5171489.4	0
21653929.46	5171469.4	0
21654001.61	5171449.39	0.12581
21654073.75	5171429.38	0.0951359
21654145.9	5171409.37	0.0846456
21654218.05	5171389.36	0.108152
21654290.19	5171369.36	0.0852327
21654362.34	5171349.35	0.0851492
21654434.49	5171329.34	0.0704452
21654506.63	5171309.33	0.10966
21654578.78	5171289.32	0.0971188
21654650.93	5171269.32	0.11449
21654723.07	5171249.31	0.132473
21654795.22	5171229.3	0.127707
21654867.37	5171209.29	0.101165
21654939.51	5171189.28	0
21655011.66	5171169.28	0.100999
21655083.81	5171149.27	0.108702
21655155.95	5171129.26	0.116316
21655228.1	5171109.25	0.139581
21655300.25	5171089.24	0.198163
21655372.39	5171069.24	0.20806
21655444.54	5171049.23	0.279368
21655516.69	5171029.22	0.234466
21655588.84	5171009.21	0.140161
21655660.98	5170989.2	0.102124
21655733.13	5170969.2	0.115639
21655805.28	5170949.19	0.105539
21655877.42	5170929.18	0.147234
21655949.57	5170909.17	0.23248
21656021.72	5170889.16	0.250639
21656093.86	5170869.16	0.220455
21656166.01	5170849.15	0.172071
21656238.16	5170829.14	0.115167
21656310.3	5170809.13	0.174613
21656382.45	5170789.12	0.215209
21656454.6	5170769.11	0.171487
21656526.74	5170749.11	0.110227
21656598.89	5170729.1	0.115073
21656671.04	5170709.09	0
21656743.18	5170689.08	0
21656815.33	5170669.07	0
21656887.48	5170649.07	0
21656959.62	5170629.06	0
21657031.77	5170609.05	0.150109
21657103.92	5170589.04	0.164957
21657176.06	5170569.03	0.15603
21657248.21	5170549.03	0
21657320.36	5170529.02	0.127023
21657392.5	5170509.01	0.186202
21657464.65	5170489	0.115436
21657536.8	5170468.99	0.0878642
21657608.94	5170448.99	0.148924
21657681.09	5170428.98	0.163079
21657753.24	5170408.97	0.112681
21657825.38	5170388.96	0.110263
21657897.53	5170368.95	0.101412
21657969.68	5170348.95	0
21658041.82	5170328.94	0
21658113.97	5170308.93	0
21658186.12	5170288.92	0
21658258.26	5170268.91	0.133981
21658330.41	5170248.91	0.158694
21658402.56	5170228.9	0.140445
21658474.7	5170208.89	0.0967532
21658546.85	5170188.88	0.16423
21658619	5170168.87	0.17263
21658691.14	5170148.87	0.143439
21658763.29	5170128.86	0
21658835.44	5170108.85	0.0842834
21658907.58	5170088.84	0.114352
21658979.73	5170068.83	0.119753
21659051.88	5170048.83	0.183689
21653299.77	5171720.24	0.142944
21653371.91	5171700.23	0.109953
21653444.06	5171680.22	0.110749
21653516.21	5171660.22	0.114398
21653588.35	5171640.21	0.155437
21653660.5	5171620.2	0.122977
21653732.65	5171600.19	0.111708
21653804.79	5171580.18	0
21653876.94	5171560.18	0
21653949.09	5171540.17	0
21654021.23	5171520.16	0.124686
21654093.38	5171500.15	0.109511
21654165.53	5171480.14	0.0854013
21654237.67	5171460.14	0.108628
21654309.82	5171440.13	0.114366
21654381.97	5171420.12	0
21654454.11	5171400.11	0
21654526.26	5171380.1	0.124309
21654598.41	5171360.09	0.111042
21654670.55	5171340.09	0.0983799
21654742.7	5171320.08	0.110712
21654814.85	5171300.07	0.105996
21654886.99	5171280.06	0.1454
21654959.14	5171260.05	0.174147
21655031.29	5171240.05	0
21655103.43	5171220.04	0.142609
21655175.58	5171200.03	0.101058
21655247.73	5171180.02	0.109987
21655319.87	5171160.01	0.16292
21655392.02	5171140.01	0.181861
21655464.17	5171120	0.253625
21655536.31	5171099.99	0.276084
21655608.46	5171079.98	0.184089
21655680.61	5171059.97	0.116499
21655752.76	5171039.97	0.113155
21655824.9	5171019.96	0.108535
21655897.05	5170999.95	0.0941002
21655969.2	5170979.94	0.117652
21656041.34	5170959.93	0.141751
21656113.49	5170939.93	0.171175
21656185.64	5170919.92	0.168438
21656257.78	5170899.91	0.104645
21656329.93	5170879.9	0.165485
21656402.08	5170859.89	0.218097
21656474.22	5170839.89	0.233611
21656546.37	5170819.88	0.166756
21656618.52	5170799.87	0
21656690.66	5170779.86	0
21656762.81	5170759.85	0.178117
21656834.96	5170739.85	0.164331
21656907.1	5170719.84	0.172285
21656979.25	5170699.83	0.133611
21657051.4	5170679.82	0.146742
21657123.54	5170659.81	0.164781
21657195.69	5170639.81	0.169565
21657267.84	5170619.8	0.166168
21657339.98	5170599.79	0.11348
21657412.13	5170579.78	0.102337
21657484.28	5170559.77	0.107076
21657556.42	5170539.76	0.0995074
21657628.57	5170519.76	0.114023
21657700.72	5170499.75	0.166441
21657772.86	5170479.74	0.11291
21657845.01	5170459.73	0
21657917.16	5170439.72	0.092845
21657989.3	5170419.72	0.146594
21658061.45	5170399.71	0.124295
21658133.6	5170379.7	0.0884191
21658205.74	5170359.69	0.127527
21658277.89	5170339.68	0.228324
21658350.04	5170319.68	0.231602
21658422.18	5170299.67	0.182279
21658494.33	5170279.66	0.133782
21658566.48	5170259.65	0.215384
21658638.62	5170239.64	0.182426
21658710.77	5170219.64	0
21658782.92	5170199.63	0
21658855.06	5170179.62	0.128519
21658927.21	5170159.61	0.201842
21658999.36	5170139.6	0.182966
21659071.5	5170119.6	0.210389
21653247.25	5171811.02	0.194377
21653319.39	5171791.01	0.165232
21653391.54	5171771	0.105339
21653463.69	5171750.99	0.0905131
21653535.83	5171730.99	0.101884
21653607.98	5171710.98	0.152484
21653680.13	5171690.97	0.108278
21653752.27	5171670.96	0.0921907
21653824.42	5171650.95	0
21653896.57	5171630.95	0
21653968.71	5171610.94	0
21654040.86	5171590.93	0.102025
21654113.01	5171570.92	0
21654185.15	5171550.91	0
21654257.3	5171530.91	0
21654329.45	5171510.9	0
21654401.59	5171490.89	0
21654473.74	5171470.88	0
21654545.89	5171450.87	0
21654618.03	5171430.87	0
21654690.18	5171410.86	0.0972344
21654762.33	5171390.85	0.104673
21654834.47	5171370.84	0.11304
21654906.62	5171350.83	0.140077
21654978.77	5171330.83	0.172215
21655050.91	5171310.82	0.187958
21655123.06	5171290.81	0.215449
21655195.21	5171270.8	0.153787
21655267.35	5171250.79	0.140487
21655339.5	5171230.79	0.179055
21655411.65	5171210.78	0.135964
21655483.79	5171190.77	0.162248
21655555.94	5171170.76	0.191922
21655628.09	5171150.75	0.182788
21655700.23	5171130.74	0.184332
21655772.38	5171110.74	0.17425
21655844.53	5171090.73	0.129011
21655916.67	5171070.72	0.100301
21655988.82	5171050.71	0.0973427
21656060.97	5171030.7	0.103793
21656133.11	5171010.7	0.106831
21656205.26	5170990.69	0.142585
21656277.41	5170970.68	0.109446
21656349.56	5170950.67	0.134244
21656421.7	5170930.66	0.180084
21656493.85	5170910.66	0.211418
21656566	5170890.65	0.165078
21656638.14	5170870.64	0.118367
21656710.29	5170850.63	0.100427
21656782.44	5170830.62	0.102132
21656854.58	5170810.62	0.0766632
21656926.73	5170790.61	0.169965
21656998.88	5170770.6	0.164775
21657071.02	5170750.59	0.154629
21657143.17	5170730.58	0.166153
21657215.32	5170710.58	0.179844
21657287.46	5170690.57	0.191891
21657359.61	5170670.56	0.136475
21657431.76	5170650.55	0.110389
21657503.9	5170630.54	0.110628
21657576.05	5170610.54	0.151919
21657648.2	5170590.53	0.132021
21657720.34	5170570.52	0.167462
21657792.49	5170550.51	0.147538
21657864.64	5170530.5	0.104856
21657936.78	5170510.5	0.137934
21658008.93	5170490.49	0.186139
21658081.08	5170470.48	0.165609
21658153.22	5170450.47	0.128537
21658225.37	5170430.46	0.179871
21658297.52	5170410.46	0.24938
21658369.66	5170390.45	0.26432
21658441.81	5170370.44	0.229873
21658513.96	5170350.43	0.166486
21658586.1	5170330.42	0.277411
21658658.25	5170310.41	0.123095
21658730.4	5170290.41	0
21658802.54	5170270.4	0.135805
21658874.69	5170250.39	0.142159
21658946.84	5170230.38	0.202066
21659018.98	5170210.37	0.198225
21659091.13	5170190.37	0.22734
21653266.87	5171881.79	0.180427
21653339.02	5171861.78	0.165466
21653411.17	5171841.77	0.11632
21653483.31	5171821.77	0.0920085
21653555.46	5171801.76	0.0945014
21653627.61	5171781.75	0.118149
21653699.75	5171761.74	0.10022
21653771.9	5171741.73	0.0856646
21653844.05	5171721.73	0
21653916.19	5171701.72	0
21653988.34	5171681.71	0.0684264
21654060.49	5171661.7	0
21654132.63	5171641.69	0
21654204.78	5171621.68	0
21654276.93	5171601.68	0
21654349.07	5171581.67	0
21654421.22	5171561.66	0
21654493.37	5171541.65	0
21654565.51	5171521.64	0
21654637.66	5171501.64	0
21654709.81	5171481.63	0
21654781.95	5171461.62	0.082601
21654854.1	5171441.61	0.0919316
21654926.25	5171421.6	0.12134
21654998.39	5171401.6	0.174706
21655070.54	5171381.59	0.220914
21655142.69	5171361.58	0.239843
21655214.83	5171341.57	0.196011
21655286.98	5171321.56	0.157866
21655359.13	5171301.56	0.156215
21655431.27	5171281.55	0.124081
21655503.42	5171261.54	0.164432
21655575.57	5171241.53	0.167567
21655647.71	5171221.52	0.162303
21655719.86	5171201.52	0.152851
21655792.01	5171181.51	0.154927
21655864.15	5171161.5	0.126726
21655936.3	5171141.49	0.104723
21656008.45	5171121.48	0.0900411
21656080.59	5171101.48	0.0883608
21656152.74	5171081.47	0
21656224.89	5171061.46	0.149329
21656297.03	5171041.45	0.138512
21656369.18	5171021.44	0.12387
21656441.33	5171001.44	0.162672
21656513.48	5170981.43	0.171841
21656585.62	5170961.42	0.148938
21656657.77	5170941.41	0.140637
21656729.91	5170921.4	0.12131
21656802.06	5170901.39	0.144085
21656874.21	5170881.39	0.159242
21656946.36	5170861.38	0.189999
21657018.5	5170841.37	0.176912
21657090.65	5170821.36	0.162819
21657162.8	5170801.35	0.179337
21657234.94	5170781.35	0.202462
21657307.09	5170761.34	0.176131
21657379.24	5170741.33	0.125333
21657451.38	5170721.32	0.11482
21657523.53	5170701.31	0.129224
21657595.68	5170681.31	0.149458
21657667.82	5170661.3	0.16929
21657739.97	5170641.29	0.243294
21657812.12	5170621.28	0.226662
21657884.26	5170601.27	0.167018
21657956.41	5170581.27	0.18043
21658028.56	5170561.26	0.242117
21658100.7	5170541.25	0.269036
21658172.85	5170521.24	0.18816
21658245	5170501.23	0.200346
21658317.14	5170481.23	0.221151
21658389.29	5170461.22	0.281708
21658461.44	5170441.21	0.273263
21658533.58	5170421.2	0.252627
21658605.73	5170401.19	0.256337
21658677.88	5170381.19	0.239198
21658750.02	5170361.18	0.203359
21658822.17	5170341.17	0.216756
21658894.32	5170321.16	0.211073
21658966.46	5170301.15	0.204148
21659038.61	5170281.15	0.19259
21653286.5	5171952.56	0.170404
21653358.65	5171932.55	0.172112
21653430.79	5171912.54	0.145316
21653502.94	5171892.54	0.0932695
21653575.09	5171872.53	0.0792715
21653647.23	5171852.52	0.104582
21653719.38	5171832.51	0.103137
21653791.53	5171812.5	0.0729558
21653863.67	5171792.5	0.0512544
21653935.82	5171772.49	0
21654007.97	5171752.48	0.0797202
21654080.11	5171732.47	0
21654152.26	5171712.46	0
21654224.41	5171692.46	0
21654296.55	5171672.45	0
21654368.7	5171652.44	0
21654440.85	5171632.43	0
21654512.99	5171612.42	0
21654585.14	5171592.42	0
21654657.29	5171572.41	0
21654729.43	5171552.4	0
21654801.58	5171532.39	0
21654873.73	5171512.38	0.0834952
21654945.87	5171492.37	0.112322
21655018.02	5171472.37	0.15904
21655090.17	5171452.36	0.199446
21655162.31	5171432.35	0.239967
21655234.46	5171412.34	0.206823
21655306.61	5171392.33	0.189686
21655378.75	5171372.33	0.173812
21655450.9	5171352.32	0.117243
21655523.05	5171332.31	0.153522
21655595.19	5171312.3	0.144555
21655667.34	5171292.29	0.130178
21655739.49	5171272.29	0.140266
21655811.63	5171252.28	0.144617
21655883.78	5171232.27	0.14549
21655955.93	5171212.26	0.106566
21656028.07	5171192.25	0
21656100.22	5171172.25	0.0822563
21656172.37	5171152.24	0
21656244.51	5171132.23	0.148889
21656316.66	5171112.22	0.135513
21656388.81	5171092.21	0.103516
21656460.95	5171072.21	0.109989
21656533.1	5171052.2	0.150355
21656605.25	5171032.19	0.146628
21656677.39	5171012.18	0.152322
21656749.54	5170992.17	0.140168
21656821.69	5170972.17	0.129055
21656893.84	5170952.16	0.167143
21656965.98	5170932.15	0.214058
21657038.13	5170912.14	0.210474
21657110.27	5170892.13	0.204041
21657182.42	5170872.13	0.168653
21657254.57	5170852.12	0.166903
21657326.72	5170832.11	0.15958
21657398.86	5170812.1	0.13086
21657471.01	5170792.09	0.112336
21657543.16	5170772.09	0.127658
21657615.3	5170752.08	0.159104
21657687.45	5170732.07	0.171152
21657759.6	5170712.06	0.236118
21657831.74	5170692.05	0.279673
21657903.89	5170672.04	0.196833
21657976.04	5170652.04	0.190822
21658048.18	5170632.03	0.26316
21658120.33	5170612.02	0.24747
21658192.48	5170592.01	0.211508
21658264.62	5170572	0.19889
21658336.77	5170552	0.218656
21658408.92	5170531.99	0.263244
21658481.06	5170511.98	0.270444
21658553.21	5170491.97	0.265976
21658625.36	5170471.96	0.260706
21658697.5	5170451.96	0.258442
21658769.65	5170431.95	0.253044
21658841.8	5170411.94	0.235314
21658913.94	5170391.93	0.233774
21658986.09	5170371.92	0.231069
21659058.24	5170351.92	0.222545
21653306.13	5172023.33	0.151212
21653378.27	5172003.32	0.15208
21653450.42	5171983.31	0.137857
21653522.57	5171963.31	0.0856238
21653594.71	5171943.3	0.0739073
21653666.86	5171923.29	0.101257
21653739.01	5171903.28	0.108149
21653811.15	5171883.27	0.0718664
21653883.3	5171863.27	0.0576431
21653955.45	5171843.26	0
21654027.59	5171823.25	0
21654099.74	5171803.24	0
21654171.89	5171783.23	0
21654244.03	5171763.23	0
21654316.18	5171743.22	0
21654388.33	5171723.21	0.0688974
21654460.47	5171703.2	0
21654532.62	5171683.19	0
21654604.77	5171663.19	0
21654676.91	5171643.18	0
21654749.06	5171623.17	0
21654821.21	5171603.16	0
21654893.35	5171583.15	0.083397
21654965.5	5171563.15	0.111482
21655037.65	5171543.14	0.159344
21655109.79	5171523.13	0.166395
21655181.94	5171503.12	0.192123
21655254.09	5171483.11	0.194165
21655326.23	5171463.11	0.206818
21655398.38	5171443.1	0.174016
21655470.53	5171423.09	0.106671
21655542.67	5171403.08	0.137538
21655614.82	5171383.07	0.129022
21655686.97	5171363.07	0.121967
21655759.11	5171343.06	0.125366
21655831.26	5171323.05	0.13041
21655903.41	5171303.04	0.156098
21655975.55	5171283.03	0
21656047.7	5171263.02	0.0740486
21656119.85	5171243.02	0.0710837
21656191.99	5171223.01	0
21656264.14	5171203	0
21656336.29	5171182.99	0
21656408.43	5171162.98	0
21656480.58	5171142.98	0.126945
21656552.73	5171122.97	0.126056
21656624.87	5171102.96	0.129034
21656697.02	5171082.95	0.150748
21656769.17	5171062.94	0.118492
21656841.31	5171042.94	0.116687
21656913.46	5171022.93	0.142263
21656985.61	5171002.92	0.224324
21657057.75	5170982.91	0.225743
21657129.9	5170962.9	0.219295
21657202.05	5170942.9	0.183304
21657274.19	5170922.89	0.161608
21657346.34	5170902.88	0.170793
21657418.49	5170882.87	0.159442
21657490.64	5170862.86	0.140406
21657562.78	5170842.86	0.157632
21657634.93	5170822.85	0.177735
21657707.08	5170802.84	0.177116
21657779.22	5170782.83	0.251953
21657851.37	5170762.82	0.301839
21657923.52	5170742.82	0.257501
21657995.66	5170722.81	0.217492
21658067.81	5170702.8	0.28536
21658139.96	5170682.79	0.259775
21658212.1	5170662.78	0.282012
21658284.25	5170642.78	0.198891
21658356.4	5170622.77	0.258348
21658428.54	5170602.76	0.258353
21658500.69	5170582.75	0.243376
21658572.84	5170562.74	0.242552
21658644.98	5170542.74	0.260346
21658717.13	5170522.73	0.266167
21658789.28	5170502.72	0.266818
21658861.42	5170482.71	0.252691
21658933.57	5170462.7	0.230821
21659005.72	5170442.69	0.22675
21659077.86	5170422.69	0.238224
21653253.61	5172114.11	0.150016
21653325.75	5172094.1	0.122295
21653397.9	5172074.09	0.10474
21653470.05	5172054.09	0.103065
21653542.19	5172034.08	0.0759683
21653614.34	5172014.07	0.0761587
21653686.49	5171994.06	0.104371
21653758.63	5171974.05	0.114152
21653830.78	5171954.05	0.0852934
21653902.93	5171934.04	0.0691593
21653975.07	5171914.03	0.0745911
21654047.22	5171894.02	0
21654119.37	5171874.01	0.0654668
21654191.51	5171854	0.0730864
21654263.66	5171834	0
21654335.81	5171813.99	0.0693102
21654407.95	5171793.98	0.0670405
21654480.1	5171773.97	0.0728462
21654552.25	5171753.96	0
21654624.39	5171733.96	0.0851418
21654696.54	5171713.95	0.10257
21654768.69	5171693.94	0
21654840.83	5171673.93	0
21654912.98	5171653.92	0.0828385
21654985.13	5171633.92	0.0902293
21655057.27	5171613.91	0.157042
21655129.42	5171593.9	0.164202
21655201.57	5171573.89	0.162215
21655273.71	5171553.88	0.16386
21655345.86	5171533.88	0.189606
21655418.01	5171513.87	0.162248
21655490.15	5171493.86	0.10025
21655562.3	5171473.85	0.137451
21655634.45	5171453.84	0.102311
21655706.59	5171433.84	0.107911
21655778.74	5171413.83	0.116494
21655850.89	5171393.82	0.128297
21655923.03	5171373.81	0
21655995.18	5171353.8	0
21656067.33	5171333.8	0
21656139.47	5171313.79	0
21656211.62	5171293.78	0
21656283.77	5171273.77	0
21656355.91	5171253.76	0
21656428.06	5171233.76	0
21656500.21	5171213.75	0
21656572.35	5171193.74	0.0942011
21656644.5	5171173.73	0.127183
21656716.65	5171153.72	0.171575
21656788.79	5171133.72	0.141513
21656860.94	5171113.71	0.124205
21656933.09	5171093.7	0.137292
21657005.23	5171073.69	0.205697
21657077.38	5171053.68	0.226748
21657149.53	5171033.67	0.237258
21657221.67	5171013.67	0.230088
21657293.82	5170993.66	0.206217
21657365.97	5170973.65	0.18965
21657438.11	5170953.64	0.142716
21657510.26	5170933.63	0.152142
21657582.41	5170913.63	0.166093
21657654.55	5170893.62	0.183656
21657726.7	5170873.61	0.190426
21657798.85	5170853.6	0.267894
21657870.99	5170833.59	0.328687
21657943.14	5170813.59	0.266418
21658015.29	5170793.58	0.237546
21658087.44	5170773.57	0.293715
21658159.58	5170753.56	0.298584
21658231.73	5170733.55	0.304242
21658303.88	5170713.55	0.29678
21658376.02	5170693.54	0.260917
21658448.17	5170673.53	0.246425
21658520.32	5170653.52	0.257675
21658592.46	5170633.51	0.254968
21658664.61	5170613.51	0.270099
21658736.76	5170593.5	0.277489
21658808.9	5170573.49	0.262033
21658881.05	5170553.48	0.235664
21658953.2	5170533.47	0.228559
21659025.34	5170513.47	0.247454
21659097.49	5170493.46	0.238666
21653273.23	5172184.88	0.148815
21653345.38	5172164.87	0.118993
21653417.53	5172144.86	0.105729
21653489.67	5172124.86	0.106237
21653561.82	5172104.85	0.07474
21653633.97	5172084.84	0.0719872
21653706.11	5172064.83	0.0743404
21653778.26	5172044.82	0.0950411
21653850.41	5172024.82	0.0823815
21653922.55	5172004.81	0.0695871
21653994.7	5171984.8	0
21654066.85	5171964.79	0
21654138.99	5171944.78	0
21654211.14	5171924.78	0
21654283.29	5171904.77	0
21654355.43	5171884.76	0
21654427.58	5171864.75	0
21654499.73	5171844.74	0.0499119
21654571.87	5171824.74	0
21654644.02	5171804.73	0.0914541
21654716.17	5171784.72	0.10995
21654788.31	5171764.71	0
21654860.46	5171744.7	0
21654932.61	5171724.7	0
21655004.75	5171704.69	0
21655076.9	5171684.68	0
21655149.05	5171664.67	0
21655221.19	5171644.66	0.115442
21655293.34	5171624.65	0.157142
21655365.49	5171604.65	0.178638
21655437.63	5171584.64	0.171157
21655509.78	5171564.63	0.116184
21655581.93	5171544.62	0.13425
21655654.07	5171524.61	0.109797
21655726.22	5171504.61	0
21655798.37	5171484.6	0
21655870.51	5171464.59	0.115998
21655942.66	5171444.58	0.122544
21656014.81	5171424.57	0
21656086.95	5171404.57	0
21656159.1	5171384.56	0
21656231.25	5171364.55	0
21656303.39	5171344.54	0.0043091
21656375.54	5171324.53	0.00666093
21656447.69	5171304.53	0
21656519.83	5171284.52	0.0177718
21656591.98	5171264.51	0.0402448
21656664.13	5171244.5	0
21656736.27	5171224.49	0.157836
21656808.42	5171204.49	0.136755
21656880.57	5171184.48	0.11995
21656952.71	5171164.47	0.130164
21657024.86	5171144.46	0.214544
21657097.01	5171124.45	0.236117
21657169.15	5171104.45	0.23844
21657241.3	5171084.44	0.230088
21657313.45	5171064.43	0.206217
21657385.59	5171044.42	0.18965
21657457.74	5171024.41	0.142716
21657529.89	5171004.41	0.159285
21657602.03	5170984.4	0.166433
21657674.18	5170964.39	0.18856
21657746.33	5170944.38	0.213033
21657818.47	5170924.37	0.296853
21657890.62	5170904.36	0.330334
21657962.77	5170884.36	0.238128
21658034.91	5170864.35	0.216401
21658107.06	5170844.34	0.310815
21658179.21	5170824.33	0.305393
21658251.36	5170804.32	0.304292
21658323.5	5170784.32	0.289309
21658395.65	5170764.31	0.266978
21658467.8	5170744.3	0.234314
21658539.94	5170724.29	0.260498
21658612.09	5170704.28	0.273422
21658684.24	5170684.28	0.286793
21658756.38	5170664.27	0.29944
21658828.53	5170644.26	0.280741
21658900.68	5170624.25	0.234824
21658972.82	5170604.24	0.233988
21659044.97	5170584.24	0.215817
