21653307.22	5170346.33	0.138288
21653379.37	5170326.32	0.123309
21653451.52	5170306.31	0.141864
21653523.66	5170286.3	0.163445
21653595.81	5170266.29	0.138518
21653667.96	5170246.29	0.163388
21653740.1	5170226.28	0.202688
21653812.25	5170206.27	0.270609
21653884.4	5170186.26	0.230451
21653956.54	5170166.25	0.261205
21654028.69	5170146.25	0.273825
21654100.84	5170126.24	0.251736
21654172.98	5170106.23	0.234792
21654245.13	5170086.22	0.217517
21654317.28	5170066.21	0.196188
21654389.42	5170046.21	0.161361
21654461.57	5170026.2	0
21654533.72	5170006.19	0.12696
21654605.86	5169986.18	0.153729
21654678.01	5169966.17	0.12687
21654750.16	5169946.17	0.126548
21654822.31	5169926.16	0.186305
21654894.45	5169906.15	0.186937
21654966.6	5169886.14	0.195532
21655038.75	5169866.13	0.130356
21655110.89	5169846.13	0
21655183.04	5169826.12	0.123427
21655255.19	5169806.11	0.149654
21655327.33	5169786.1	0.150338
21655399.48	5169766.09	0.172034
21653254.7	5170437.11	0.136937
21653326.85	5170417.1	0.130898
21653399	5170397.09	0.136895
21653471.14	5170377.08	0.156644
21653543.29	5170357.07	0.169515
21653615.44	5170337.07	0.182851
21653687.58	5170317.06	0.205785
21653759.73	5170297.05	0.217819
21653831.88	5170277.04	0.264753
21653904.02	5170257.03	0.236603
21653976.17	5170237.03	0.23558
21654048.32	5170217.02	0.24069
21654120.46	5170197.01	0.234786
21654192.61	5170177	0.218045
21654264.76	5170156.99	0.197894
21654336.9	5170136.98	0.183847
21654409.05	5170116.98	0.159417
21654481.2	5170096.97	0.137737
21654553.34	5170076.96	0.163675
21654625.49	5170056.95	0.160371
21654697.64	5170036.94	0.118759
21654769.78	5170016.94	0.125691
21654841.93	5169996.93	0.163729
21654914.08	5169976.92	0.171692
21654986.23	5169956.91	0.13755
21655058.37	5169936.9	0.109444
21655130.52	5169916.9	0.0843778
21655202.66	5169896.89	0.168364
21655274.81	5169876.88	0.152286
21655346.96	5169856.87	0.152825
21655419.11	5169836.86	0.139497
21655491.25	5169816.86	0.121942
21655563.4	5169796.85	0.127279
21655635.55	5169776.84	0.141421
21655707.69	5169756.83	0.130849
21655779.84	5169736.82	0.0872343
21655851.99	5169716.82	0
21655924.13	5169696.81	0
21655996.28	5169676.8	0
21656068.43	5169656.79	0.150938
21656140.57	5169636.78	0.147118
21656212.72	5169616.78	0.116515
21656284.87	5169596.77	0.125113
21656357.01	5169576.76	0.125281
21656429.16	5169556.75	0.120263
21656501.31	5169536.74	0.113766
21656573.45	5169516.74	0.0892408
21656645.6	5169496.73	0
21656717.75	5169476.72	0.0308595
21656789.89	5169456.71	0
21656862.04	5169436.7	0
21656934.19	5169416.69	0
21657006.33	5169396.69	0.0748075
21657078.48	5169376.68	0
21657150.63	5169356.67	0.0619847
21657222.77	5169336.66	0.0721833
21657294.92	5169316.65	0.0933274
21657367.07	5169296.65	0.110754
21657439.21	5169276.64	0.118557
21657511.36	5169256.63	0
21657583.51	5169236.62	0
21657655.65	5169216.61	0
21657727.8	5169196.61	0
21657799.95	5169176.6	0
21657872.09	5169156.59	0
21657944.24	5169136.58	0
21658016.39	5169116.57	0
21658088.53	5169096.57	0
21658160.68	5169076.56	0.0333068
21658232.83	5169056.55	0.049962
21658304.97	5169036.54	0.0669525
21658377.12	5169016.53	0.0718136
21658449.27	5168996.53	0.0743686
21658521.41	5168976.52	0
21658593.56	5168956.51	0
21658665.71	5168936.5	0
21658737.85	5168916.49	0
21658810	5168896.49	0
21658882.15	5168876.48	0.0587158
21658954.29	5168856.47	0.0671683
21659026.44	5168836.46	0
21659098.59	5168816.45	0
21653274.33	5170507.88	0.147354
21653346.48	5170487.87	0.147862
21653418.62	5170467.86	0.147756
21653490.77	5170447.85	0.184614
21653562.92	5170427.84	0.179616
21653635.06	5170407.84	0.17286
21653707.21	5170387.83	0.174143
21653779.36	5170367.82	0.2001
21653851.5	5170347.81	0.229837
21653923.65	5170327.8	0.225498
21653995.8	5170307.8	0.198251
21654067.94	5170287.79	0.192923
21654140.09	5170267.78	0.206032
21654212.24	5170247.77	0.177226
21654284.38	5170227.76	0.158
21654356.53	5170207.76	0.187905
21654428.68	5170187.75	0.148709
21654500.82	5170167.74	0.109362
21654572.97	5170147.73	0.164087
21654645.12	5170127.72	0.158448
21654717.26	5170107.72	0.126551
21654789.41	5170087.71	0.127855
21654861.56	5170067.7	0.140247
21654933.7	5170047.69	0.153243
21655005.85	5170027.68	0.109324
21655078	5170007.68	0.102808
21655150.14	5169987.67	0
21655222.29	5169967.66	0.160144
21655294.44	5169947.65	0.185623
21655366.58	5169927.64	0.185608
21655438.73	5169907.63	0.107783
21655510.88	5169887.63	0.110937
21655583.03	5169867.62	0.12728
21655655.17	5169847.61	0.14033
21655727.32	5169827.6	0
21655799.47	5169807.59	0
21655871.61	5169787.59	0
21655943.76	5169767.58	0
21656015.91	5169747.57	0.143669
21656088.05	5169727.56	0.138511
21656160.2	5169707.55	0.149027
21656232.35	5169687.55	0.152797
21656304.49	5169667.54	0.124004
21656376.64	5169647.53	0.123803
21656448.79	5169627.52	0.115834
21656520.93	5169607.51	0.116203
21656593.08	5169587.51	0.109335
21656665.23	5169567.5	0.0312393
21656737.37	5169547.49	0
21656809.52	5169527.48	0
21656881.67	5169507.47	0
21656953.81	5169487.47	0
21657025.96	5169467.46	0.0831679
21657098.11	5169447.45	0.0537408
21657170.25	5169427.44	0
21657242.4	5169407.43	0.0795207
21657314.55	5169387.43	0.110815
21657386.69	5169367.42	0.112081
21657458.84	5169347.41	0.101987
21657530.99	5169327.4	0
21657603.13	5169307.39	0
21657675.28	5169287.39	0
21657747.43	5169267.38	0
21657819.57	5169247.37	0
21657891.72	5169227.36	0
21657963.87	5169207.35	0
21658036.01	5169187.34	0
21658108.16	5169167.34	0
21658180.31	5169147.33	0.0350722
21658252.45	5169127.32	0.0876835
21658324.6	5169107.31	0.0890617
21658396.75	5169087.3	0.089037
21658468.89	5169067.3	0.0744118
21658541.04	5169047.29	0
21658613.19	5169027.28	0
21658685.33	5169007.27	0
21658757.48	5168987.26	0
21658829.63	5168967.26	0
21658901.77	5168947.25	0
21658973.92	5168927.24	0.0439113
21659046.07	5168907.23	0.0464577
21653293.96	5170578.65	0.165953
21653366.1	5170558.64	0.173641
21653438.25	5170538.63	0.171161
21653510.4	5170518.62	0.191474
21653582.54	5170498.61	0.176367
21653654.69	5170478.61	0.174677
21653726.84	5170458.6	0.144138
21653798.98	5170438.59	0.159176
21653871.13	5170418.58	0.18659
21653943.28	5170398.57	0.189639
21654015.42	5170378.57	0.120315
21654087.57	5170358.56	0.131691
21654159.72	5170338.55	0.161542
21654231.86	5170318.54	0.1141
21654304.01	5170298.53	0.123074
21654376.16	5170278.53	0.198294
21654448.3	5170258.52	0.170768
21654520.45	5170238.51	0.146383
21654592.6	5170218.5	0.149128
21654664.74	5170198.49	0.145168
21654736.89	5170178.49	0.138525
21654809.04	5170158.48	0.144187
21654881.18	5170138.47	0.163653
21654953.33	5170118.46	0.146715
21655025.48	5170098.45	0.105112
21655097.62	5170078.45	0.120635
21655169.77	5170058.44	0
21655241.92	5170038.43	0.140724
21655314.06	5170018.42	0.187758
21655386.21	5169998.41	0.180104
21655458.36	5169978.41	0.103779
21655530.5	5169958.4	0
21655602.65	5169938.39	0.179711
21655674.8	5169918.38	0.151969
21655746.95	5169898.37	0
21655819.09	5169878.37	0
21655891.24	5169858.36	0
21655963.38	5169838.35	0.121154
21656035.53	5169818.34	0.133909
21656107.68	5169798.33	0.150672
21656179.83	5169778.32	0.148386
21656251.97	5169758.32	0.127567
21656324.12	5169738.31	0.116833
21656396.27	5169718.3	0.113031
21656468.41	5169698.29	0.128002
21656540.56	5169678.28	0.109694
21656612.71	5169658.28	0.103183
21656684.85	5169638.27	0
21656757	5169618.26	0
21656829.15	5169598.25	0
21656901.29	5169578.24	0
21656973.44	5169558.24	0
21657045.59	5169538.23	0.0801591
21657117.73	5169518.22	0
21657189.88	5169498.21	0
21657262.03	5169478.2	0.125038
21657334.17	5169458.2	0.140546
21657406.32	5169438.19	0.134396
21657478.47	5169418.18	0.108674
21657550.61	5169398.17	0
21657622.76	5169378.16	0
21657694.91	5169358.16	0
21657767.05	5169338.15	0
21657839.2	5169318.14	0
21657911.35	5169298.13	0
21657983.49	5169278.12	0
21658055.64	5169258.12	0
21658127.79	5169238.11	0
21658199.93	5169218.1	0
21658272.08	5169198.09	0.105274
21658344.23	5169178.08	0.114766
21658416.37	5169158.08	0.122495
21658488.52	5169138.07	0.0969905
21658560.67	5169118.06	0
21658632.81	5169098.05	0
21658704.96	5169078.04	0
21658777.11	5169058.03	0
21658849.25	5169038.03	0
21658921.4	5169018.02	0
21658993.55	5168998.01	0
21659065.69	5168978	0
21653313.58	5170649.42	0.176377
21653385.73	5170629.41	0.192734
21653457.88	5170609.4	0.190407
21653530.02	5170589.39	0.185339
21653602.17	5170569.39	0.186642
21653674.32	5170549.38	0.181101
21653746.46	5170529.37	0.161194
21653818.61	5170509.36	0
21653890.76	5170489.35	0.166203
21653962.9	5170469.35	0.172984
21654035.05	5170449.34	0.141561
21654107.2	5170429.33	0.121601
21654179.34	5170409.32	0.115807
21654251.49	5170389.31	0.125723
21654323.64	5170369.3	0.12793
21654395.78	5170349.3	0.14593
21654467.93	5170329.29	0.174434
21654540.08	5170309.28	0.148253
21654612.22	5170289.27	0.146199
21654684.37	5170269.26	0.16061
21654756.52	5170249.26	0.170996
21654828.66	5170229.25	0.171675
21654900.81	5170209.24	0.178555
21654972.96	5170189.23	0.140261
21655045.1	5170169.22	0.121277
21655117.25	5170149.22	0.172988
21655189.4	5170129.21	0.16943
21655261.54	5170109.2	0.141038
21655333.69	5170089.19	0.14315
21655405.84	5170069.18	0.136228
21655477.98	5170049.18	0
21655550.13	5170029.17	0.154405
21655622.28	5170009.16	0.166524
21655694.42	5169989.15	0.165851
21655766.57	5169969.14	0.108022
21655838.72	5169949.14	0.157192
21655910.86	5169929.13	0.137781
21655983.01	5169909.12	0.110607
21656055.16	5169889.11	0.119568
21656127.3	5169869.1	0.15478
21656199.45	5169849.1	0.159166
21656271.6	5169829.09	0.110437
21656343.75	5169809.08	0.111713
21656415.89	5169789.07	0.140001
21656488.04	5169769.06	0.159016
21656560.19	5169749.06	0.0916064
21656632.33	5169729.05	0.101518
21656704.48	5169709.04	0.105485
21656776.63	5169689.03	0.0862095
21656848.77	5169669.02	0
21656920.92	5169649.02	0
21656993.07	5169629.01	0
21657065.21	5169609	0
21657137.36	5169588.99	0
21657209.51	5169568.98	0
21657281.65	5169548.97	0.117307
21657353.8	5169528.97	0.134921
21657425.95	5169508.96	0.139136
21657498.09	5169488.95	0.110331
21657570.24	5169468.94	0.0993749
21657642.39	5169448.93	0
21657714.53	5169428.93	0
21657786.68	5169408.92	0
21657858.83	5169388.91	0
21657930.97	5169368.9	0
21658003.12	5169348.89	0
21658075.27	5169328.89	0
21658147.41	5169308.88	0
21658219.56	5169288.87	0
21658291.71	5169268.86	0.111235
21658363.85	5169248.85	0.141264
21658436	5169228.85	0.138146
21658508.15	5169208.84	0.118438
21658580.29	5169188.83	0.104954
21658652.44	5169168.82	0.0831806
21658724.59	5169148.81	0
21658796.73	5169128.81	0
21658868.88	5169108.8	0
21658941.03	5169088.79	0
21659013.17	5169068.78	0
21659085.32	5169048.77	0
21653261.06	5170740.2	0.18171
21653333.21	5170720.19	0.178624
21653405.36	5170700.18	0.196884
21653477.5	5170680.17	0.205719
21653549.65	5170660.16	0.205455
21653621.8	5170640.16	0.194361
21653693.94	5170620.15	0.186785
21653766.09	5170600.14	0.171844
21653838.24	5170580.13	0.15147
21653910.38	5170560.12	0.18352
21653982.53	5170540.12	0.188979
21654054.68	5170520.11	0.161688
21654126.82	5170500.1	0.14249
21654198.97	5170480.09	0.130725
21654271.12	5170460.08	0.127184
21654343.26	5170440.08	0.131404
21654415.41	5170420.07	0.139131
21654487.56	5170400.06	0.142571
21654559.7	5170380.05	0.151765
21654631.85	5170360.04	0.122416
21654704	5170340.04	0.172302
21654776.14	5170320.03	0.179549
21654848.29	5170300.02	0.172773
21654920.44	5170280.01	0.141286
21654992.58	5170260	0.124238
21655064.73	5170240	0.137109
21655136.88	5170219.99	0.182926
21655209.02	5170199.98	0.178168
21655281.17	5170179.97	0.145792
21655353.32	5170159.96	0.147172
21655425.46	5170139.95	0.1524
21655497.61	5170119.95	0.172336
21655569.76	5170099.94	0.158793
21655641.9	5170079.93	0.164341
21655714.05	5170059.92	0.171463
21655786.2	5170039.91	0.163051
21655858.34	5170019.91	0
21655930.49	5169999.9	0.113099
21656002.64	5169979.89	0.129545
21656074.78	5169959.88	0.169012
21656146.93	5169939.87	0.158862
21656219.08	5169919.87	0.137596
21656291.22	5169899.86	0.107335
21656363.37	5169879.85	0.10883
21656435.52	5169859.84	0.107819
21656507.66	5169839.83	0.102688
21656579.81	5169819.83	0.0944426
21656651.96	5169799.82	0.0995165
21656724.1	5169779.81	0.108348
21656796.25	5169759.8	0.104841
21656868.4	5169739.79	0.114893
21656940.55	5169719.79	0.113878
21657012.69	5169699.78	0
21657084.84	5169679.77	0
21657156.99	5169659.76	0
21657229.13	5169639.75	0.106601
21657301.28	5169619.75	0.141878
21657373.43	5169599.74	0.140651
21657445.57	5169579.73	0.106069
21657517.72	5169559.72	0.100901
21657589.87	5169539.71	0.0962094
21657662.01	5169519.71	0.0852461
21657734.16	5169499.7	0.0895548
21657806.31	5169479.69	0.0848003
21657878.45	5169459.68	0.0838332
21657950.6	5169439.67	0
21658022.75	5169419.66	0
21658094.89	5169399.66	0
21658167.04	5169379.65	0
21658239.19	5169359.64	0
21658311.33	5169339.63	0.12261
21658383.48	5169319.62	0.132998
21658455.63	5169299.62	0.131161
21658527.77	5169279.61	0.119879
21658599.92	5169259.6	0
21658672.07	5169239.59	0.0911354
21658744.21	5169219.58	0
21658816.36	5169199.58	0
21658888.51	5169179.57	0
21658960.65	5169159.56	0
21659032.8	5169139.55	0
21659104.95	5169119.54	0
21653280.69	5170810.97	0.175226
21653352.84	5170790.96	0.177319
21653424.98	5170770.95	0.173979
21653497.13	5170750.94	0.202499
21653569.28	5170730.93	0.214557
21653641.42	5170710.93	0.211363
21653713.57	5170690.92	0.212649
21653785.72	5170670.91	0.214222
21653857.86	5170650.9	0.202677
21653930.01	5170630.89	0.19826
21654002.16	5170610.89	0.199085
21654074.3	5170590.88	0.187756
21654146.45	5170570.87	0.137153
21654218.6	5170550.86	0.120762
21654290.74	5170530.85	0
21654362.89	5170510.85	0.12177
21654435.04	5170490.84	0.140098
21654507.18	5170470.83	0.13712
21654579.33	5170450.82	0.139313
21654651.48	5170430.81	0.121898
21654723.62	5170410.81	0.167212
21654795.77	5170390.8	0.198133
21654867.92	5170370.79	0.167322
21654940.06	5170350.78	0.108938
21655012.21	5170330.77	0.101916
21655084.36	5170310.77	0.149536
21655156.5	5170290.76	0.169639
21655228.65	5170270.75	0
21655300.8	5170250.74	0.142638
21655372.94	5170230.73	0.190827
21655445.09	5170210.73	0.200437
21655517.24	5170190.72	0.210365
21655589.38	5170170.71	0.167733
21655661.53	5170150.7	0.168732
21655733.68	5170130.69	0.174429
21655805.82	5170110.69	0.157952
21655877.97	5170090.68	0
21655950.12	5170070.67	0.154856
21656022.26	5170050.66	0.183285
21656094.41	5170030.65	0.179424
21656166.56	5170010.65	0.169023
21656238.7	5169990.64	0.132231
21656310.85	5169970.63	0.114661
21656383	5169950.62	0.118655
21656455.14	5169930.61	0.125821
21656527.29	5169910.6	0.117726
21656599.44	5169890.6	0.107371
21656671.58	5169870.59	0.0988012
21656743.73	5169850.58	0.097215
21656815.88	5169830.57	0.0939028
21656888.02	5169810.56	0.101898
21656960.17	5169790.56	0.1235
21657032.32	5169770.55	0.146743
21657104.47	5169750.54	0.159494
21657176.61	5169730.53	0.167095
21657248.76	5169710.52	0.157548
21657320.91	5169690.52	0.124589
21657393.05	5169670.51	0.139104
21657465.2	5169650.5	0.0963203
21657537.35	5169630.49	0.101267
21657609.49	5169610.48	0.105058
21657681.64	5169590.48	0.104794
21657753.79	5169570.47	0.0966093
21657825.93	5169550.46	0.0873087
21657898.08	5169530.45	0.0883192
21657970.23	5169510.44	0
21658042.37	5169490.44	0
21658114.52	5169470.43	0.0954631
21658186.67	5169450.42	0.11144
21658258.81	5169430.41	0.115674
21658330.96	5169410.4	0.124502
21658403.11	5169390.4	0.125711
21658475.25	5169370.39	0.109823
21658547.4	5169350.38	0
21658619.55	5169330.37	0
21658691.69	5169310.36	0.0871521
21658763.84	5169290.36	0.0831389
21658835.99	5169270.35	0.0934046
21658908.13	5169250.34	0
21658980.28	5169230.33	0
21659052.43	5169210.32	0
21653300.32	5170881.74	0.17648
21653372.46	5170861.73	0.186072
21653444.61	5170841.72	0.175678
21653516.76	5170821.71	0.221518
21653588.9	5170801.71	0.200188
21653661.05	5170781.7	0.201298
21653733.2	5170761.69	0.214555
21653805.34	5170741.68	0.233585
21653877.49	5170721.67	0.277646
21653949.64	5170701.67	0.182609
21654021.78	5170681.66	0.179273
21654093.93	5170661.65	0.171593
21654166.08	5170641.64	0.123416
21654238.22	5170621.63	0.113562
21654310.37	5170601.63	0.102924
21654382.52	5170581.62	0.0942998
21654454.66	5170561.61	0.11851
21654526.81	5170541.6	0.140528
21654598.96	5170521.59	0.130038
21654671.1	5170501.58	0.115513
21654743.25	5170481.58	0.130321
21654815.4	5170461.57	0.16575
21654887.54	5170441.56	0.181683
21654959.69	5170421.55	0.145079
21655031.84	5170401.54	0.116792
21655103.98	5170381.54	0.171165
21655176.13	5170361.53	0.1472
21655248.28	5170341.52	0.122565
21655320.42	5170321.51	0.13571
21655392.57	5170301.5	0.168777
21655464.72	5170281.5	0.151672
21655536.86	5170261.49	0.159185
21655609.01	5170241.48	0
21655681.16	5170221.47	0.152609
21655753.3	5170201.46	0.157048
21655825.45	5170181.46	0.133534
21655897.6	5170161.45	0
21655969.74	5170141.44	0.146715
21656041.89	5170121.43	0.167554
21656114.04	5170101.42	0.167527
21656186.18	5170081.42	0.168062
21656258.33	5170061.41	0.167152
21656330.48	5170041.4	0.119572
21656402.62	5170021.39	0.117496
21656474.77	5170001.38	0.123398
21656546.92	5169981.38	0.106021
21656619.06	5169961.37	0.099944
21656691.21	5169941.36	0.0951851
21656763.36	5169921.35	0.0924806
21656835.5	5169901.34	0
21656907.65	5169881.34	0.102785
21656979.8	5169861.33	0.133396
21657051.94	5169841.32	0.161868
21657124.09	5169821.31	0.153017
21657196.24	5169801.3	0.172955
21657268.38	5169781.3	0.17481
21657340.53	5169761.29	0.148038
21657412.68	5169741.28	0.174976
21657484.83	5169721.27	0.150136
21657556.97	5169701.26	0.11792
21657629.12	5169681.25	0.111288
21657701.27	5169661.25	0.101531
21657773.41	5169641.24	0
21657845.56	5169621.23	0
21657917.71	5169601.22	0
21657989.85	5169581.21	0
21658062	5169561.21	0
21658134.15	5169541.2	0.0999356
21658206.29	5169521.19	0.117689
21658278.44	5169501.18	0.115094
21658350.59	5169481.17	0.112371
21658422.73	5169461.17	0.1131
21658494.88	5169441.16	0
21658567.03	5169421.15	0
21658639.17	5169401.14	0
21658711.32	5169381.13	0.107848
21658783.47	5169361.13	0.10264
21658855.61	5169341.12	0.0941628
21658927.76	5169321.11	0.0936734
21658999.91	5169301.1	0
21659072.05	5169281.09	0
21653247.8	5170972.52	0.151683
21653319.94	5170952.51	0.163503
21653392.09	5170932.5	0.169667
21653464.24	5170912.49	0.177403
21653536.38	5170892.48	0.187587
21653608.53	5170872.48	0.177723
21653680.68	5170852.47	0.182053
21653752.82	5170832.46	0.180159
21653824.97	5170812.45	0.169185
21653897.12	5170792.44	0.15334
21653969.26	5170772.44	0.141559
21654041.41	5170752.43	0.156175
21654113.56	5170732.42	0.155485
21654185.7	5170712.41	0.138199
21654257.85	5170692.4	0.144676
21654330	5170672.4	0.127706
21654402.14	5170652.39	0.116611
21654474.29	5170632.38	0.13167
21654546.44	5170612.37	0.14626
21654618.58	5170592.36	0.141448
21654690.73	5170572.36	0.117073
21654762.88	5170552.35	0.109005
21654835.02	5170532.34	0.122392
21654907.17	5170512.33	0.163025
21654979.32	5170492.32	0.175194
21655051.46	5170472.32	0.150962
21655123.61	5170452.31	0.145288
21655195.76	5170432.3	0.131307
21655267.9	5170412.29	0.134436
21655340.05	5170392.28	0.155438
21655412.2	5170372.28	0.179365
21655484.34	5170352.27	0.167432
21655556.49	5170332.26	0.194316
21655628.64	5170312.25	0.19611
21655700.78	5170292.24	0.17606
21655772.93	5170272.23	0.156646
21655845.08	5170252.23	0
21655917.22	5170232.22	0
21655989.37	5170212.21	0
21656061.52	5170192.2	0
21656133.66	5170172.19	0
21656205.81	5170152.19	0
21656277.96	5170132.18	0
21656350.1	5170112.17	0.103713
21656422.25	5170092.16	0.109426
21656494.4	5170072.15	0
21656566.54	5170052.15	0.106906
21656638.69	5170032.14	0.0978442
21656710.84	5170012.13	0.098776
21656782.98	5169992.12	0.0996764
21656855.13	5169972.11	0
21656927.28	5169952.11	0
21656999.42	5169932.1	0.134474
21657071.57	5169912.09	0.159581
21657143.72	5169892.08	0.153155
21657215.86	5169872.07	0.111511
21657288.01	5169852.07	0.105683
21657360.16	5169832.06	0
21657432.3	5169812.05	0.174182
21657504.45	5169792.04	0.18131
21657576.6	5169772.03	0.131366
21657648.74	5169752.03	0.116467
21657720.89	5169732.02	0
21657793.04	5169712.01	0
21657865.18	5169692	0
21657937.33	5169671.99	0
21658009.48	5169651.99	0
21658081.63	5169631.98	0
21658153.77	5169611.97	0.0995176
21658225.92	5169591.96	0.106641
21658298.07	5169571.95	0.10125
21658370.21	5169551.94	0.100974
21658442.36	5169531.94	0
21658514.51	5169511.93	0
21658586.65	5169491.92	0
21658658.8	5169471.91	0
21658730.95	5169451.9	0
21658803.09	5169431.9	0.0962886
21658875.24	5169411.89	0.0988056
21658947.39	5169391.88	0.101141
21659019.53	5169371.87	0.0911307
21659091.68	5169351.86	0.0509393
21653267.42	5171043.29	0.158103
21653339.57	5171023.28	0.148918
21653411.72	5171003.27	0.152288
21653483.86	5170983.26	0.154813
21653556.01	5170963.26	0.178397
21653628.16	5170943.25	0.184316
21653700.3	5170923.24	0.18277
21653772.45	5170903.23	0.154451
21653844.6	5170883.22	0
21653916.74	5170863.21	0
21653988.89	5170843.21	0.119898
21654061.04	5170823.2	0.159457
21654133.18	5170803.19	0.169324
21654205.33	5170783.18	0.159701
21654277.48	5170763.17	0.144809
21654349.62	5170743.17	0.144985
21654421.77	5170723.16	0.137273
21654493.92	5170703.15	0.134428
21654566.06	5170683.14	0.142303
21654638.21	5170663.13	0.138865
21654710.36	5170643.13	0.171629
21654782.5	5170623.12	0.125241
21654854.65	5170603.11	0.0931376
21654926.8	5170583.1	0.163139
21654998.94	5170563.09	0.196652
21655071.09	5170543.09	0.145539
21655143.24	5170523.08	0.112088
21655215.38	5170503.07	0.117894
21655287.53	5170483.06	0.154379
21655359.68	5170463.05	0.142369
21655431.82	5170443.05	0.176248
21655503.97	5170423.04	0.20007
21655576.12	5170403.03	0.224492
21655648.26	5170383.02	0.219473
21655720.41	5170363.01	0.206595
21655792.56	5170343.01	0.162605
21655864.7	5170323	0
21655936.85	5170302.99	0
21656009	5170282.98	0
21656081.14	5170262.97	0
21656153.29	5170242.97	0.142896
21656225.44	5170222.96	0.145036
21656297.58	5170202.95	0.165
21656369.73	5170182.94	0.112053
21656441.88	5170162.93	0.109783
21656514.02	5170142.93	0
21656586.17	5170122.92	0.109775
21656658.32	5170102.91	0.107518
21656730.46	5170082.9	0.106923
21656802.61	5170062.89	0.110275
21656874.76	5170042.88	0.127554
21656946.9	5170022.88	0.106678
21657019.05	5170002.87	0
21657091.2	5169982.86	0
21657163.34	5169962.85	0.133406
21657235.49	5169942.84	0.116867
21657307.64	5169922.84	0.123395
21657379.78	5169902.83	0.162281
21657451.93	5169882.82	0.169033
21657524.08	5169862.81	0.163536
21657596.22	5169842.8	0.143718
21657668.37	5169822.8	0.0992566
21657740.52	5169802.79	0
21657812.66	5169782.78	0
21657884.81	5169762.77	0
21657956.96	5169742.76	0
21658029.1	5169722.76	0
21658101.25	5169702.75	0
21658173.4	5169682.74	0
21658245.54	5169662.73	0
21658317.69	5169642.72	0
21658389.84	5169622.72	0
21658461.99	5169602.71	0
21658534.13	5169582.7	0
21658606.28	5169562.69	0
21658678.43	5169542.68	0
21658750.57	5169522.68	0.101351
21658822.72	5169502.67	0.0797471
21658894.87	5169482.66	0.0889867
21658967.01	5169462.65	0.0920056
21659039.16	5169442.64	0.0844365
21659111.31	5169422.64	0.0562921
21653287.05	5171114.06	0.157543
21653359.2	5171094.05	0.155844
21653431.34	5171074.04	0.145722
21653503.49	5171054.03	0.158356
21653575.64	5171034.03	0.172406
21653647.78	5171014.02	0.154456
21653719.93	5170994.01	0.148997
21653792.08	5170974	0.130653
21653864.22	5170953.99	0
21653936.37	5170933.99	0
21654008.52	5170913.98	0
21654080.66	5170893.97	0.165884
21654152.81	5170873.96	0.16806
21654224.96	5170853.95	0.151705
21654297.1	5170833.95	0.129485
21654369.25	5170813.94	0.141135
21654441.4	5170793.93	0.13567
21654513.54	5170773.92	0.120552
21654585.69	5170753.91	0.111105
21654657.84	5170733.91	0.103238
21654729.98	5170713.9	0.152645
21654802.13	5170693.89	0.111291
21654874.28	5170673.88	0.0975218
21654946.42	5170653.87	0.127347
21655018.57	5170633.86	0.184376
21655090.72	5170613.86	0.18372
21655162.86	5170593.85	0.129057
21655235.01	5170573.84	0.115921
21655307.16	5170553.83	0.145978
21655379.3	5170533.82	0.149849
21655451.45	5170513.82	0.183104
21655523.6	5170493.81	0.187187
21655595.74	5170473.8	0.19627
21655667.89	5170453.79	0.207451
21655740.04	5170433.78	0.168923
21655812.18	5170413.78	0.175529
21655884.33	5170393.77	0.155487
21655956.48	5170373.76	0
21656028.62	5170353.75	0.150815
21656100.77	5170333.74	0.140838
21656172.92	5170313.74	0.15115
21656245.06	5170293.73	0.140205
21656317.21	5170273.72	0.104779
21656389.36	5170253.71	0.118416
21656461.5	5170233.7	0.111337
21656533.65	5170213.7	0
21656605.8	5170193.69	0.10319
21656677.94	5170173.68	0.0990644
21656750.09	5170153.67	0.106631
21656822.24	5170133.66	0.109817
21656894.38	5170113.66	0.115813
21656966.53	5170093.65	0.110664
21657038.68	5170073.64	0
21657110.82	5170053.63	0
21657182.97	5170033.62	0.136517
21657255.12	5170013.62	0.121757
21657327.26	5169993.61	0.108953
21657399.41	5169973.6	0.119382
21657471.56	5169953.59	0.129134
21657543.7	5169933.58	0
21657615.85	5169913.57	0
21657688	5169893.57	0
21657760.14	5169873.56	0
21657832.29	5169853.55	0
21657904.44	5169833.54	0
21657976.58	5169813.53	0
21658048.73	5169793.53	0
21658120.88	5169773.52	0
21658193.02	5169753.51	0
21658265.17	5169733.5	0
21658337.32	5169713.49	0
21658409.46	5169693.49	0
21658481.61	5169673.48	0
21658553.76	5169653.47	0
21658625.91	5169633.46	0
21658698.05	5169613.45	0
21658770.2	5169593.45	0.104525
21658842.35	5169573.44	0.0881963
21658914.49	5169553.43	0.0740113
21658986.64	5169533.42	0.0653705
21659058.79	5169513.41	0.0765823
21653306.68	5171184.83	0.144941
21653378.82	5171164.82	0.156256
21653450.97	5171144.81	0.157556
21653523.12	5171124.8	0.169712
21653595.26	5171104.8	0.192641
21653667.41	5171084.79	0.139794
21653739.56	5171064.78	0.151487
21653811.7	5171044.77	0.136602
21653883.85	5171024.76	0.201022
21653956	5171004.76	0.184814
21654028.14	5170984.75	0.168756
21654100.29	5170964.74	0.170546
21654172.44	5170944.73	0.149965
21654244.58	5170924.72	0.120987
21654316.73	5170904.72	0.115158
21654388.88	5170884.71	0.12789
21654461.02	5170864.7	0.130701
21654533.17	5170844.69	0.104033
21654605.32	5170824.68	0.122797
21654677.46	5170804.68	0.131446
21654749.61	5170784.67	0.1103
21654821.76	5170764.66	0.103432
21654893.9	5170744.65	0.0978147
21654966.05	5170724.64	0.128781
21655038.2	5170704.64	0.14028
21655110.34	5170684.63	0.161077
21655182.49	5170664.62	0.174501
21655254.64	5170644.61	0.121814
21655326.78	5170624.6	0.148306
21655398.93	5170604.6	0.162063
21655471.08	5170584.59	0.226882
21655543.22	5170564.58	0.197318
21655615.37	5170544.57	0.164384
21655687.52	5170524.56	0.109645
21655759.66	5170504.56	0
21655831.81	5170484.55	0.112828
21655903.96	5170464.54	0.112798
21655976.1	5170444.53	0
21656048.25	5170424.52	0
21656120.4	5170404.51	0.140508
21656192.54	5170384.51	0.149024
21656264.69	5170364.5	0.13904
21656336.84	5170344.49	0.108966
21656408.98	5170324.48	0.107612
21656481.13	5170304.47	0.115723
21656553.28	5170284.47	0
21656625.42	5170264.46	0.0921559
21656697.57	5170244.45	0.0931116
21656769.72	5170224.44	0.0925279
21656841.86	5170204.43	0.10476
21656914.01	5170184.43	0.109565
21656986.16	5170164.42	0.103714
21657058.3	5170144.41	0
21657130.45	5170124.4	0
21657202.6	5170104.39	0.153926
21657274.74	5170084.39	0.141989
21657346.89	5170064.38	0.109044
21657419.04	5170044.37	0.111069
21657491.18	5170024.36	0.120391
21657563.33	5170004.35	0.164572
21657635.48	5169984.35	0.13682
21657707.62	5169964.34	0
21657779.77	5169944.33	0
21657851.92	5169924.32	0
21657924.06	5169904.31	0
21657996.21	5169884.31	0
21658068.36	5169864.3	0
21658140.5	5169844.29	0
21658212.65	5169824.28	0
21658284.8	5169804.27	0
21658356.94	5169784.27	0
21658429.09	5169764.26	0
21658501.24	5169744.25	0.0901921
21658573.38	5169724.24	0.0762925
21658645.53	5169704.23	0
21658717.68	5169684.22	0
21658789.82	5169664.22	0.0884864
21658861.97	5169644.21	0.0787371
21658934.12	5169624.2	0
21659006.26	5169604.19	0.0499724
21659078.41	5169584.18	0.0499732
21653254.15	5171275.61	0.174236
21653326.3	5171255.6	0.169605
21653398.45	5171235.59	0.173007
21653470.6	5171215.58	0.193534
21653542.74	5171195.58	0.204916
21653614.89	5171175.57	0.217045
21653687.04	5171155.56	0.210973
21653759.18	5171135.55	0.170524
21653831.33	5171115.54	0.155202
21653903.48	5171095.54	0.192546
21653975.62	5171075.53	0.195527
21654047.77	5171055.52	0.186406
21654119.92	5171035.51	0.178236
21654192.06	5171015.5	0.153666
21654264.21	5170995.49	0.152511
21654336.36	5170975.49	0.131983
21654408.5	5170955.48	0.0942948
21654480.65	5170935.47	0.102373
21654552.8	5170915.46	0.0990047
21654624.94	5170895.45	0.114784
21654697.09	5170875.45	0.128598
21654769.24	5170855.44	0.129579
21654841.38	5170835.43	0.1245
21654913.53	5170815.42	0.121261
21654985.68	5170795.41	0.121256
21655057.82	5170775.41	0.12534
21655129.97	5170755.4	0.166392
21655202.12	5170735.39	0.177929
21655274.26	5170715.38	0.148814
21655346.41	5170695.37	0.145801
21655418.56	5170675.37	0.203166
21655490.7	5170655.36	0.221203
21655562.85	5170635.35	0.186836
21655635	5170615.34	0.151798
21655707.14	5170595.33	0.128954
21655779.29	5170575.33	0.131604
21655851.44	5170555.32	0.117842
21655923.58	5170535.31	0.139019
21655995.73	5170515.3	0.15934
21656067.88	5170495.29	0.15117
21656140.02	5170475.29	0.1089
21656212.17	5170455.28	0.118596
21656284.32	5170435.27	0.123814
21656356.46	5170415.26	0.121401
21656428.61	5170395.25	0.104575
21656500.76	5170375.25	0.0962067
21656572.9	5170355.24	0.110579
21656645.05	5170335.23	0.146967
21656717.2	5170315.22	0.0932776
21656789.34	5170295.21	0.100797
21656861.49	5170275.21	0.120907
21656933.64	5170255.2	0.111431
21657005.78	5170235.19	0.104861
21657077.93	5170215.18	0.152334
21657150.08	5170195.17	0.141721
21657222.22	5170175.16	0.125574
21657294.37	5170155.16	0.166345
21657366.52	5170135.15	0.142524
21657438.66	5170115.14	0.102787
21657510.81	5170095.13	0.159068
21657582.96	5170075.12	0.177285
21657655.1	5170055.12	0
21657727.25	5170035.11	0
21657799.4	5170015.1	0
21657871.54	5169995.09	0
21657943.69	5169975.08	0
21658015.84	5169955.08	0
21658087.98	5169935.07	0
21658160.13	5169915.06	0
21658232.28	5169895.05	0
21658304.42	5169875.04	0
21658376.57	5169855.04	0.0792618
21658448.72	5169835.03	0.102367
21658520.86	5169815.02	0.0900706
21658593.01	5169795.01	0.0958048
21658665.16	5169775	0
21658737.3	5169755	0
21658809.45	5169734.99	0
21658881.6	5169714.98	0
21658953.74	5169694.97	0
21659025.89	5169674.96	0
21659098.04	5169654.96	0
21653273.78	5171346.38	0.186643
21653345.93	5171326.37	0.191976
21653418.07	5171306.36	0.19058
21653490.22	5171286.35	0.206532
21653562.37	5171266.35	0.213946
21653634.51	5171246.34	0.237017
21653706.66	5171226.33	0.24053
21653778.81	5171206.32	0.200918
21653850.96	5171186.31	0.17032
21653923.1	5171166.31	0.19224
21653995.25	5171146.3	0.195415
21654067.4	5171126.29	0.196588
21654139.54	5171106.28	0.168378
21654211.69	5171086.27	0.143084
21654283.84	5171066.27	0.105725
21654355.98	5171046.26	0.133203
21654428.13	5171026.25	0.144056
21654500.28	5171006.24	0.107093
21654572.42	5170986.23	0.107591
21654644.57	5170966.23	0.108026
21654716.72	5170946.22	0.116851
21654788.86	5170926.21	0.145397
21654861.01	5170906.2	0.110763
21654933.16	5170886.19	0.143629
21655005.3	5170866.18	0.13847
21655077.45	5170846.18	0.140839
21655149.6	5170826.17	0.143043
21655221.74	5170806.16	0.176908
21655293.89	5170786.15	0.13624
21655366.04	5170766.14	0.14687
21655438.18	5170746.14	0.195828
21655510.33	5170726.13	0.19551
21655582.48	5170706.12	0.157633
21655654.62	5170686.11	0.136928
21655726.77	5170666.1	0.152818
21655798.92	5170646.1	0.155451
21655871.06	5170626.09	0.155966
21655943.21	5170606.08	0.170737
21656015.36	5170586.07	0.175751
21656087.5	5170566.06	0.167628
21656159.65	5170546.06	0.121789
21656231.8	5170526.05	0.117377
21656303.94	5170506.04	0.116775
21656376.09	5170486.03	0.111331
21656448.24	5170466.02	0
21656520.38	5170446.02	0
21656592.53	5170426.01	0.103957
21656664.68	5170406	0.15314
21656736.82	5170385.99	0
21656808.97	5170365.98	0.112501
21656881.12	5170345.98	0.130638
21656953.26	5170325.97	0.160658
21657025.41	5170305.96	0
21657097.56	5170285.95	0.148079
21657169.7	5170265.94	0.126832
21657241.85	5170245.94	0.106928
21657314	5170225.93	0.16184
21657386.14	5170205.92	0.153582
21657458.29	5170185.91	0.108508
21657530.44	5170165.9	0.137291
21657602.58	5170145.9	0.14215
21657674.73	5170125.89	0
21657746.88	5170105.88	0
21657819.02	5170085.87	0
21657891.17	5170065.86	0
21657963.32	5170045.85	0
21658035.46	5170025.85	0
21658107.61	5170005.84	0
21658179.76	5169985.83	0
21658251.9	5169965.82	0
21658324.05	5169945.81	0
21658396.2	5169925.81	0
21658468.34	5169905.8	0
21658540.49	5169885.79	0
21658612.64	5169865.78	0
21658684.78	5169845.77	0
21658756.93	5169825.77	0
21658829.08	5169805.76	0
21658901.22	5169785.75	0
21658973.37	5169765.74	0
21659045.52	5169745.73	0
21653293.41	5171417.15	0.19562
21653365.55	5171397.14	0.199958
21653437.7	5171377.13	0.203535
21653509.85	5171357.12	0.212091
21653581.99	5171337.12	0.219065
21653654.14	5171317.11	0.234455
21653726.29	5171297.1	0.228925
21653798.43	5171277.09	0.213607
21653870.58	5171257.08	0.175307
21653942.73	5171237.08	0.189682
21654014.87	5171217.07	0.175793
21654087.02	5171197.06	0.117825
21654159.17	5171177.05	0.112653
21654231.32	5171157.04	0.116742
21654303.46	5171137.04	0.109127
21654375.61	5171117.03	0.104196
21654447.76	5171097.02	0.117026
21654519.9	5171077.01	0.0951105
21654592.05	5171057	0.0969894
21654664.2	5171037	0.104839
21654736.34	5171016.99	0.110476
21654808.49	5170996.98	0.125153
21654880.64	5170976.97	0.130622
21654952.78	5170956.96	0.13527
21655024.93	5170936.96	0.13381
21655097.08	5170916.95	0.133263
21655169.22	5170896.94	0.157723
21655241.37	5170876.93	0.170694
21655313.52	5170856.92	0.1116
21655385.66	5170836.92	0.156638
21655457.81	5170816.91	0.177871
21655529.96	5170796.9	0.171028
21655602.1	5170776.89	0.132172
21655674.25	5170756.88	0.11826
21655746.4	5170736.88	0.118109
21655818.54	5170716.87	0.129953
21655890.69	5170696.86	0.136397
21655962.84	5170676.85	0.171138
21656034.98	5170656.84	0.173655
21656107.13	5170636.83	0.150941
21656179.28	5170616.83	0.10865
21656251.42	5170596.82	0.102749
21656323.57	5170576.81	0.100157
21656395.72	5170556.8	0
21656467.86	5170536.79	0.0475462
21656540.01	5170516.79	0.0938383
21656612.16	5170496.78	0.11447
21656684.3	5170476.77	0.141145
21656756.45	5170456.76	0.123726
21656828.6	5170436.75	0.129907
21656900.74	5170416.75	0.144838
21656972.89	5170396.74	0.152606
21657045.04	5170376.73	0.150469
21657117.18	5170356.72	0.146983
21657189.33	5170336.71	0.132582
21657261.48	5170316.71	0.0995623
21657333.62	5170296.7	0.152088
21657405.77	5170276.69	0.17093
21657477.92	5170256.68	0.188406
21657550.06	5170236.67	0.168456
21657622.21	5170216.67	0
21657694.36	5170196.66	0
21657766.5	5170176.65	0.0749089
21657838.65	5170156.64	0
21657910.8	5170136.63	0.0124442
21657982.94	5170116.63	0
21658055.09	5170096.62	0
21658127.24	5170076.61	0
21658199.38	5170056.6	0
21658271.53	5170036.59	0
21658343.68	5170016.59	0
21658415.82	5169996.58	0
21658487.97	5169976.57	0
21658560.12	5169956.56	0
21658632.26	5169936.55	0
21658704.41	5169916.55	0
21658776.56	5169896.54	0
21658848.7	5169876.53	0
21658920.85	5169856.52	0
21658993	5169836.51	0
21659065.14	5169816.5	0
21653313.03	5171487.92	0.217087
21653385.18	5171467.91	0.211223
21653457.33	5171447.9	0.211352
21653529.47	5171427.9	0.218735
21653601.62	5171407.89	0.217388
21653673.77	5171387.88	0.22139
21653745.91	5171367.87	0.226891
21653818.06	5171347.86	0.235023
21653890.21	5171327.86	0.226276
21653962.35	5171307.85	0.179793
21654034.5	5171287.84	0.154849
21654106.65	5171267.83	0.165035
21654178.79	5171247.82	0.131438
21654250.94	5171227.82	0.146469
21654323.09	5171207.81	0.151394
21654395.23	5171187.8	0.112669
21654467.38	5171167.79	0.11916
21654539.53	5171147.78	0.0979419
21654611.67	5171127.77	0.0927766
21654683.82	5171107.77	0
21654755.97	5171087.76	0.0933946
21654828.12	5171067.75	0.103176
21654900.26	5171047.74	0.121548
21654972.41	5171027.73	0.122371
21655044.56	5171007.73	0.108964
21655116.7	5170987.72	0.0877142
21655188.85	5170967.71	0.159191
21655261	5170947.7	0.158031
21655333.14	5170927.69	0.141884
21655405.29	5170907.69	0.165639
21655477.44	5170887.68	0.176739
21655549.58	5170867.67	0.170686
21655621.73	5170847.66	0.119686
21655693.88	5170827.65	0.117349
21655766.02	5170807.65	0.108391
21655838.17	5170787.64	0.111144
21655910.32	5170767.63	0.133037
21655982.46	5170747.62	0.163744
21656054.61	5170727.61	0
21656126.76	5170707.61	0.0899861
21656198.9	5170687.6	0.094643
21656271.05	5170667.59	0
21656343.2	5170647.58	0.0994934
21656415.34	5170627.57	0.114541
21656487.49	5170607.57	0.12012
21656559.64	5170587.56	0.107411
21656631.78	5170567.55	0
21656703.93	5170547.54	0.157703
21656776.08	5170527.53	0.143926
21656848.22	5170507.53	0.159614
21656920.37	5170487.52	0.154922
21656992.52	5170467.51	0.170128
21657064.66	5170447.5	0.160007
21657136.81	5170427.49	0.13005
21657208.96	5170407.48	0
21657281.1	5170387.48	0.0928739
21657353.25	5170367.47	0.154906
21657425.4	5170347.46	0.17794
21657497.54	5170327.45	0.18164
21657569.69	5170307.44	0.147342
21657641.84	5170287.44	0.0930669
21657713.98	5170267.43	0.0818952
21657786.13	5170247.42	0.0820297
21657858.28	5170227.41	0.107225
21657930.42	5170207.4	0
21658002.57	5170187.4	0
21658074.72	5170167.39	0
21658146.86	5170147.38	0
21658219.01	5170127.37	0
21658291.16	5170107.36	0
21658363.3	5170087.36	0
21658435.45	5170067.35	0.0845409
21658507.6	5170047.34	0
21658579.74	5170027.33	0
21658651.89	5170007.32	0
21658724.04	5169987.32	0
21658796.18	5169967.31	0
21658868.33	5169947.3	0
21658940.48	5169927.29	0
21659012.62	5169907.28	0
21659084.77	5169887.28	0
21653260.51	5171578.7	0.230571
21653332.66	5171558.69	0.232617
21653404.81	5171538.68	0.237114
21653476.95	5171518.67	0.241615
21653549.1	5171498.67	0.238908
21653621.25	5171478.66	0.227269
21653693.39	5171458.65	0.203831
21653765.54	5171438.64	0.187887
21653837.69	5171418.63	0.223187
21653909.83	5171398.63	0.249593
21653981.98	5171378.62	0.187828
21654054.13	5171358.61	0.150404
21654126.27	5171338.6	0.138725
21654198.42	5171318.59	0.180976
21654270.57	5171298.59	0.167947
21654342.71	5171278.58	0.151093
21654414.86	5171258.57	0.103373
21654487.01	5171238.56	0.123172
21654559.15	5171218.55	0.119855
21654631.3	5171198.55	0.0966501
21654703.45	5171178.54	0.115215
21654775.59	5171158.53	0.138003
21654847.74	5171138.52	0.103656
21654919.89	5171118.51	0.125073
21654992.04	5171098.51	0.128548
21655064.18	5171078.5	0.132028
21655136.33	5171058.49	0.125841
21655208.48	5171038.48	0.171753
21655280.62	5171018.47	0.182209
21655352.77	5170998.47	0.133573
21655424.92	5170978.46	0.165377
21655497.06	5170958.45	0.183972
21655569.21	5170938.44	0.173627
21655641.36	5170918.43	0.122553
21655713.5	5170898.42	0.117638
21655785.65	5170878.42	0.118602
21655857.8	5170858.41	0.118189
21655929.94	5170838.4	0.119281
21656002.09	5170818.39	0.157036
21656074.24	5170798.38	0.150521
21656146.38	5170778.38	0.109529
21656218.53	5170758.37	0.0992125
21656290.68	5170738.36	0.110567
21656362.82	5170718.35	0.114846
21656434.97	5170698.34	0.108795
21656507.12	5170678.34	0.111302
21656579.26	5170658.33	0.113996
21656651.41	5170638.32	0.10574
21656723.56	5170618.31	0.153765
21656795.7	5170598.3	0.151356
21656867.85	5170578.3	0.170417
21656940	5170558.29	0.175777
21657012.14	5170538.28	0.169166
21657084.29	5170518.27	0.162804
21657156.44	5170498.26	0
21657228.58	5170478.26	0
21657300.73	5170458.25	0.144849
21657372.88	5170438.24	0.158921
21657445.02	5170418.23	0.158804
21657517.17	5170398.22	0.166833
21657589.32	5170378.22	0.121165
21657661.46	5170358.21	0
21657733.61	5170338.2	0
21657805.76	5170318.19	0
21657877.9	5170298.18	0.103803
21657950.05	5170278.18	0
21658022.2	5170258.17	0
21658094.34	5170238.16	0
21658166.49	5170218.15	0
21658238.64	5170198.14	0
21658310.78	5170178.13	0
21658382.93	5170158.13	0
21658455.08	5170138.12	0
21658527.22	5170118.11	0
21658599.37	5170098.1	0
21658671.52	5170078.09	0
21658743.66	5170058.09	0
21658815.81	5170038.08	0
21658887.96	5170018.07	0
21658960.1	5169998.06	0
21659032.25	5169978.05	0
21659104.4	5169958.05	0
21653280.14	5171649.47	0.235242
21653352.29	5171629.46	0.237657
21653424.43	5171609.45	0.242555
21653496.58	5171589.45	0.254331
21653568.73	5171569.44	0.239143
21653640.87	5171549.43	0.201855
21653713.02	5171529.42	0.145071
21653785.17	5171509.41	0.12964
21653857.31	5171489.4	0.177804
21653929.46	5171469.4	0.184486
21654001.61	5171449.39	0.158909
21654073.75	5171429.38	0.153448
21654145.9	5171409.37	0.117427
21654218.05	5171389.36	0.156851
21654290.19	5171369.36	0.163145
21654362.34	5171349.35	0.155401
21654434.49	5171329.34	0.124798
21654506.63	5171309.33	0.112705
21654578.78	5171289.32	0.100553
21654650.93	5171269.32	0.126667
21654723.07	5171249.31	0.137133
21654795.22	5171229.3	0.0941693
21654867.37	5171209.29	0.094352
21654939.51	5171189.28	0.106664
21655011.66	5171169.28	0.115939
21655083.81	5171149.27	0.118487
21655155.95	5171129.26	0.129766
21655228.1	5171109.25	0.162361
21655300.25	5171089.24	0.176099
21655372.39	5171069.24	0.159205
21655444.54	5171049.23	0.157023
21655516.69	5171029.22	0.169575
21655588.84	5171009.21	0.15958
21655660.98	5170989.2	0.117872
21655733.13	5170969.2	0.119147
21655805.28	5170949.19	0.10468
21655877.42	5170929.18	0.11275
21655949.57	5170909.17	0.115598
21656021.72	5170889.16	0.172696
21656093.86	5170869.16	0.181407
21656166.01	5170849.15	0.142667
21656238.16	5170829.14	0.109966
21656310.3	5170809.13	0.112331
21656382.45	5170789.12	0
21656454.6	5170769.11	0.113481
21656526.74	5170749.11	0.118248
21656598.89	5170729.1	0.134053
21656671.04	5170709.09	0.136949
21656743.18	5170689.08	0.153556
21656815.33	5170669.07	0.163288
21656887.48	5170649.07	0.161071
21656959.62	5170629.06	0.166457
21657031.77	5170609.05	0.156219
21657103.92	5170589.04	0.152634
21657176.06	5170569.03	0
21657248.21	5170549.03	0.150727
21657320.36	5170529.02	0.151707
21657392.5	5170509.01	0.14087
21657464.65	5170489	0.135745
21657536.8	5170468.99	0.14554
21657608.94	5170448.99	0
21657681.09	5170428.98	0
21657753.24	5170408.97	0
21657825.38	5170388.96	0
21657897.53	5170368.95	0
21657969.68	5170348.95	0
21658041.82	5170328.94	0
21658113.97	5170308.93	0
21658186.12	5170288.92	0
21658258.26	5170268.91	0
21658330.41	5170248.91	0
21658402.56	5170228.9	0
21658474.7	5170208.89	0
21658546.85	5170188.88	0
21658619	5170168.87	0
21658691.14	5170148.87	0
21658763.29	5170128.86	0
21658835.44	5170108.85	0
21658907.58	5170088.84	0
21658979.73	5170068.83	0
21659051.88	5170048.83	0
21653299.77	5171720.24	0.242062
21653371.91	5171700.23	0.224345
21653444.06	5171680.22	0.230291
21653516.21	5171660.22	0.230988
21653588.35	5171640.21	0.233349
21653660.5	5171620.2	0.200173
21653732.65	5171600.19	0.127855
21653804.79	5171580.18	0.112023
21653876.94	5171560.18	0.157871
21653949.09	5171540.17	0.17803
21654021.23	5171520.16	0.123153
21654093.38	5171500.15	0.149486
21654165.53	5171480.14	0
21654237.67	5171460.14	0.162573
21654309.82	5171440.13	0.169822
21654381.97	5171420.12	0.164799
21654454.11	5171400.11	0.163109
21654526.26	5171380.1	0.171606
21654598.41	5171360.09	0.150998
21654670.55	5171340.09	0
21654742.7	5171320.08	0
21654814.85	5171300.07	0.100419
21654886.99	5171280.06	0.100373
21654959.14	5171260.05	0.148332
21655031.29	5171240.05	0.179286
21655103.43	5171220.04	0.166197
21655175.58	5171200.03	0.12418
21655247.73	5171180.02	0.100561
21655319.87	5171160.01	0.117146
21655392.02	5171140.01	0.163152
21655464.17	5171120	0.176858
21655536.31	5171099.99	0.153663
21655608.46	5171079.98	0.169268
21655680.61	5171059.97	0.115194
21655752.76	5171039.97	0.100937
21655824.9	5171019.96	0.101637
21655897.05	5170999.95	0.0983797
21655969.2	5170979.94	0.132042
21656041.34	5170959.93	0.178112
21656113.49	5170939.93	0.16619
21656185.64	5170919.92	0.161188
21656257.78	5170899.91	0.129262
21656329.93	5170879.9	0
21656402.08	5170859.89	0
21656474.22	5170839.89	0
21656546.37	5170819.88	0.113223
21656618.52	5170799.87	0.118467
21656690.66	5170779.86	0.154015
21656762.81	5170759.85	0.170502
21656834.96	5170739.85	0.169381
21656907.1	5170719.84	0.171814
21656979.25	5170699.83	0.133091
21657051.4	5170679.82	0.159162
21657123.54	5170659.81	0.177601
21657195.69	5170639.81	0.172597
21657267.84	5170619.8	0.181903
21657339.98	5170599.79	0.172226
21657412.13	5170579.78	0.140686
21657484.28	5170559.77	0.131085
21657556.42	5170539.76	0.0979675
21657628.57	5170519.76	0
21657700.72	5170499.75	0
21657772.86	5170479.74	0.126291
21657845.01	5170459.73	0.111791
21657917.16	5170439.72	0.107689
21657989.3	5170419.72	0
21658061.45	5170399.71	0
21658133.6	5170379.7	0
21658205.74	5170359.69	0
21658277.89	5170339.68	0
21658350.04	5170319.68	0
21658422.18	5170299.67	0
21658494.33	5170279.66	0
21658566.48	5170259.65	0.106708
21658638.62	5170239.64	0.108842
21658710.77	5170219.64	0
21658782.92	5170199.63	0
21658855.06	5170179.62	0
21658927.21	5170159.61	0
21658999.36	5170139.6	0.0193327
21659071.5	5170119.6	0
21653247.25	5171811.02	0.244321
21653319.39	5171791.01	0.239999
21653391.54	5171771	0.220675
21653463.69	5171750.99	0.217458
21653535.83	5171730.99	0.232116
21653607.98	5171710.98	0.243447
21653680.13	5171690.97	0.23176
21653752.27	5171670.96	0.201106
21653824.42	5171650.95	0.155606
21653896.57	5171630.95	0.162306
21653968.71	5171610.94	0.173068
21654040.86	5171590.93	0.171006
21654113.01	5171570.92	0.171613
21654185.15	5171550.91	0.170813
21654257.3	5171530.91	0
21654329.45	5171510.9	0.180477
21654401.59	5171490.89	0.161839
21654473.74	5171470.88	0.165746
21654545.89	5171450.87	0.168523
21654618.03	5171430.87	0.156926
21654690.18	5171410.86	0.137468
21654762.33	5171390.85	0.135427
21654834.47	5171370.84	0.145663
21654906.62	5171350.83	0.132681
21654978.77	5171330.83	0.168691
21655050.91	5171310.82	0.205296
21655123.06	5171290.81	0.235882
21655195.21	5171270.8	0.161806
21655267.35	5171250.79	0.115118
21655339.5	5171230.79	0.107646
21655411.65	5171210.78	0.165312
21655483.79	5171190.77	0.171014
21655555.94	5171170.76	0.136174
21655628.09	5171150.75	0.128538
21655700.23	5171130.74	0.109605
21655772.38	5171110.74	0.105038
21655844.53	5171090.73	0.115597
21655916.67	5171070.72	0.120606
21655988.82	5171050.71	0.121511
21656060.97	5171030.7	0.164677
21656133.11	5171010.7	0.148907
21656205.26	5170990.69	0.136996
21656277.41	5170970.68	0
21656349.56	5170950.67	0
21656421.7	5170930.66	0
21656493.85	5170910.66	0
21656566	5170890.65	0.0979421
21656638.14	5170870.64	0.102198
21656710.29	5170850.63	0.12121
21656782.44	5170830.62	0.169303
21656854.58	5170810.62	0.162079
21656926.73	5170790.61	0.165045
21656998.88	5170770.6	0.123913
21657071.02	5170750.59	0.15381
21657143.17	5170730.58	0.17673
21657215.32	5170710.58	0.183722
21657287.46	5170690.57	0.178169
21657359.61	5170670.56	0.178504
21657431.76	5170650.55	0.144861
21657503.9	5170630.54	0.107557
21657576.05	5170610.54	0
21657648.2	5170590.53	0
21657720.34	5170570.52	0.107073
21657792.49	5170550.51	0.128274
21657864.64	5170530.5	0.114245
21657936.78	5170510.5	0.111729
21658008.93	5170490.49	0
21658081.08	5170470.48	0
21658153.22	5170450.47	0
21658225.37	5170430.46	0
21658297.52	5170410.46	0
21658369.66	5170390.45	0
21658441.81	5170370.44	0
21658513.96	5170350.43	0.0975696
21658586.1	5170330.42	0.117215
21658658.25	5170310.41	0.112505
21658730.4	5170290.41	0.111696
21658802.54	5170270.4	0
21658874.69	5170250.39	0
21658946.84	5170230.38	0
21659018.98	5170210.37	0.0174944
21659091.13	5170190.37	0
21653266.87	5171881.79	0.234405
21653339.02	5171861.78	0.229686
21653411.17	5171841.77	0.217385
21653483.31	5171821.77	0.219319
21653555.46	5171801.76	0.222719
21653627.61	5171781.75	0.217169
21653699.75	5171761.74	0.217212
21653771.9	5171741.73	0.205695
21653844.05	5171721.73	0.185885
21653916.19	5171701.72	0.17647
21653988.34	5171681.71	0.175464
21654060.49	5171661.7	0.164725
21654132.63	5171641.69	0.175407
21654204.78	5171621.68	0.189194
21654276.93	5171601.68	0.185322
21654349.07	5171581.67	0.172827
21654421.22	5171561.66	0.160432
21654493.37	5171541.65	0.157075
21654565.51	5171521.64	0.161281
21654637.66	5171501.64	0.149548
21654709.81	5171481.63	0.129275
21654781.95	5171461.62	0.132998
21654854.1	5171441.61	0.141677
21654926.25	5171421.6	0.143349
21654998.39	5171401.6	0.167344
21655070.54	5171381.59	0.20125
21655142.69	5171361.58	0.21966
21655214.83	5171341.57	0.198295
21655286.98	5171321.56	0.170032
21655359.13	5171301.56	0.14709
21655431.27	5171281.55	0.148655
21655503.42	5171261.54	0.166973
21655575.57	5171241.53	0.141893
21655647.71	5171221.52	0.11113
21655719.86	5171201.52	0.103016
21655792.01	5171181.51	0.107629
21655864.15	5171161.5	0.10953
21655936.3	5171141.49	0.119757
21656008.45	5171121.48	0.123572
21656080.59	5171101.48	0.152177
21656152.74	5171081.47	0
21656224.89	5171061.46	0
21656297.03	5171041.45	0
21656369.18	5171021.44	0
21656441.33	5171001.44	0
21656513.48	5170981.43	0.0832272
21656585.62	5170961.42	0.0830187
21656657.77	5170941.41	0.0958537
21656729.91	5170921.4	0.11834
21656802.06	5170901.39	0.172544
21656874.21	5170881.39	0.169712
21656946.36	5170861.38	0.176532
21657018.5	5170841.37	0.16961
21657090.65	5170821.36	0.169009
21657162.8	5170801.35	0.183414
21657234.94	5170781.35	0.19362
21657307.09	5170761.34	0.176642
21657379.24	5170741.33	0.16038
21657451.38	5170721.32	0.140297
21657523.53	5170701.31	0.133134
21657595.68	5170681.31	0
21657667.82	5170661.3	0.0282885
21657739.97	5170641.29	0.0740909
21657812.12	5170621.28	0
21657884.26	5170601.27	0
21657956.41	5170581.27	0.115375
21658028.56	5170561.26	0.113057
21658100.7	5170541.25	0
21658172.85	5170521.24	0
21658245	5170501.23	0
21658317.14	5170481.23	0
21658389.29	5170461.22	0
21658461.44	5170441.21	0
21658533.58	5170421.2	0.0869858
21658605.73	5170401.19	0.0891196
21658677.88	5170381.19	0.0832769
21658750.02	5170361.18	0.103915
21658822.17	5170341.17	0
21658894.32	5170321.16	0
21658966.46	5170301.15	0
21659038.61	5170281.15	0
21653286.5	5171952.56	0.228849
21653358.65	5171932.55	0.232673
21653430.79	5171912.54	0.233167
21653502.94	5171892.54	0.217791
21653575.09	5171872.53	0.207024
21653647.23	5171852.52	0.208476
21653719.38	5171832.51	0.205978
21653791.53	5171812.5	0.190805
21653863.67	5171792.5	0.171149
21653935.82	5171772.49	0.178987
21654007.97	5171752.48	0.176272
21654080.11	5171732.47	0.171424
21654152.26	5171712.46	0.175693
21654224.41	5171692.46	0.195067
21654296.55	5171672.45	0.188442
21654368.7	5171652.44	0.163194
21654440.85	5171632.43	0.150046
21654512.99	5171612.42	0.14706
21654585.14	5171592.42	0.149724
21654657.29	5171572.41	0.151246
21654729.43	5171552.4	0.133513
21654801.58	5171532.39	0.140789
21654873.73	5171512.38	0.139626
21654945.87	5171492.37	0.142763
21655018.02	5171472.37	0.158786
21655090.17	5171452.36	0.180954
21655162.31	5171432.35	0.201324
21655234.46	5171412.34	0.191762
21655306.61	5171392.33	0.171244
21655378.75	5171372.33	0.16032
21655450.9	5171352.32	0.147158
21655523.05	5171332.31	0.154197
21655595.19	5171312.3	0.146712
21655667.34	5171292.29	0.098032
21655739.49	5171272.29	0.103432
21655811.63	5171252.28	0.108132
21655883.78	5171232.27	0.114285
21655955.93	5171212.26	0.114873
21656028.07	5171192.25	0.112299
21656100.22	5171172.25	0.133191
21656172.37	5171152.24	0
21656244.51	5171132.23	0
21656316.66	5171112.22	0
21656388.81	5171092.21	0
21656460.95	5171072.21	0
21656533.1	5171052.2	0.0835422
21656605.25	5171032.19	0.0828693
21656677.39	5171012.18	0.094824
21656749.54	5170992.17	0.14294
21656821.69	5170972.17	0.165882
21656893.84	5170952.16	0.176779
21656965.98	5170932.15	0.184209
21657038.13	5170912.14	0.185672
21657110.27	5170892.13	0.189544
21657182.42	5170872.13	0.173149
21657254.57	5170852.12	0.167814
21657326.72	5170832.11	0.156387
21657398.86	5170812.1	0.152674
21657471.01	5170792.09	0.135492
21657543.16	5170772.09	0.122758
21657615.3	5170752.08	0
21657687.45	5170732.07	0
21657759.6	5170712.06	0.0316846
21657831.74	5170692.05	0
21657903.89	5170672.04	0
21657976.04	5170652.04	0.0871013
21658048.18	5170632.03	0.0862386
21658120.33	5170612.02	0.0819359
21658192.48	5170592.01	0.0494789
21658264.62	5170572	0
21658336.77	5170552	0.0253387
21658408.92	5170531.99	0
21658481.06	5170511.98	0.0766569
21658553.21	5170491.97	0.0743036
21658625.36	5170471.96	0.0858338
21658697.5	5170451.96	0.0840064
21658769.65	5170431.95	0.0877859
21658841.8	5170411.94	0.0670826
21658913.94	5170391.93	0.0417977
21658986.09	5170371.92	0.0317262
21659058.24	5170351.92	0
21653306.13	5172023.33	0.212801
21653378.27	5172003.32	0.217289
21653450.42	5171983.31	0.214279
21653522.57	5171963.31	0.207472
21653594.71	5171943.3	0.197223
21653666.86	5171923.29	0.198994
21653739.01	5171903.28	0.20072
21653811.15	5171883.27	0.19123
21653883.3	5171863.27	0.176076
21653955.45	5171843.26	0.176153
21654027.59	5171823.25	0.187824
21654099.74	5171803.24	0.180084
21654171.89	5171783.23	0.175081
21654244.03	5171763.23	0.175034
21654316.18	5171743.22	0.180448
21654388.33	5171723.21	0.168283
21654460.47	5171703.2	0.159514
21654532.62	5171683.19	0.161014
21654604.77	5171663.19	0.159893
21654676.91	5171643.18	0.153237
21654749.06	5171623.17	0.136978
21654821.21	5171603.16	0
21654893.35	5171583.15	0.141151
21654965.5	5171563.15	0.152408
21655037.65	5171543.14	0.157707
21655109.79	5171523.13	0.159263
21655181.94	5171503.12	0.173463
21655254.09	5171483.11	0.173743
21655326.23	5171463.11	0.178819
21655398.38	5171443.1	0.162448
21655470.53	5171423.09	0.149017
21655542.67	5171403.08	0.150423
21655614.82	5171383.07	0.126235
21655686.97	5171363.07	0.0932429
21655759.11	5171343.06	0.09624
21655831.26	5171323.05	0.102065
21655903.41	5171303.04	0.116211
21655975.55	5171283.03	0.1125
21656047.7	5171263.02	0.0935776
21656119.85	5171243.02	0.126013
21656191.99	5171223.01	0
21656264.14	5171203	0
21656336.29	5171182.99	0
21656408.43	5171162.98	0
21656480.58	5171142.98	0
21656552.73	5171122.97	0
21656624.87	5171102.96	0.0805045
21656697.02	5171082.95	0.0933259
21656769.17	5171062.94	0.124763
21656841.31	5171042.94	0.149896
21656913.46	5171022.93	0.161587
21656985.61	5171002.92	0.194018
21657057.75	5170982.91	0.195651
21657129.9	5170962.9	0.192004
21657202.05	5170942.9	0.17523
21657274.19	5170922.89	0.160115
21657346.34	5170902.88	0.159487
21657418.49	5170882.87	0.156455
21657490.64	5170862.86	0.150585
21657562.78	5170842.86	0
21657634.93	5170822.85	0
21657707.08	5170802.84	0
21657779.22	5170782.83	0
21657851.37	5170762.82	0
21657923.52	5170742.82	0.0625355
21657995.66	5170722.81	0.106672
21658067.81	5170702.8	0.0994217
21658139.96	5170682.79	0.0894872
21658212.1	5170662.78	0.0596597
21658284.25	5170642.78	0
21658356.4	5170622.77	0
21658428.54	5170602.76	0.0496832
21658500.69	5170582.75	0.0661874
21658572.84	5170562.74	0.0659618
21658644.98	5170542.74	0.0804164
21658717.13	5170522.73	0.0913349
21658789.28	5170502.72	0.0892323
21658861.42	5170482.71	0.069049
21658933.57	5170462.7	0.0419824
21659005.72	5170442.69	0.0356123
21659077.86	5170422.69	0
21653253.61	5172114.11	0.207389
21653325.75	5172094.1	0.194122
21653397.9	5172074.09	0.187197
21653470.05	5172054.09	0.190305
21653542.19	5172034.08	0.188868
21653614.34	5172014.07	0.187585
21653686.49	5171994.06	0.193597
21653758.63	5171974.05	0.198814
21653830.78	5171954.05	0.18827
21653902.93	5171934.04	0.181112
21653975.07	5171914.03	0.177917
21654047.22	5171894.02	0.181249
21654119.37	5171874.01	0.177555
21654191.51	5171854	0.168699
21654263.66	5171834	0.167766
21654335.81	5171813.99	0.177022
21654407.95	5171793.98	0.16369
21654480.1	5171773.97	0.170973
21654552.25	5171753.96	0.172907
21654624.39	5171733.96	0.174921
21654696.54	5171713.95	0.169988
21654768.69	5171693.94	0.157281
21654840.83	5171673.93	0.14716
21654912.98	5171653.92	0.142776
21654985.13	5171633.92	0.14621
21655057.27	5171613.91	0.150133
21655129.42	5171593.9	0.156015
21655201.57	5171573.89	0.152889
21655273.71	5171553.88	0.152528
21655345.86	5171533.88	0.1664
21655418.01	5171513.87	0.158721
21655490.15	5171493.86	0.143791
21655562.3	5171473.85	0.142469
21655634.45	5171453.84	0.101651
21655706.59	5171433.84	0.0816195
21655778.74	5171413.83	0.0932045
21655850.89	5171393.82	0.101911
21655923.03	5171373.81	0.103296
21655995.18	5171353.8	0.0780058
21656067.33	5171333.8	0
21656139.47	5171313.79	0
21656211.62	5171293.78	0
21656283.77	5171273.77	0
21656355.91	5171253.76	0
21656428.06	5171233.76	0
21656500.21	5171213.75	0
21656572.35	5171193.74	0
21656644.5	5171173.73	0
21656716.65	5171153.72	0.106581
21656788.79	5171133.72	0.142706
21656860.94	5171113.71	0.157245
21656933.09	5171093.7	0.157985
21657005.23	5171073.69	0.176246
21657077.38	5171053.68	0.197695
21657149.53	5171033.67	0.200519
21657221.67	5171013.67	0.195759
21657293.82	5170993.66	0.178996
21657365.97	5170973.65	0.141153
21657438.11	5170953.64	0.134097
21657510.26	5170933.63	0.0904885
21657582.41	5170913.63	0
21657654.55	5170893.62	0.165673
21657726.7	5170873.61	0
21657798.85	5170853.6	0
21657870.99	5170833.59	0
21657943.14	5170813.59	0.0944812
21658015.29	5170793.58	0.126662
21658087.44	5170773.57	0
21658159.58	5170753.56	0.107277
21658231.73	5170733.55	0.107246
21658303.88	5170713.55	0
21658376.02	5170693.54	0
21658448.17	5170673.53	0.044406
21658520.32	5170653.52	0.0666104
21658592.46	5170633.51	0.0694641
21658664.61	5170613.51	0.0749482
21658736.76	5170593.5	0.0905196
21658808.9	5170573.49	0.0769819
21658881.05	5170553.48	0.0685621
21658953.2	5170533.47	0.0556949
21659025.34	5170513.47	0
21659097.49	5170493.46	0
21653273.23	5172184.88	0.20388
21653345.38	5172164.87	0.18839
21653417.53	5172144.86	0.182868
21653489.67	5172124.86	0.185615
21653561.82	5172104.85	0.185216
21653633.97	5172084.84	0.185148
21653706.11	5172064.83	0.174442
21653778.26	5172044.82	0.183455
21653850.41	5172024.82	0.178674
21653922.55	5172004.81	0.173748
21653994.7	5171984.8	0.173197
21654066.85	5171964.79	0.179654
21654138.99	5171944.78	0.181469
21654211.14	5171924.78	0.167584
21654283.29	5171904.77	0.175596
21654355.43	5171884.76	0.168508
21654427.58	5171864.75	0.160255
21654499.73	5171844.74	0.155167
21654571.87	5171824.74	0.168345
21654644.02	5171804.73	0.173248
21654716.17	5171784.72	0.188286
21654788.31	5171764.71	0.191527
21654860.46	5171744.7	0.181572
21654932.61	5171724.7	0.174251
21655004.75	5171704.69	0.154357
21655076.9	5171684.68	0.151079
21655149.05	5171664.67	0.146259
21655221.19	5171644.66	0.136145
21655293.34	5171624.65	0.145048
21655365.49	5171604.65	0.157371
21655437.63	5171584.64	0.155069
21655509.78	5171564.63	0.143979
21655581.93	5171544.62	0.135624
21655654.07	5171524.61	0.111823
21655726.22	5171504.61	0.0763832
21655798.37	5171484.6	0.0815319
21655870.51	5171464.59	0.0829788
21655942.66	5171444.58	0.0948864
21656014.81	5171424.57	0.0917351
21656086.95	5171404.57	0
21656159.1	5171384.56	0
21656231.25	5171364.55	0
21656303.39	5171344.54	0
21656375.54	5171324.53	0
21656447.69	5171304.53	0
21656519.83	5171284.52	0
21656591.98	5171264.51	0
21656664.13	5171244.5	0
21656736.27	5171224.49	0
21656808.42	5171204.49	0
21656880.57	5171184.48	0.154565
21656952.71	5171164.47	0.1602
21657024.86	5171144.46	0.189361
21657097.01	5171124.45	0.197667
21657169.15	5171104.45	0.159276
21657241.3	5171084.44	0.130506
21657313.45	5171064.43	0.119331
21657385.59	5171044.42	0
21657457.74	5171024.41	0
21657529.89	5171004.41	0
21657602.03	5170984.4	0.0992044
21657674.18	5170964.39	0.175096
21657746.33	5170944.38	0.116604
21657818.47	5170924.37	0
21657890.62	5170904.36	0
21657962.77	5170884.36	0.0901135
21658034.91	5170864.35	0.118585
21658107.06	5170844.34	0.117749
21658179.21	5170824.33	0.100554
21658251.36	5170804.32	0.084405
21658323.5	5170784.32	0.103234
21658395.65	5170764.31	0.114162
21658467.8	5170744.3	0
21658539.94	5170724.29	0.07612
21658612.09	5170704.28	0.0771282
21658684.24	5170684.28	0.0499657
21658756.38	5170664.27	0.0603467
21658828.53	5170644.26	0
21658900.68	5170624.25	0
21658972.82	5170604.24	0
21659044.97	5170584.24	0.0479873
