21653307.22	5170346.33	0.135598
21653379.37	5170326.32	0.113712
21653451.52	5170306.31	0.140489
21653523.66	5170286.3	0.17579
21653595.81	5170266.29	0.21131
21653667.96	5170246.29	0.255611
21653740.1	5170226.28	0.258028
21653812.25	5170206.27	0.228214
21653884.4	5170186.26	0.283119
21653956.54	5170166.25	0.356495
21654028.69	5170146.25	0.365889
21654100.84	5170126.24	0.356578
21654172.98	5170106.23	0.334078
21654245.13	5170086.22	0.309149
21654317.28	5170066.21	0.273156
21654389.42	5170046.21	0.256955
21654461.57	5170026.2	0.24697
21654533.72	5170006.19	0.230351
21654605.86	5169986.18	0.219971
21654678.01	5169966.17	0.212923
21654750.16	5169946.17	0.292701
21654822.31	5169926.16	0.21806
21654894.45	5169906.15	0.217199
21654966.6	5169886.14	0.226241
21655038.75	5169866.13	0.201094
21655110.89	5169846.13	0.137035
21655183.04	5169826.12	0.104529
21655255.19	5169806.11	0.13031
21655327.33	5169786.1	0.15679
21655399.48	5169766.09	0.203141
21653254.7	5170437.11	0.135203
21653326.85	5170417.1	0.128746
21653399	5170397.09	0.135276
21653471.14	5170377.08	0.16658
21653543.29	5170357.07	0.181966
21653615.44	5170337.07	0.211311
21653687.58	5170317.06	0.253198
21653759.73	5170297.05	0.260992
21653831.88	5170277.04	0.253069
21653904.02	5170257.03	0.313195
21653976.17	5170237.03	0.333248
21654048.32	5170217.02	0.347425
21654120.46	5170197.01	0.337315
21654192.61	5170177	0.307744
21654264.76	5170156.99	0.280927
21654336.9	5170136.98	0.265452
21654409.05	5170116.98	0.243443
21654481.2	5170096.97	0.236986
21654553.34	5170076.96	0.240735
21654625.49	5170056.95	0.23758
21654697.64	5170036.94	0.214495
21654769.78	5170016.94	0.281279
21654841.93	5169996.93	0.216862
21654914.08	5169976.92	0.193133
21654986.23	5169956.91	0.180926
21655058.37	5169936.9	0.175945
21655130.52	5169916.9	0.169544
21655202.66	5169896.89	0.161641
21655274.81	5169876.88	0.156726
21655346.96	5169856.87	0.176256
21655419.11	5169836.86	0.197696
21655491.25	5169816.86	0.200451
21655563.4	5169796.85	0.190519
21655635.55	5169776.84	0.179025
21655707.69	5169756.83	0.161492
21655779.84	5169736.82	0.161495
21655851.99	5169716.82	0.203049
21655924.13	5169696.81	0.120648
21655996.28	5169676.8	0.112471
21656068.43	5169656.79	0.137777
21656140.57	5169636.78	0.165266
21656212.72	5169616.78	0.180257
21656284.87	5169596.77	0.221048
21656357.01	5169576.76	0.225145
21656429.16	5169556.75	0.180241
21656501.31	5169536.74	0.233256
21656573.45	5169516.74	0.23326
21656645.6	5169496.73	0.185149
21656717.75	5169476.72	0.185155
21656789.89	5169456.71	0.241263
21656862.04	5169436.7	0.275679
21656934.19	5169416.69	0.294106
21657006.33	5169396.69	0.282507
21657078.48	5169376.68	0.257878
21657150.63	5169356.67	0.227542
21657222.77	5169336.66	0.204204
21657294.92	5169316.65	0.201548
21657367.07	5169296.65	0.223054
21657439.21	5169276.64	0.239082
21657511.36	5169256.63	0.212268
21657583.51	5169236.62	0.155593
21657655.65	5169216.61	0.140075
21657727.8	5169196.61	0.121385
21657799.95	5169176.6	0.141167
21657872.09	5169156.59	0.19184
21657944.24	5169136.58	0.183176
21658016.39	5169116.57	0.142973
21658088.53	5169096.57	0.105413
21658160.68	5169076.56	0.0906526
21658232.83	5169056.55	0.0906558
21658304.97	5169036.54	0.118569
21658377.12	5169016.53	0.129509
21658449.27	5168996.53	0.153843
21658521.41	5168976.52	0.153846
21658593.56	5168956.51	0.0999685
21658665.71	5168936.5	0.0999709
21658737.85	5168916.49	0.0944302
21658810	5168896.49	0.105167
21658882.15	5168876.48	0.124566
21658954.29	5168856.47	0.131794
21659026.44	5168836.46	0.140471
21659098.59	5168816.45	0.150062
21653274.33	5170507.88	0.146667
21653346.48	5170487.87	0.152814
21653418.62	5170467.86	0.138344
21653490.77	5170447.85	0.21387
21653562.92	5170427.84	0.199843
21653635.06	5170407.84	0.197926
21653707.21	5170387.83	0.221478
21653779.36	5170367.82	0.265083
21653851.5	5170347.81	0.27437
21653923.65	5170327.8	0.317148
21653995.8	5170307.8	0.300405
21654067.94	5170287.79	0.304208
21654140.09	5170267.78	0.303405
21654212.24	5170247.77	0.275472
21654284.38	5170227.76	0.263384
21654356.53	5170207.76	0.263958
21654428.68	5170187.75	0.255033
21654500.82	5170167.74	0.237321
21654572.97	5170147.73	0.255993
21654645.12	5170127.72	0.273052
21654717.26	5170107.72	0.260383
21654789.41	5170087.71	0.229756
21654861.56	5170067.7	0.186104
21654933.7	5170047.69	0.164353
21655005.85	5170027.68	0.175926
21655078	5170007.68	0.182846
21655150.14	5169987.67	0.162672
21655222.29	5169967.66	0.184012
21655294.44	5169947.65	0.202066
21655366.58	5169927.64	0.193703
21655438.73	5169907.63	0.183279
21655510.88	5169887.63	0.186846
21655583.03	5169867.62	0.157988
21655655.17	5169847.61	0.164281
21655727.32	5169827.6	0.174958
21655799.47	5169807.59	0.204034
21655871.61	5169787.59	0.203048
21655943.76	5169767.58	0.189153
21656015.91	5169747.57	0.178722
21656088.05	5169727.56	0.163314
21656160.2	5169707.55	0.160411
21656232.35	5169687.55	0.1844
21656304.49	5169667.54	0.216012
21656376.64	5169647.53	0.217794
21656448.79	5169627.52	0.166618
21656520.93	5169607.51	0.19774
21656593.08	5169587.51	0.166346
21656665.23	5169567.5	0.245836
21656737.37	5169547.49	0.232648
21656809.52	5169527.48	0.248837
21656881.67	5169507.47	0.28139
21656953.81	5169487.47	0.283877
21657025.96	5169467.46	0.288804
21657098.11	5169447.45	0.263584
21657170.25	5169427.44	0.23292
21657242.4	5169407.43	0.204352
21657314.55	5169387.43	0.189329
21657386.69	5169367.42	0.191557
21657458.84	5169347.41	0.201348
21657530.99	5169327.4	0.176274
21657603.13	5169307.39	0.14405
21657675.28	5169287.39	0.132466
21657747.43	5169267.38	0.138705
21657819.57	5169247.37	0.169275
21657891.72	5169227.36	0.166353
21657963.87	5169207.35	0.150013
21658036.01	5169187.34	0.142973
21658108.16	5169167.34	0.13532
21658180.31	5169147.33	0.068935
21658252.45	5169127.32	0.137875
21658324.6	5169107.31	0.140295
21658396.75	5169087.3	0.142561
21658468.89	5169067.3	0.152008
21658541.04	5169047.29	0.145233
21658613.19	5169027.28	0.118542
21658685.33	5169007.27	0.10546
21658757.48	5168987.26	0.107175
21658829.63	5168967.26	0.101678
21658901.77	5168947.25	0.112362
21658973.92	5168927.24	0.122131
21659046.07	5168907.23	0.130921
21653293.96	5170578.65	0.162494
21653366.1	5170558.64	0.153679
21653438.25	5170538.63	0.169413
21653510.4	5170518.62	0.248153
21653582.54	5170498.61	0.227571
21653654.69	5170478.61	0.230893
21653726.84	5170458.6	0.202079
21653798.98	5170438.59	0.218639
21653871.13	5170418.58	0.266338
21653943.28	5170398.57	0.290508
21654015.42	5170378.57	0.277735
21654087.57	5170358.56	0.298405
21654159.72	5170338.55	0.278822
21654231.86	5170318.54	0.271389
21654304.01	5170298.53	0.281122
21654376.16	5170278.53	0.283738
21654448.3	5170258.52	0.26206
21654520.45	5170238.51	0.240006
21654592.6	5170218.5	0.226811
21654664.74	5170198.49	0.275124
21654736.89	5170178.49	0.274057
21654809.04	5170158.48	0.259417
21654881.18	5170138.47	0.229896
21654953.33	5170118.46	0.216536
21655025.48	5170098.45	0.217969
21655097.62	5170078.45	0.211507
21655169.77	5170058.44	0.189263
21655241.92	5170038.43	0.183782
21655314.06	5170018.42	0.218051
21655386.21	5169998.41	0.218607
21655458.36	5169978.41	0.209648
21655530.5	5169958.4	0.234702
21655602.65	5169938.39	0.205224
21655674.8	5169918.38	0.16273
21655746.95	5169898.37	0.199618
21655819.09	5169878.37	0.234103
21655891.24	5169858.36	0.220424
21655963.38	5169838.35	0.202726
21656035.53	5169818.34	0.173074
21656107.68	5169798.33	0.179884
21656179.83	5169778.32	0.16741
21656251.97	5169758.32	0.169612
21656324.12	5169738.31	0.20079
21656396.27	5169718.3	0.204773
21656468.41	5169698.29	0.202317
21656540.56	5169678.28	0.225598
21656612.71	5169658.28	0.246631
21656684.85	5169638.27	0.259036
21656757	5169618.26	0.252574
21656829.15	5169598.25	0.236061
21656901.29	5169578.24	0.265359
21656973.44	5169558.24	0.286397
21657045.59	5169538.23	0.312088
21657117.73	5169518.22	0.288288
21657189.88	5169498.21	0.214397
21657262.03	5169478.2	0.171744
21657334.17	5169458.2	0.167126
21657406.32	5169438.19	0.179257
21657478.47	5169418.18	0.184889
21657550.61	5169398.17	0.176512
21657622.76	5169378.16	0.132588
21657694.91	5169358.16	0.133735
21657767.05	5169338.15	0.139482
21657839.2	5169318.14	0.195962
21657911.35	5169298.13	0.224636
21657983.49	5169278.12	0.175159
21658055.64	5169258.12	0.140856
21658127.79	5169238.11	0.127661
21658199.93	5169218.1	0
21658272.08	5169198.09	0.140185
21658344.23	5169178.08	0.143273
21658416.37	5169158.08	0.173726
21658488.52	5169138.07	0.159616
21658560.67	5169118.06	0.145233
21658632.81	5169098.05	0.131627
21658704.96	5169078.04	0.0999159
21658777.11	5169058.03	0.111714
21658849.25	5169038.03	0.118472
21658921.4	5169018.02	0.111215
21658993.55	5168998.01	0.106321
21659065.69	5168978	0.117508
21653313.58	5170649.42	0.160675
21653385.73	5170629.41	0.198071
21653457.88	5170609.4	0.210368
21653530.02	5170589.39	0.226111
21653602.17	5170569.39	0.253362
21653674.32	5170549.38	0.260717
21653746.46	5170529.37	0.206419
21653818.61	5170509.36	0.194255
21653890.76	5170489.35	0.248954
21653962.9	5170469.35	0.264824
21654035.05	5170449.34	0.274378
21654107.2	5170429.33	0.291768
21654179.34	5170409.32	0.299372
21654251.49	5170389.31	0.285801
21654323.64	5170369.3	0.278711
21654395.78	5170349.3	0.280668
21654467.93	5170329.29	0.261582
21654540.08	5170309.28	0.223843
21654612.22	5170289.27	0.219395
21654684.37	5170269.26	0.248552
21654756.52	5170249.26	0.259347
21654828.66	5170229.25	0.254876
21654900.81	5170209.24	0.269151
21654972.96	5170189.23	0.251385
21655045.1	5170169.22	0.241477
21655117.25	5170149.22	0.256516
21655189.4	5170129.21	0.253191
21655261.54	5170109.2	0.221222
21655333.69	5170089.19	0.209719
21655405.84	5170069.18	0.196161
21655477.98	5170049.18	0.211549
21655550.13	5170029.17	0.242582
21655622.28	5170009.16	0.230783
21655694.42	5169989.15	0.233474
21655766.57	5169969.14	0.237004
21655838.72	5169949.14	0.234551
21655910.86	5169929.13	0.230381
21655983.01	5169909.12	0.203605
21656055.16	5169889.11	0.195054
21656127.3	5169869.1	0.221831
21656199.45	5169849.1	0.228408
21656271.6	5169829.09	0.21263
21656343.75	5169809.08	0.209832
21656415.89	5169789.07	0.198188
21656488.04	5169769.06	0.202562
21656560.19	5169749.06	0.204558
21656632.33	5169729.05	0.238447
21656704.48	5169709.04	0.257192
21656776.63	5169689.03	0.238397
21656848.77	5169669.02	0.227155
21656920.92	5169649.02	0.241553
21656993.07	5169629.01	0.254043
21657065.21	5169609	0.274029
21657137.36	5169588.99	0.276979
21657209.51	5169568.98	0.238313
21657281.65	5169548.97	0.18947
21657353.8	5169528.97	0.167926
21657425.95	5169508.96	0.19096
21657498.09	5169488.95	0.202032
21657570.24	5169468.94	0.196163
21657642.39	5169448.93	0.146484
21657714.53	5169428.93	0.135564
21657786.68	5169408.92	0.135841
21657858.83	5169388.91	0.151678
21657930.97	5169368.9	0.215736
21658003.12	5169348.89	0.178844
21658075.27	5169328.89	0.136745
21658147.41	5169308.88	0.127572
21658219.56	5169288.87	0
21658291.71	5169268.86	0.139594
21658363.85	5169248.85	0.147715
21658436	5169228.85	0.176614
21658508.15	5169208.84	0.212629
21658580.29	5169188.83	0.193992
21658652.44	5169168.82	0.153577
21658724.59	5169148.81	0.114142
21658796.73	5169128.81	0.133024
21658868.88	5169108.8	0.139769
21658941.03	5169088.79	0.109005
21659013.17	5169068.78	0.0997499
21659085.32	5169048.77	0.104582
21653261.06	5170740.2	0.169204
21653333.21	5170720.19	0.151704
21653405.36	5170700.18	0.176392
21653477.5	5170680.17	0.219304
21653549.65	5170660.16	0.249369
21653621.8	5170640.16	0.255264
21653693.94	5170620.15	0.260375
21653766.09	5170600.14	0.239157
21653838.24	5170580.13	0.215202
21653910.38	5170560.12	0.237514
21653982.53	5170540.12	0.254672
21654054.68	5170520.11	0.258484
21654126.82	5170500.1	0.287127
21654198.97	5170480.09	0.319905
21654271.12	5170460.08	0.29263
21654343.26	5170440.08	0.316004
21654415.41	5170420.07	0.298442
21654487.56	5170400.06	0.263511
21654559.7	5170380.05	0.225395
21654631.85	5170360.04	0.194357
21654704	5170340.04	0.240424
21654776.14	5170320.03	0.244468
21654848.29	5170300.02	0.250107
21654920.44	5170280.01	0.228934
21654992.58	5170260	0.210677
21655064.73	5170240	0.224246
21655136.88	5170219.99	0.266111
21655209.02	5170199.98	0.289581
21655281.17	5170179.97	0.231577
21655353.32	5170159.96	0.180568
21655425.46	5170139.95	0.189278
21655497.61	5170119.95	0.22648
21655569.76	5170099.94	0.241372
21655641.9	5170079.93	0.209277
21655714.05	5170059.92	0.207475
21655786.2	5170039.91	0.280361
21655858.34	5170019.91	0.263038
21655930.49	5169999.9	0.230284
21656002.64	5169979.89	0.202682
21656074.78	5169959.88	0.22159
21656146.93	5169939.87	0.247465
21656219.08	5169919.87	0.253322
21656291.22	5169899.86	0.24863
21656363.37	5169879.85	0.239389
21656435.52	5169859.84	0.21991
21656507.66	5169839.83	0.214823
21656579.81	5169819.83	0.211825
21656651.96	5169799.82	0.254058
21656724.1	5169779.81	0.275336
21656796.25	5169759.8	0.247898
21656868.4	5169739.79	0.234147
21656940.55	5169719.79	0.222976
21657012.69	5169699.78	0.243489
21657084.84	5169679.77	0.264437
21657156.99	5169659.76	0.252247
21657229.13	5169639.75	0.248716
21657301.28	5169619.75	0.238122
21657373.43	5169599.74	0.218733
21657445.57	5169579.73	0.205053
21657517.72	5169559.72	0.20955
21657589.87	5169539.71	0.206687
21657662.01	5169519.71	0.198438
21657734.16	5169499.7	0.163253
21657806.31	5169479.69	0.144842
21657878.45	5169459.68	0.152995
21657950.6	5169439.67	0.168485
21658022.75	5169419.66	0.156577
21658094.89	5169399.66	0.139032
21658167.04	5169379.65	0.122982
21658239.19	5169359.64	0
21658311.33	5169339.63	0.141371
21658383.48	5169319.62	0.13292
21658455.63	5169299.62	0.157556
21658527.77	5169279.61	0.227287
21658599.92	5169259.6	0.234374
21658672.07	5169239.59	0.208109
21658744.21	5169219.58	0.201674
21658816.36	5169199.58	0.177254
21658888.51	5169179.57	0.143392
21658960.65	5169159.56	0.11686
21659032.8	5169139.55	0.0998782
21659104.95	5169119.54	0.0961044
21653280.69	5170810.97	0.174377
21653352.84	5170790.96	0.159756
21653424.98	5170770.95	0.175883
21653497.13	5170750.94	0.196385
21653569.28	5170730.93	0.240214
21653641.42	5170710.93	0.241141
21653713.57	5170690.92	0.259876
21653785.72	5170670.91	0.275836
21653857.86	5170650.9	0.24934
21653930.01	5170630.89	0.243632
21654002.16	5170610.89	0.237684
21654074.3	5170590.88	0.208744
21654146.45	5170570.87	0.22679
21654218.6	5170550.86	0.265145
21654290.74	5170530.85	0.262424
21654362.89	5170510.85	0.239052
21654435.04	5170490.84	0.295638
21654507.18	5170470.83	0.272102
21654579.33	5170450.82	0.247896
21654651.48	5170430.81	0.219357
21654723.62	5170410.81	0.216089
21654795.77	5170390.8	0.235866
21654867.92	5170370.79	0.235842
21654940.06	5170350.78	0.223997
21655012.21	5170330.77	0.174746
21655084.36	5170310.77	0.207087
21655156.5	5170290.76	0.244536
21655228.65	5170270.75	0.252379
21655300.8	5170250.74	0.214055
21655372.94	5170230.73	0.179488
21655445.09	5170210.73	0.215932
21655517.24	5170190.72	0.246186
21655589.38	5170170.71	0.23025
21655661.53	5170150.7	0.208043
21655733.68	5170130.69	0.214561
21655805.82	5170110.69	0.261895
21655877.97	5170090.68	0.267139
21655950.12	5170070.67	0.139845
21656022.26	5170050.66	0.168089
21656094.41	5170030.65	0.212157
21656166.56	5170010.65	0.26065
21656238.7	5169990.64	0.274604
21656310.85	5169970.63	0.281619
21656383	5169950.62	0.27646
21656455.14	5169930.61	0.278536
21656527.29	5169910.6	0.269709
21656599.44	5169890.6	0.259934
21656671.58	5169870.59	0.277996
21656743.73	5169850.58	0.274727
21656815.88	5169830.57	0.213695
21656888.02	5169810.56	0.222295
21656960.17	5169790.56	0.258527
21657032.32	5169770.55	0.270907
21657104.47	5169750.54	0.292788
21657176.61	5169730.53	0.237117
21657248.76	5169710.52	0.246609
21657320.91	5169690.52	0.255958
21657393.05	5169670.51	0.254122
21657465.2	5169650.5	0.228104
21657537.35	5169630.49	0.205816
21657609.49	5169610.48	0.211833
21657681.64	5169590.48	0.242253
21657753.79	5169570.47	0.180332
21657825.93	5169550.46	0.15822
21657898.08	5169530.45	0.146549
21657970.23	5169510.44	0.156566
21658042.37	5169490.44	0.163883
21658114.52	5169470.43	0.138
21658186.67	5169450.42	0.113047
21658258.81	5169430.41	0
21658330.96	5169410.4	0
21658403.11	5169390.4	0.0972329
21658475.25	5169370.39	0.138143
21658547.4	5169350.38	0.17657
21658619.55	5169330.37	0.200004
21658691.69	5169310.36	0.228716
21658763.84	5169290.36	0.214895
21658835.99	5169270.35	0.217865
21658908.13	5169250.34	0.148826
21658980.28	5169230.33	0.135245
21659052.43	5169210.32	0.107241
21653300.32	5170881.74	0.199599
21653372.46	5170861.73	0.19971
21653444.61	5170841.72	0.179991
21653516.76	5170821.71	0.196902
21653588.9	5170801.71	0.214931
21653661.05	5170781.7	0.222209
21653733.2	5170761.69	0.230059
21653805.34	5170741.68	0.279271
21653877.49	5170721.67	0.272838
21653949.64	5170701.67	0.200233
21654021.78	5170681.66	0.185033
21654093.93	5170661.65	0.125279
21654166.08	5170641.64	0.147535
21654238.22	5170621.63	0.212413
21654310.37	5170601.63	0.1962
21654382.52	5170581.62	0.170181
21654454.66	5170561.61	0.238316
21654526.81	5170541.6	0.294849
21654598.96	5170521.59	0.276058
21654671.1	5170501.58	0.21138
21654743.25	5170481.58	0.155076
21654815.4	5170461.57	0.230859
21654887.54	5170441.56	0.263716
21654959.69	5170421.55	0.264444
21655031.84	5170401.54	0.236732
21655103.98	5170381.54	0.209096
21655176.13	5170361.53	0.243814
21655248.28	5170341.52	0.265574
21655320.42	5170321.51	0.205021
21655392.57	5170301.5	0.177746
21655464.72	5170281.5	0.262745
21655536.86	5170261.49	0.233572
21655609.01	5170241.48	0.211242
21655681.16	5170221.47	0.19849
21655753.3	5170201.46	0.18597
21655825.45	5170181.46	0.201485
21655897.6	5170161.45	0.17719
21655969.74	5170141.44	0.187618
21656041.89	5170121.43	0.188673
21656114.04	5170101.42	0.214606
21656186.18	5170081.42	0.263582
21656258.33	5170061.41	0.313078
21656330.48	5170041.4	0.317256
21656402.62	5170021.39	0.305762
21656474.77	5170001.38	0.309286
21656546.92	5169981.38	0.287839
21656619.06	5169961.37	0.269824
21656691.21	5169941.36	0.285749
21656763.36	5169921.35	0.277987
21656835.5	5169901.34	0.186162
21656907.65	5169881.34	0.223629
21656979.8	5169861.33	0.256448
21657051.94	5169841.32	0.287748
21657124.09	5169821.31	0.311027
21657196.24	5169801.3	0.310038
21657268.38	5169781.3	0.185192
21657340.53	5169761.29	0.164288
21657412.68	5169741.28	0.212429
21657484.83	5169721.27	0.161433
21657556.97	5169701.26	0.172212
21657629.12	5169681.25	0.129631
21657701.27	5169661.25	0.192278
21657773.41	5169641.24	0.179346
21657845.56	5169621.23	0.168906
21657917.71	5169601.22	0.129003
21657989.85	5169581.21	0.126674
21658062	5169561.21	0.141544
21658134.15	5169541.2	0.144434
21658206.29	5169521.19	0.113453
21658278.44	5169501.18	0.15672
21658350.59	5169481.17	0.215358
21658422.73	5169461.17	0.178954
21658494.88	5169441.16	0.121279
21658567.03	5169421.15	0.127069
21658639.17	5169401.14	0.149538
21658711.32	5169381.13	0.180503
21658783.47	5169361.13	0.240092
21658855.61	5169341.12	0.227609
21658927.76	5169321.11	0.194534
21658999.91	5169301.1	0.146698
21659072.05	5169281.09	0.137321
21653247.8	5170972.52	0.195565
21653319.94	5170952.51	0.217848
21653392.09	5170932.5	0.234134
21653464.24	5170912.49	0.246259
21653536.38	5170892.48	0.255017
21653608.53	5170872.48	0.239045
21653680.68	5170852.47	0.25132
21653752.82	5170832.46	0.284915
21653824.97	5170812.45	0.272795
21653897.12	5170792.44	0.27198
21653969.26	5170772.44	0.237779
21654041.41	5170752.43	0.17502
21654113.56	5170732.42	0.104633
21654185.7	5170712.41	0.117629
21654257.85	5170692.4	0.1858
21654330	5170672.4	0.202622
21654402.14	5170652.39	0.23014
21654474.29	5170632.38	0.265475
21654546.44	5170612.37	0.287354
21654618.58	5170592.36	0.279007
21654690.73	5170572.36	0.23217
21654762.88	5170552.35	0.206602
21654835.02	5170532.34	0.199265
21654907.17	5170512.33	0.238166
21654979.32	5170492.32	0.263533
21655051.46	5170472.32	0.273458
21655123.61	5170452.31	0.245318
21655195.76	5170432.3	0.260532
21655267.9	5170412.29	0.26708
21655340.05	5170392.28	0.25711
21655412.2	5170372.28	0.248421
21655484.34	5170352.27	0.272645
21655556.49	5170332.26	0.273812
21655628.64	5170312.25	0.267755
21655700.78	5170292.24	0.234443
21655772.93	5170272.23	0.172361
21655845.08	5170252.23	0.214449
21655917.22	5170232.22	0.194631
21655989.37	5170212.21	0.221566
21656061.52	5170192.2	0.22096
21656133.66	5170172.19	0.2379
21656205.81	5170152.19	0.268831
21656277.96	5170132.18	0.333295
21656350.1	5170112.17	0.304941
21656422.25	5170092.16	0.277012
21656494.4	5170072.15	0.288155
21656566.54	5170052.15	0.309048
21656638.69	5170032.14	0.310232
21656710.84	5170012.13	0.307811
21656782.98	5169992.12	0.312458
21656855.13	5169972.11	0.24837
21656927.28	5169952.11	0.230543
21656999.42	5169932.1	0.243281
21657071.57	5169912.09	0.25822
21657143.72	5169892.08	0.255401
21657215.86	5169872.07	0.263886
21657288.01	5169852.07	0.174059
21657360.16	5169832.06	0.116377
21657432.3	5169812.05	0
21657504.45	5169792.04	0.144957
21657576.6	5169772.03	0
21657648.74	5169752.03	0.1038
21657720.89	5169732.02	0.167688
21657793.04	5169712.01	0.11258
21657865.18	5169692	0.14282
21657937.33	5169671.99	0.118751
21658009.48	5169651.99	0.141958
21658081.63	5169631.98	0.148294
21658153.77	5169611.97	0.126001
21658225.92	5169591.96	0.105458
21658298.07	5169571.95	0.134107
21658370.21	5169551.94	0.229006
21658442.36	5169531.94	0.241685
21658514.51	5169511.93	0.0665703
21658586.65	5169491.92	0.104161
21658658.8	5169471.91	0.12209
21658730.95	5169451.9	0.126952
21658803.09	5169431.9	0.192607
21658875.24	5169411.89	0.199976
21658947.39	5169391.88	0.20217
21659019.53	5169371.87	0.159037
21659091.68	5169351.86	0.12337
21653267.42	5171043.29	0.214971
21653339.57	5171023.28	0.216331
21653411.72	5171003.27	0.240622
21653483.86	5170983.26	0.268717
21653556.01	5170963.26	0.281988
21653628.16	5170943.25	0.275078
21653700.3	5170923.24	0.26289
21653772.45	5170903.23	0.26261
21653844.6	5170883.22	0.288477
21653916.74	5170863.21	0.295715
21653988.89	5170843.21	0.243498
21654061.04	5170823.2	0.172774
21654133.18	5170803.19	0.133495
21654205.33	5170783.18	0.128549
21654277.48	5170763.17	0.182938
21654349.62	5170743.17	0.207378
21654421.77	5170723.16	0.243955
21654493.92	5170703.15	0.263628
21654566.06	5170683.14	0.254421
21654638.21	5170663.13	0.246012
21654710.36	5170643.13	0.266632
21654782.5	5170623.12	0.232773
21654854.65	5170603.11	0.200047
21654926.8	5170583.1	0.204727
21654998.94	5170563.09	0.238728
21655071.09	5170543.09	0.246207
21655143.24	5170523.08	0.221254
21655215.38	5170503.07	0.235234
21655287.53	5170483.06	0.266291
21655359.68	5170463.05	0.251759
21655431.82	5170443.05	0.224453
21655503.97	5170423.04	0.266075
21655576.12	5170403.03	0.295358
21655648.26	5170383.02	0.289119
21655720.41	5170363.01	0.27531
21655792.56	5170343.01	0.272359
21655864.7	5170323	0.248251
21655936.85	5170302.99	0.242608
21656009	5170282.98	0.249623
21656081.14	5170262.97	0.246909
21656153.29	5170242.97	0.257069
21656225.44	5170222.96	0.27357
21656297.58	5170202.95	0.302965
21656369.73	5170182.94	0.302676
21656441.88	5170162.93	0.260996
21656514.02	5170142.93	0.199528
21656586.17	5170122.92	0.26319
21656658.32	5170102.91	0.287698
21656730.46	5170082.9	0.286538
21656802.61	5170062.89	0.27694
21656874.76	5170042.88	0.259292
21656946.9	5170022.88	0.222631
21657019.05	5170002.87	0.175867
21657091.2	5169982.86	0.187459
21657163.34	5169962.85	0.205662
21657235.49	5169942.84	0.217236
21657307.64	5169922.84	0.176323
21657379.78	5169902.83	0
21657451.93	5169882.82	0.172352
21657524.08	5169862.81	0.139271
21657596.22	5169842.8	0.114162
21657668.37	5169822.8	0.109097
21657740.52	5169802.79	0.111441
21657812.66	5169782.78	0.0987013
21657884.81	5169762.77	0.0678386
21657956.96	5169742.76	0.147425
21658029.1	5169722.76	0.159019
21658101.25	5169702.75	0.111302
21658173.4	5169682.74	0.142179
21658245.54	5169662.73	0.127193
21658317.69	5169642.72	0.106722
21658389.84	5169622.72	0.138113
21658461.99	5169602.71	0.210768
21658534.13	5169582.7	0.037399
21658606.28	5169562.69	0
21658678.43	5169542.68	0.104972
21658750.57	5169522.68	0.118543
21658822.72	5169502.67	0.134378
21658894.87	5169482.66	0.149841
21658967.01	5169462.65	0.15718
21659039.16	5169442.64	0.146259
21659111.31	5169422.64	0.151999
21653287.05	5171114.06	0.20548
21653359.2	5171094.05	0.190425
21653431.34	5171074.04	0.216013
21653503.49	5171054.03	0.235594
21653575.64	5171034.03	0.247316
21653647.78	5171014.02	0.250451
21653719.93	5170994.01	0.195597
21653792.08	5170974	0.227165
21653864.22	5170953.99	0.241523
21653936.37	5170933.99	0.242861
21654008.52	5170913.98	0.229851
21654080.66	5170893.97	0.195461
21654152.81	5170873.96	0.158599
21654224.96	5170853.95	0.16545
21654297.1	5170833.95	0.197623
21654369.25	5170813.94	0.217826
21654441.4	5170793.93	0.237632
21654513.54	5170773.92	0.250216
21654585.69	5170753.91	0.223548
21654657.84	5170733.91	0.208705
21654729.98	5170713.9	0.245506
21654802.13	5170693.89	0.237202
21654874.28	5170673.88	0.217071
21654946.42	5170653.87	0.174129
21655018.57	5170633.86	0.220895
21655090.72	5170613.86	0.221103
21655162.86	5170593.85	0.21066
21655235.01	5170573.84	0.224128
21655307.16	5170553.83	0.278815
21655379.3	5170533.82	0.262521
21655451.45	5170513.82	0.243666
21655523.6	5170493.81	0.247194
21655595.74	5170473.8	0.251191
21655667.89	5170453.79	0.269276
21655740.04	5170433.78	0.266418
21655812.18	5170413.78	0.218853
21655884.33	5170393.77	0.196567
21655956.48	5170373.76	0.218534
21656028.62	5170353.75	0.240576
21656100.77	5170333.74	0.233849
21656172.92	5170313.74	0.260285
21656245.06	5170293.73	0.264284
21656317.21	5170273.72	0.271676
21656389.36	5170253.71	0.23637
21656461.5	5170233.7	0.239861
21656533.65	5170213.7	0.17528
21656605.8	5170193.69	0.254731
21656677.94	5170173.68	0.267742
21656750.09	5170153.67	0.276695
21656822.24	5170133.66	0.269393
21656894.38	5170113.66	0.262113
21656966.53	5170093.65	0.240661
21657038.68	5170073.64	0.207471
21657110.82	5170053.63	0.192666
21657182.97	5170033.62	0.208493
21657255.12	5170013.62	0.249549
21657327.26	5169993.61	0.220504
21657399.41	5169973.6	0.191725
21657471.56	5169953.59	0.182251
21657543.7	5169933.58	0.140029
21657615.85	5169913.57	0.112185
21657688	5169893.57	0.10167
21657760.14	5169873.56	0.115084
21657832.29	5169853.55	0.120754
21657904.44	5169833.54	0.126533
21657976.58	5169813.53	0.144544
21658048.73	5169793.53	0.160888
21658120.88	5169773.52	0.147023
21658193.02	5169753.51	0.13244
21658265.17	5169733.5	0.122128
21658337.32	5169713.49	0.143551
21658409.46	5169693.49	0.124485
21658481.61	5169673.48	0.126392
21658553.76	5169653.47	0
21658625.91	5169633.46	0
21658698.05	5169613.45	0.1472
21658770.2	5169593.45	0.168227
21658842.35	5169573.44	0.123102
21658914.49	5169553.43	0.0928913
21658986.64	5169533.42	0.0822999
21659058.79	5169513.41	0.0995091
21653306.68	5171184.83	0.162009
21653378.82	5171164.82	0.172881
21653450.97	5171144.81	0.208197
21653523.12	5171124.8	0.206483
21653595.26	5171104.8	0.206416
21653667.41	5171084.79	0.210852
21653739.56	5171064.78	0.124266
21653811.7	5171044.77	0.205071
21653883.85	5171024.76	0.263431
21653956	5171004.76	0.175701
21654028.14	5170984.75	0.21284
21654100.29	5170964.74	0.21494
21654172.44	5170944.73	0.20879
21654244.58	5170924.72	0.226072
21654316.73	5170904.72	0.241739
21654388.88	5170884.71	0.187428
21654461.02	5170864.7	0.168188
21654533.17	5170844.69	0.253794
21654605.32	5170824.68	0.244867
21654677.46	5170804.68	0.245986
21654749.61	5170784.67	0.212417
21654821.76	5170764.66	0.23649
21654893.9	5170744.65	0.24912
21654966.05	5170724.64	0.185667
21655038.2	5170704.64	0.209384
21655110.34	5170684.63	0.26844
21655182.49	5170664.62	0.235637
21655254.64	5170644.61	0.198777
21655326.78	5170624.6	0.265384
21655398.93	5170604.6	0.254392
21655471.08	5170584.59	0.242973
21655543.22	5170564.58	0.269196
21655615.37	5170544.57	0.257259
21655687.52	5170524.56	0.224046
21655759.66	5170504.56	0.218529
21655831.81	5170484.55	0.229152
21655903.96	5170464.54	0.157505
21655976.1	5170444.53	0.165623
21656048.25	5170424.52	0.230112
21656120.4	5170404.51	0.189438
21656192.54	5170384.51	0.180083
21656264.69	5170364.5	0.248804
21656336.84	5170344.49	0.249613
21656408.98	5170324.48	0.236171
21656481.13	5170304.47	0.227458
21656553.28	5170284.47	0.176044
21656625.42	5170264.46	0.243558
21656697.57	5170244.45	0.26683
21656769.72	5170224.44	0.25039
21656841.86	5170204.43	0.260062
21656914.01	5170184.43	0.225272
21656986.16	5170164.42	0.251342
21657058.3	5170144.41	0.227726
21657130.45	5170124.4	0.211962
21657202.6	5170104.39	0.221333
21657274.74	5170084.39	0.241223
21657346.89	5170064.38	0.240181
21657419.04	5170044.37	0.233826
21657491.18	5170024.36	0.221399
21657563.33	5170004.35	0.174267
21657635.48	5169984.35	0.121122
21657707.62	5169964.34	0.114472
21657779.77	5169944.33	0.12973
21657851.92	5169924.32	0.145185
21657924.06	5169904.31	0.141722
21657996.21	5169884.31	0.160945
21658068.36	5169864.3	0.156516
21658140.5	5169844.29	0.146411
21658212.65	5169824.28	0.123472
21658284.8	5169804.27	0.115957
21658356.94	5169784.27	0.148234
21658429.09	5169764.26	0.124269
21658501.24	5169744.25	0.108662
21658573.38	5169724.24	0.13199
21658645.53	5169704.23	0
21658717.68	5169684.22	0.175316
21658789.82	5169664.22	0.172002
21658861.97	5169644.21	0.132527
21658934.12	5169624.2	0.0636718
21659006.26	5169604.19	0.0599662
21659078.41	5169584.18	0.0599673
21653254.15	5171275.61	0.163013
21653326.3	5171255.6	0.163748
21653398.45	5171235.59	0.177742
21653470.6	5171215.58	0.211922
21653542.74	5171195.58	0.224571
21653614.89	5171175.57	0.235552
21653687.04	5171155.56	0.259046
21653759.18	5171135.55	0.212423
21653831.33	5171115.54	0.201237
21653903.48	5171095.54	0.206709
21653975.62	5171075.53	0.152929
21654047.77	5171055.52	0.261509
21654119.92	5171035.51	0.223278
21654192.06	5171015.5	0.195157
21654264.21	5170995.49	0.208084
21654336.36	5170975.49	0.198162
21654408.5	5170955.48	0.152803
21654480.65	5170935.47	0.136045
21654552.8	5170915.46	0.210127
21654624.94	5170895.45	0.230057
21654697.09	5170875.45	0.250529
21654769.24	5170855.44	0.202788
21654841.38	5170835.43	0.183178
21654913.53	5170815.42	0.234731
21654985.68	5170795.41	0.232759
21655057.82	5170775.41	0.235125
21655129.97	5170755.4	0.248949
21655202.12	5170735.39	0.238756
21655274.26	5170715.38	0.232989
21655346.41	5170695.37	0.2531
21655418.56	5170675.37	0.256184
21655490.7	5170655.36	0.2639
21655562.85	5170635.35	0.259576
21655635	5170615.34	0.246236
21655707.14	5170595.33	0.232456
21655779.29	5170575.33	0.239134
21655851.44	5170555.32	0.213538
21655923.58	5170535.31	0.162427
21655995.73	5170515.3	0.18849
21656067.88	5170495.29	0.238411
21656140.02	5170475.29	0.208811
21656212.17	5170455.28	0.17411
21656284.32	5170435.27	0.248416
21656356.46	5170415.26	0.26417
21656428.61	5170395.25	0.22036
21656500.76	5170375.25	0.173539
21656572.9	5170355.24	0.173616
21656645.05	5170335.23	0.235217
21656717.2	5170315.22	0.265295
21656789.34	5170295.21	0.256969
21656861.49	5170275.21	0.22739
21656933.64	5170255.2	0.160012
21657005.78	5170235.19	0.227323
21657077.93	5170215.18	0.229676
21657150.08	5170195.17	0.242848
21657222.22	5170175.16	0.249143
21657294.37	5170155.16	0.242392
21657366.52	5170135.15	0.238272
21657438.66	5170115.14	0.225013
21657510.81	5170095.13	0.245662
21657582.96	5170075.12	0.241548
21657655.1	5170055.12	0.165571
21657727.25	5170035.11	0.140661
21657799.4	5170015.1	0.152939
21657871.54	5169995.09	0.154281
21657943.69	5169975.08	0.131454
21658015.84	5169955.08	0.157495
21658087.98	5169935.07	0.135344
21658160.13	5169915.06	0.138113
21658232.28	5169895.05	0.129847
21658304.42	5169875.04	0.100748
21658376.57	5169855.04	0
21658448.72	5169835.03	0.102735
21658520.86	5169815.02	0.106715
21658593.01	5169795.01	0.142308
21658665.16	5169775	0.142366
21658737.3	5169755	0
21658809.45	5169734.99	0
21658881.6	5169714.98	0
21658953.74	5169694.97	0.0599653
21659025.89	5169674.96	0.0599665
21659098.04	5169654.96	0
21653273.78	5171346.38	0.147259
21653345.93	5171326.37	0.153462
21653418.07	5171306.36	0.152982
21653490.22	5171286.35	0.182928
21653562.37	5171266.35	0.20453
21653634.51	5171246.34	0.229454
21653706.66	5171226.33	0.260422
21653778.81	5171206.32	0.24963
21653850.96	5171186.31	0.24177
21653923.1	5171166.31	0.216334
21653995.25	5171146.3	0.152852
21654067.4	5171126.29	0.264506
21654139.54	5171106.28	0.234449
21654211.69	5171086.27	0.213384
21654283.84	5171066.27	0.183048
21654355.98	5171046.26	0.178176
21654428.13	5171026.25	0.16538
21654500.28	5171006.24	0.133132
21654572.42	5170986.23	0.20864
21654644.57	5170966.23	0.249305
21654716.72	5170946.22	0.256112
21654788.86	5170926.21	0.286715
21654861.01	5170906.2	0.195491
21654933.16	5170886.19	0.182354
21655005.3	5170866.18	0.270187
21655077.45	5170846.18	0.272143
21655149.6	5170826.17	0.26641
21655221.74	5170806.16	0.242645
21655293.89	5170786.15	0.223822
21655366.04	5170766.14	0.248935
21655438.18	5170746.14	0.26319
21655510.33	5170726.13	0.275633
21655582.48	5170706.12	0.269111
21655654.62	5170686.11	0.180194
21655726.77	5170666.1	0.195815
21655798.92	5170646.1	0.223778
21655871.06	5170626.09	0.220751
21655943.21	5170606.08	0.234642
21656015.36	5170586.07	0.253648
21656087.5	5170566.06	0.228557
21656159.65	5170546.06	0.210031
21656231.8	5170526.05	0.204272
21656303.94	5170506.04	0.228876
21656376.09	5170486.03	0.251975
21656448.24	5170466.02	0.217276
21656520.38	5170446.02	0.142694
21656592.53	5170426.01	0.136351
21656664.68	5170406	0.148884
21656736.82	5170385.99	0.231479
21656808.97	5170365.98	0.257599
21656881.12	5170345.98	0.193081
21656953.26	5170325.97	0.152533
21657025.41	5170305.96	0.221624
21657097.56	5170285.95	0.242138
21657169.7	5170265.94	0.268627
21657241.85	5170245.94	0.267982
21657314	5170225.93	0.205159
21657386.14	5170205.92	0.159217
21657458.29	5170185.91	0.20127
21657530.44	5170165.9	0.266302
21657602.58	5170145.9	0.264834
21657674.73	5170125.89	0.24704
21657746.88	5170105.88	0.194822
21657819.02	5170085.87	0.148931
21657891.17	5170065.86	0.131976
21657963.32	5170045.85	0.126319
21658035.46	5170025.85	0.134119
21658107.61	5170005.84	0.148381
21658179.76	5169985.83	0.133177
21658251.9	5169965.82	0.120725
21658324.05	5169945.81	0
21658396.2	5169925.81	0
21658468.34	5169905.8	0.0673297
21658540.49	5169885.79	0
21658612.64	5169865.78	0.122819
21658684.78	5169845.77	0.145286
21658756.93	5169825.77	0.121087
21658829.08	5169805.76	0
21658901.22	5169785.75	0
21658973.37	5169765.74	0
21659045.52	5169745.73	0
21653293.41	5171417.15	0.129249
21653365.55	5171397.14	0.13217
21653437.7	5171377.13	0.136331
21653509.85	5171357.12	0.143577
21653581.99	5171337.12	0.166721
21653654.14	5171317.11	0.184269
21653726.29	5171297.1	0.238629
21653798.43	5171277.09	0.284071
21653870.58	5171257.08	0.245745
21653942.73	5171237.08	0.170395
21654014.87	5171217.07	0
21654087.02	5171197.06	0.188025
21654159.17	5171177.05	0.245006
21654231.32	5171157.04	0.255944
21654303.46	5171137.04	0.225649
21654375.61	5171117.03	0.209334
21654447.76	5171097.02	0.167993
21654519.9	5171077.01	0.163625
21654592.05	5171057	0.235813
21654664.2	5171037	0.265608
21654736.34	5171016.99	0.273399
21654808.49	5170996.98	0.268912
21654880.64	5170976.97	0.232497
21654952.78	5170956.96	0.186399
21655024.93	5170936.96	0.272936
21655097.08	5170916.95	0.274918
21655169.22	5170896.94	0.275094
21655241.37	5170876.93	0.238165
21655313.52	5170856.92	0.226458
21655385.66	5170836.92	0.227305
21655457.81	5170816.91	0.246125
21655529.96	5170796.9	0.252087
21655602.1	5170776.89	0.258191
21655674.25	5170756.88	0.198188
21655746.4	5170736.88	0.154351
21655818.54	5170716.87	0.203738
21655890.69	5170696.86	0.233962
21655962.84	5170676.85	0.236204
21656034.98	5170656.84	0.252094
21656107.13	5170636.83	0.226086
21656179.28	5170616.83	0.219207
21656251.42	5170596.82	0.225824
21656323.57	5170576.81	0.234923
21656395.72	5170556.8	0.218557
21656467.86	5170536.79	0.214905
21656540.01	5170516.79	0.180213
21656612.16	5170496.78	0.170519
21656684.3	5170476.77	0.15257
21656756.45	5170456.76	0.171706
21656828.6	5170436.75	0.221496
21656900.74	5170416.75	0.221702
21656972.89	5170396.74	0.213311
21657045.04	5170376.73	0.203643
21657117.18	5170356.72	0.204248
21657189.33	5170336.71	0.217726
21657261.48	5170316.71	0.229448
21657333.62	5170296.7	0.183731
21657405.77	5170276.69	0.151611
21657477.92	5170256.68	0.221647
21657550.06	5170236.67	0.283659
21657622.21	5170216.67	0.273068
21657694.36	5170196.66	0.25
21657766.5	5170176.65	0.24438
21657838.65	5170156.64	0.204128
21657910.8	5170136.63	0.124441
21657982.94	5170116.63	0.131346
21658055.09	5170096.62	0.16812
21658127.24	5170076.61	0.155104
21658199.38	5170056.6	0.140065
21658271.53	5170036.59	0.111973
21658343.68	5170016.59	0.0971474
21658415.82	5169996.58	0
21658487.97	5169976.57	0
21658560.12	5169956.56	0
21658632.26	5169936.55	0
21658704.41	5169916.55	0.11157
21658776.56	5169896.54	0.0951066
21658848.7	5169876.53	0
21658920.85	5169856.52	0
21658993	5169836.51	0
21659065.14	5169816.5	0
21653313.03	5171487.92	0.136023
21653385.18	5171467.91	0.1207
21653457.33	5171447.9	0.10928
21653529.47	5171427.9	0.120787
21653601.62	5171407.89	0.161129
21653673.77	5171387.88	0.181111
21653745.91	5171367.87	0.232689
21653818.06	5171347.86	0.265159
21653890.21	5171327.86	0.289447
21653962.35	5171307.85	0.148571
21654034.5	5171287.84	0.122877
21654106.65	5171267.83	0.174175
21654178.79	5171247.82	0.216632
21654250.94	5171227.82	0.24179
21654323.09	5171207.81	0.243018
21654395.23	5171187.8	0.237494
21654467.38	5171167.79	0.229997
21654539.53	5171147.78	0.162282
21654611.67	5171127.77	0.226496
21654683.82	5171107.77	0.261104
21654755.97	5171087.76	0.281465
21654828.12	5171067.75	0.260976
21654900.26	5171047.74	0.267927
21654972.41	5171027.73	0.273183
21655044.56	5171007.73	0.217063
21655116.7	5170987.72	0.204535
21655188.85	5170967.71	0.298268
21655261	5170947.7	0.232507
21655333.14	5170927.69	0.222613
21655405.29	5170907.69	0.24332
21655477.44	5170887.68	0.259321
21655549.58	5170867.67	0.266282
21655621.73	5170847.66	0.253153
21655693.88	5170827.65	0.243685
21655766.02	5170807.65	0.197471
21655838.17	5170787.64	0.181886
21655910.32	5170767.63	0.236465
21655982.46	5170747.62	0.21651
21656054.61	5170727.61	0.233545
21656126.76	5170707.61	0.237601
21656198.9	5170687.6	0.24304
21656271.05	5170667.59	0.239279
21656343.2	5170647.58	0.24579
21656415.34	5170627.57	0.252608
21656487.49	5170607.57	0.243564
21656559.64	5170587.56	0.215575
21656631.78	5170567.55	0.234884
21656703.93	5170547.54	0.176151
21656776.08	5170527.53	0.172803
21656848.22	5170507.53	0.246701
21656920.37	5170487.52	0.244419
21656992.52	5170467.51	0.202198
21657064.66	5170447.5	0.23775
21657136.81	5170427.49	0.233371
21657208.96	5170407.48	0.25597
21657281.1	5170387.48	0.25951
21657353.25	5170367.47	0.263057
21657425.4	5170347.46	0.171947
21657497.54	5170327.45	0.167542
21657569.69	5170307.44	0.265876
21657641.84	5170287.44	0.243372
21657713.98	5170267.43	0.206123
21657786.13	5170247.42	0.215026
21657858.28	5170227.41	0.252917
21657930.42	5170207.4	0.196379
21658002.57	5170187.4	0.162808
21658074.72	5170167.39	0.181304
21658146.86	5170147.38	0.151265
21658219.01	5170127.37	0.166591
21658291.16	5170107.36	0.200758
21658363.3	5170087.36	0.18137
21658435.45	5170067.35	0.173019
21658507.6	5170047.34	0.124926
21658579.74	5170027.33	0.146787
21658651.89	5170007.32	0.146427
21658724.04	5169987.32	0.159679
21658796.18	5169967.31	0.124522
21658868.33	5169947.3	0.10551
21658940.48	5169927.29	0
21659012.62	5169907.28	0
21659084.77	5169887.28	0
21653260.51	5171578.7	0.113055
21653332.66	5171558.69	0.129482
21653404.81	5171538.68	0.148424
21653476.95	5171518.67	0.158772
21653549.1	5171498.67	0.150559
21653621.25	5171478.66	0.105359
21653693.39	5171458.65	0.137281
21653765.54	5171438.64	0.177517
21653837.69	5171418.63	0.237604
21653909.83	5171398.63	0.287892
21653981.98	5171378.62	0.252295
21654054.13	5171358.61	0.226825
21654126.27	5171338.6	0.164648
21654198.42	5171318.59	0.200939
21654270.57	5171298.59	0.231966
21654342.71	5171278.58	0.223966
21654414.86	5171258.57	0.223916
21654487.01	5171238.56	0.250531
21654559.15	5171218.55	0.154067
21654631.3	5171198.55	0.133137
21654703.45	5171178.54	0.16987
21654775.59	5171158.53	0.181646
21654847.74	5171138.52	0.196733
21654919.89	5171118.51	0.240765
21654992.04	5171098.51	0.267162
21655064.18	5171078.5	0.181884
21655136.33	5171058.49	0.17463
21655208.48	5171038.48	0.228938
21655280.62	5171018.47	0.227842
21655352.77	5170998.47	0.190147
21655424.92	5170978.46	0.268238
21655497.06	5170958.45	0.292044
21655569.21	5170938.44	0.268061
21655641.36	5170918.43	0.237738
21655713.5	5170898.42	0.240934
21655785.65	5170878.42	0.221702
21655857.8	5170858.41	0.211258
21655929.94	5170838.4	0.219181
21656002.09	5170818.39	0.2146
21656074.24	5170798.38	0.222541
21656146.38	5170778.38	0.212391
21656218.53	5170758.37	0.211082
21656290.68	5170738.36	0.223266
21656362.82	5170718.35	0.258108
21656434.97	5170698.34	0.229893
21656507.12	5170678.34	0.246519
21656579.26	5170658.33	0.241574
21656651.41	5170638.32	0.233962
21656723.56	5170618.31	0.187189
21656795.7	5170598.3	0.134208
21656867.85	5170578.3	0.179887
21656940	5170558.29	0.247724
21657012.14	5170538.28	0.146685
21657084.29	5170518.27	0.133546
21657156.44	5170498.26	0.226966
21657228.58	5170478.26	0.261047
21657300.73	5170458.25	0.276371
21657372.88	5170438.24	0.269792
21657445.02	5170418.23	0.183508
21657517.17	5170398.22	0.180379
21657589.32	5170378.22	0.248243
21657661.46	5170358.21	0.240558
21657733.61	5170338.2	0.158239
21657805.76	5170318.19	0.155776
21657877.9	5170298.18	0.224352
21657950.05	5170278.18	0.179012
21658022.2	5170258.17	0.0912486
21658094.34	5170238.16	0.170348
21658166.49	5170218.15	0.217657
21658238.64	5170198.14	0.25072
21658310.78	5170178.13	0.240539
21658382.93	5170158.13	0.216967
21658455.08	5170138.12	0.216377
21658527.22	5170118.11	0.172751
21658599.37	5170098.1	0.165749
21658671.52	5170078.09	0.173216
21658743.66	5170058.09	0.200975
21658815.81	5170038.08	0.144065
21658887.96	5170018.07	0.10776
21658960.1	5169998.06	0
21659032.25	5169978.05	0
21659104.4	5169958.05	0
21653280.14	5171649.47	0.147152
21653352.29	5171629.46	0.1484
21653424.43	5171609.45	0.162744
21653496.58	5171589.45	0.183873
21653568.73	5171569.44	0.20502
21653640.87	5171549.43	0.189904
21653713.02	5171529.42	0.202964
21653785.17	5171509.41	0.238064
21653857.31	5171489.4	0.216401
21653929.46	5171469.4	0.140297
21654001.61	5171449.39	0.244221
21654073.75	5171429.38	0.193481
21654145.9	5171409.37	0.184565
21654218.05	5171389.36	0.183314
21654290.19	5171369.36	0.252633
21654362.34	5171349.35	0.202878
21654434.49	5171329.34	0.205408
21654506.63	5171309.33	0.229287
21654578.78	5171289.32	0.160235
21654650.93	5171269.32	0.0926419
21654723.07	5171249.31	0.117823
21654795.22	5171229.3	0.141665
21654867.37	5171209.29	0.180314
21654939.51	5171189.28	0.227336
21655011.66	5171169.28	0.268401
21655083.81	5171149.27	0.193982
21655155.95	5171129.26	0.1643
21655228.1	5171109.25	0.236332
21655300.25	5171089.24	0.233452
21655372.39	5171069.24	0.211647
21655444.54	5171049.23	0.237323
21655516.69	5171029.22	0.236579
21655588.84	5171009.21	0.231148
21655660.98	5170989.2	0.230656
21655733.13	5170969.2	0.223519
21655805.28	5170949.19	0.192391
21655877.42	5170929.18	0.194912
21655949.57	5170909.17	0.203021
21656021.72	5170889.16	0.195322
21656093.86	5170869.16	0.217722
21656166.01	5170849.15	0.235556
21656238.16	5170829.14	0.24051
21656310.3	5170809.13	0.225414
21656382.45	5170789.12	0.235543
21656454.6	5170769.11	0.222327
21656526.74	5170749.11	0.231314
21656598.89	5170729.1	0.234806
21656671.04	5170709.09	0.216494
21656743.18	5170689.08	0.195535
21656815.33	5170669.07	0.16722
21656887.48	5170649.07	0.144075
21656959.62	5170629.06	0.20386
21657031.77	5170609.05	0.210068
21657103.92	5170589.04	0.169451
21657176.06	5170569.03	0.135565
21657248.21	5170549.03	0.183186
21657320.36	5170529.02	0.248537
21657392.5	5170509.01	0.237574
21657464.65	5170489	0.172305
21657536.8	5170468.99	0.144272
21657608.94	5170448.99	0.249595
21657681.09	5170428.98	0.287023
21657753.24	5170408.97	0.242694
21657825.38	5170388.96	0.176051
21657897.53	5170368.95	0.195558
21657969.68	5170348.95	0.0858567
21658041.82	5170328.94	0.0982261
21658113.97	5170308.93	0.107052
21658186.12	5170288.92	0.145609
21658258.26	5170268.91	0.170607
21658330.41	5170248.91	0.16222
21658402.56	5170228.9	0.182946
21658474.7	5170208.89	0.187333
21658546.85	5170188.88	0.167768
21658619	5170168.87	0.182876
21658691.14	5170148.87	0.204662
21658763.29	5170128.86	0.20164
21658835.44	5170108.85	0.160144
21658907.58	5170088.84	0.0803904
21658979.73	5170068.83	0
21659051.88	5170048.83	0.109352
21653299.77	5171720.24	0.164817
21653371.91	5171700.23	0.132708
21653444.06	5171680.22	0.13544
21653516.21	5171660.22	0.150167
21653588.35	5171640.21	0.184349
21653660.5	5171620.2	0.245269
21653732.65	5171600.19	0.275109
21653804.79	5171580.18	0.247338
21653876.94	5171560.18	0.227084
21653949.09	5171540.17	0.121082
21654021.23	5171520.16	0.227357
21654093.38	5171500.15	0.218434
21654165.53	5171480.14	0.212644
21654237.67	5171460.14	0.237298
21654309.82	5171440.13	0.231402
21654381.97	5171420.12	0.149284
21654454.11	5171400.11	0.185768
21654526.26	5171380.1	0.290824
21654598.41	5171360.09	0.264317
21654670.55	5171340.09	0.174358
21654742.7	5171320.08	0.139101
21654814.85	5171300.07	0.12838
21654886.99	5171280.06	0.195141
21654959.14	5171260.05	0.249646
21655031.29	5171240.05	0.244091
21655103.43	5171220.04	0.17902
21655175.58	5171200.03	0.181371
21655247.73	5171180.02	0.204836
21655319.87	5171160.01	0.144867
21655392.02	5171140.01	0.217487
21655464.17	5171120	0.237496
21655536.31	5171099.99	0.220413
21655608.46	5171079.98	0.197489
21655680.61	5171059.97	0.175317
21655752.76	5171039.97	0.188858
21655824.9	5171019.96	0.16348
21655897.05	5170999.95	0.167757
21655969.2	5170979.94	0.126213
21656041.34	5170959.93	0.142113
21656113.49	5170939.93	0.176398
21656185.64	5170919.92	0.224962
21656257.78	5170899.91	0.267107
21656329.93	5170879.9	0.224451
21656402.08	5170859.89	0.238611
21656474.22	5170839.89	0.192627
21656546.37	5170819.88	0.190678
21656618.52	5170799.87	0.200142
21656690.66	5170779.86	0.183896
21656762.81	5170759.85	0.192367
21656834.96	5170739.85	0.210868
21656907.1	5170719.84	0.182522
21656979.25	5170699.83	0.136999
21657051.4	5170679.82	0.160494
21657123.54	5170659.81	0.189664
21657195.69	5170639.81	0.152984
21657267.84	5170619.8	0.16474
21657339.98	5170599.79	0.193972
21657412.13	5170579.78	0.201757
21657484.28	5170559.77	0.198556
21657556.42	5170539.76	0.175373
21657628.57	5170519.76	0.225085
21657700.72	5170499.75	0.270111
21657772.86	5170479.74	0.214559
21657845.01	5170459.73	0.150004
21657917.16	5170439.72	0.17324
21657989.3	5170419.72	0.216864
21658061.45	5170399.71	0.157792
21658133.6	5170379.7	0.163703
21658205.74	5170359.69	0.15944
21658277.89	5170339.68	0.156382
21658350.04	5170319.68	0.169825
21658422.18	5170299.67	0.149901
21658494.33	5170279.66	0.163961
21658566.48	5170259.65	0.141801
21658638.62	5170239.64	0.179194
21658710.77	5170219.64	0.207833
21658782.92	5170199.63	0.187026
21658855.06	5170179.62	0.129811
21658927.21	5170159.61	0.120484
21658999.36	5170139.6	0.115995
21659071.5	5170119.6	0.120916
21653247.25	5171811.02	0.183972
21653319.39	5171791.01	0.167881
21653391.54	5171771	0.118603
21653463.69	5171750.99	0.0937647
21653535.83	5171730.99	0.110855
21653607.98	5171710.98	0.133222
21653680.13	5171690.97	0.145605
21653752.27	5171670.96	0.198958
21653824.42	5171650.95	0.266391
21653896.57	5171630.95	0.197612
21653968.71	5171610.94	0.148187
21654040.86	5171590.93	0.201485
21654113.01	5171570.92	0.242859
21654185.15	5171550.91	0.246217
21654257.3	5171530.91	0.255647
21654329.45	5171510.9	0.23141
21654401.59	5171490.89	0.147973
21654473.74	5171470.88	0.176245
21654545.89	5171450.87	0.228478
21654618.03	5171430.87	0.224681
21654690.18	5171410.86	0.191164
21654762.33	5171390.85	0.157508
21654834.47	5171370.84	0.156086
21654906.62	5171350.83	0.189592
21654978.77	5171330.83	0.19906
21655050.91	5171310.82	0.204907
21655123.06	5171290.81	0.191651
21655195.21	5171270.8	0.168738
21655267.35	5171250.79	0.196745
21655339.5	5171230.79	0.167954
21655411.65	5171210.78	0.225663
21655483.79	5171190.77	0.245112
21655555.94	5171170.76	0.226472
21655628.09	5171150.75	0.166222
21655700.23	5171130.74	0.200319
21655772.38	5171110.74	0.205506
21655844.53	5171090.73	0.15418
21655916.67	5171070.72	0.142884
21655988.82	5171050.71	0.15819
21656060.97	5171030.7	0.164368
21656133.11	5171010.7	0.153084
21656205.26	5170990.69	0.152981
21656277.41	5170970.68	0.226975
21656349.56	5170950.67	0.226936
21656421.7	5170930.66	0.231913
21656493.85	5170910.66	0.166839
21656566	5170890.65	0.144688
21656638.14	5170870.64	0.149317
21656710.29	5170850.63	0.149383
21656782.44	5170830.62	0.193726
21656854.58	5170810.62	0.263128
21656926.73	5170790.61	0.206209
21656998.88	5170770.6	0.20182
21657071.02	5170750.59	0.181569
21657143.17	5170730.58	0.190923
21657215.32	5170710.58	0.185601
21657287.46	5170690.57	0.185012
21657359.61	5170670.56	0.202633
21657431.76	5170650.55	0.202194
21657503.9	5170630.54	0.199373
21657576.05	5170610.54	0.229931
21657648.2	5170590.53	0.224756
21657720.34	5170570.52	0.236749
21657792.49	5170550.51	0.183269
21657864.64	5170530.5	0.1341
21657936.78	5170510.5	0.213446
21658008.93	5170490.49	0.268526
21658081.08	5170470.48	0.221565
21658153.22	5170450.47	0.169203
21658225.37	5170430.46	0.167827
21658297.52	5170410.46	0.16547
21658369.66	5170390.45	0.20654
21658441.81	5170370.44	0.166562
21658513.96	5170350.43	0.121636
21658586.1	5170330.42	0.124473
21658658.25	5170310.41	0.204845
21658730.4	5170290.41	0.172231
21658802.54	5170270.4	0.162086
21658874.69	5170250.39	0.133801
21658946.84	5170230.38	0.147399
21659018.98	5170210.37	0.139954
21659091.13	5170190.37	0.153005
21653266.87	5171881.79	0.172801
21653339.02	5171861.78	0.159972
21653411.17	5171841.77	0.132615
21653483.31	5171821.77	0.0963244
21653555.46	5171801.76	0.0965063
21653627.61	5171781.75	0.0915821
21653699.75	5171761.74	0.0974571
21653771.9	5171741.73	0.12633
21653844.05	5171721.73	0.183463
21653916.19	5171701.72	0.145631
21653988.34	5171681.71	0.152813
21654060.49	5171661.7	0.169882
21654132.63	5171641.69	0.219885
21654204.78	5171621.68	0.252372
21654276.93	5171601.68	0.241976
21654349.07	5171581.67	0.205476
21654421.22	5171561.66	0.131353
21654493.37	5171541.65	0.167511
21654565.51	5171521.64	0.194014
21654637.66	5171501.64	0.175555
21654709.81	5171481.63	0.157718
21654781.95	5171461.62	0.133301
21654854.1	5171441.61	0.150915
21654926.25	5171421.6	0.18967
21654998.39	5171401.6	0.186774
21655070.54	5171381.59	0.191661
21655142.69	5171361.58	0.190264
21655214.83	5171341.57	0.169453
21655286.98	5171321.56	0.164757
21655359.13	5171301.56	0.167994
21655431.27	5171281.55	0.19396
21655503.42	5171261.54	0.233136
21655575.57	5171241.53	0.204344
21655647.71	5171221.52	0.15987
21655719.86	5171201.52	0.203662
21655792.01	5171181.51	0.194558
21655864.15	5171161.5	0.158261
21655936.3	5171141.49	0.171736
21656008.45	5171121.48	0.194224
21656080.59	5171101.48	0.215102
21656152.74	5171081.47	0.185866
21656224.89	5171061.46	0.154005
21656297.03	5171041.45	0.212777
21656369.18	5171021.44	0.218398
21656441.33	5171001.44	0.228032
21656513.48	5170981.43	0.172373
21656585.62	5170961.42	0.168557
21656657.77	5170941.41	0.156825
21656729.91	5170921.4	0.15896
21656802.06	5170901.39	0.168594
21656874.21	5170881.39	0.172511
21656946.36	5170861.38	0.23753
21657018.5	5170841.37	0.242727
21657090.65	5170821.36	0.225292
21657162.8	5170801.35	0.215895
21657234.94	5170781.35	0.187724
21657307.09	5170761.34	0.142053
21657379.24	5170741.33	0.184365
21657451.38	5170721.32	0.202692
21657523.53	5170701.31	0.240598
21657595.68	5170681.31	0.225161
21657667.82	5170661.3	0.226305
21657739.97	5170641.29	0.230394
21657812.12	5170621.28	0.20023
21657884.26	5170601.27	0.240264
21657956.41	5170581.27	0.270674
21658028.56	5170561.26	0.298769
21658100.7	5170541.25	0.28035
21658172.85	5170521.24	0.227658
21658245	5170501.23	0.228254
21658317.14	5170481.23	0.220765
21658389.29	5170461.22	0.185247
21658461.44	5170441.21	0.155718
21658533.58	5170421.2	0.0936797
21658605.73	5170401.19	0.117086
21658677.88	5170381.19	0.0990776
21658750.02	5170361.18	0.118552
21658822.17	5170341.17	0.157444
21658894.32	5170321.16	0.169098
21658966.46	5170301.15	0.137597
21659038.61	5170281.15	0.148172
21653286.5	5171952.56	0.172883
21653358.65	5171932.55	0.175638
21653430.79	5171912.54	0.151187
21653502.94	5171892.54	0.0994594
21653575.09	5171872.53	0.0839673
21653647.23	5171852.52	0.0864429
21653719.38	5171832.51	0.0851233
21653791.53	5171812.5	0.0902711
21653863.67	5171792.5	0.105993
21653935.82	5171772.49	0.144275
21654007.97	5171752.48	0.147358
21654080.11	5171732.47	0.164619
21654152.26	5171712.46	0.195631
21654224.41	5171692.46	0.240792
21654296.55	5171672.45	0.231984
21654368.7	5171652.44	0.164326
21654440.85	5171632.43	0.117036
21654512.99	5171612.42	0.153397
21654585.14	5171592.42	0.169835
21654657.29	5171572.41	0.17892
21654729.43	5171552.4	0.141443
21654801.58	5171532.39	0.129353
21654873.73	5171512.38	0.125577
21654945.87	5171492.37	0.153735
21655018.02	5171472.37	0.159341
21655090.17	5171452.36	0.165197
21655162.31	5171432.35	0.180877
21655234.46	5171412.34	0.171351
21655306.61	5171392.33	0.188435
21655378.75	5171372.33	0.179039
21655450.9	5171352.32	0.180389
21655523.05	5171332.31	0.210227
21655595.19	5171312.3	0.167789
21655667.34	5171292.29	0.139563
21655739.49	5171272.29	0.180377
21655811.63	5171252.28	0.202301
21655883.78	5171232.27	0.19984
21655955.93	5171212.26	0.198231
21656028.07	5171192.25	0.183074
21656100.22	5171172.25	0.196745
21656172.37	5171152.24	0.181873
21656244.51	5171132.23	0.150539
21656316.66	5171112.22	0.201418
21656388.81	5171092.21	0.204478
21656460.95	5171072.21	0.20516
21656533.1	5171052.2	0.179132
21656605.25	5171032.19	0.157976
21656677.39	5171012.18	0.157627
21656749.54	5170992.17	0.163103
21656821.69	5170972.17	0.154408
21656893.84	5170952.16	0.168452
21656965.98	5170932.15	0.230125
21657038.13	5170912.14	0.256587
21657110.27	5170892.13	0.250062
21657182.42	5170872.13	0.21219
21657254.57	5170852.12	0.186028
21657326.72	5170832.11	0.129256
21657398.86	5170812.1	0.186773
21657471.01	5170792.09	0.1982
21657543.16	5170772.09	0.230382
21657615.3	5170752.08	0.228434
21657687.45	5170732.07	0.234422
21657759.6	5170712.06	0.253474
21657831.74	5170692.05	0.248202
21657903.89	5170672.04	0.257623
21657976.04	5170652.04	0.254444
21658048.18	5170632.03	0.26858
21658120.33	5170612.02	0.256906
21658192.48	5170592.01	0.231952
21658264.62	5170572	0.220223
21658336.77	5170552	0.202707
21658408.92	5170531.99	0.169351
21658481.06	5170511.98	0.155718
21658553.21	5170491.97	0.133574
21658625.36	5170471.96	0.109169
21658697.5	5170451.96	0.0884069
21658769.65	5170431.95	0.0977606
21658841.8	5170411.94	0.143606
21658913.94	5170391.93	0.162758
21658986.09	5170371.92	0.17021
21659058.24	5170351.92	0.130451
21653306.13	5172023.33	0.158907
21653378.27	5172003.32	0.160472
21653450.42	5171983.31	0.148367
21653522.57	5171963.31	0.0952332
21653594.71	5171943.3	0.0802334
21653666.86	5171923.29	0.0805967
21653739.01	5171903.28	0.0875873
21653811.15	5171883.27	0.0844202
21653883.3	5171863.27	0.116995
21653955.45	5171843.26	0.13275
21654027.59	5171823.25	0.158125
21654099.74	5171803.24	0.167443
21654171.89	5171783.23	0.178908
21654244.03	5171763.23	0.195625
21654316.18	5171743.22	0.210861
21654388.33	5171723.21	0.159598
21654460.47	5171703.2	0.124619
21654532.62	5171683.19	0.15742
21654604.77	5171663.19	0.183502
21654676.91	5171643.18	0.177367
21654749.06	5171623.17	0.138182
21654821.21	5171603.16	0.114677
21654893.35	5171583.15	0.108857
21654965.5	5171563.15	0.15851
21655037.65	5171543.14	0.151778
21655109.79	5171523.13	0.144777
21655181.94	5171503.12	0.157707
21655254.09	5171483.11	0.170973
21655326.23	5171463.11	0.195541
21655398.38	5171443.1	0.184622
21655470.53	5171423.09	0.181057
21655542.67	5171403.08	0.198087
21655614.82	5171383.07	0.150886
21655686.97	5171363.07	0.131915
21655759.11	5171343.06	0.18816
21655831.26	5171323.05	0.197491
21655903.41	5171303.04	0.219981
21655975.55	5171283.03	0.200544
21656047.7	5171263.02	0.178486
21656119.85	5171243.02	0.162618
21656191.99	5171223.01	0.156351
21656264.14	5171203	0.119834
21656336.29	5171182.99	0.139853
21656408.43	5171162.98	0.166956
21656480.58	5171142.98	0.19774
21656552.73	5171122.97	0.147374
21656624.87	5171102.96	0.140503
21656697.02	5171082.95	0.151572
21656769.17	5171062.94	0.154724
21656841.31	5171042.94	0.149941
21656913.46	5171022.93	0.155319
21656985.61	5171002.92	0.196205
21657057.75	5170982.91	0.260264
21657129.9	5170962.9	0.256065
21657202.05	5170942.9	0.224829
21657274.19	5170922.89	0.170296
21657346.34	5170902.88	0.146782
21657418.49	5170882.87	0.213034
21657490.64	5170862.86	0.230131
21657562.78	5170842.86	0.246489
21657634.93	5170822.85	0.224631
21657707.08	5170802.84	0.231459
21657779.22	5170782.83	0.262564
21657851.37	5170762.82	0.269338
21657923.52	5170742.82	0.286942
21657995.66	5170722.81	0.278547
21658067.81	5170702.8	0.271613
21658139.96	5170682.79	0.251782
21658212.1	5170662.78	0.247947
21658284.25	5170642.78	0.220224
21658356.4	5170622.77	0.184215
21658428.54	5170602.76	0.165725
21658500.69	5170582.75	0.140509
21658572.84	5170562.74	0.114176
21658644.98	5170542.74	0.12188
21658717.13	5170522.73	0.100019
21658789.28	5170502.72	0.101828
21658861.42	5170482.71	0.147611
21658933.57	5170462.7	0.148552
21659005.72	5170442.69	0.129706
21659077.86	5170422.69	0.121272
21653253.61	5172114.11	0.162088
21653325.75	5172094.1	0.138352
21653397.9	5172074.09	0.119933
21653470.05	5172054.09	0.107853
21653542.19	5172034.08	0.0808804
21653614.34	5172014.07	0.076704
21653686.49	5171994.06	0.0854086
21653758.63	5171974.05	0.0915148
21653830.78	5171954.05	0.100947
21653902.93	5171934.04	0.16026
21653975.07	5171914.03	0.136084
21654047.22	5171894.02	0.152803
21654119.37	5171874.01	0.157099
21654191.51	5171854	0.15976
21654263.66	5171834	0.173859
21654335.81	5171813.99	0.197646
21654407.95	5171793.98	0.133135
21654480.1	5171773.97	0.136967
21654552.25	5171753.96	0.192235
21654624.39	5171733.96	0.20832
21654696.54	5171713.95	0.200777
21654768.69	5171693.94	0.161986
21654840.83	5171673.93	0.116194
21654912.98	5171653.92	0.120347
21654985.13	5171633.92	0.150374
21655057.27	5171613.91	0.145853
21655129.42	5171593.9	0.150912
21655201.57	5171573.89	0.146092
21655273.71	5171553.88	0.153589
21655345.86	5171533.88	0.186909
21655418.01	5171513.87	0.187769
21655490.15	5171493.86	0.171499
21655562.3	5171473.85	0.180928
21655634.45	5171453.84	0.137302
21655706.59	5171433.84	0.121684
21655778.74	5171413.83	0.181072
21655850.89	5171393.82	0.202751
21655923.03	5171373.81	0.204853
21655995.18	5171353.8	0.181755
21656067.33	5171333.8	0.138792
21656139.47	5171313.79	0
21656211.62	5171293.78	0
21656283.77	5171273.77	0.0978686
21656355.91	5171253.76	0.149081
21656428.06	5171233.76	0.138382
21656500.21	5171213.75	0.182222
21656572.35	5171193.74	0.121058
21656644.5	5171173.73	0.130854
21656716.65	5171153.72	0.163085
21656788.79	5171133.72	0.167268
21656860.94	5171113.71	0.158936
21656933.09	5171093.7	0.157798
21657005.23	5171073.69	0.184701
21657077.38	5171053.68	0.257063
21657149.53	5171033.67	0.267165
21657221.67	5171013.67	0.260259
21657293.82	5170993.66	0.201287
21657365.97	5170973.65	0.169938
21657438.11	5170953.64	0.223476
21657510.26	5170933.63	0.241758
21657582.41	5170913.63	0.255928
21657654.55	5170893.62	0.227951
21657726.7	5170873.61	0.245391
21657798.85	5170853.6	0.268087
21657870.99	5170833.59	0.299949
21657943.14	5170813.59	0.313566
21658015.29	5170793.58	0.313128
21658087.44	5170773.57	0.30117
21658159.58	5170753.56	0.268688
21658231.73	5170733.55	0.2601
21658303.88	5170713.55	0.252113
21658376.02	5170693.54	0.228322
21658448.17	5170673.53	0.15729
21658520.32	5170653.52	0.148858
21658592.46	5170633.51	0.139149
21658664.61	5170613.51	0.13836
21658736.76	5170593.5	0.11991
21658808.9	5170573.49	0.102381
21658881.05	5170553.48	0.136149
21658953.2	5170533.47	0.138814
21659025.34	5170513.47	0.134799
21659097.49	5170493.46	0.115127
21653273.23	5172184.88	0.165512
21653345.38	5172164.87	0.138459
21653417.53	5172144.86	0.125795
21653489.67	5172124.86	0.112661
21653561.82	5172104.85	0.0862819
21653633.97	5172084.84	0.0847168
21653706.11	5172064.83	0.0661017
21653778.26	5172044.82	0.0830073
21653850.41	5172024.82	0.104386
21653922.55	5172004.81	0.165611
21653994.7	5171984.8	0.17811
21654066.85	5171964.79	0.158642
21654138.99	5171944.78	0.155039
21654211.14	5171924.78	0.155513
21654283.29	5171904.77	0.18109
21654355.43	5171884.76	0.180622
21654427.58	5171864.75	0.150291
21654499.73	5171844.74	0.112732
21654571.87	5171824.74	0.181366
21654644.02	5171804.73	0.203425
21654716.17	5171784.72	0.224289
21654788.31	5171764.71	0.187342
21654860.46	5171744.7	0.150507
21654932.61	5171724.7	0.142636
21655004.75	5171704.69	0.157815
21655076.9	5171684.68	0.153893
21655149.05	5171664.67	0.146663
21655221.19	5171644.66	0.135237
21655293.34	5171624.65	0.153118
21655365.49	5171604.65	0.181611
21655437.63	5171584.64	0.185255
21655509.78	5171564.63	0.174163
21655581.93	5171544.62	0.166885
21655654.07	5171524.61	0.114389
21655726.22	5171504.61	0.105035
21655798.37	5171484.6	0.156628
21655870.51	5171464.59	0.170224
21655942.66	5171444.58	0.18783
21656014.81	5171424.57	0.168118
21656086.95	5171404.57	0.141697
21656159.1	5171384.56	0.0676812
21656231.25	5171364.55	0.0271797
21656303.39	5171344.54	0.101156
21656375.54	5171324.53	0.139354
21656447.69	5171304.53	0.116078
21656519.83	5171284.52	0.104048
21656591.98	5171264.51	0.0936442
21656664.13	5171244.5	0.118065
21656736.27	5171224.49	0.146532
21656808.42	5171204.49	0.16711
21656880.57	5171184.48	0.157581
21656952.71	5171164.47	0.156776
21657024.86	5171144.46	0.173773
21657097.01	5171124.45	0.23473
21657169.15	5171104.45	0.23483
21657241.3	5171084.44	0.260259
21657313.45	5171064.43	0.201287
21657385.59	5171044.42	0.169938
21657457.74	5171024.41	0.223476
21657529.89	5171004.41	0.243396
21657602.03	5170984.4	0.245041
21657674.18	5170964.39	0.233152
21657746.33	5170944.38	0.28381
21657818.47	5170924.37	0.302234
21657890.62	5170904.36	0.307294
21657962.77	5170884.36	0.303513
21658034.91	5170864.35	0.290637
21658107.06	5170844.34	0.293602
21658179.21	5170824.33	0.274476
21658251.36	5170804.32	0.263301
21658323.5	5170784.32	0.24412
21658395.65	5170764.31	0.228322
21658467.8	5170744.3	0.19979
21658539.94	5170724.29	0.171257
21658612.09	5170704.28	0.169582
21658684.24	5170684.28	0.17519
21658756.38	5170664.27	0.178854
21658828.53	5170644.26	0.102381
21658900.68	5170624.25	0.184871
21658972.82	5170604.24	0.145647
21659044.97	5170584.24	0.0959739
