21653307.22	5170346.33	0.209347
21653379.37	5170326.32	0.13999
21653451.52	5170306.31	0.10539
21653523.66	5170286.3	0.241614
21653595.81	5170266.29	0.254503
21653667.96	5170246.29	0.253571
21653740.1	5170226.28	0.225901
21653812.25	5170206.27	0.283696
21653884.4	5170186.26	0.252103
21653956.54	5170166.25	0.278866
21654028.69	5170146.25	0.292064
21654100.84	5170126.24	0.243856
21654172.98	5170106.23	0.298091
21654245.13	5170086.22	0.341208
21654317.28	5170066.21	0.346428
21654389.42	5170046.21	0.323049
21654461.57	5170026.2	0.233475
21654533.72	5170006.19	0.240422
21654605.86	5169986.18	0.253597
21654678.01	5169966.17	0.267548
21654750.16	5169946.17	0.250317
21654822.31	5169926.16	0.279804
21654894.45	5169906.15	0.260738
21654966.6	5169886.14	0.241237
21655038.75	5169866.13	0.248158
21655110.89	5169846.13	0.241935
21655183.04	5169826.12	0.293067
21655255.19	5169806.11	0.248688
21655327.33	5169786.1	0.22972
21655399.48	5169766.09	0.210644
21653254.7	5170437.11	0.116219
21653326.85	5170417.1	0.116123
21653399	5170397.09	0.114832
21653471.14	5170377.08	0.119541
21653543.29	5170357.07	0.187946
21653615.44	5170337.07	0.252134
21653687.58	5170317.06	0.263362
21653759.73	5170297.05	0.237023
21653831.88	5170277.04	0.26876
21653904.02	5170257.03	0.175351
21653976.17	5170237.03	0.195476
21654048.32	5170217.02	0.225869
21654120.46	5170197.01	0.195078
21654192.61	5170177	0.190206
21654264.76	5170156.99	0.283863
21654336.9	5170136.98	0.324931
21654409.05	5170116.98	0.271076
21654481.2	5170096.97	0.265107
21654553.34	5170076.96	0.25335
21654625.49	5170056.95	0.244891
21654697.64	5170036.94	0.267441
21654769.78	5170016.94	0.278146
21654841.93	5169996.93	0.267202
21654914.08	5169976.92	0.266756
21654986.23	5169956.91	0.252992
21655058.37	5169936.9	0.263358
21655130.52	5169916.9	0.266697
21655202.66	5169896.89	0.289957
21655274.81	5169876.88	0.294068
21655346.96	5169856.87	0.262245
21655419.11	5169836.86	0.185814
21655491.25	5169816.86	0.19637
21655563.4	5169796.85	0.234436
21655635.55	5169776.84	0.222166
21655707.69	5169756.83	0.201003
21655779.84	5169736.82	0.0521428
21655851.99	5169716.82	0
21655924.13	5169696.81	0.175126
21655996.28	5169676.8	0.235749
21656068.43	5169656.79	0.227295
21656140.57	5169636.78	0.150476
21656212.72	5169616.78	0.126787
21656284.87	5169596.77	0.318812
21656357.01	5169576.76	0.310208
21656429.16	5169556.75	0.306967
21656501.31	5169536.74	0.27696
21656573.45	5169516.74	0.244569
21656645.6	5169496.73	0.111374
21656717.75	5169476.72	0.129536
21656789.89	5169456.71	0.197244
21656862.04	5169436.7	0.211775
21656934.19	5169416.69	0.162063
21657006.33	5169396.69	0.164127
21657078.48	5169376.68	0.19732
21657150.63	5169356.67	0.184134
21657222.77	5169336.66	0.116734
21657294.92	5169316.65	0.0654355
21657367.07	5169296.65	0.0529495
21657439.21	5169276.64	0.0628343
21657511.36	5169256.63	0.0414952
21657583.51	5169236.62	0.035895
21657655.65	5169216.61	0
21657727.8	5169196.61	0.212309
21657799.95	5169176.6	0.131987
21657872.09	5169156.59	0.120554
21657944.24	5169136.58	0.186961
21658016.39	5169116.57	0.225267
21658088.53	5169096.57	0.2204
21658160.68	5169076.56	0.255107
21658232.83	5169056.55	0.257717
21658304.97	5169036.54	0.27234
21658377.12	5169016.53	0.124136
21658449.27	5168996.53	0.0644659
21658521.41	5168976.52	0.0644246
21658593.56	5168956.51	0.0596382
21658665.71	5168936.5	0.0536231
21658737.85	5168916.49	0.16944
21658810	5168896.49	0.22503
21658882.15	5168876.48	0.205248
21658954.29	5168856.47	0.270032
21659026.44	5168836.46	0.3057
21659098.59	5168816.45	0.295169
21653274.33	5170507.88	0.0989116
21653346.48	5170487.87	0.112925
21653418.62	5170467.86	0.15061
21653490.77	5170447.85	0.193793
21653562.92	5170427.84	0.243983
21653635.06	5170407.84	0.246331
21653707.21	5170387.83	0.245087
21653779.36	5170367.82	0.259733
21653851.5	5170347.81	0.26197
21653923.65	5170327.8	0.209186
21653995.8	5170307.8	0.171912
21654067.94	5170287.79	0.127498
21654140.09	5170267.78	0.148394
21654212.24	5170247.77	0.193894
21654284.38	5170227.76	0.243707
21654356.53	5170207.76	0.169048
21654428.68	5170187.75	0.15979
21654500.82	5170167.74	0.246791
21654572.97	5170147.73	0.26137
21654645.12	5170127.72	0.267661
21654717.26	5170107.72	0.270082
21654789.41	5170087.71	0.271059
21654861.56	5170067.7	0.255121
21654933.7	5170047.69	0.25436
21655005.85	5170027.68	0.268275
21655078	5170007.68	0.259007
21655150.14	5169987.67	0.272428
21655222.29	5169967.66	0.272758
21655294.44	5169947.65	0.327403
21655366.58	5169927.64	0.316241
21655438.73	5169907.63	0.248376
21655510.88	5169887.63	0.294695
21655583.03	5169867.62	0.321645
21655655.17	5169847.61	0.241918
21655727.32	5169827.6	0.192659
21655799.47	5169807.59	0
21655871.61	5169787.59	0
21655943.76	5169767.58	0.119394
21656015.91	5169747.57	0.245591
21656088.05	5169727.56	0.278299
21656160.2	5169707.55	0.188937
21656232.35	5169687.55	0.0622416
21656304.49	5169667.54	0.292216
21656376.64	5169647.53	0.328612
21656448.79	5169627.52	0.286822
21656520.93	5169607.51	0.270665
21656593.08	5169587.51	0.223269
21656665.23	5169567.5	0.113077
21656737.37	5169547.49	0.0983406
21656809.52	5169527.48	0.165644
21656881.67	5169507.47	0.197893
21656953.81	5169487.47	0.201598
21657025.96	5169467.46	0.17868
21657098.11	5169447.45	0.206041
21657170.25	5169427.44	0.237072
21657242.4	5169407.43	0.159089
21657314.55	5169387.43	0.159686
21657386.69	5169367.42	0.147069
21657458.84	5169347.41	0.078047
21657530.99	5169327.4	0
21657603.13	5169307.39	0.0497268
21657675.28	5169287.39	0
21657747.43	5169267.38	0
21657819.57	5169247.37	0.0849487
21657891.72	5169227.36	0.149004
21657963.87	5169207.35	0.159329
21658036.01	5169187.34	0.249452
21658108.16	5169167.34	0.18083
21658180.31	5169147.33	0.185092
21658252.45	5169127.32	0.18483
21658324.6	5169107.31	0.267566
21658396.75	5169087.3	0
21658468.89	5169067.3	0
21658541.04	5169047.29	0
21658613.19	5169027.28	0.0543098
21658685.33	5169007.27	0.0528536
21658757.48	5168987.26	0.050709
21658829.63	5168967.26	0.145371
21658901.77	5168947.25	0.221357
21658973.92	5168927.24	0.250328
21659046.07	5168907.23	0.26565
21653293.96	5170578.65	0.144232
21653366.1	5170558.64	0.123369
21653438.25	5170538.63	0.194001
21653510.4	5170518.62	0.254429
21653582.54	5170498.61	0.279479
21653654.69	5170478.61	0.241556
21653726.84	5170458.6	0.190447
21653798.98	5170438.59	0.224041
21653871.13	5170418.58	0.290312
21653943.28	5170398.57	0.290856
21654015.42	5170378.57	0.181766
21654087.57	5170358.56	0.177589
21654159.72	5170338.55	0.251699
21654231.86	5170318.54	0.183942
21654304.01	5170298.53	0.185503
21654376.16	5170278.53	0.101552
21654448.3	5170258.52	0.126841
21654520.45	5170238.51	0.231561
21654592.6	5170218.5	0.254056
21654664.74	5170198.49	0.271569
21654736.89	5170178.49	0.26679
21654809.04	5170158.48	0.274886
21654881.18	5170138.47	0.285201
21654953.33	5170118.46	0.280733
21655025.48	5170098.45	0.282386
21655097.62	5170078.45	0.267589
21655169.77	5170058.44	0.257671
21655241.92	5170038.43	0.271836
21655314.06	5170018.42	0.288389
21655386.21	5169998.41	0.293936
21655458.36	5169978.41	0.262397
21655530.5	5169958.4	0
21655602.65	5169938.39	0.290304
21655674.8	5169918.38	0.282294
21655746.95	5169898.37	0.138395
21655819.09	5169878.37	0.218219
21655891.24	5169858.36	0.0506972
21655963.38	5169838.35	0.138516
21656035.53	5169818.34	0.227338
21656107.68	5169798.33	0.262589
21656179.83	5169778.32	0.240072
21656251.97	5169758.32	0.0984772
21656324.12	5169738.31	0.220448
21656396.27	5169718.3	0.308866
21656468.41	5169698.29	0.307702
21656540.56	5169678.28	0.263713
21656612.71	5169658.28	0.235153
21656684.85	5169638.27	0.14939
21656757	5169618.26	0.111534
21656829.15	5169598.25	0.21033
21656901.29	5169578.24	0.246193
21656973.44	5169558.24	0.256742
21657045.59	5169538.23	0.249463
21657117.73	5169518.22	0.222205
21657189.88	5169498.21	0.262299
21657262.03	5169478.2	0.233859
21657334.17	5169458.2	0.199628
21657406.32	5169438.19	0.145848
21657478.47	5169418.18	0.100151
21657550.61	5169398.17	0
21657622.76	5169378.16	0
21657694.91	5169358.16	0
21657767.05	5169338.15	0
21657839.2	5169318.14	0.224193
21657911.35	5169298.13	0.255658
21657983.49	5169278.12	0.255543
21658055.64	5169258.12	0.252431
21658127.79	5169238.11	0.209539
21658199.93	5169218.1	0.21586
21658272.08	5169198.09	0.202371
21658344.23	5169178.08	0.174958
21658416.37	5169158.08	0.163117
21658488.52	5169138.07	0
21658560.67	5169118.06	0
21658632.81	5169098.05	0
21658704.96	5169078.04	0.0693597
21658777.11	5169058.03	0.111501
21658849.25	5169038.03	0.180825
21658921.4	5169018.02	0.265496
21658993.55	5168998.01	0.272806
21659065.69	5168978	0.270533
21653313.58	5170649.42	0.225181
21653385.73	5170629.41	0.174245
21653457.88	5170609.4	0.224357
21653530.02	5170589.39	0.272801
21653602.17	5170569.39	0.249108
21653674.32	5170549.38	0.209946
21653746.46	5170529.37	0.221725
21653818.61	5170509.36	0.26466
21653890.76	5170489.35	0.222353
21653962.9	5170469.35	0.276725
21654035.05	5170449.34	0.244287
21654107.2	5170429.33	0.302851
21654179.34	5170409.32	0.290588
21654251.49	5170389.31	0.13378
21654323.64	5170369.3	0.135844
21654395.78	5170349.3	0.113654
21654467.93	5170329.29	0.122492
21654540.08	5170309.28	0.174083
21654612.22	5170289.27	0.136689
21654684.37	5170269.26	0.179019
21654756.52	5170249.26	0.234337
21654828.66	5170229.25	0.279026
21654900.81	5170209.24	0.29319
21654972.96	5170189.23	0.292226
21655045.1	5170169.22	0.291193
21655117.25	5170149.22	0.291125
21655189.4	5170129.21	0.286842
21655261.54	5170109.2	0.293736
21655333.69	5170089.19	0.296375
21655405.84	5170069.18	0.287922
21655477.98	5170049.18	0.269879
21655550.13	5170029.17	0.261265
21655622.28	5170009.16	0.286778
21655694.42	5169989.15	0.278648
21655766.57	5169969.14	0.277735
21655838.72	5169949.14	0.299758
21655910.86	5169929.13	0.12058
21655983.01	5169909.12	0.163703
21656055.16	5169889.11	0.267855
21656127.3	5169869.1	0.268267
21656199.45	5169849.1	0.227082
21656271.6	5169829.09	0.0568438
21656343.75	5169809.08	0.0992351
21656415.89	5169789.07	0.245734
21656488.04	5169769.06	0.260229
21656560.19	5169749.06	0.240677
21656632.33	5169729.05	0.21113
21656704.48	5169709.04	0.154178
21656776.63	5169689.03	0.218127
21656848.77	5169669.02	0.257794
21656920.92	5169649.02	0.258113
21656993.07	5169629.01	0.306188
21657065.21	5169609	0.296292
21657137.36	5169588.99	0.265035
21657209.51	5169568.98	0.228318
21657281.65	5169548.97	0.0931244
21657353.8	5169528.97	0.0946411
21657425.95	5169508.96	0.0721276
21657498.09	5169488.95	0.0709488
21657570.24	5169468.94	0
21657642.39	5169448.93	0
21657714.53	5169428.93	0.0605035
21657786.68	5169408.92	0.133529
21657858.83	5169388.91	0.237326
21657930.97	5169368.9	0.289881
21658003.12	5169348.89	0.28051
21658075.27	5169328.89	0.173161
21658147.41	5169308.88	0.184575
21658219.56	5169288.87	0.197536
21658291.71	5169268.86	0.183463
21658363.85	5169248.85	0.170599
21658436	5169228.85	0.115943
21658508.15	5169208.84	0.0772804
21658580.29	5169188.83	0
21658652.44	5169168.82	0.047023
21658724.59	5169148.81	0.106189
21658796.73	5169128.81	0.150445
21658868.88	5169108.8	0.232035
21658941.03	5169088.79	0.290962
21659013.17	5169068.78	0.292126
21659085.32	5169048.77	0.29015
21653261.06	5170740.2	0.224952
21653333.21	5170720.19	0.197713
21653405.36	5170700.18	0.189117
21653477.5	5170680.17	0.286216
21653549.65	5170660.16	0.297711
21653621.8	5170640.16	0.29246
21653693.94	5170620.15	0.272363
21653766.09	5170600.14	0.210355
21653838.24	5170580.13	0.294477
21653910.38	5170560.12	0.267344
21653982.53	5170540.12	0.269433
21654054.68	5170520.11	0.241615
21654126.82	5170500.1	0.25348
21654198.97	5170480.09	0.261615
21654271.12	5170460.08	0.141609
21654343.26	5170440.08	0.0994022
21654415.41	5170420.07	0.0918573
21654487.56	5170400.06	0.141739
21654559.7	5170380.05	0.157914
21654631.85	5170360.04	0.0499302
21654704	5170340.04	0
21654776.14	5170320.03	0.198362
21654848.29	5170300.02	0.255859
21654920.44	5170280.01	0.287638
21654992.58	5170260	0.29065
21655064.73	5170240	0.299186
21655136.88	5170219.99	0.29989
21655209.02	5170199.98	0.297317
21655281.17	5170179.97	0.314174
21655353.32	5170159.96	0.308922
21655425.46	5170139.95	0.299311
21655497.61	5170119.95	0.288023
21655569.76	5170099.94	0.255774
21655641.9	5170079.93	0.270944
21655714.05	5170059.92	0.271052
21655786.2	5170039.91	0.257757
21655858.34	5170019.91	0.280521
21655930.49	5169999.9	0.275267
21656002.64	5169979.89	0.276718
21656074.78	5169959.88	0.276712
21656146.93	5169939.87	0.243827
21656219.08	5169919.87	0.157752
21656291.22	5169899.86	0.0937062
21656363.37	5169879.85	0.170255
21656435.52	5169859.84	0.177031
21656507.66	5169839.83	0.198699
21656579.81	5169819.83	0.233544
21656651.96	5169799.82	0.25624
21656724.1	5169779.81	0.249988
21656796.25	5169759.8	0.272332
21656868.4	5169739.79	0.246432
21656940.55	5169719.79	0.242162
21657012.69	5169699.78	0.280775
21657084.84	5169679.77	0.285644
21657156.99	5169659.76	0.238038
21657229.13	5169639.75	0.137657
21657301.28	5169619.75	0.0600265
21657373.43	5169599.74	0.0434149
21657445.57	5169579.73	0.0435066
21657517.72	5169559.72	0.0568214
21657589.87	5169539.71	0
21657662.01	5169519.71	0
21657734.16	5169499.7	0.0640052
21657806.31	5169479.69	0.203251
21657878.45	5169459.68	0.26787
21657950.6	5169439.67	0.287654
21658022.75	5169419.66	0.302148
21658094.89	5169399.66	0.206483
21658167.04	5169379.65	0.15518
21658239.19	5169359.64	0.15264
21658311.33	5169339.63	0.135999
21658383.48	5169319.62	0.145724
21658455.63	5169299.62	0.129867
21658527.77	5169279.61	0.109105
21658599.92	5169259.6	0.033323
21658672.07	5169239.59	0.0371242
21658744.21	5169219.58	0.111571
21658816.36	5169199.58	0.204036
21658888.51	5169179.57	0.264076
21658960.65	5169159.56	0.276906
21659032.8	5169139.55	0.292699
21659104.95	5169119.54	0.290513
21653280.69	5170810.97	0.249256
21653352.84	5170790.96	0.1776
21653424.98	5170770.95	0.161761
21653497.13	5170750.94	0.268442
21653569.28	5170730.93	0.293604
21653641.42	5170710.93	0.306654
21653713.57	5170690.92	0.18899
21653785.72	5170670.91	0.157788
21653857.86	5170650.9	0.281725
21653930.01	5170630.89	0.259376
21654002.16	5170610.89	0.261948
21654074.3	5170590.88	0.255614
21654146.45	5170570.87	0.138841
21654218.6	5170550.86	0.163956
21654290.74	5170530.85	0.16322
21654362.89	5170510.85	0.0913504
21654435.04	5170490.84	0.0781769
21654507.18	5170470.83	0.0824481
21654579.33	5170450.82	0.119859
21654651.48	5170430.81	0
21654723.62	5170410.81	0
21654795.77	5170390.8	0.119814
21654867.92	5170370.79	0.272613
21654940.06	5170350.78	0.291185
21655012.21	5170330.77	0.291893
21655084.36	5170310.77	0.291431
21655156.5	5170290.76	0.2796
21655228.65	5170270.75	0.292923
21655300.8	5170250.74	0.324355
21655372.94	5170230.73	0.298062
21655445.09	5170210.73	0.265584
21655517.24	5170190.72	0.282247
21655589.38	5170170.71	0.262671
21655661.53	5170150.7	0.254184
21655733.68	5170130.69	0.0897206
21655805.82	5170110.69	0.224365
21655877.97	5170090.68	0.282869
21655950.12	5170070.67	0.308024
21656022.26	5170050.66	0.312354
21656094.41	5170030.65	0.294181
21656166.56	5170010.65	0.262561
21656238.7	5169990.64	0.23026
21656310.85	5169970.63	0.184423
21656383	5169950.62	0.204438
21656455.14	5169930.61	0.20232
21656527.29	5169910.6	0.195454
21656599.44	5169890.6	0.25931
21656671.58	5169870.59	0.285067
21656743.73	5169850.58	0.269227
21656815.88	5169830.57	0.259606
21656888.02	5169810.56	0.242599
21656960.17	5169790.56	0.234099
21657032.32	5169770.55	0.159837
21657104.47	5169750.54	0.252101
21657176.61	5169730.53	0.240567
21657248.76	5169710.52	0.16699
21657320.91	5169690.52	0.115144
21657393.05	5169670.51	0.0525109
21657465.2	5169650.5	0.0393578
21657537.35	5169630.49	0.0333098
21657609.49	5169610.48	0
21657681.64	5169590.48	0
21657753.79	5169570.47	0
21657825.93	5169550.46	0.193741
21657898.08	5169530.45	0.272545
21657970.23	5169510.44	0.29439
21658042.37	5169490.44	0.278079
21658114.52	5169470.43	0.171454
21658186.67	5169450.42	0.139909
21658258.81	5169430.41	0.185986
21658330.96	5169410.4	0.140458
21658403.11	5169390.4	0.139956
21658475.25	5169370.39	0.148353
21658547.4	5169350.38	0.0802231
21658619.55	5169330.37	0.0351685
21658691.69	5169310.36	0.0496213
21658763.84	5169290.36	0.139095
21658835.99	5169270.35	0.207252
21658908.13	5169250.34	0.302546
21658980.28	5169230.33	0.313563
21659052.43	5169210.32	0.289526
21653300.32	5170881.74	0.267284
21653372.46	5170861.73	0.211503
21653444.61	5170841.72	0.218304
21653516.76	5170821.71	0.266898
21653588.9	5170801.71	0.281043
21653661.05	5170781.7	0.295243
21653733.2	5170761.69	0.226033
21653805.34	5170741.68	0.22312
21653877.49	5170721.67	0.190986
21653949.64	5170701.67	0.210518
21654021.78	5170681.66	0.229013
21654093.93	5170661.65	0.281735
21654166.08	5170641.64	0.198479
21654238.22	5170621.63	0
21654310.37	5170601.63	0.135595
21654382.52	5170581.62	0.0905892
21654454.66	5170561.61	0.0499279
21654526.81	5170541.6	0.099537
21654598.96	5170521.59	0.154354
21654671.1	5170501.58	0.135183
21654743.25	5170481.58	0.126515
21654815.4	5170461.57	0.158985
21654887.54	5170441.56	0.276237
21654959.69	5170421.55	0.290507
21655031.84	5170401.54	0.28418
21655103.98	5170381.54	0.268573
21655176.13	5170361.53	0.272104
21655248.28	5170341.52	0.258955
21655320.42	5170321.51	0.24879
21655392.57	5170301.5	0.16577
21655464.72	5170281.5	0.113456
21655536.86	5170261.49	0.179703
21655609.01	5170241.48	0.2497
21655681.16	5170221.47	0.254521
21655753.3	5170201.46	0.214447
21655825.45	5170181.46	0.249253
21655897.6	5170161.45	0.272346
21655969.74	5170141.44	0.291821
21656041.89	5170121.43	0.306444
21656114.04	5170101.42	0.297014
21656186.18	5170081.42	0.272054
21656258.33	5170061.41	0.253803
21656330.48	5170041.4	0.25841
21656402.62	5170021.39	0.243783
21656474.77	5170001.38	0.137939
21656546.92	5169981.38	0.102078
21656619.06	5169961.37	0
21656691.21	5169941.36	0.270706
21656763.36	5169921.35	0.271515
21656835.5	5169901.34	0.272579
21656907.65	5169881.34	0.174846
21656979.8	5169861.33	0.0958658
21657051.94	5169841.32	0.267948
21657124.09	5169821.31	0.283032
21657196.24	5169801.3	0.27467
21657268.38	5169781.3	0.196631
21657340.53	5169761.29	0.0535653
21657412.68	5169741.28	0.0443247
21657484.83	5169721.27	0
21657556.97	5169701.26	0
21657629.12	5169681.25	0
21657701.27	5169661.25	0
21657773.41	5169641.24	0
21657845.56	5169621.23	0
21657917.71	5169601.22	0.212349
21657989.85	5169581.21	0.251003
21658062	5169561.21	0.265168
21658134.15	5169541.2	0.249479
21658206.29	5169521.19	0.244548
21658278.44	5169501.18	0.273046
21658350.59	5169481.17	0.265029
21658422.73	5169461.17	0.211392
21658494.88	5169441.16	0.121805
21658567.03	5169421.15	0.0653942
21658639.17	5169401.14	0
21658711.32	5169381.13	0.125631
21658783.47	5169361.13	0.210885
21658855.61	5169341.12	0.208659
21658927.76	5169321.11	0.287869
21658999.91	5169301.1	0.323544
21659072.05	5169281.09	0.342169
21653247.8	5170972.52	0.344706
21653319.94	5170952.51	0.339976
21653392.09	5170932.5	0.354465
21653464.24	5170912.49	0.343631
21653536.38	5170892.48	0.274776
21653608.53	5170872.48	0.244369
21653680.68	5170852.47	0.265276
21653752.82	5170832.46	0.205665
21653824.97	5170812.45	0.262638
21653897.12	5170792.44	0.212366
21653969.26	5170772.44	0.168435
21654041.41	5170752.43	0.182225
21654113.56	5170732.42	0.139668
21654185.7	5170712.41	0.0710839
21654257.85	5170692.4	0.059913
21654330	5170672.4	0.0851641
21654402.14	5170652.39	0.108237
21654474.29	5170632.38	0.109376
21654546.44	5170612.37	0.0903749
21654618.58	5170592.36	0.15798
21654690.73	5170572.36	0.146296
21654762.88	5170552.35	0.159635
21654835.02	5170532.34	0.219476
21654907.17	5170512.33	0.27647
21654979.32	5170492.32	0.294247
21655051.46	5170472.32	0.296299
21655123.61	5170452.31	0.282741
21655195.76	5170432.3	0.272354
21655267.9	5170412.29	0.227291
21655340.05	5170392.28	0.192087
21655412.2	5170372.28	0
21655484.34	5170352.27	0
21655556.49	5170332.26	0.134823
21655628.64	5170312.25	0.219462
21655700.78	5170292.24	0.211756
21655772.93	5170272.23	0.141655
21655845.08	5170252.23	0.245641
21655917.22	5170232.22	0.266091
21655989.37	5170212.21	0.276271
21656061.52	5170192.2	0.289107
21656133.66	5170172.19	0.287747
21656205.81	5170152.19	0.25689
21656277.96	5170132.18	0.24538
21656350.1	5170112.17	0.258379
21656422.25	5170092.16	0.267219
21656494.4	5170072.15	0.258597
21656566.54	5170052.15	0.239499
21656638.69	5170032.14	0.245208
21656710.84	5170012.13	0.245161
21656782.98	5169992.12	0.261005
21656855.13	5169972.11	0.272592
21656927.28	5169952.11	0.201645
21656999.42	5169932.1	0.0798292
21657071.57	5169912.09	0.288861
21657143.72	5169892.08	0.270174
21657215.86	5169872.07	0.208072
21657288.01	5169852.07	0.0699578
21657360.16	5169832.06	0
21657432.3	5169812.05	0
21657504.45	5169792.04	0
21657576.6	5169772.03	0
21657648.74	5169752.03	0
21657720.89	5169732.02	0
21657793.04	5169712.01	0
21657865.18	5169692	0
21657937.33	5169671.99	0
21658009.48	5169651.99	0.177189
21658081.63	5169631.98	0.264045
21658153.77	5169611.97	0.231284
21658225.92	5169591.96	0.279689
21658298.07	5169571.95	0.277549
21658370.21	5169551.94	0.284296
21658442.36	5169531.94	0.267559
21658514.51	5169511.93	0.145494
21658586.65	5169491.92	0
21658658.8	5169471.91	0
21658730.95	5169451.9	0.197879
21658803.09	5169431.9	0.269177
21658875.24	5169411.89	0.206093
21658947.39	5169391.88	0.153798
21659019.53	5169371.87	0.223732
21659091.68	5169351.86	0.21118
21653267.42	5171043.29	0.336284
21653339.57	5171023.28	0.348327
21653411.72	5171003.27	0.354497
21653483.86	5170983.26	0.336607
21653556.01	5170963.26	0.279177
21653628.16	5170943.25	0.145145
21653700.3	5170923.24	0.201971
21653772.45	5170903.23	0.169321
21653844.6	5170883.22	0.26034
21653916.74	5170863.21	0.214528
21653988.89	5170843.21	0.212829
21654061.04	5170823.2	0.147074
21654133.18	5170803.19	0.0966028
21654205.33	5170783.18	0.0907422
21654277.48	5170763.17	0.196924
21654349.62	5170743.17	0.128067
21654421.77	5170723.16	0.17642
21654493.92	5170703.15	0.163858
21654566.06	5170683.14	0.125423
21654638.21	5170663.13	0.247278
21654710.36	5170643.13	0.278574
21654782.5	5170623.12	0.210785
21654854.65	5170603.11	0.270556
21654926.8	5170583.1	0.274279
21654998.94	5170563.09	0.267147
21655071.09	5170543.09	0.266368
21655143.24	5170523.08	0.264417
21655215.38	5170503.07	0.234822
21655287.53	5170483.06	0.158619
21655359.68	5170463.05	0.154872
21655431.82	5170443.05	0
21655503.97	5170423.04	0
21655576.12	5170403.03	0.137662
21655648.26	5170383.02	0.25089
21655720.41	5170363.01	0.1936
21655792.56	5170343.01	0.14206
21655864.7	5170323	0.240147
21655936.85	5170302.99	0.197228
21656009	5170282.98	0.27102
21656081.14	5170262.97	0.280018
21656153.29	5170242.97	0.26656
21656225.44	5170222.96	0.234014
21656297.58	5170202.95	0.130375
21656369.73	5170182.94	0.197287
21656441.88	5170162.93	0.26258
21656514.02	5170142.93	0.246755
21656586.17	5170122.92	0.273393
21656658.32	5170102.91	0.284937
21656730.46	5170082.9	0.235908
21656802.61	5170062.89	0.127764
21656874.76	5170042.88	0.238425
21656946.9	5170022.88	0.209843
21657019.05	5170002.87	0.052976
21657091.2	5169982.86	0.191247
21657163.34	5169962.85	0.259549
21657235.49	5169942.84	0.147471
21657307.64	5169922.84	0.0685437
21657379.78	5169902.83	0.0774336
21657451.93	5169882.82	0
21657524.08	5169862.81	0
21657596.22	5169842.8	0
21657668.37	5169822.8	0
21657740.52	5169802.79	0
21657812.66	5169782.78	0
21657884.81	5169762.77	0
21657956.96	5169742.76	0
21658029.1	5169722.76	0
21658101.25	5169702.75	0.0333169
21658173.4	5169682.74	0.115829
21658245.54	5169662.73	0.223628
21658317.69	5169642.72	0.266758
21658389.84	5169622.72	0.234468
21658461.99	5169602.71	0.17837
21658534.13	5169582.7	0.113169
21658606.28	5169562.69	0
21658678.43	5169542.68	0
21658750.57	5169522.68	0.204272
21658822.72	5169502.67	0.163629
21658894.87	5169482.66	0
21658967.01	5169462.65	0.0900697
21659039.16	5169442.64	0.0700301
21659111.31	5169422.64	0.0732935
21653287.05	5171114.06	0.279193
21653359.2	5171094.05	0.268943
21653431.34	5171074.04	0.270986
21653503.49	5171054.03	0.269829
21653575.64	5171034.03	0.257125
21653647.78	5171014.02	0.149261
21653719.93	5170994.01	0.134969
21653792.08	5170974	0.187646
21653864.22	5170953.99	0.278756
21653936.37	5170933.99	0.268108
21654008.52	5170913.98	0.25603
21654080.66	5170893.97	0.106714
21654152.81	5170873.96	0.131508
21654224.96	5170853.95	0.139759
21654297.1	5170833.95	0.195857
21654369.25	5170813.94	0.188244
21654441.4	5170793.93	0.213788
21654513.54	5170773.92	0.200639
21654585.69	5170753.91	0.273311
21654657.84	5170733.91	0.306357
21654729.98	5170713.9	0.27557
21654802.13	5170693.89	0.27658
21654874.28	5170673.88	0.281469
21654946.42	5170653.87	0.282617
21655018.57	5170633.86	0.273224
21655090.72	5170613.86	0.25861
21655162.86	5170593.85	0.253747
21655235.01	5170573.84	0.186629
21655307.16	5170553.83	0.113043
21655379.3	5170533.82	0
21655451.45	5170513.82	0
21655523.6	5170493.81	0
21655595.74	5170473.8	0.227616
21655667.89	5170453.79	0.244454
21655740.04	5170433.78	0.233235
21655812.18	5170413.78	0.161737
21655884.33	5170393.77	0.239642
21655956.48	5170373.76	0.178699
21656028.62	5170353.75	0.256332
21656100.77	5170333.74	0.294387
21656172.92	5170313.74	0.276219
21656245.06	5170293.73	0.288683
21656317.21	5170273.72	0.271638
21656389.36	5170253.71	0.276433
21656461.5	5170233.7	0.208779
21656533.65	5170213.7	0.160316
21656605.8	5170193.69	0.251708
21656677.94	5170173.68	0.281777
21656750.09	5170153.67	0.27957
21656822.24	5170133.66	0.235441
21656894.38	5170113.66	0.223981
21656966.53	5170093.65	0.105614
21657038.68	5170073.64	0
21657110.82	5170053.63	0.227457
21657182.97	5170033.62	0.22474
21657255.12	5170013.62	0.122784
21657327.26	5169993.61	0.0654613
21657399.41	5169973.6	0.0936883
21657471.56	5169953.59	0
21657543.7	5169933.58	0
21657615.85	5169913.57	0
21657688	5169893.57	0
21657760.14	5169873.56	0
21657832.29	5169853.55	0.053752
21657904.44	5169833.54	0.0474951
21657976.58	5169813.53	0
21658048.73	5169793.53	0
21658120.88	5169773.52	0
21658193.02	5169753.51	0.120331
21658265.17	5169733.5	0.21534
21658337.32	5169713.49	0.258986
21658409.46	5169693.49	0.223704
21658481.61	5169673.48	0.163058
21658553.76	5169653.47	0.0991229
21658625.91	5169633.46	0.0662205
21658698.05	5169613.45	0.161975
21658770.2	5169593.45	0.204407
21658842.35	5169573.44	0
21658914.49	5169553.43	0
21658986.64	5169533.42	0
21659058.79	5169513.41	0
21653306.68	5171184.83	0.27961
21653378.82	5171164.82	0.276808
21653450.97	5171144.81	0.262598
21653523.12	5171124.8	0.208501
21653595.26	5171104.8	0.213696
21653667.41	5171084.79	0.168832
21653739.56	5171064.78	0.114527
21653811.7	5171044.77	0.165489
21653883.85	5171024.76	0.224793
21653956	5171004.76	0.255316
21654028.14	5170984.75	0.22404
21654100.29	5170964.74	0.239022
21654172.44	5170944.73	0.187662
21654244.58	5170924.72	0.161738
21654316.73	5170904.72	0.112066
21654388.88	5170884.71	0.178747
21654461.02	5170864.7	0.171639
21654533.17	5170844.69	0.154905
21654605.32	5170824.68	0.257775
21654677.46	5170804.68	0.224501
21654749.61	5170784.67	0.266409
21654821.76	5170764.66	0.287615
21654893.9	5170744.65	0.282792
21654966.05	5170724.64	0.274809
21655038.2	5170704.64	0.277039
21655110.34	5170684.63	0.276186
21655182.49	5170664.62	0.209286
21655254.64	5170644.61	0.122963
21655326.78	5170624.6	0.109283
21655398.93	5170604.6	0
21655471.08	5170584.59	0.0941865
21655543.22	5170564.58	0.285656
21655615.37	5170544.57	0.266073
21655687.52	5170524.56	0.269174
21655759.66	5170504.56	0.2356
21655831.81	5170484.55	0
21655903.96	5170464.54	0.162883
21655976.1	5170444.53	0.170816
21656048.25	5170424.52	0.243683
21656120.4	5170404.51	0.26448
21656192.54	5170384.51	0.269578
21656264.69	5170364.5	0.253128
21656336.84	5170344.49	0.260155
21656408.98	5170324.48	0.253832
21656481.13	5170304.47	0.194026
21656553.28	5170284.47	0.208909
21656625.42	5170264.46	0.231753
21656697.57	5170244.45	0.237867
21656769.72	5170224.44	0.283067
21656841.86	5170204.43	0.283246
21656914.01	5170184.43	0.249656
21656986.16	5170164.42	0.111623
21657058.3	5170144.41	0.0510351
21657130.45	5170124.4	0.147028
21657202.6	5170104.39	0.231832
21657274.74	5170084.39	0.230142
21657346.89	5170064.38	0
21657419.04	5170044.37	0
21657491.18	5170024.36	0
21657563.33	5170004.35	0
21657635.48	5169984.35	0
21657707.62	5169964.34	0
21657779.77	5169944.33	0
21657851.92	5169924.32	0.0575908
21657924.06	5169904.31	0.0333141
21657996.21	5169884.31	0.0333149
21658068.36	5169864.3	0.078209
21658140.5	5169844.29	0.0567701
21658212.65	5169824.28	0.136988
21658284.8	5169804.27	0.205318
21658356.94	5169784.27	0.265332
21658429.09	5169764.26	0.197096
21658501.24	5169744.25	0.129234
21658573.38	5169724.24	0.0707286
21658645.53	5169704.23	0.0837911
21658717.68	5169684.22	0.137912
21658789.82	5169664.22	0.0916518
21658861.97	5169644.21	0
21658934.12	5169624.2	0
21659006.26	5169604.19	0
21659078.41	5169584.18	0
21653254.15	5171275.61	0.281404
21653326.3	5171255.6	0.285211
21653398.45	5171235.59	0.30947
21653470.6	5171215.58	0.303817
21653542.74	5171195.58	0.318852
21653614.89	5171175.57	0.255574
21653687.04	5171155.56	0.182185
21653759.18	5171135.55	0.202555
21653831.33	5171115.54	0.223067
21653903.48	5171095.54	0.246473
21653975.62	5171075.53	0.235431
21654047.77	5171055.52	0.234871
21654119.92	5171035.51	0.189122
21654192.06	5171015.5	0.131507
21654264.21	5170995.49	0.158672
21654336.36	5170975.49	0.100228
21654408.5	5170955.48	0.0852893
21654480.65	5170935.47	0.0971091
21654552.8	5170915.46	0.0889906
21654624.94	5170895.45	0.18753
21654697.09	5170875.45	0.253645
21654769.24	5170855.44	0.259361
21654841.38	5170835.43	0.282087
21654913.53	5170815.42	0.272461
21654985.68	5170795.41	0.280323
21655057.82	5170775.41	0.267105
21655129.97	5170755.4	0.261076
21655202.12	5170735.39	0.238357
21655274.26	5170715.38	0.183631
21655346.41	5170695.37	0.170278
21655418.56	5170675.37	0.217229
21655490.7	5170655.36	0.0700925
21655562.85	5170635.35	0.286649
21655635	5170615.34	0.259439
21655707.14	5170595.33	0.270205
21655779.29	5170575.33	0.221668
21655851.44	5170555.32	0.175495
21655923.58	5170535.31	0.158279
21655995.73	5170515.3	0.14044
21656067.88	5170495.29	0.198321
21656140.02	5170475.29	0.226863
21656212.17	5170455.28	0.216711
21656284.32	5170435.27	0.236256
21656356.46	5170415.26	0.257209
21656428.61	5170395.25	0.247915
21656500.76	5170375.25	0.260329
21656572.9	5170355.24	0.255539
21656645.05	5170335.23	0.283634
21656717.2	5170315.22	0.114947
21656789.34	5170295.21	0.241298
21656861.49	5170275.21	0.27118
21656933.64	5170255.2	0.271631
21657005.78	5170235.19	0.139697
21657077.93	5170215.18	0.0772068
21657150.08	5170195.17	0.164004
21657222.22	5170175.16	0.243054
21657294.37	5170155.16	0.21271
21657366.52	5170135.15	0
21657438.66	5170115.14	0
21657510.81	5170095.13	0
21657582.96	5170075.12	0
21657655.1	5170055.12	0
21657727.25	5170035.11	0
21657799.4	5170015.1	0
21657871.54	5169995.09	0
21657943.69	5169975.08	0
21658015.84	5169955.08	0.0518466
21658087.98	5169935.07	0.217816
21658160.13	5169915.06	0.270605
21658232.28	5169895.05	0.270656
21658304.42	5169875.04	0.266431
21658376.57	5169855.04	0.264324
21658448.72	5169835.03	0.227841
21658520.86	5169815.02	0.133525
21658593.01	5169795.01	0.0872322
21658665.16	5169775	0.123021
21658737.3	5169755	0.107341
21658809.45	5169734.99	0.0465833
21658881.6	5169714.98	0
21658953.74	5169694.97	0
21659025.89	5169674.96	0
21659098.04	5169654.96	0
21653273.78	5171346.38	0.282322
21653345.93	5171326.37	0.292402
21653418.07	5171306.36	0.333447
21653490.22	5171286.35	0.269592
21653562.37	5171266.35	0.301896
21653634.51	5171246.34	0.271074
21653706.66	5171226.33	0.222929
21653778.81	5171206.32	0.206534
21653850.96	5171186.31	0.231655
21653923.1	5171166.31	0.218315
21653995.25	5171146.3	0.213088
21654067.4	5171126.29	0.264079
21654139.54	5171106.28	0.154022
21654211.69	5171086.27	0.190151
21654283.84	5171066.27	0.18534
21654355.98	5171046.26	0.179816
21654428.13	5171026.25	0.199006
21654500.28	5171006.24	0.134926
21654572.42	5170986.23	0.126505
21654644.57	5170966.23	0.232454
21654716.72	5170946.22	0.277417
21654788.86	5170926.21	0.311285
21654861.01	5170906.2	0.29669
21654933.16	5170886.19	0.301555
21655005.3	5170866.18	0.294169
21655077.45	5170846.18	0.274493
21655149.6	5170826.17	0.253531
21655221.74	5170806.16	0.163402
21655293.89	5170786.15	0.175056
21655366.04	5170766.14	0.188238
21655438.18	5170746.14	0.211003
21655510.33	5170726.13	0
21655582.48	5170706.12	0.104946
21655654.62	5170686.11	0.250441
21655726.77	5170666.1	0.282821
21655798.92	5170646.1	0.257973
21655871.06	5170626.09	0.171408
21655943.21	5170606.08	0.108857
21656015.36	5170586.07	0.0911547
21656087.5	5170566.06	0.0940776
21656159.65	5170546.06	0.226103
21656231.8	5170526.05	0.302754
21656303.94	5170506.04	0.266502
21656376.09	5170486.03	0.183257
21656448.24	5170466.02	0.256275
21656520.38	5170446.02	0.249424
21656592.53	5170426.01	0.197016
21656664.68	5170406	0.255895
21656736.82	5170385.99	0.286677
21656808.97	5170365.98	0.280144
21656881.12	5170345.98	0.265091
21656953.26	5170325.97	0.198523
21657025.41	5170305.96	0.146229
21657097.56	5170285.95	0
21657169.7	5170265.94	0
21657241.85	5170245.94	0.202513
21657314	5170225.93	0.238091
21657386.14	5170205.92	0.140162
21657458.29	5170185.91	0
21657530.44	5170165.9	0
21657602.58	5170145.9	0
21657674.73	5170125.89	0
21657746.88	5170105.88	0
21657819.02	5170085.87	0
21657891.17	5170065.86	0
21657963.32	5170045.85	0
21658035.46	5170025.85	0.0747935
21658107.61	5170005.84	0.227004
21658179.76	5169985.83	0.282009
21658251.9	5169965.82	0.303353
21658324.05	5169945.81	0.300495
21658396.2	5169925.81	0.276363
21658468.34	5169905.8	0.262987
21658540.49	5169885.79	0.1308
21658612.64	5169865.78	0.106526
21658684.78	5169845.77	0.132778
21658756.93	5169825.77	0.0813543
21658829.08	5169805.76	0
21658901.22	5169785.75	0
21658973.37	5169765.74	0
21659045.52	5169745.73	0
21653293.41	5171417.15	0.288368
21653365.55	5171397.14	0.278958
21653437.7	5171377.13	0.299956
21653509.85	5171357.12	0.291583
21653581.99	5171337.12	0.290122
21653654.14	5171317.11	0.275613
21653726.29	5171297.1	0.275554
21653798.43	5171277.09	0.195731
21653870.58	5171257.08	0.16533
21653942.73	5171237.08	0.197404
21654014.87	5171217.07	0.210493
21654087.02	5171197.06	0.238669
21654159.17	5171177.05	0.233184
21654231.32	5171157.04	0.229797
21654303.46	5171137.04	0.298119
21654375.61	5171117.03	0.234931
21654447.76	5171097.02	0.250279
21654519.9	5171077.01	0.268334
21654592.05	5171057	0.246186
21654664.2	5171037	0.251984
21654736.34	5171016.99	0.266905
21654808.49	5170996.98	0.289504
21654880.64	5170976.97	0.297296
21654952.78	5170956.96	0.301212
21655024.93	5170936.96	0.295545
21655097.08	5170916.95	0.286861
21655169.22	5170896.94	0.252332
21655241.37	5170876.93	0.171456
21655313.52	5170856.92	0.0609936
21655385.66	5170836.92	0
21655457.81	5170816.91	0
21655529.96	5170796.9	0
21655602.1	5170776.89	0.143075
21655674.25	5170756.88	0.224471
21655746.4	5170736.88	0.257587
21655818.54	5170716.87	0.230767
21655890.69	5170696.86	0.13915
21655962.84	5170676.85	0.043736
21656034.98	5170656.84	0.109142
21656107.13	5170636.83	0.153383
21656179.28	5170616.83	0.200837
21656251.42	5170596.82	0.229963
21656323.57	5170576.81	0.287296
21656395.72	5170556.8	0.254266
21656467.86	5170536.79	0.167456
21656540.01	5170516.79	0.136684
21656612.16	5170496.78	0.116418
21656684.3	5170476.77	0.256562
21656756.45	5170456.76	0.280174
21656828.6	5170436.75	0.268491
21656900.74	5170416.75	0.247113
21656972.89	5170396.74	0.18165
21657045.04	5170376.73	0.235073
21657117.18	5170356.72	0.267872
21657189.33	5170336.71	0.241193
21657261.48	5170316.71	0.252245
21657333.62	5170296.7	0.258961
21657405.77	5170276.69	0.208701
21657477.92	5170256.68	0.118919
21657550.06	5170236.67	0
21657622.21	5170216.67	0
21657694.36	5170196.66	0
21657766.5	5170176.65	0
21657838.65	5170156.64	0
21657910.8	5170136.63	0.0527739
21657982.94	5170116.63	0.0886389
21658055.09	5170096.62	0.160871
21658127.24	5170076.61	0.222217
21658199.38	5170056.6	0.25249
21658271.53	5170036.59	0.258215
21658343.68	5170016.59	0.288424
21658415.82	5169996.58	0.320906
21658487.97	5169976.57	0.267757
21658560.12	5169956.56	0
21658632.26	5169936.55	0.108263
21658704.41	5169916.55	0.0818249
21658776.56	5169896.54	0.0844786
21658848.7	5169876.53	0
21658920.85	5169856.52	0
21658993	5169836.51	0
21659065.14	5169816.5	0
21653313.03	5171487.92	0.238026
21653385.18	5171467.91	0.25847
21653457.33	5171447.9	0.268573
21653529.47	5171427.9	0.26733
21653601.62	5171407.89	0.283231
21653673.77	5171387.88	0.290362
21653745.91	5171367.87	0.284125
21653818.06	5171347.86	0.207519
21653890.21	5171327.86	0.0516933
21653962.35	5171307.85	0.120709
21654034.5	5171287.84	0.202378
21654106.65	5171267.83	0.240994
21654178.79	5171247.82	0.266747
21654250.94	5171227.82	0.258134
21654323.09	5171207.81	0.243013
21654395.23	5171187.8	0.24713
21654467.38	5171167.79	0.245269
21654539.53	5171147.78	0.257225
21654611.67	5171127.77	0.262813
21654683.82	5171107.77	0.259736
21654755.97	5171087.76	0.27979
21654828.12	5171067.75	0.287003
21654900.26	5171047.74	0.2951
21654972.41	5171027.73	0.290627
21655044.56	5171007.73	0.270609
21655116.7	5170987.72	0.251968
21655188.85	5170967.71	0.166264
21655261	5170947.7	0
21655333.14	5170927.69	0
21655405.29	5170907.69	0
21655477.44	5170887.68	0
21655549.58	5170867.67	0
21655621.73	5170847.66	0.160304
21655693.88	5170827.65	0.226376
21655766.02	5170807.65	0.253762
21655838.17	5170787.64	0.25173
21655910.32	5170767.63	0.129881
21655982.46	5170747.62	0.0589701
21656054.61	5170727.61	0.191358
21656126.76	5170707.61	0.221536
21656198.9	5170687.6	0.269308
21656271.05	5170667.59	0.210078
21656343.2	5170647.58	0.126289
21656415.34	5170627.57	0.138666
21656487.49	5170607.57	0.123978
21656559.64	5170587.56	0.202048
21656631.78	5170567.55	0.262883
21656703.93	5170547.54	0.273644
21656776.08	5170527.53	0.278274
21656848.22	5170507.53	0.277283
21656920.37	5170487.52	0.217356
21656992.52	5170467.51	0.157636
21657064.66	5170447.5	0.310442
21657136.81	5170427.49	0.310609
21657208.96	5170407.48	0.281346
21657281.1	5170387.48	0.262201
21657353.25	5170367.47	0.286303
21657425.4	5170347.46	0.193818
21657497.54	5170327.45	0.116404
21657569.69	5170307.44	0.0947399
21657641.84	5170287.44	0
21657713.98	5170267.43	0
21657786.13	5170247.42	0
21657858.28	5170227.41	0.0949172
21657930.42	5170207.4	0.13691
21658002.57	5170187.4	0.178167
21658074.72	5170167.39	0.214501
21658146.86	5170147.38	0.26501
21658219.01	5170127.37	0.26392
21658291.16	5170107.36	0.269089
21658363.3	5170087.36	0.261815
21658435.45	5170067.35	0.282052
21658507.6	5170047.34	0
21658579.74	5170027.33	0
21658651.89	5170007.32	0.049984
21658724.04	5169987.32	0.049985
21658796.18	5169967.31	0.0920014
21658868.33	5169947.3	0.0659566
21658940.48	5169927.29	0.0499894
21659012.62	5169907.28	0.0499906
21659084.77	5169887.28	0.0499915
21653260.51	5171578.7	0.226693
21653332.66	5171558.69	0.276142
21653404.81	5171538.68	0.256569
21653476.95	5171518.67	0.259832
21653549.1	5171498.67	0.25519
21653621.25	5171478.66	0.194313
21653693.39	5171458.65	0.237982
21653765.54	5171438.64	0.287704
21653837.69	5171418.63	0.234191
21653909.83	5171398.63	0.0993192
21653981.98	5171378.62	0.132863
21654054.13	5171358.61	0.201823
21654126.27	5171338.6	0.267323
21654198.42	5171318.59	0.235413
21654270.57	5171298.59	0.224861
21654342.71	5171278.58	0.234291
21654414.86	5171258.57	0.277663
21654487.01	5171238.56	0.2936
21654559.15	5171218.55	0.287328
21654631.3	5171198.55	0.274623
21654703.45	5171178.54	0.28597
21654775.59	5171158.53	0.294863
21654847.74	5171138.52	0.300086
21654919.89	5171118.51	0.303936
21654992.04	5171098.51	0.295199
21655064.18	5171078.5	0.270949
21655136.33	5171058.49	0.23242
21655208.48	5171038.48	0
21655280.62	5171018.47	0.0753261
21655352.77	5170998.47	0.0843339
21655424.92	5170978.46	0
21655497.06	5170958.45	0
21655569.21	5170938.44	0
21655641.36	5170918.43	0.161126
21655713.5	5170898.42	0.241559
21655785.65	5170878.42	0.291127
21655857.8	5170858.41	0.284438
21655929.94	5170838.4	0.176834
21656002.09	5170818.39	0.237165
21656074.24	5170798.38	0.28021
21656146.38	5170778.38	0.261133
21656218.53	5170758.37	0.244698
21656290.68	5170738.36	0.144235
21656362.82	5170718.35	0.0676158
21656434.97	5170698.34	0.0912737
21656507.12	5170678.34	0.25261
21656579.26	5170658.33	0.261328
21656651.41	5170638.32	0.273358
21656723.56	5170618.31	0.288453
21656795.7	5170598.3	0.282638
21656867.85	5170578.3	0.176287
21656940	5170558.29	0.128233
21657012.14	5170538.28	0.121909
21657084.29	5170518.27	0.280584
21657156.44	5170498.26	0.308522
21657228.58	5170478.26	0.272341
21657300.73	5170458.25	0.269076
21657372.88	5170438.24	0.274839
21657445.02	5170418.23	0.202329
21657517.17	5170398.22	0.120622
21657589.32	5170378.22	0.122514
21657661.46	5170358.21	0.0769261
21657733.61	5170338.2	0
21657805.76	5170318.19	0.0698162
21657877.9	5170298.18	0.0801981
21657950.05	5170278.18	0.18357
21658022.2	5170258.17	0.165479
21658094.34	5170238.16	0.255936
21658166.49	5170218.15	0.29224
21658238.64	5170198.14	0.318891
21658310.78	5170178.13	0.256758
21658382.93	5170158.13	0.146886
21658455.08	5170138.12	0.0991671
21658527.22	5170118.11	0.141406
21658599.37	5170098.1	0
21658671.52	5170078.09	0
21658743.66	5170058.09	0
21658815.81	5170038.08	0.0879452
21658887.96	5170018.07	0.0926515
21658960.1	5169998.06	0.105329
21659032.25	5169978.05	0
21659104.4	5169958.05	0
21653280.14	5171649.47	0.230987
21653352.29	5171629.46	0.246436
21653424.43	5171609.45	0.252538
21653496.58	5171589.45	0.281297
21653568.73	5171569.44	0.262418
21653640.87	5171549.43	0.132068
21653713.02	5171529.42	0.105335
21653785.17	5171509.41	0.153911
21653857.31	5171489.4	0.144389
21653929.46	5171469.4	0.103271
21654001.61	5171449.39	0.142355
21654073.75	5171429.38	0.259787
21654145.9	5171409.37	0.287829
21654218.05	5171389.36	0.254594
21654290.19	5171369.36	0.274311
21654362.34	5171349.35	0.269676
21654434.49	5171329.34	0.274781
21654506.63	5171309.33	0.309047
21654578.78	5171289.32	0.298405
21654650.93	5171269.32	0.283915
21654723.07	5171249.31	0.282779
21654795.22	5171229.3	0.287658
21654867.37	5171209.29	0.296194
21654939.51	5171189.28	0.296049
21655011.66	5171169.28	0.29414
21655083.81	5171149.27	0.25726
21655155.95	5171129.26	0.143819
21655228.1	5171109.25	0.0860044
21655300.25	5171089.24	0.0965381
21655372.39	5171069.24	0.0848383
21655444.54	5171049.23	0
21655516.69	5171029.22	0
21655588.84	5171009.21	0.103605
21655660.98	5170989.2	0.233142
21655733.13	5170969.2	0.271477
21655805.28	5170949.19	0.296041
21655877.42	5170929.18	0.303197
21655949.57	5170909.17	0.258456
21656021.72	5170889.16	0.237718
21656093.86	5170869.16	0.252781
21656166.01	5170849.15	0.244195
21656238.16	5170829.14	0.181575
21656310.3	5170809.13	0.059951
21656382.45	5170789.12	0.120317
21656454.6	5170769.11	0.191782
21656526.74	5170749.11	0.236482
21656598.89	5170729.1	0.251551
21656671.04	5170709.09	0.287571
21656743.18	5170689.08	0.288637
21656815.33	5170669.07	0.254116
21656887.48	5170649.07	0.132874
21656959.62	5170629.06	0.10464
21657031.77	5170609.05	0.173058
21657103.92	5170589.04	0.235308
21657176.06	5170569.03	0.253722
21657248.21	5170549.03	0.245071
21657320.36	5170529.02	0.257527
21657392.5	5170509.01	0.262371
21657464.65	5170489	0.220057
21657536.8	5170468.99	0.152986
21657608.94	5170448.99	0.245068
21657681.09	5170428.98	0.252867
21657753.24	5170408.97	0.206604
21657825.38	5170388.96	0.202048
21657897.53	5170368.95	0.205416
21657969.68	5170348.95	0.170349
21658041.82	5170328.94	0.158625
21658113.97	5170308.93	0.21153
21658186.12	5170288.92	0.271035
21658258.26	5170268.91	0.218461
21658330.41	5170248.91	0.185944
21658402.56	5170228.9	0.153578
21658474.7	5170208.89	0.207019
21658546.85	5170188.88	0.181517
21658619	5170168.87	0.126567
21658691.14	5170148.87	0.071006
21658763.29	5170128.86	0.0968166
21658835.44	5170108.85	0.0880945
21658907.58	5170088.84	0.0827784
21658979.73	5170068.83	0.112639
21659051.88	5170048.83	0.0820718
21653299.77	5171720.24	0.208708
21653371.91	5171700.23	0.221819
21653444.06	5171680.22	0.248831
21653516.21	5171660.22	0.239819
21653588.35	5171640.21	0.191768
21653660.5	5171620.2	0.114598
21653732.65	5171600.19	0.103062
21653804.79	5171580.18	0.126778
21653876.94	5171560.18	0.0914902
21653949.09	5171540.17	0.181806
21654021.23	5171520.16	0.237956
21654093.38	5171500.15	0.322625
21654165.53	5171480.14	0.310734
21654237.67	5171460.14	0.280203
21654309.82	5171440.13	0.287306
21654381.97	5171420.12	0.280831
21654454.11	5171400.11	0.283736
21654526.26	5171380.1	0.296475
21654598.41	5171360.09	0.296936
21654670.55	5171340.09	0.287157
21654742.7	5171320.08	0.290101
21654814.85	5171300.07	0.288072
21654886.99	5171280.06	0.287842
21654959.14	5171260.05	0.273782
21655031.29	5171240.05	0.204829
21655103.43	5171220.04	0.148669
21655175.58	5171200.03	0.116413
21655247.73	5171180.02	0.0834719
21655319.87	5171160.01	0.0624944
21655392.02	5171140.01	0.0650558
21655464.17	5171120	0.125379
21655536.31	5171099.99	0.214308
21655608.46	5171079.98	0.22229
21655680.61	5171059.97	0.270375
21655752.76	5171039.97	0.285816
21655824.9	5171019.96	0.291167
21655897.05	5170999.95	0.292178
21655969.2	5170979.94	0.288596
21656041.34	5170959.93	0.276455
21656113.49	5170939.93	0.254229
21656185.64	5170919.92	0.188308
21656257.78	5170899.91	0.100828
21656329.93	5170879.9	0.122224
21656402.08	5170859.89	0.254477
21656474.22	5170839.89	0.275822
21656546.37	5170819.88	0.272552
21656618.52	5170799.87	0.281414
21656690.66	5170779.86	0.284179
21656762.81	5170759.85	0.2835
21656834.96	5170739.85	0.238322
21656907.1	5170719.84	0.132633
21656979.25	5170699.83	0
21657051.4	5170679.82	0.205409
21657123.54	5170659.81	0.246282
21657195.69	5170639.81	0.235901
21657267.84	5170619.8	0.238108
21657339.98	5170599.79	0.25566
21657412.13	5170579.78	0.265379
21657484.28	5170559.77	0.249446
21657556.42	5170539.76	0.235845
21657628.57	5170519.76	0.262868
21657700.72	5170499.75	0.27557
21657772.86	5170479.74	0.236808
21657845.01	5170459.73	0.206076
21657917.16	5170439.72	0.138768
21657989.3	5170419.72	0.187059
21658061.45	5170399.71	0.127114
21658133.6	5170379.7	0.196539
21658205.74	5170359.69	0.254567
21658277.89	5170339.68	0.198545
21658350.04	5170319.68	0.200168
21658422.18	5170299.67	0.140346
21658494.33	5170279.66	0.192621
21658566.48	5170259.65	0.121586
21658638.62	5170239.64	0.105122
21658710.77	5170219.64	0
21658782.92	5170199.63	0
21658855.06	5170179.62	0
21658927.21	5170159.61	0.046534
21658999.36	5170139.6	0.0651102
21659071.5	5170119.6	0.056778
21653247.25	5171811.02	0.0731174
21653319.39	5171791.01	0.091589
21653391.54	5171771	0.0961935
21653463.69	5171750.99	0.219477
21653535.83	5171730.99	0.197292
21653607.98	5171710.98	0.17126
21653680.13	5171690.97	0.121677
21653752.27	5171670.96	0.100751
21653824.42	5171650.95	0.0926417
21653896.57	5171630.95	0.115465
21653968.71	5171610.94	0.17188
21654040.86	5171590.93	0.306875
21654113.01	5171570.92	0.323688
21654185.15	5171550.91	0.338785
21654257.3	5171530.91	0.291996
21654329.45	5171510.9	0.286591
21654401.59	5171490.89	0.28224
21654473.74	5171470.88	0.313624
21654545.89	5171450.87	0.256549
21654618.03	5171430.87	0.251365
21654690.18	5171410.86	0.265504
21654762.33	5171390.85	0.275697
21654834.47	5171370.84	0.284848
21654906.62	5171350.83	0.277151
21654978.77	5171330.83	0.171411
21655050.91	5171310.82	0.0925097
21655123.06	5171290.81	0.033839
21655195.21	5171270.8	0.0417011
21655267.35	5171250.79	0.0385021
21655339.5	5171230.79	0.0651675
21655411.65	5171210.78	0.177187
21655483.79	5171190.77	0.228689
21655555.94	5171170.76	0.278509
21655628.09	5171150.75	0.280455
21655700.23	5171130.74	0.28907
21655772.38	5171110.74	0.298736
21655844.53	5171090.73	0.297791
21655916.67	5171070.72	0.294606
21655988.82	5171050.71	0.297574
21656060.97	5171030.7	0.298848
21656133.11	5171010.7	0.282192
21656205.26	5170990.69	0.247589
21656277.41	5170970.68	0.245848
21656349.56	5170950.67	0.266761
21656421.7	5170930.66	0.295905
21656493.85	5170910.66	0.2938
21656566	5170890.65	0.29352
21656638.14	5170870.64	0.325226
21656710.29	5170850.63	0.318704
21656782.44	5170830.62	0.279872
21656854.58	5170810.62	0.284741
21656926.73	5170790.61	0.207622
21656998.88	5170770.6	0.224765
21657071.02	5170750.59	0.225914
21657143.17	5170730.58	0.241681
21657215.32	5170710.58	0.229765
21657287.46	5170690.57	0.261257
21657359.61	5170670.56	0.273962
21657431.76	5170650.55	0.271144
21657503.9	5170630.54	0.24827
21657576.05	5170610.54	0.224745
21657648.2	5170590.53	0.25606
21657720.34	5170570.52	0.153093
21657792.49	5170550.51	0.25288
21657864.64	5170530.5	0.112384
21657936.78	5170510.5	0
21658008.93	5170490.49	0.0808072
21658081.08	5170470.48	0.0748413
21658153.22	5170450.47	0.221082
21658225.37	5170430.46	0.272031
21658297.52	5170410.46	0.261768
21658369.66	5170390.45	0.259472
21658441.81	5170370.44	0.247234
21658513.96	5170350.43	0.11799
21658586.1	5170330.42	0.0981921
21658658.25	5170310.41	0
21658730.4	5170290.41	0.192573
21658802.54	5170270.4	0
21658874.69	5170250.39	0
21658946.84	5170230.38	0.0858489
21659018.98	5170210.37	0.0499894
21659091.13	5170190.37	0.0607657
21653266.87	5171881.79	0.0646141
21653339.02	5171861.78	0.0720971
21653411.17	5171841.77	0.131227
21653483.31	5171821.77	0.238584
21653555.46	5171801.76	0.262563
21653627.61	5171781.75	0.271983
21653699.75	5171761.74	0.15289
21653771.9	5171741.73	0.149064
21653844.05	5171721.73	0.128677
21653916.19	5171701.72	0.150984
21653988.34	5171681.71	0.179085
21654060.49	5171661.7	0.290429
21654132.63	5171641.69	0.329801
21654204.78	5171621.68	0.334451
21654276.93	5171601.68	0.318528
21654349.07	5171581.67	0.289081
21654421.22	5171561.66	0.269587
21654493.37	5171541.65	0.302636
21654565.51	5171521.64	0.265952
21654637.66	5171501.64	0.21758
21654709.81	5171481.63	0.193
21654781.95	5171461.62	0.25454
21654854.1	5171441.61	0.255544
21654926.25	5171421.6	0.259271
21654998.39	5171401.6	0.137342
21655070.54	5171381.59	0.0478494
21655142.69	5171361.58	0.034213
21655214.83	5171341.57	0.0341866
21655286.98	5171321.56	0.0445875
21655359.13	5171301.56	0.103942
21655431.27	5171281.55	0.246786
21655503.42	5171261.54	0.302105
21655575.57	5171241.53	0.318148
21655647.71	5171221.52	0.288175
21655719.86	5171201.52	0.289637
21655792.01	5171181.51	0.295357
21655864.15	5171161.5	0.295518
21655936.3	5171141.49	0.305365
21656008.45	5171121.48	0.312394
21656080.59	5171101.48	0.31669
21656152.74	5171081.47	0.312673
21656224.89	5171061.46	0.314123
21656297.03	5171041.45	0.319616
21656369.18	5171021.44	0.321993
21656441.33	5171001.44	0.314254
21656513.48	5170981.43	0.304205
21656585.62	5170961.42	0.296484
21656657.77	5170941.41	0.332505
21656729.91	5170921.4	0.333437
21656802.06	5170901.39	0.311761
21656874.21	5170881.39	0.282953
21656946.36	5170861.38	0.2545
21657018.5	5170841.37	0.263857
21657090.65	5170821.36	0.257349
21657162.8	5170801.35	0.266292
21657234.94	5170781.35	0.260425
21657307.09	5170761.34	0.253615
21657379.24	5170741.33	0.250422
21657451.38	5170721.32	0.257156
21657523.53	5170701.31	0.261924
21657595.68	5170681.31	0.242598
21657667.82	5170661.3	0.0849421
21657739.97	5170641.29	0
21657812.12	5170621.28	0
21657884.26	5170601.27	0
21657956.41	5170581.27	0
21658028.56	5170561.26	0
21658100.7	5170541.25	0
21658172.85	5170521.24	0.283649
21658245	5170501.23	0.338937
21658317.14	5170481.23	0.321736
21658389.29	5170461.22	0.274578
21658461.44	5170441.21	0.269476
21658533.58	5170421.2	0.143484
21658605.73	5170401.19	0.0962787
21658677.88	5170381.19	0.092569
21658750.02	5170361.18	0.103681
21658822.17	5170341.17	0.0616949
21658894.32	5170321.16	0
21658966.46	5170301.15	0
21659038.61	5170281.15	0
21653286.5	5171952.56	0.0805703
21653358.65	5171932.55	0.0968038
21653430.79	5171912.54	0.152675
21653502.94	5171892.54	0.202677
21653575.09	5171872.53	0.25505
21653647.23	5171852.52	0.249868
21653719.38	5171832.51	0.23135
21653791.53	5171812.5	0.196742
21653863.67	5171792.5	0.19155
21653935.82	5171772.49	0.194492
21654007.97	5171752.48	0.228702
21654080.11	5171732.47	0.293203
21654152.26	5171712.46	0.333798
21654224.41	5171692.46	0.342617
21654296.55	5171672.45	0.342749
21654368.7	5171652.44	0.280445
21654440.85	5171632.43	0.268122
21654512.99	5171612.42	0.280471
21654585.14	5171592.42	0.298472
21654657.29	5171572.41	0.223257
21654729.43	5171552.4	0.196103
21654801.58	5171532.39	0.244349
21654873.73	5171512.38	0.241098
21654945.87	5171492.37	0.228239
21655018.02	5171472.37	0.148081
21655090.17	5171452.36	0.048345
21655162.31	5171432.35	0.0368228
21655234.46	5171412.34	0.04708
21655306.61	5171392.33	0.05824
21655378.75	5171372.33	0.157023
21655450.9	5171352.32	0.288432
21655523.05	5171332.31	0.307558
21655595.19	5171312.3	0.289815
21655667.34	5171292.29	0.27582
21655739.49	5171272.29	0.258668
21655811.63	5171252.28	0.285194
21655883.78	5171232.27	0.296769
21655955.93	5171212.26	0.303865
21656028.07	5171192.25	0.311302
21656100.22	5171172.25	0.319523
21656172.37	5171152.24	0.321162
21656244.51	5171132.23	0.319253
21656316.66	5171112.22	0.322553
21656388.81	5171092.21	0.323467
21656460.95	5171072.21	0.319249
21656533.1	5171052.2	0.308998
21656605.25	5171032.19	0.307887
21656677.39	5171012.18	0.322943
21656749.54	5170992.17	0.296266
21656821.69	5170972.17	0.311809
21656893.84	5170952.16	0.264259
21656965.98	5170932.15	0.268339
21657038.13	5170912.14	0.25971
21657110.27	5170892.13	0.258963
21657182.42	5170872.13	0.258949
21657254.57	5170852.12	0.260602
21657326.72	5170832.11	0.260828
21657398.86	5170812.1	0.250312
21657471.01	5170792.09	0.250413
21657543.16	5170772.09	0.241596
21657615.3	5170752.08	0.199607
21657687.45	5170732.07	0.145398
21657759.6	5170712.06	0
21657831.74	5170692.05	0
21657903.89	5170672.04	0
21657976.04	5170652.04	0
21658048.18	5170632.03	0
21658120.33	5170612.02	0
21658192.48	5170592.01	0
21658264.62	5170572	0
21658336.77	5170552	0
21658408.92	5170531.99	0.299186
21658481.06	5170511.98	0.275118
21658553.21	5170491.97	0.220483
21658625.36	5170471.96	0.143889
21658697.5	5170451.96	0.106022
21658769.65	5170431.95	0.09884
21658841.8	5170411.94	0.0838597
21658913.94	5170391.93	0.0704266
21658986.09	5170371.92	0.064516
21659058.24	5170351.92	0
21653306.13	5172023.33	0.253415
21653378.27	5172003.32	0.170852
21653450.42	5171983.31	0.179182
21653522.57	5171963.31	0.209577
21653594.71	5171943.3	0.26723
21653666.86	5171923.29	0.297682
21653739.01	5171903.28	0.239341
21653811.15	5171883.27	0.227187
21653883.3	5171863.27	0.215786
21653955.45	5171843.26	0.193712
21654027.59	5171823.25	0.206929
21654099.74	5171803.24	0.306523
21654171.89	5171783.23	0.34251
21654244.03	5171763.23	0.342937
21654316.18	5171743.22	0.338405
21654388.33	5171723.21	0.285642
21654460.47	5171703.2	0.270053
21654532.62	5171683.19	0.297924
21654604.77	5171663.19	0.263109
21654676.91	5171643.18	0.204033
21654749.06	5171623.17	0.152731
21654821.21	5171603.16	0.159966
21654893.35	5171583.15	0.175738
21654965.5	5171563.15	0.17335
21655037.65	5171543.14	0.126647
21655109.79	5171523.13	0.0544488
21655181.94	5171503.12	0.0500284
21655254.09	5171483.11	0.0576437
21655326.23	5171463.11	0.0630613
21655398.38	5171443.1	0.129448
21655470.53	5171423.09	0.277541
21655542.67	5171403.08	0.271261
21655614.82	5171383.07	0.274581
21655686.97	5171363.07	0.268595
21655759.11	5171343.06	0.281931
21655831.26	5171323.05	0.294101
21655903.41	5171303.04	0.29446
21655975.55	5171283.03	0.302758
21656047.7	5171263.02	0.311771
21656119.85	5171243.02	0.315162
21656191.99	5171223.01	0.319586
21656264.14	5171203	0.32095
21656336.29	5171182.99	0.320397
21656408.43	5171162.98	0.319937
21656480.58	5171142.98	0.315079
21656552.73	5171122.97	0.306993
21656624.87	5171102.96	0.319363
21656697.02	5171082.95	0.302898
21656769.17	5171062.94	0.256879
21656841.31	5171042.94	0.288926
21656913.46	5171022.93	0.266732
21656985.61	5171002.92	0.245238
21657057.75	5170982.91	0.244415
21657129.9	5170962.9	0.222341
21657202.05	5170942.9	0.230912
21657274.19	5170922.89	0.233855
21657346.34	5170902.88	0.243644
21657418.49	5170882.87	0.248131
21657490.64	5170862.86	0.244615
21657562.78	5170842.86	0.218269
21657634.93	5170822.85	0.197703
21657707.08	5170802.84	0.212245
21657779.22	5170782.83	0.255211
21657851.37	5170762.82	0.226624
21657923.52	5170742.82	0.0696555
21657995.66	5170722.81	0.0333138
21658067.81	5170702.8	0
21658139.96	5170682.79	0
21658212.1	5170662.78	0
21658284.25	5170642.78	0
21658356.4	5170622.77	0
21658428.54	5170602.76	0
21658500.69	5170582.75	0.263439
21658572.84	5170562.74	0.252864
21658644.98	5170542.74	0.21741
21658717.13	5170522.73	0.168846
21658789.28	5170502.72	0.134657
21658861.42	5170482.71	0.100074
21658933.57	5170462.7	0.0758272
21659005.72	5170442.69	0.0856521
21659077.86	5170422.69	0
21653253.61	5172114.11	0.270947
21653325.75	5172094.1	0.243874
21653397.9	5172074.09	0.205261
21653470.05	5172054.09	0.237582
21653542.19	5172034.08	0.224861
21653614.34	5172014.07	0
21653686.49	5171994.06	0.190038
21653758.63	5171974.05	0.192697
21653830.78	5171954.05	0.212289
21653902.93	5171934.04	0.20436
21653975.07	5171914.03	0.189818
21654047.22	5171894.02	0
21654119.37	5171874.01	0.321014
21654191.51	5171854	0.347778
21654263.66	5171834	0.347587
21654335.81	5171813.99	0.344079
21654407.95	5171793.98	0.289036
21654480.1	5171773.97	0.266871
21654552.25	5171753.96	0.258198
21654624.39	5171733.96	0.184134
21654696.54	5171713.95	0.192869
21654768.69	5171693.94	0.165768
21654840.83	5171673.93	0.169102
21654912.98	5171653.92	0.175511
21654985.13	5171633.92	0.164624
21655057.27	5171613.91	0.140123
21655129.42	5171593.9	0.0612386
21655201.57	5171573.89	0.0648335
21655273.71	5171553.88	0.0668443
21655345.86	5171533.88	0.0564931
21655418.01	5171513.87	0.108659
21655490.15	5171493.86	0.228996
21655562.3	5171473.85	0.242719
21655634.45	5171453.84	0.275677
21655706.59	5171433.84	0.279106
21655778.74	5171413.83	0.284221
21655850.89	5171393.82	0.288205
21655923.03	5171373.81	0.296646
21655995.18	5171353.8	0.301044
21656067.33	5171333.8	0.309991
21656139.47	5171313.79	0.315394
21656211.62	5171293.78	0.317997
21656283.77	5171273.77	0.323076
21656355.91	5171253.76	0.31431
21656428.06	5171233.76	0.313306
21656500.21	5171213.75	0.307346
21656572.35	5171193.74	0.304945
21656644.5	5171173.73	0.295993
21656716.65	5171153.72	0.28199
21656788.79	5171133.72	0.245204
21656860.94	5171113.71	0.237885
21656933.09	5171093.7	0.211365
21657005.23	5171073.69	0.213235
21657077.38	5171053.68	0.199425
21657149.53	5171033.67	0.197419
21657221.67	5171013.67	0.178663
21657293.82	5170993.66	0.125283
21657365.97	5170973.65	0.148263
21657438.11	5170953.64	0.193834
21657510.26	5170933.63	0.203548
21657582.41	5170913.63	0.194005
21657654.55	5170893.62	0.187809
21657726.7	5170873.61	0.243597
21657798.85	5170853.6	0.26684
21657870.99	5170833.59	0.227246
21657943.14	5170813.59	0.0880619
21658015.29	5170793.58	0.0624738
21658087.44	5170773.57	0
21658159.58	5170753.56	0
21658231.73	5170733.55	0
21658303.88	5170713.55	0
21658376.02	5170693.54	0
21658448.17	5170673.53	0
21658520.32	5170653.52	0.255674
21658592.46	5170633.51	0.281475
21658664.61	5170613.51	0.230653
21658736.76	5170593.5	0.226805
21658808.9	5170573.49	0.208195
21658881.05	5170553.48	0.0898104
21658953.2	5170533.47	0.0593433
21659025.34	5170513.47	0.0333262
21659097.49	5170493.46	0
21653273.23	5172184.88	0.203429
21653345.38	5172164.87	0.272927
21653417.53	5172144.86	0.281724
21653489.67	5172124.86	0.256703
21653561.82	5172104.85	0.267484
21653633.97	5172084.84	0.272749
21653706.11	5172064.83	0.176089
21653778.26	5172044.82	0.115115
21653850.41	5172024.82	0.135575
21653922.55	5172004.81	0.17278
21653994.7	5171984.8	0.207983
21654066.85	5171964.79	0
21654138.99	5171944.78	0.316723
21654211.14	5171924.78	0.32557
21654283.29	5171904.77	0.339906
21654355.43	5171884.76	0.337829
21654427.58	5171864.75	0.27638
21654499.73	5171844.74	0.24271
21654571.87	5171824.74	0.24078
21654644.02	5171804.73	0.148119
21654716.17	5171784.72	0.107787
21654788.31	5171764.71	0.142486
21654860.46	5171744.7	0.191672
21654932.61	5171724.7	0.175007
21655004.75	5171704.69	0.184944
21655076.9	5171684.68	0.132759
21655149.05	5171664.67	0.0743848
21655221.19	5171644.66	0.072965
21655293.34	5171624.65	0.0670365
21655365.49	5171604.65	0.0489861
21655437.63	5171584.64	0.193507
21655509.78	5171564.63	0.299706
21655581.93	5171544.62	0.291106
21655654.07	5171524.61	0.269721
21655726.22	5171504.61	0.283581
21655798.37	5171484.6	0.28725
21655870.51	5171464.59	0.288247
21655942.66	5171444.58	0.297444
21656014.81	5171424.57	0.30094
21656086.95	5171404.57	0.305553
21656159.1	5171384.56	0.310506
21656231.25	5171364.55	0.315515
21656303.39	5171344.54	0.317177
21656375.54	5171324.53	0.30647
21656447.69	5171304.53	0.298966
21656519.83	5171284.52	0.302291
21656591.98	5171264.51	0.306237
21656664.13	5171244.5	0.318223
21656736.27	5171224.49	0.331777
21656808.42	5171204.49	0.287241
21656880.57	5171184.48	0.265739
21656952.71	5171164.47	0.205943
21657024.86	5171144.46	0.180055
21657097.01	5171124.45	0.170047
21657169.15	5171104.45	0.161377
21657241.3	5171084.44	0.164687
21657313.45	5171064.43	0.138437
21657385.59	5171044.42	0.222947
21657457.74	5171024.41	0.248364
21657529.89	5171004.41	0.199757
21657602.03	5170984.4	0.190061
21657674.18	5170964.39	0.193275
21657746.33	5170944.38	0.275094
21657818.47	5170924.37	0.284184
21657890.62	5170904.36	0.251978
21657962.77	5170884.36	0.0683858
21658034.91	5170864.35	0.083551
21658107.06	5170844.34	0
21658179.21	5170824.33	0
21658251.36	5170804.32	0
21658323.5	5170784.32	0
21658395.65	5170764.31	0
21658467.8	5170744.3	0
21658539.94	5170724.29	0
21658612.09	5170704.28	0
21658684.24	5170684.28	0.191794
21658756.38	5170664.27	0.164846
21658828.53	5170644.26	0.104594
21658900.68	5170624.25	0.0877852
21658972.82	5170604.24	0.0338655
21659044.97	5170584.24	0.0356402
