21653307.22	5170346.33	0.257617
21653379.37	5170326.32	0.219054
21653451.52	5170306.31	0.121676
21653523.66	5170286.3	0.196534
21653595.81	5170266.29	0.178204
21653667.96	5170246.29	0.0457978
21653740.1	5170226.28	0
21653812.25	5170206.27	0.316645
21653884.4	5170186.26	0.233095
21653956.54	5170166.25	0.245768
21654028.69	5170146.25	0.115866
21654100.84	5170126.24	0.0904782
21654172.98	5170106.23	0.20832
21654245.13	5170086.22	0
21654317.28	5170066.21	0.250013
21654389.42	5170046.21	0.252955
21654461.57	5170026.2	0.177889
21654533.72	5170006.19	0.168086
21654605.86	5169986.18	0.194075
21654678.01	5169966.17	0.195167
21654750.16	5169946.17	0.20023
21654822.31	5169926.16	0.284129
21654894.45	5169906.15	0.250797
21654966.6	5169886.14	0.238246
21655038.75	5169866.13	0.243888
21655110.89	5169846.13	0.245827
21655183.04	5169826.12	0.29355
21655255.19	5169806.11	0.297156
21655327.33	5169786.1	0.26323
21655399.48	5169766.09	0.247633
21653254.7	5170437.11	0.234487
21653326.85	5170417.1	0.229233
21653399	5170397.09	0.199578
21653471.14	5170377.08	0.114697
21653543.29	5170357.07	0.122349
21653615.44	5170337.07	0.125173
21653687.58	5170317.06	0.133532
21653759.73	5170297.05	0
21653831.88	5170277.04	0.155603
21653904.02	5170257.03	0.116067
21653976.17	5170237.03	0.144762
21654048.32	5170217.02	0.0792958
21654120.46	5170197.01	0.0629607
21654192.61	5170177	0
21654264.76	5170156.99	0
21654336.9	5170136.98	0.240083
21654409.05	5170116.98	0.236312
21654481.2	5170096.97	0.13349
21654553.34	5170076.96	0.13252
21654625.49	5170056.95	0.164278
21654697.64	5170036.94	0.224736
21654769.78	5170016.94	0.245104
21654841.93	5169996.93	0.260439
21654914.08	5169976.92	0.270178
21654986.23	5169956.91	0.264734
21655058.37	5169936.9	0.281795
21655130.52	5169916.9	0.24831
21655202.66	5169896.89	0.297499
21655274.81	5169876.88	0.307914
21655346.96	5169856.87	0.282562
21655419.11	5169836.86	0.219009
21655491.25	5169816.86	0.118378
21655563.4	5169796.85	0.0965745
21655635.55	5169776.84	0.133551
21655707.69	5169756.83	0.185132
21655779.84	5169736.82	0.0746428
21655851.99	5169716.82	0.0762633
21655924.13	5169696.81	0
21655996.28	5169676.8	0.22851
21656068.43	5169656.79	0.134209
21656140.57	5169636.78	0.096774
21656212.72	5169616.78	0.1571
21656284.87	5169596.77	0.1139
21656357.01	5169576.76	0.0907627
21656429.16	5169556.75	0.149378
21656501.31	5169536.74	0.152742
21656573.45	5169516.74	0.240935
21656645.6	5169496.73	0.130149
21656717.75	5169476.72	0.0835094
21656789.89	5169456.71	0.128321
21656862.04	5169436.7	0.155802
21656934.19	5169416.69	0.0741807
21657006.33	5169396.69	0.0666583
21657078.48	5169376.68	0.153656
21657150.63	5169356.67	0.26023
21657222.77	5169336.66	0.290125
21657294.92	5169316.65	0.239817
21657367.07	5169296.65	0.251762
21657439.21	5169276.64	0.260575
21657511.36	5169256.63	0.293048
21657583.51	5169236.62	0.287316
21657655.65	5169216.61	0.279212
21657727.8	5169196.61	0.164679
21657799.95	5169176.6	0.155649
21657872.09	5169156.59	0.243874
21657944.24	5169136.58	0.283062
21658016.39	5169116.57	0.269475
21658088.53	5169096.57	0.265808
21658160.68	5169076.56	0.241188
21658232.83	5169056.55	0.223651
21658304.97	5169036.54	0.248867
21658377.12	5169016.53	0.272313
21658449.27	5168996.53	0.238314
21658521.41	5168976.52	0.23043
21658593.56	5168956.51	0.195754
21658665.71	5168936.5	0.215172
21658737.85	5168916.49	0.259119
21658810	5168896.49	0.202261
21658882.15	5168876.48	0.1907
21658954.29	5168856.47	0.193243
21659026.44	5168836.46	0.202833
21659098.59	5168816.45	0.275033
21653274.33	5170507.88	0.0704658
21653346.48	5170487.87	0.0911948
21653418.62	5170467.86	0.121938
21653490.77	5170447.85	0.14439
21653562.92	5170427.84	0.130402
21653635.06	5170407.84	0.103459
21653707.21	5170387.83	0.182859
21653779.36	5170367.82	0.196584
21653851.5	5170347.81	0.244015
21653923.65	5170327.8	0.12301
21653995.8	5170307.8	0.122819
21654067.94	5170287.79	0.170946
21654140.09	5170267.78	0.0699195
21654212.24	5170247.77	0
21654284.38	5170227.76	0
21654356.53	5170207.76	0
21654428.68	5170187.75	0
21654500.82	5170167.74	0.160707
21654572.97	5170147.73	0.2236
21654645.12	5170127.72	0.24616
21654717.26	5170107.72	0.277176
21654789.41	5170087.71	0.270779
21654861.56	5170067.7	0.251924
21654933.7	5170047.69	0.24857
21655005.85	5170027.68	0.260637
21655078	5170007.68	0.265313
21655150.14	5169987.67	0.280605
21655222.29	5169967.66	0.276694
21655294.44	5169947.65	0.297641
21655366.58	5169927.64	0.300486
21655438.73	5169907.63	0.2569
21655510.88	5169887.63	0.197212
21655583.03	5169867.62	0.192458
21655655.17	5169847.61	0.173011
21655727.32	5169827.6	0.251574
21655799.47	5169807.59	0.14235
21655871.61	5169787.59	0
21655943.76	5169767.58	0.0425377
21656015.91	5169747.57	0.143933
21656088.05	5169727.56	0.21933
21656160.2	5169707.55	0.193393
21656232.35	5169687.55	0.16131
21656304.49	5169667.54	0.131811
21656376.64	5169647.53	0.0395129
21656448.79	5169627.52	0.126236
21656520.93	5169607.51	0.138481
21656593.08	5169587.51	0.160528
21656665.23	5169567.5	0.0753891
21656737.37	5169547.49	0.0405304
21656809.52	5169527.48	0.0677107
21656881.67	5169507.47	0.134773
21656953.81	5169487.47	0.0985839
21657025.96	5169467.46	0.113255
21657098.11	5169447.45	0.198953
21657170.25	5169427.44	0.27606
21657242.4	5169407.43	0.269889
21657314.55	5169387.43	0.279246
21657386.69	5169367.42	0.286295
21657458.84	5169347.41	0.284211
21657530.99	5169327.4	0.276165
21657603.13	5169307.39	0.267208
21657675.28	5169287.39	0.269724
21657747.43	5169267.38	0.129546
21657819.57	5169247.37	0.102348
21657891.72	5169227.36	0.12794
21657963.87	5169207.35	0.250241
21658036.01	5169187.34	0.279082
21658108.16	5169167.34	0.26213
21658180.31	5169147.33	0.218312
21658252.45	5169127.32	0.179616
21658324.6	5169107.31	0.259053
21658396.75	5169087.3	0.244626
21658468.89	5169067.3	0.187721
21658541.04	5169047.29	0.129907
21658613.19	5169027.28	0.100181
21658685.33	5169007.27	0.18133
21658757.48	5168987.26	0.26171
21658829.63	5168967.26	0.19881
21658901.77	5168947.25	0.190481
21658973.92	5168927.24	0.194827
21659046.07	5168907.23	0.200729
21653293.96	5170578.65	0.165898
21653366.1	5170558.64	0.0956466
21653438.25	5170538.63	0.0906867
21653510.4	5170518.62	0.078576
21653582.54	5170498.61	0.0632736
21653654.69	5170478.61	0
21653726.84	5170458.6	0.177387
21653798.98	5170438.59	0.255217
21653871.13	5170418.58	0.210753
21653943.28	5170398.57	0.100666
21654015.42	5170378.57	0.134481
21654087.57	5170358.56	0.224466
21654159.72	5170338.55	0.225392
21654231.86	5170318.54	0.287904
21654304.01	5170298.53	0
21654376.16	5170278.53	0.0887733
21654448.3	5170258.52	0.078943
21654520.45	5170238.51	0.208938
21654592.6	5170218.5	0.251552
21654664.74	5170198.49	0.331738
21654736.89	5170178.49	0.289342
21654809.04	5170158.48	0.287167
21654881.18	5170138.47	0.288326
21654953.33	5170118.46	0.278124
21655025.48	5170098.45	0.251597
21655097.62	5170078.45	0.251299
21655169.77	5170058.44	0.254224
21655241.92	5170038.43	0.26452
21655314.06	5170018.42	0.312241
21655386.21	5169998.41	0.33971
21655458.36	5169978.41	0.271686
21655530.5	5169958.4	0.272119
21655602.65	5169938.39	0.308886
21655674.8	5169918.38	0.319488
21655746.95	5169898.37	0.294272
21655819.09	5169878.37	0.29336
21655891.24	5169858.36	0.185939
21655963.38	5169838.35	0.0933616
21656035.53	5169818.34	0.117597
21656107.68	5169798.33	0.243072
21656179.83	5169778.32	0.26198
21656251.97	5169758.32	0.23661
21656324.12	5169738.31	0.168493
21656396.27	5169718.3	0.137282
21656468.41	5169698.29	0.10665
21656540.56	5169678.28	0.0849135
21656612.71	5169658.28	0.148319
21656684.85	5169638.27	0.123724
21656757	5169618.26	0.092389
21656829.15	5169598.25	0.0829656
21656901.29	5169578.24	0.117014
21656973.44	5169558.24	0.107667
21657045.59	5169538.23	0.207324
21657117.73	5169518.22	0.266117
21657189.88	5169498.21	0.264397
21657262.03	5169478.2	0.257257
21657334.17	5169458.2	0.269556
21657406.32	5169438.19	0.283629
21657478.47	5169418.18	0.272345
21657550.61	5169398.17	0.262169
21657622.76	5169378.16	0.275835
21657694.91	5169358.16	0.279617
21657767.05	5169338.15	0.269551
21657839.2	5169318.14	0.271078
21657911.35	5169298.13	0.272232
21657983.49	5169278.12	0.270783
21658055.64	5169258.12	0.269589
21658127.79	5169238.11	0.281281
21658199.93	5169218.1	0.219924
21658272.08	5169198.09	0.17762
21658344.23	5169178.08	0.185088
21658416.37	5169158.08	0.160037
21658488.52	5169138.07	0.0536784
21658560.67	5169118.06	0.0576349
21658632.81	5169098.05	0.0604356
21658704.96	5169078.04	0.157239
21658777.11	5169058.03	0.261815
21658849.25	5169038.03	0.257588
21658921.4	5169018.02	0.243639
21658993.55	5168998.01	0.201499
21659065.69	5168978	0.196786
21653313.58	5170649.42	0.233795
21653385.73	5170629.41	0.135439
21653457.88	5170609.4	0
21653530.02	5170589.39	0.0499248
21653602.17	5170569.39	0
21653674.32	5170549.38	0.0561593
21653746.46	5170529.37	0.223176
21653818.61	5170509.36	0.243805
21653890.76	5170489.35	0.15804
21653962.9	5170469.35	0.174983
21654035.05	5170449.34	0.200595
21654107.2	5170429.33	0.255409
21654179.34	5170409.32	0.259665
21654251.49	5170389.31	0.220391
21654323.64	5170369.3	0.162557
21654395.78	5170349.3	0.201449
21654467.93	5170329.29	0.17066
21654540.08	5170309.28	0.237854
21654612.22	5170289.27	0.26842
21654684.37	5170269.26	0.322913
21654756.52	5170249.26	0.283857
21654828.66	5170229.25	0.288364
21654900.81	5170209.24	0.294594
21654972.96	5170189.23	0.288275
21655045.1	5170169.22	0.258765
21655117.25	5170149.22	0.251316
21655189.4	5170129.21	0.255583
21655261.54	5170109.2	0.274971
21655333.69	5170089.19	0.286047
21655405.84	5170069.18	0.288653
21655477.98	5170049.18	0.280439
21655550.13	5170029.17	0.276264
21655622.28	5170009.16	0.26484
21655694.42	5169989.15	0.291963
21655766.57	5169969.14	0.29984
21655838.72	5169949.14	0.305358
21655910.86	5169929.13	0.261271
21655983.01	5169909.12	0.243163
21656055.16	5169889.11	0.219507
21656127.3	5169869.1	0.24286
21656199.45	5169849.1	0.261414
21656271.6	5169829.09	0.253997
21656343.75	5169809.08	0.247221
21656415.89	5169789.07	0.263297
21656488.04	5169769.06	0.0849122
21656560.19	5169749.06	0.0849151
21656632.33	5169729.05	0.0875336
21656704.48	5169709.04	0.102385
21656776.63	5169689.03	0.131583
21656848.77	5169669.02	0.174755
21656920.92	5169649.02	0.188202
21656993.07	5169629.01	0.238888
21657065.21	5169609	0.257688
21657137.36	5169588.99	0.233726
21657209.51	5169568.98	0.196451
21657281.65	5169548.97	0.211202
21657353.8	5169528.97	0.171502
21657425.95	5169508.96	0.172673
21657498.09	5169488.95	0.213375
21657570.24	5169468.94	0.230605
21657642.39	5169448.93	0.251699
21657714.53	5169428.93	0.26134
21657786.68	5169408.92	0.274866
21657858.83	5169388.91	0.293697
21657930.97	5169368.9	0.291709
21658003.12	5169348.89	0.290164
21658075.27	5169328.89	0.255195
21658147.41	5169308.88	0.279013
21658219.56	5169288.87	0.26516
21658291.71	5169268.86	0.198108
21658363.85	5169248.85	0.166863
21658436	5169228.85	0.116143
21658508.15	5169208.84	0.084304
21658580.29	5169188.83	0.0499835
21658652.44	5169168.82	0.0896193
21658724.59	5169148.81	0.160981
21658796.73	5169128.81	0.252562
21658868.88	5169108.8	0.268684
21658941.03	5169088.79	0.265049
21659013.17	5169068.78	0.268255
21659085.32	5169048.77	0.266193
21653261.06	5170740.2	0.293368
21653333.21	5170720.19	0.267684
21653405.36	5170700.18	0.176963
21653477.5	5170680.17	0.0916303
21653549.65	5170660.16	0.0796413
21653621.8	5170640.16	0.06034
21653693.94	5170620.15	0.0631242
21653766.09	5170600.14	0.242103
21653838.24	5170580.13	0.252396
21653910.38	5170560.12	0.252923
21653982.53	5170540.12	0.259955
21654054.68	5170520.11	0.272453
21654126.82	5170500.1	0.242113
21654198.97	5170480.09	0.243062
21654271.12	5170460.08	0.256253
21654343.26	5170440.08	0.265043
21654415.41	5170420.07	0.243746
21654487.56	5170400.06	0.215076
21654559.7	5170380.05	0.188855
21654631.85	5170360.04	0.128116
21654704	5170340.04	0.302069
21654776.14	5170320.03	0.292192
21654848.29	5170300.02	0.290056
21654920.44	5170280.01	0.291206
21654992.58	5170260	0.314439
21655064.73	5170240	0.288495
21655136.88	5170219.99	0.282465
21655209.02	5170199.98	0.295088
21655281.17	5170179.97	0.298599
21655353.32	5170159.96	0.29085
21655425.46	5170139.95	0.286247
21655497.61	5170119.95	0.280228
21655569.76	5170099.94	0.252054
21655641.9	5170079.93	0.264434
21655714.05	5170059.92	0.271222
21655786.2	5170039.91	0.277227
21655858.34	5170019.91	0.289888
21655930.49	5169999.9	0.298354
21656002.64	5169979.89	0.294303
21656074.78	5169959.88	0.291663
21656146.93	5169939.87	0.278126
21656219.08	5169919.87	0.273492
21656291.22	5169899.86	0.249543
21656363.37	5169879.85	0.243795
21656435.52	5169859.84	0.250169
21656507.66	5169839.83	0.231384
21656579.81	5169819.83	0.209943
21656651.96	5169799.82	0.217969
21656724.1	5169779.81	0.103137
21656796.25	5169759.8	0.157157
21656868.4	5169739.79	0.231931
21656940.55	5169719.79	0.249777
21657012.69	5169699.78	0.24711
21657084.84	5169679.77	0.255241
21657156.99	5169659.76	0.174746
21657229.13	5169639.75	0.07239
21657301.28	5169619.75	0.0520732
21657373.43	5169599.74	0.0607636
21657445.57	5169579.73	0.0796767
21657517.72	5169559.72	0.117569
21657589.87	5169539.71	0.106924
21657662.01	5169519.71	0.164202
21657734.16	5169499.7	0.248766
21657806.31	5169479.69	0.27909
21657878.45	5169459.68	0.302118
21657950.6	5169439.67	0.299806
21658022.75	5169419.66	0.283828
21658094.89	5169399.66	0.299174
21658167.04	5169379.65	0.303208
21658239.19	5169359.64	0.248334
21658311.33	5169339.63	0.181089
21658383.48	5169319.62	0.187871
21658455.63	5169299.62	0.16003
21658527.77	5169279.61	0.101384
21658599.92	5169259.6	0.0614211
21658672.07	5169239.59	0.051023
21658744.21	5169219.58	0.100622
21658816.36	5169199.58	0.242967
21658888.51	5169179.57	0.257812
21658960.65	5169159.56	0.271325
21659032.8	5169139.55	0.271874
21659104.95	5169119.54	0.273478
21653280.69	5170810.97	0.295951
21653352.84	5170790.96	0.29141
21653424.98	5170770.95	0.224059
21653497.13	5170750.94	0.10379
21653569.28	5170730.93	0
21653641.42	5170710.93	0.087206
21653713.57	5170690.92	0.106506
21653785.72	5170670.91	0.0795865
21653857.86	5170650.9	0.261202
21653930.01	5170630.89	0.255038
21654002.16	5170610.89	0.248811
21654074.3	5170590.88	0.248208
21654146.45	5170570.87	0.250604
21654218.6	5170550.86	0.242794
21654290.74	5170530.85	0.295611
21654362.89	5170510.85	0.293146
21654435.04	5170490.84	0.258221
21654507.18	5170470.83	0.211689
21654579.33	5170450.82	0.126395
21654651.48	5170430.81	0.104872
21654723.62	5170410.81	0.271705
21654795.77	5170390.8	0.296846
21654867.92	5170370.79	0.290791
21654940.06	5170350.78	0.286914
21655012.21	5170330.77	0.296598
21655084.36	5170310.77	0.297132
21655156.5	5170290.76	0.288152
21655228.65	5170270.75	0.290649
21655300.8	5170250.74	0.259035
21655372.94	5170230.73	0.243026
21655445.09	5170210.73	0.260328
21655517.24	5170190.72	0.205042
21655589.38	5170170.71	0.265779
21655661.53	5170150.7	0.241849
21655733.68	5170130.69	0.209851
21655805.82	5170110.69	0.230777
21655877.97	5170090.68	0.281765
21655950.12	5170070.67	0.303402
21656022.26	5170050.66	0.305432
21656094.41	5170030.65	0.295028
21656166.56	5170010.65	0.290212
21656238.7	5169990.64	0.300632
21656310.85	5169970.63	0.273892
21656383	5169950.62	0.274584
21656455.14	5169930.61	0.268658
21656527.29	5169910.6	0.260381
21656599.44	5169890.6	0.278555
21656671.58	5169870.59	0.266377
21656743.73	5169850.58	0.235838
21656815.88	5169830.57	0
21656888.02	5169810.56	0.251277
21656960.17	5169790.56	0.228132
21657032.32	5169770.55	0.103579
21657104.47	5169750.54	0
21657176.61	5169730.53	0
21657248.76	5169710.52	0
21657320.91	5169690.52	0
21657393.05	5169670.51	0
21657465.2	5169650.5	0
21657537.35	5169630.49	0
21657609.49	5169610.48	0
21657681.64	5169590.48	0.071693
21657753.79	5169570.47	0.234683
21657825.93	5169550.46	0.276305
21657898.08	5169530.45	0.306271
21657970.23	5169510.44	0.301625
21658042.37	5169490.44	0.283234
21658114.52	5169470.43	0.304417
21658186.67	5169450.42	0.288113
21658258.81	5169430.41	0.255336
21658330.96	5169410.4	0.21315
21658403.11	5169390.4	0.175924
21658475.25	5169370.39	0.195692
21658547.4	5169350.38	0.106149
21658619.55	5169330.37	0.0593841
21658691.69	5169310.36	0.0523908
21658763.84	5169290.36	0.0858097
21658835.99	5169270.35	0.136297
21658908.13	5169250.34	0.239146
21658980.28	5169230.33	0.25655
21659052.43	5169210.32	0.247751
21653300.32	5170881.74	0.293406
21653372.46	5170861.73	0.284735
21653444.61	5170841.72	0.286589
21653516.76	5170821.71	0.276303
21653588.9	5170801.71	0.170185
21653661.05	5170781.7	0.13783
21653733.2	5170761.69	0.139991
21653805.34	5170741.68	0.0973166
21653877.49	5170721.67	0
21653949.64	5170701.67	0.279244
21654021.78	5170681.66	0.262372
21654093.93	5170661.65	0.262894
21654166.08	5170641.64	0.237221
21654238.22	5170621.63	0.227998
21654310.37	5170601.63	0.273959
21654382.52	5170581.62	0.275619
21654454.66	5170561.61	0.26214
21654526.81	5170541.6	0.143618
21654598.96	5170521.59	0
21654671.1	5170501.58	0.181246
21654743.25	5170481.58	0.1402
21654815.4	5170461.57	0.206514
21654887.54	5170441.56	0.268485
21654959.69	5170421.55	0.255856
21655031.84	5170401.54	0.285825
21655103.98	5170381.54	0.275015
21655176.13	5170361.53	0.273753
21655248.28	5170341.52	0.23478
21655320.42	5170321.51	0.063714
21655392.57	5170301.5	0.117624
21655464.72	5170281.5	0.131545
21655536.86	5170261.49	0.170123
21655609.01	5170241.48	0.260462
21655681.16	5170221.47	0.275487
21655753.3	5170201.46	0.281488
21655825.45	5170181.46	0.276767
21655897.6	5170161.45	0.289127
21655969.74	5170141.44	0.298114
21656041.89	5170121.43	0.306158
21656114.04	5170101.42	0.296506
21656186.18	5170081.42	0.289154
21656258.33	5170061.41	0.292953
21656330.48	5170041.4	0.297141
21656402.62	5170021.39	0.247085
21656474.77	5170001.38	0.277658
21656546.92	5169981.38	0.283409
21656619.06	5169961.37	0.27838
21656691.21	5169941.36	0.255601
21656763.36	5169921.35	0.234104
21656835.5	5169901.34	0
21656907.65	5169881.34	0
21656979.8	5169861.33	0
21657051.94	5169841.32	0
21657124.09	5169821.31	0
21657196.24	5169801.3	0
21657268.38	5169781.3	0
21657340.53	5169761.29	0
21657412.68	5169741.28	0
21657484.83	5169721.27	0
21657556.97	5169701.26	0
21657629.12	5169681.25	0
21657701.27	5169661.25	0
21657773.41	5169641.24	0.0979673
21657845.56	5169621.23	0.169386
21657917.71	5169601.22	0.249769
21657989.85	5169581.21	0.264217
21658062	5169561.21	0.273524
21658134.15	5169541.2	0.2622
21658206.29	5169521.19	0.264774
21658278.44	5169501.18	0.253719
21658350.59	5169481.17	0.249832
21658422.73	5169461.17	0.224304
21658494.88	5169441.16	0.211287
21658567.03	5169421.15	0.0439096
21658639.17	5169401.14	0.0333227
21658711.32	5169381.13	0.06018
21658783.47	5169361.13	0.0817694
21658855.61	5169341.12	0.0830897
21658927.76	5169321.11	0.105976
21658999.91	5169301.1	0.166615
21659072.05	5169281.09	0.242095
21653247.8	5170972.52	0.300458
21653319.94	5170952.51	0.300567
21653392.09	5170932.5	0.304111
21653464.24	5170912.49	0.307718
21653536.38	5170892.48	0.290069
21653608.53	5170872.48	0.240708
21653680.68	5170852.47	0.103008
21653752.82	5170832.46	0.116118
21653824.97	5170812.45	0
21653897.12	5170792.44	0.151978
21653969.26	5170772.44	0.195384
21654041.41	5170752.43	0.104558
21654113.56	5170732.42	0.186084
21654185.7	5170712.41	0.227113
21654257.85	5170692.4	0.214868
21654330	5170672.4	0.247931
21654402.14	5170652.39	0.259499
21654474.29	5170632.38	0.242532
21654546.44	5170612.37	0.214324
21654618.58	5170592.36	0.200541
21654690.73	5170572.36	0.200331
21654762.88	5170552.35	0
21654835.02	5170532.34	0.214641
21654907.17	5170512.33	0.185381
21654979.32	5170492.32	0.188172
21655051.46	5170472.32	0.159571
21655123.61	5170452.31	0.18441
21655195.76	5170432.3	0.203056
21655267.9	5170412.29	0.127063
21655340.05	5170392.28	0.0343818
21655412.2	5170372.28	0.0520436
21655484.34	5170352.27	0.049935
21655556.49	5170332.26	0.0640255
21655628.64	5170312.25	0.118779
21655700.78	5170292.24	0.214111
21655772.93	5170272.23	0.248745
21655845.08	5170252.23	0.288759
21655917.22	5170232.22	0.340603
21655989.37	5170212.21	0.303396
21656061.52	5170192.2	0.299559
21656133.66	5170172.19	0.29522
21656205.81	5170152.19	0.292648
21656277.96	5170132.18	0.287422
21656350.1	5170112.17	0.272002
21656422.25	5170092.16	0.197447
21656494.4	5170072.15	0.289308
21656566.54	5170052.15	0.290525
21656638.69	5170032.14	0.285912
21656710.84	5170012.13	0.211103
21656782.98	5169992.12	0.0373268
21656855.13	5169972.11	0
21656927.28	5169952.11	0
21656999.42	5169932.1	0
21657071.57	5169912.09	0
21657143.72	5169892.08	0
21657215.86	5169872.07	0
21657288.01	5169852.07	0
21657360.16	5169832.06	0.0845408
21657432.3	5169812.05	0.0819486
21657504.45	5169792.04	0
21657576.6	5169772.03	0
21657648.74	5169752.03	0
21657720.89	5169732.02	0
21657793.04	5169712.01	0
21657865.18	5169692	0
21657937.33	5169671.99	0
21658009.48	5169651.99	0.230419
21658081.63	5169631.98	0.253747
21658153.77	5169611.97	0.180696
21658225.92	5169591.96	0.191116
21658298.07	5169571.95	0.195742
21658370.21	5169551.94	0.259961
21658442.36	5169531.94	0.235903
21658514.51	5169511.93	0.190854
21658586.65	5169491.92	0
21658658.8	5169471.91	0
21658730.95	5169451.9	0.0953735
21658803.09	5169431.9	0.141199
21658875.24	5169411.89	0.137313
21658947.39	5169391.88	0.126584
21659019.53	5169371.87	0.160412
21659091.68	5169351.86	0.22554
21653267.42	5171043.29	0.298511
21653339.57	5171023.28	0.301026
21653411.72	5171003.27	0.303686
21653483.86	5170983.26	0.306434
21653556.01	5170963.26	0.291986
21653628.16	5170943.25	0.241994
21653700.3	5170923.24	0.163597
21653772.45	5170903.23	0.107091
21653844.6	5170883.22	0.175004
21653916.74	5170863.21	0.221722
21653988.89	5170843.21	0.217866
21654061.04	5170823.2	0.0596763
21654133.18	5170803.19	0.0499266
21654205.33	5170783.18	0.119659
21654277.48	5170763.17	0.218531
21654349.62	5170743.17	0.248891
21654421.77	5170723.16	0.282616
21654493.92	5170703.15	0.260553
21654566.06	5170683.14	0.267793
21654638.21	5170663.13	0.290515
21654710.36	5170643.13	0.235913
21654782.5	5170623.12	0.0887039
21654854.65	5170603.11	0
21654926.8	5170583.1	0.0885257
21654998.94	5170563.09	0.0894443
21655071.09	5170543.09	0.102801
21655143.24	5170523.08	0.0703046
21655215.38	5170503.07	0.116795
21655287.53	5170483.06	0.137535
21655359.68	5170463.05	0.0800241
21655431.82	5170443.05	0
21655503.97	5170423.04	0
21655576.12	5170403.03	0
21655648.26	5170383.02	0.0905378
21655720.41	5170363.01	0.120177
21655792.56	5170343.01	0.198488
21655864.7	5170323	0.292538
21655936.85	5170302.99	0.316742
21656009	5170282.98	0.306451
21656081.14	5170262.97	0.299498
21656153.29	5170242.97	0.294985
21656225.44	5170222.96	0.291752
21656297.58	5170202.95	0.288227
21656369.73	5170182.94	0.265404
21656441.88	5170162.93	0.252298
21656514.02	5170142.93	0.277572
21656586.17	5170122.92	0.277641
21656658.32	5170102.91	0.260698
21656730.46	5170082.9	0.175011
21656802.61	5170062.89	0.05756
21656874.76	5170042.88	0.224723
21656946.9	5170022.88	0.219471
21657019.05	5170002.87	0
21657091.2	5169982.86	0
21657163.34	5169962.85	0
21657235.49	5169942.84	0
21657307.64	5169922.84	0
21657379.78	5169902.83	0.0904976
21657451.93	5169882.82	0.0914836
21657524.08	5169862.81	0
21657596.22	5169842.8	0
21657668.37	5169822.8	0.041643
21657740.52	5169802.79	0.0405009
21657812.66	5169782.78	0.140597
21657884.81	5169762.77	0
21657956.96	5169742.76	0.218198
21658029.1	5169722.76	0.213415
21658101.25	5169702.75	0.0499742
21658173.4	5169682.74	0.0499762
21658245.54	5169662.73	0.0740203
21658317.69	5169642.72	0.178775
21658389.84	5169622.72	0.160958
21658461.99	5169602.71	0.133969
21658534.13	5169582.7	0.0492265
21658606.28	5169562.69	0
21658678.43	5169542.68	0
21658750.57	5169522.68	0
21658822.72	5169502.67	0.119539
21658894.87	5169482.66	0.140398
21658967.01	5169462.65	0.131977
21659039.16	5169442.64	0.185268
21659111.31	5169422.64	0.261426
21653287.05	5171114.06	0.293506
21653359.2	5171094.05	0.262726
21653431.34	5171074.04	0.262067
21653503.49	5171054.03	0.293165
21653575.64	5171034.03	0.291798
21653647.78	5171014.02	0.271946
21653719.93	5170994.01	0.141698
21653792.08	5170974	0.146625
21653864.22	5170953.99	0.252961
21653936.37	5170933.99	0.250124
21654008.52	5170913.98	0.177015
21654080.66	5170893.97	0.0624577
21654152.81	5170873.96	0
21654224.96	5170853.95	0
21654297.1	5170833.95	0.200363
21654369.25	5170813.94	0.24615
21654441.4	5170793.93	0.257123
21654513.54	5170773.92	0.29022
21654585.69	5170753.91	0.312428
21654657.84	5170733.91	0.331883
21654729.98	5170713.9	0.235354
21654802.13	5170693.89	0.15582
21654874.28	5170673.88	0.108985
21654946.42	5170653.87	0
21655018.57	5170633.86	0
21655090.72	5170613.86	0
21655162.86	5170593.85	0
21655235.01	5170573.84	0
21655307.16	5170553.83	0.104055
21655379.3	5170533.82	0
21655451.45	5170513.82	0
21655523.6	5170493.81	0
21655595.74	5170473.8	0
21655667.89	5170453.79	0
21655740.04	5170433.78	0
21655812.18	5170413.78	0.152819
21655884.33	5170393.77	0.265
21655956.48	5170373.76	0.27298
21656028.62	5170353.75	0.293305
21656100.77	5170333.74	0.296828
21656172.92	5170313.74	0.299352
21656245.06	5170293.73	0.292468
21656317.21	5170273.72	0.279169
21656389.36	5170253.71	0.280643
21656461.5	5170233.7	0.244574
21656533.65	5170213.7	0.250148
21656605.8	5170193.69	0.260092
21656677.94	5170173.68	0.262488
21656750.09	5170153.67	0.265175
21656822.24	5170133.66	0.204031
21656894.38	5170113.66	0.190555
21656966.53	5170093.65	0.109788
21657038.68	5170073.64	0.0744673
21657110.82	5170053.63	0
21657182.97	5170033.62	0
21657255.12	5170013.62	0
21657327.26	5169993.61	0
21657399.41	5169973.6	0.0555271
21657471.56	5169953.59	0
21657543.7	5169933.58	0
21657615.85	5169913.57	0
21657688	5169893.57	0.0499663
21657760.14	5169873.56	0.0664922
21657832.29	5169853.55	0.108442
21657904.44	5169833.54	0.187615
21657976.58	5169813.53	0.272324
21658048.73	5169793.53	0.269211
21658120.88	5169773.52	0.0945561
21658193.02	5169753.51	0.053684
21658265.17	5169733.5	0.0915317
21658337.32	5169713.49	0.142113
21658409.46	5169693.49	0.170324
21658481.61	5169673.48	0.107036
21658553.76	5169653.47	0
21658625.91	5169633.46	0
21658698.05	5169613.45	0
21658770.2	5169593.45	0
21658842.35	5169573.44	0.0875359
21658914.49	5169553.43	0.117328
21658986.64	5169533.42	0.175978
21659058.79	5169513.41	0
21653306.68	5171184.83	0.266572
21653378.82	5171164.82	0.0881771
21653450.97	5171144.81	0.209593
21653523.12	5171124.8	0.248432
21653595.26	5171104.8	0.294583
21653667.41	5171084.79	0.285221
21653739.56	5171064.78	0.16966
21653811.7	5171044.77	0.12628
21653883.85	5171024.76	0.235954
21653956	5171004.76	0.288603
21654028.14	5170984.75	0.170416
21654100.29	5170964.74	0.160647
21654172.44	5170944.73	0.13768
21654244.58	5170924.72	0.112092
21654316.73	5170904.72	0
21654388.88	5170884.71	0.221387
21654461.02	5170864.7	0.220122
21654533.17	5170844.69	0.198057
21654605.32	5170824.68	0.24336
21654677.46	5170804.68	0.204435
21654749.61	5170784.67	0.056963
21654821.76	5170764.66	0.176294
21654893.9	5170744.65	0.172188
21654966.05	5170724.64	0.128486
21655038.2	5170704.64	0
21655110.34	5170684.63	0
21655182.49	5170664.62	0
21655254.64	5170644.61	0
21655326.78	5170624.6	0.110104
21655398.93	5170604.6	0
21655471.08	5170584.59	0.0762604
21655543.22	5170564.58	0.197197
21655615.37	5170544.57	0.238973
21655687.52	5170524.56	0
21655759.66	5170504.56	0
21655831.81	5170484.55	0
21655903.96	5170464.54	0
21655976.1	5170444.53	0.0362614
21656048.25	5170424.52	0.271992
21656120.4	5170404.51	0.284855
21656192.54	5170384.51	0.288821
21656264.69	5170364.5	0.288904
21656336.84	5170344.49	0.285652
21656408.98	5170324.48	0.272045
21656481.13	5170304.47	0.258573
21656553.28	5170284.47	0.255239
21656625.42	5170264.46	0.249874
21656697.57	5170244.45	0.226738
21656769.72	5170224.44	0.256319
21656841.86	5170204.43	0.18393
21656914.01	5170184.43	0.134845
21656986.16	5170164.42	0.109826
21657058.3	5170144.41	0.0780504
21657130.45	5170124.4	0.0985728
21657202.6	5170104.39	0.088125
21657274.74	5170084.39	0
21657346.89	5170064.38	0
21657419.04	5170044.37	0
21657491.18	5170024.36	0
21657563.33	5170004.35	0
21657635.48	5169984.35	0
21657707.62	5169964.34	0
21657779.77	5169944.33	0
21657851.92	5169924.32	0.090203
21657924.06	5169904.31	0.208943
21657996.21	5169884.31	0.274291
21658068.36	5169864.3	0.161386
21658140.5	5169844.29	0.0831455
21658212.65	5169824.28	0.0773882
21658284.8	5169804.27	0.0775205
21658356.94	5169784.27	0.0780989
21658429.09	5169764.26	0
21658501.24	5169744.25	0
21658573.38	5169724.24	0
21658645.53	5169704.23	0
21658717.68	5169684.22	0
21658789.82	5169664.22	0
21658861.97	5169644.21	0.0682579
21658934.12	5169624.2	0.0760164
21659006.26	5169604.19	0.0499895
21659078.41	5169584.18	0.0499905
21653254.15	5171275.61	0.300172
21653326.3	5171255.6	0.207999
21653398.45	5171235.59	0.200058
21653470.6	5171215.58	0.28625
21653542.74	5171195.58	0.329152
21653614.89	5171175.57	0.298795
21653687.04	5171155.56	0.294523
21653759.18	5171135.55	0.303735
21653831.33	5171115.54	0.214536
21653903.48	5171095.54	0.235054
21653975.62	5171075.53	0.250195
21654047.77	5171055.52	0.22745
21654119.92	5171035.51	0.160416
21654192.06	5171015.5	0.121376
21654264.21	5170995.49	0.0911601
21654336.36	5170975.49	0.0611019
21654408.5	5170955.48	0.0914301
21654480.65	5170935.47	0.237593
21654552.8	5170915.46	0.237143
21654624.94	5170895.45	0.196805
21654697.09	5170875.45	0.166617
21654769.24	5170855.44	0.103091
21654841.38	5170835.43	0.178625
21654913.53	5170815.42	0.173777
21654985.68	5170795.41	0.202969
21655057.82	5170775.41	0.15561
21655129.97	5170755.4	0.104193
21655202.12	5170735.39	0.0800599
21655274.26	5170715.38	0.141923
21655346.41	5170695.37	0.225536
21655418.56	5170675.37	0.149037
21655490.7	5170655.36	0.0982338
21655562.85	5170635.35	0.168826
21655635	5170615.34	0.219831
21655707.14	5170595.33	0
21655779.29	5170575.33	0
21655851.44	5170555.32	0
21655923.58	5170535.31	0
21655995.73	5170515.3	0.071716
21656067.88	5170495.29	0.256332
21656140.02	5170475.29	0.264569
21656212.17	5170455.28	0.276763
21656284.32	5170435.27	0.279566
21656356.46	5170415.26	0.270636
21656428.61	5170395.25	0.261111
21656500.76	5170375.25	0.227718
21656572.9	5170355.24	0.189671
21656645.05	5170335.23	0.219659
21656717.2	5170315.22	0.118583
21656789.34	5170295.21	0.12029
21656861.49	5170275.21	0.0720051
21656933.64	5170255.2	0.0804142
21657005.78	5170235.19	0
21657077.93	5170215.18	0.0781842
21657150.08	5170195.17	0.0952061
21657222.22	5170175.16	0
21657294.37	5170155.16	0
21657366.52	5170135.15	0
21657438.66	5170115.14	0
21657510.81	5170095.13	0
21657582.96	5170075.12	0
21657655.1	5170055.12	0
21657727.25	5170035.11	0.145486
21657799.4	5170015.1	0
21657871.54	5169995.09	0.150862
21657943.69	5169975.08	0.268216
21658015.84	5169955.08	0.280668
21658087.98	5169935.07	0.157956
21658160.13	5169915.06	0.160505
21658232.28	5169895.05	0.142118
21658304.42	5169875.04	0.217366
21658376.57	5169855.04	0.086038
21658448.72	5169835.03	0.0545334
21658520.86	5169815.02	0
21658593.01	5169795.01	0
21658665.16	5169775	0
21658737.3	5169755	0
21658809.45	5169734.99	0.049986
21658881.6	5169714.98	0.0751001
21658953.74	5169694.97	0.108844
21659025.89	5169674.96	0
21659098.04	5169654.96	0
21653273.78	5171346.38	0.296683
21653345.93	5171326.37	0.144824
21653418.07	5171306.36	0.254833
21653490.22	5171286.35	0.290808
21653562.37	5171266.35	0.307249
21653634.51	5171246.34	0.29998
21653706.66	5171226.33	0.292827
21653778.81	5171206.32	0.29619
21653850.96	5171186.31	0.298099
21653923.1	5171166.31	0.133803
21653995.25	5171146.3	0.175532
21654067.4	5171126.29	0.28399
21654139.54	5171106.28	0.203649
21654211.69	5171086.27	0.149261
21654283.84	5171066.27	0.135651
21654355.98	5171046.26	0.197411
21654428.13	5171026.25	0.256968
21654500.28	5171006.24	0.272215
21654572.42	5170986.23	0.258847
21654644.57	5170966.23	0.223034
21654716.72	5170946.22	0.176815
21654788.86	5170926.21	0.11351
21654861.01	5170906.2	0.243672
21654933.16	5170886.19	0.213004
21655005.3	5170866.18	0.161384
21655077.45	5170846.18	0.171618
21655149.6	5170826.17	0.184228
21655221.74	5170806.16	0.106656
21655293.89	5170786.15	0.0943597
21655366.04	5170766.14	0.218945
21655438.18	5170746.14	0.185694
21655510.33	5170726.13	0.0797692
21655582.48	5170706.12	0.0713349
21655654.62	5170686.11	0
21655726.77	5170666.1	0.170017
21655798.92	5170646.1	0.155064
21655871.06	5170626.09	0
21655943.21	5170606.08	0
21656015.36	5170586.07	0.105203
21656087.5	5170566.06	0.242318
21656159.65	5170546.06	0.280006
21656231.8	5170526.05	0.270547
21656303.94	5170506.04	0.2855
21656376.09	5170486.03	0.274005
21656448.24	5170466.02	0.266529
21656520.38	5170446.02	0.215123
21656592.53	5170426.01	0.0849147
21656664.68	5170406	0.0943374
21656736.82	5170385.99	0.150424
21656808.97	5170365.98	0.129073
21656881.12	5170345.98	0.0622352
21656953.26	5170325.97	0.0574534
21657025.41	5170305.96	0.113683
21657097.56	5170285.95	0.115827
21657169.7	5170265.94	0.245818
21657241.85	5170245.94	0.243029
21657314	5170225.93	0.16363
21657386.14	5170205.92	0
21657458.29	5170185.91	0
21657530.44	5170165.9	0
21657602.58	5170145.9	0
21657674.73	5170125.89	0
21657746.88	5170105.88	0.166107
21657819.02	5170085.87	0.185221
21657891.17	5170065.86	0.22059
21657963.32	5170045.85	0.261815
21658035.46	5170025.85	0.260402
21658107.61	5170005.84	0.198509
21658179.76	5169985.83	0.214641
21658251.9	5169965.82	0.231229
21658324.05	5169945.81	0
21658396.2	5169925.81	0.207108
21658468.34	5169905.8	0.110462
21658540.49	5169885.79	0
21658612.64	5169865.78	0
21658684.78	5169845.77	0
21658756.93	5169825.77	0
21658829.08	5169805.76	0
21658901.22	5169785.75	0
21658973.37	5169765.74	0
21659045.52	5169745.73	0
21653293.41	5171417.15	0.268832
21653365.55	5171397.14	0.115476
21653437.7	5171377.13	0.264707
21653509.85	5171357.12	0.292643
21653581.99	5171337.12	0.291338
21653654.14	5171317.11	0.292099
21653726.29	5171297.1	0.295458
21653798.43	5171277.09	0.291226
21653870.58	5171257.08	0.269925
21653942.73	5171237.08	0.282467
21654014.87	5171217.07	0.25854
21654087.02	5171197.06	0.267939
21654159.17	5171177.05	0.254396
21654231.32	5171157.04	0.128196
21654303.46	5171137.04	0.18771
21654375.61	5171117.03	0.278392
21654447.76	5171097.02	0.286549
21654519.9	5171077.01	0.240676
21654592.05	5171057	0.20711
21654664.2	5171037	0.142251
21654736.34	5171016.99	0.0913991
21654808.49	5170996.98	0.138724
21654880.64	5170976.97	0.238701
21654952.78	5170956.96	0.284218
21655024.93	5170936.96	0.154494
21655097.08	5170916.95	0.161184
21655169.22	5170896.94	0.213141
21655241.37	5170876.93	0.174709
21655313.52	5170856.92	0.0619971
21655385.66	5170836.92	0.0645381
21655457.81	5170816.91	0
21655529.96	5170796.9	0
21655602.1	5170776.89	0.0698807
21655674.25	5170756.88	0
21655746.4	5170736.88	0.0370099
21655818.54	5170716.87	0.0686222
21655890.69	5170696.86	0.105746
21655962.84	5170676.85	0.143911
21656034.98	5170656.84	0.0852788
21656107.13	5170636.83	0.245352
21656179.28	5170616.83	0.262421
21656251.42	5170596.82	0.271591
21656323.57	5170576.81	0.28057
21656395.72	5170556.8	0.28157
21656467.86	5170536.79	0.234082
21656540.01	5170516.79	0.186336
21656612.16	5170496.78	0.0421969
21656684.3	5170476.77	0.122097
21656756.45	5170456.76	0.208976
21656828.6	5170436.75	0.163169
21656900.74	5170416.75	0.163476
21656972.89	5170396.74	0
21657045.04	5170376.73	0.0594125
21657117.18	5170356.72	0.0699751
21657189.33	5170336.71	0.2133
21657261.48	5170316.71	0.231212
21657333.62	5170296.7	0
21657405.77	5170276.69	0
21657477.92	5170256.68	0
21657550.06	5170236.67	0
21657622.21	5170216.67	0
21657694.36	5170196.66	0
21657766.5	5170176.65	0.11219
21657838.65	5170156.64	0.143063
21657910.8	5170136.63	0.112419
21657982.94	5170116.63	0.168226
21658055.09	5170096.62	0.246824
21658127.24	5170076.61	0.170672
21658199.38	5170056.6	0.0873985
21658271.53	5170036.59	0.0970973
21658343.68	5170016.59	0.164906
21658415.82	5169996.58	0
21658487.97	5169976.57	0
21658560.12	5169956.56	0
21658632.26	5169936.55	0
21658704.41	5169916.55	0
21658776.56	5169896.54	0
21658848.7	5169876.53	0
21658920.85	5169856.52	0
21658993	5169836.51	0
21659065.14	5169816.5	0
21653313.03	5171487.92	0.19594
21653385.18	5171467.91	0.137707
21653457.33	5171447.9	0.23933
21653529.47	5171427.9	0.298167
21653601.62	5171407.89	0.294894
21653673.77	5171387.88	0.297851
21653745.91	5171367.87	0.299519
21653818.06	5171347.86	0.297187
21653890.21	5171327.86	0.287345
21653962.35	5171307.85	0.275142
21654034.5	5171287.84	0.218216
21654106.65	5171267.83	0.124705
21654178.79	5171247.82	0.26096
21654250.94	5171227.82	0.253644
21654323.09	5171207.81	0.267825
21654395.23	5171187.8	0.267854
21654467.38	5171167.79	0.196017
21654539.53	5171147.78	0.116719
21654611.67	5171127.77	0
21654683.82	5171107.77	0.0512372
21654755.97	5171087.76	0.132326
21654828.12	5171067.75	0.257741
21654900.26	5171047.74	0.287666
21654972.41	5171027.73	0.283812
21655044.56	5171007.73	0.115331
21655116.7	5170987.72	0.0643696
21655188.85	5170967.71	0.193359
21655261	5170947.7	0.0990821
21655333.14	5170927.69	0.0560397
21655405.29	5170907.69	0.0892107
21655477.44	5170887.68	0
21655549.58	5170867.67	0
21655621.73	5170847.66	0
21655693.88	5170827.65	0
21655766.02	5170807.65	0.119471
21655838.17	5170787.64	0.200968
21655910.32	5170767.63	0.25148
21655982.46	5170747.62	0.244409
21656054.61	5170727.61	0.19155
21656126.76	5170707.61	0.240945
21656198.9	5170687.6	0.289204
21656271.05	5170667.59	0.292009
21656343.2	5170647.58	0.256779
21656415.34	5170627.57	0.256114
21656487.49	5170607.57	0.204317
21656559.64	5170587.56	0.128307
21656631.78	5170567.55	0.0374518
21656703.93	5170547.54	0.0655384
21656776.08	5170527.53	0.184295
21656848.22	5170507.53	0.127472
21656920.37	5170487.52	0
21656992.52	5170467.51	0.0709581
21657064.66	5170447.5	0.068512
21657136.81	5170427.49	0.106103
21657208.96	5170407.48	0.105006
21657281.1	5170387.48	0
21657353.25	5170367.47	0
21657425.4	5170347.46	0
21657497.54	5170327.45	0
21657569.69	5170307.44	0
21657641.84	5170287.44	0
21657713.98	5170267.43	0.0747444
21657786.13	5170247.42	0.0637594
21657858.28	5170227.41	0.0991459
21657930.42	5170207.4	0.162802
21658002.57	5170187.4	0.180968
21658074.72	5170167.39	0.221824
21658146.86	5170147.38	0.174957
21658219.01	5170127.37	0.0910674
21658291.16	5170107.36	0.106711
21658363.3	5170087.36	0.0908456
21658435.45	5170067.35	0
21658507.6	5170047.34	0
21658579.74	5170027.33	0
21658651.89	5170007.32	0
21658724.04	5169987.32	0
21658796.18	5169967.31	0
21658868.33	5169947.3	0
21658940.48	5169927.29	0
21659012.62	5169907.28	0
21659084.77	5169887.28	0
21653260.51	5171578.7	0.246286
21653332.66	5171558.69	0.211059
21653404.81	5171538.68	0.146281
21653476.95	5171518.67	0.193843
21653549.1	5171498.67	0.289877
21653621.25	5171478.66	0.260173
21653693.39	5171458.65	0.258387
21653765.54	5171438.64	0.29462
21653837.69	5171418.63	0.308898
21653909.83	5171398.63	0.296591
21653981.98	5171378.62	0.210448
21654054.13	5171358.61	0.136185
21654126.27	5171338.6	0.212263
21654198.42	5171318.59	0.265848
21654270.57	5171298.59	0.23863
21654342.71	5171278.58	0.292023
21654414.86	5171258.57	0.295385
21654487.01	5171238.56	0.288653
21654559.15	5171218.55	0.23189
21654631.3	5171198.55	0.0332863
21654703.45	5171178.54	0.0534167
21654775.59	5171158.53	0.256637
21654847.74	5171138.52	0.316409
21654919.89	5171118.51	0.289936
21654992.04	5171098.51	0.231816
21655064.18	5171078.5	0.117908
21655136.33	5171058.49	0.1722
21655208.48	5171038.48	0.201175
21655280.62	5171018.47	0.0761195
21655352.77	5170998.47	0
21655424.92	5170978.46	0
21655497.06	5170958.45	0.0515999
21655569.21	5170938.44	0.0859741
21655641.36	5170918.43	0.103285
21655713.5	5170898.42	0.0851517
21655785.65	5170878.42	0.228374
21655857.8	5170858.41	0.270028
21655929.94	5170838.4	0.282339
21656002.09	5170818.39	0.288773
21656074.24	5170798.38	0.273915
21656146.38	5170778.38	0.263387
21656218.53	5170758.37	0.277451
21656290.68	5170738.36	0.275994
21656362.82	5170718.35	0.232576
21656434.97	5170698.34	0.204085
21656507.12	5170678.34	0.23121
21656579.26	5170658.33	0.143859
21656651.41	5170638.32	0.187988
21656723.56	5170618.31	0.119065
21656795.7	5170598.3	0.0544868
21656867.85	5170578.3	0.0333024
21656940	5170558.29	0
21657012.14	5170538.28	0
21657084.29	5170518.27	0
21657156.44	5170498.26	0.119811
21657228.58	5170478.26	0.0902696
21657300.73	5170458.25	0.102546
21657372.88	5170438.24	0
21657445.02	5170418.23	0
21657517.17	5170398.22	0
21657589.32	5170378.22	0
21657661.46	5170358.21	0
21657733.61	5170338.2	0
21657805.76	5170318.19	0.049967
21657877.9	5170298.18	0.116405
21657950.05	5170278.18	0.0504371
21658022.2	5170258.17	0.0574099
21658094.34	5170238.16	0.284094
21658166.49	5170218.15	0.255313
21658238.64	5170198.14	0.210298
21658310.78	5170178.13	0.0918924
21658382.93	5170158.13	0.0801707
21658455.08	5170138.12	0
21658527.22	5170118.11	0
21658599.37	5170098.1	0
21658671.52	5170078.09	0
21658743.66	5170058.09	0
21658815.81	5170038.08	0
21658887.96	5170018.07	0.0584968
21658960.1	5169998.06	0.0499883
21659032.25	5169978.05	0.0499895
21659104.4	5169958.05	0
21653280.14	5171649.47	0.219329
21653352.29	5171629.46	0.183539
21653424.43	5171609.45	0.074831
21653496.58	5171589.45	0.143386
21653568.73	5171569.44	0.192728
21653640.87	5171549.43	0.183425
21653713.02	5171529.42	0.179785
21653785.17	5171509.41	0.25475
21653857.31	5171489.4	0.287852
21653929.46	5171469.4	0.273937
21654001.61	5171449.39	0.24068
21654073.75	5171429.38	0.204663
21654145.9	5171409.37	0.260855
21654218.05	5171389.36	0.275616
21654290.19	5171369.36	0.259088
21654362.34	5171349.35	0.275375
21654434.49	5171329.34	0.294203
21654506.63	5171309.33	0.312775
21654578.78	5171289.32	0.266453
21654650.93	5171269.32	0.166594
21654723.07	5171249.31	0.0931668
21654795.22	5171229.3	0.169911
21654867.37	5171209.29	0.244244
21654939.51	5171189.28	0.241452
21655011.66	5171169.28	0.153658
21655083.81	5171149.27	0.0683156
21655155.95	5171129.26	0.118581
21655228.1	5171109.25	0
21655300.25	5171089.24	0.0594749
21655372.39	5171069.24	0
21655444.54	5171049.23	0
21655516.69	5171029.22	0
21655588.84	5171009.21	0.147871
21655660.98	5170989.2	0.194601
21655733.13	5170969.2	0.243161
21655805.28	5170949.19	0.267682
21655877.42	5170929.18	0.271656
21655949.57	5170909.17	0.277067
21656021.72	5170889.16	0.270205
21656093.86	5170869.16	0.247263
21656166.01	5170849.15	0.24154
21656238.16	5170829.14	0.244873
21656310.3	5170809.13	0.271653
21656382.45	5170789.12	0.266084
21656454.6	5170769.11	0.257347
21656526.74	5170749.11	0.26846
21656598.89	5170729.1	0.271369
21656671.04	5170709.09	0.248085
21656743.18	5170689.08	0.249007
21656815.33	5170669.07	0.197052
21656887.48	5170649.07	0.0936923
21656959.62	5170629.06	0.0333031
21657031.77	5170609.05	0
21657103.92	5170589.04	0.110565
21657176.06	5170569.03	0.155131
21657248.21	5170549.03	0.279416
21657320.36	5170529.02	0.0658856
21657392.5	5170509.01	0.0964552
21657464.65	5170489	0
21657536.8	5170468.99	0
21657608.94	5170448.99	0
21657681.09	5170428.98	0
21657753.24	5170408.97	0
21657825.38	5170388.96	0.0874385
21657897.53	5170368.95	0.213897
21657969.68	5170348.95	0
21658041.82	5170328.94	0.274457
21658113.97	5170308.93	0.290784
21658186.12	5170288.92	0.273703
21658258.26	5170268.91	0.183959
21658330.41	5170248.91	0.162546
21658402.56	5170228.9	0.11835
21658474.7	5170208.89	0
21658546.85	5170188.88	0
21658619	5170168.87	0
21658691.14	5170148.87	0
21658763.29	5170128.86	0
21658835.44	5170108.85	0.0896983
21658907.58	5170088.84	0.0726966
21658979.73	5170068.83	0.0532695
21659051.88	5170048.83	0.0499895
21653299.77	5171720.24	0.133044
21653371.91	5171700.23	0.0918478
21653444.06	5171680.22	0.0548167
21653516.21	5171660.22	0.0695134
21653588.35	5171640.21	0.109742
21653660.5	5171620.2	0.100363
21653732.65	5171600.19	0.10993
21653804.79	5171580.18	0.215286
21653876.94	5171560.18	0.228356
21653949.09	5171540.17	0.244506
21654021.23	5171520.16	0.272239
21654093.38	5171500.15	0.287663
21654165.53	5171480.14	0.295313
21654237.67	5171460.14	0.292993
21654309.82	5171440.13	0.283136
21654381.97	5171420.12	0.283316
21654454.11	5171400.11	0.335629
21654526.26	5171380.1	0.320414
21654598.41	5171360.09	0.29895
21654670.55	5171340.09	0.282723
21654742.7	5171320.08	0.27738
21654814.85	5171300.07	0.237908
21654886.99	5171280.06	0.192334
21654959.14	5171260.05	0.113371
21655031.29	5171240.05	0
21655103.43	5171220.04	0.0332892
21655175.58	5171200.03	0.0416017
21655247.73	5171180.02	0.0332904
21655319.87	5171160.01	0.063708
21655392.02	5171140.01	0
21655464.17	5171120	0.122366
21655536.31	5171099.99	0.211333
21655608.46	5171079.98	0.226724
21655680.61	5171059.97	0.27322
21655752.76	5171039.97	0.289255
21655824.9	5171019.96	0.285817
21655897.05	5170999.95	0.281774
21655969.2	5170979.94	0.307757
21656041.34	5170959.93	0.273194
21656113.49	5170939.93	0.263217
21656185.64	5170919.92	0.242076
21656257.78	5170899.91	0
21656329.93	5170879.9	0
21656402.08	5170859.89	0.259782
21656474.22	5170839.89	0.261514
21656546.37	5170819.88	0.265433
21656618.52	5170799.87	0.25855
21656690.66	5170779.86	0.260817
21656762.81	5170759.85	0.25154
21656834.96	5170739.85	0.192779
21656907.1	5170719.84	0.0880283
21656979.25	5170699.83	0
21657051.4	5170679.82	0.0766602
21657123.54	5170659.81	0.112101
21657195.69	5170639.81	0.198019
21657267.84	5170619.8	0.222354
21657339.98	5170599.79	0.118395
21657412.13	5170579.78	0.088675
21657484.28	5170559.77	0.119866
21657556.42	5170539.76	0
21657628.57	5170519.76	0
21657700.72	5170499.75	0
21657772.86	5170479.74	0
21657845.01	5170459.73	0.108171
21657917.16	5170439.72	0.183199
21657989.3	5170419.72	0
21658061.45	5170399.71	0.115315
21658133.6	5170379.7	0.23366
21658205.74	5170359.69	0.217414
21658277.89	5170339.68	0.102372
21658350.04	5170319.68	0.140179
21658422.18	5170299.67	0.122003
21658494.33	5170279.66	0
21658566.48	5170259.65	0.0749729
21658638.62	5170239.64	0
21658710.77	5170219.64	0
21658782.92	5170199.63	0
21658855.06	5170179.62	0
21658927.21	5170159.61	0
21658999.36	5170139.6	0
21659071.5	5170119.6	0.0499895
21653247.25	5171811.02	0.0612541
21653319.39	5171791.01	0.0983415
21653391.54	5171771	0.064598
21653463.69	5171750.99	0.0494891
21653535.83	5171730.99	0.0456532
21653607.98	5171710.98	0
21653680.13	5171690.97	0
21653752.27	5171670.96	0.0499309
21653824.42	5171650.95	0.073034
21653896.57	5171630.95	0.150043
21653968.71	5171610.94	0.174749
21654040.86	5171590.93	0.272067
21654113.01	5171570.92	0.274046
21654185.15	5171550.91	0.288333
21654257.3	5171530.91	0.293965
21654329.45	5171510.9	0.298815
21654401.59	5171490.89	0.31056
21654473.74	5171470.88	0.361491
21654545.89	5171450.87	0.33699
21654618.03	5171430.87	0.284511
21654690.18	5171410.86	0.265512
21654762.33	5171390.85	0.290378
21654834.47	5171370.84	0.277325
21654906.62	5171350.83	0.257641
21654978.77	5171330.83	0.150956
21655050.91	5171310.82	0.118508
21655123.06	5171290.81	0.179201
21655195.21	5171270.8	0.156058
21655267.35	5171250.79	0.171128
21655339.5	5171230.79	0.230131
21655411.65	5171210.78	0.312886
21655483.79	5171190.77	0.262531
21655555.94	5171170.76	0.26546
21655628.09	5171150.75	0.279168
21655700.23	5171130.74	0.291113
21655772.38	5171110.74	0.298046
21655844.53	5171090.73	0.299612
21655916.67	5171070.72	0.299801
21655988.82	5171050.71	0.303717
21656060.97	5171030.7	0.298044
21656133.11	5171010.7	0.303782
21656205.26	5170990.69	0.269991
21656277.41	5170970.68	0.301472
21656349.56	5170950.67	0.111499
21656421.7	5170930.66	0.278393
21656493.85	5170910.66	0.248377
21656566	5170890.65	0.258216
21656638.14	5170870.64	0.261284
21656710.29	5170850.63	0.254533
21656782.44	5170830.62	0.252426
21656854.58	5170810.62	0.274506
21656926.73	5170790.61	0.117998
21656998.88	5170770.6	0
21657071.02	5170750.59	0.0722685
21657143.17	5170730.58	0.0836485
21657215.32	5170710.58	0.140404
21657287.46	5170690.57	0.234216
21657359.61	5170670.56	0.224799
21657431.76	5170650.55	0.109871
21657503.9	5170630.54	0.0653536
21657576.05	5170610.54	0
21657648.2	5170590.53	0
21657720.34	5170570.52	0
21657792.49	5170550.51	0
21657864.64	5170530.5	0.0564398
21657936.78	5170510.5	0.0564498
21658008.93	5170490.49	0
21658081.08	5170470.48	0.0547258
21658153.22	5170450.47	0.169658
21658225.37	5170430.46	0.222815
21658297.52	5170410.46	0.133781
21658369.66	5170390.45	0.0631535
21658441.81	5170370.44	0.0499789
21658513.96	5170350.43	0.0788772
21658586.1	5170330.42	0.0975596
21658658.25	5170310.41	0
21658730.4	5170290.41	0
21658802.54	5170270.4	0
21658874.69	5170250.39	0.0428962
21658946.84	5170230.38	0
21659018.98	5170210.37	0
21659091.13	5170190.37	0.0499896
21653266.87	5171881.79	0.0714537
21653339.02	5171861.78	0.10531
21653411.17	5171841.77	0.0562192
21653483.31	5171821.77	0.055294
21653555.46	5171801.76	0.0554497
21653627.61	5171781.75	0
21653699.75	5171761.74	0
21653771.9	5171741.73	0
21653844.05	5171721.73	0
21653916.19	5171701.72	0.105918
21653988.34	5171681.71	0.140152
21654060.49	5171661.7	0.249663
21654132.63	5171641.69	0.268631
21654204.78	5171621.68	0.282404
21654276.93	5171601.68	0.289735
21654349.07	5171581.67	0.295715
21654421.22	5171561.66	0.302559
21654493.37	5171541.65	0.34645
21654565.51	5171521.64	0.350342
21654637.66	5171501.64	0.311184
21654709.81	5171481.63	0.29078
21654781.95	5171461.62	0.295045
21654854.1	5171441.61	0.295185
21654926.25	5171421.6	0.294318
21654998.39	5171401.6	0.238463
21655070.54	5171381.59	0.216323
21655142.69	5171361.58	0.233474
21655214.83	5171341.57	0.242557
21655286.98	5171321.56	0.242584
21655359.13	5171301.56	0.262248
21655431.27	5171281.55	0.304176
21655503.42	5171261.54	0.297911
21655575.57	5171241.53	0.297938
21655647.71	5171221.52	0.293458
21655719.86	5171201.52	0.294291
21655792.01	5171181.51	0.299646
21655864.15	5171161.5	0.299238
21655936.3	5171141.49	0.307446
21656008.45	5171121.48	0.311728
21656080.59	5171101.48	0.317648
21656152.74	5171081.47	0.360218
21656224.89	5171061.46	0.353958
21656297.03	5171041.45	0.338315
21656369.18	5171021.44	0.342506
21656441.33	5171001.44	0.26083
21656513.48	5170981.43	0.296026
21656585.62	5170961.42	0.261719
21656657.77	5170941.41	0.267732
21656729.91	5170921.4	0.248659
21656802.06	5170901.39	0.253326
21656874.21	5170881.39	0.176661
21656946.36	5170861.38	0.0732127
21657018.5	5170841.37	0
21657090.65	5170821.36	0.0499553
21657162.8	5170801.35	0.0599265
21657234.94	5170781.35	0.0737813
21657307.09	5170761.34	0.161939
21657379.24	5170741.33	0.196993
21657451.38	5170721.32	0.0681625
21657523.53	5170701.31	0.0499628
21657595.68	5170681.31	0.049964
21657667.82	5170661.3	0
21657739.97	5170641.29	0
21657812.12	5170621.28	0
21657884.26	5170601.27	0
21657956.41	5170581.27	0.0656998
21658028.56	5170561.26	0.0851094
21658100.7	5170541.25	0.141486
21658172.85	5170521.24	0.193891
21658245	5170501.23	0.248338
21658317.14	5170481.23	0.233207
21658389.29	5170461.22	0.107122
21658461.44	5170441.21	0.0911353
21658533.58	5170421.2	0.0943618
21658605.73	5170401.19	0.0544276
21658677.88	5170381.19	0.0640702
21658750.02	5170361.18	0.0611502
21658822.17	5170341.17	0
21658894.32	5170321.16	0
21658966.46	5170301.15	0.118396
21659038.61	5170281.15	0.052919
21653286.5	5171952.56	0
21653358.65	5171932.55	0
21653430.79	5171912.54	0
21653502.94	5171892.54	0
21653575.09	5171872.53	0
21653647.23	5171852.52	0
21653719.38	5171832.51	0
21653791.53	5171812.5	0
21653863.67	5171792.5	0
21653935.82	5171772.49	0.106474
21654007.97	5171752.48	0.152365
21654080.11	5171732.47	0.241929
21654152.26	5171712.46	0.267764
21654224.41	5171692.46	0.279649
21654296.55	5171672.45	0.291665
21654368.7	5171652.44	0.29417
21654440.85	5171632.43	0.296159
21654512.99	5171612.42	0.318054
21654585.14	5171592.42	0.356072
21654657.29	5171572.41	0.347047
21654729.43	5171552.4	0.341614
21654801.58	5171532.39	0.307124
21654873.73	5171512.38	0.295214
21654945.87	5171492.37	0.294242
21655018.02	5171472.37	0.244836
21655090.17	5171452.36	0.239846
21655162.31	5171432.35	0.242456
21655234.46	5171412.34	0.246568
21655306.61	5171392.33	0.253859
21655378.75	5171372.33	0.28921
21655450.9	5171352.32	0.313028
21655523.05	5171332.31	0.309112
21655595.19	5171312.3	0.306257
21655667.34	5171292.29	0.301566
21655739.49	5171272.29	0.294968
21655811.63	5171252.28	0.299096
21655883.78	5171232.27	0.301527
21655955.93	5171212.26	0.306305
21656028.07	5171192.25	0.310046
21656100.22	5171172.25	0.318579
21656172.37	5171152.24	0.371614
21656244.51	5171132.23	0.357121
21656316.66	5171112.22	0.352626
21656388.81	5171092.21	0.344987
21656460.95	5171072.21	0.324765
21656533.1	5171052.2	0.351667
21656605.25	5171032.19	0.301969
21656677.39	5171012.18	0.282862
21656749.54	5170992.17	0.247979
21656821.69	5170972.17	0.256766
21656893.84	5170952.16	0.133725
21656965.98	5170932.15	0.0514625
21657038.13	5170912.14	0.0499545
21657110.27	5170892.13	0.0499555
21657182.42	5170872.13	0.0499565
21657254.57	5170852.12	0.0499577
21657326.72	5170832.11	0.0751066
21657398.86	5170812.1	0.144777
21657471.01	5170792.09	0.055343
21657543.16	5170772.09	0.0499631
21657615.3	5170752.08	0.0499642
21657687.45	5170732.07	0.049965
21657759.6	5170712.06	0.0499663
21657831.74	5170692.05	0.0499676
21657903.89	5170672.04	0.0499682
21657976.04	5170652.04	0
21658048.18	5170632.03	0.189861
21658120.33	5170612.02	0.198923
21658192.48	5170592.01	0.153334
21658264.62	5170572	0.230885
21658336.77	5170552	0.258899
21658408.92	5170531.99	0.190223
21658481.06	5170511.98	0.143845
21658553.21	5170491.97	0.205215
21658625.36	5170471.96	0.139093
21658697.5	5170451.96	0.0919032
21658769.65	5170431.95	0.0820824
21658841.8	5170411.94	0.0500999
21658913.94	5170391.93	0.166178
21658986.09	5170371.92	0.116675
21659058.24	5170351.92	0.0694916
21653306.13	5172023.33	0
21653378.27	5172003.32	0
21653450.42	5171983.31	0
21653522.57	5171963.31	0
21653594.71	5171943.3	0
21653666.86	5171923.29	0
21653739.01	5171903.28	0
21653811.15	5171883.27	0
21653883.3	5171863.27	0
21653955.45	5171843.26	0
21654027.59	5171823.25	0
21654099.74	5171803.24	0
21654171.89	5171783.23	0.275448
21654244.03	5171763.23	0.276002
21654316.18	5171743.22	0.294168
21654388.33	5171723.21	0.293202
21654460.47	5171703.2	0.294173
21654532.62	5171683.19	0.328924
21654604.77	5171663.19	0.351615
21654676.91	5171643.18	0.345895
21654749.06	5171623.17	0.32703
21654821.21	5171603.16	0.290357
21654893.35	5171583.15	0.293072
21654965.5	5171563.15	0.292903
21655037.65	5171543.14	0.257911
21655109.79	5171523.13	0.247469
21655181.94	5171503.12	0.250699
21655254.09	5171483.11	0.252588
21655326.23	5171463.11	0.259643
21655398.38	5171443.1	0.303909
21655470.53	5171423.09	0.314054
21655542.67	5171403.08	0.309869
21655614.82	5171383.07	0.307741
21655686.97	5171363.07	0.307309
21655759.11	5171343.06	0.305662
21655831.26	5171323.05	0.304208
21655903.41	5171303.04	0.300673
21655975.55	5171283.03	0.305524
21656047.7	5171263.02	0.308551
21656119.85	5171243.02	0.303342
21656191.99	5171223.01	0.34716
21656264.14	5171203	0.359733
21656336.29	5171182.99	0.353166
21656408.43	5171162.98	0.346564
21656480.58	5171142.98	0.332059
21656552.73	5171122.97	0.282011
21656624.87	5171102.96	0.222826
21656697.02	5171082.95	0.248906
21656769.17	5171062.94	0.235566
21656841.31	5171042.94	0.193736
21656913.46	5171022.93	0.08814
21656985.61	5171002.92	0.0601916
21657057.75	5170982.91	0.0499546
21657129.9	5170962.9	0.0499555
21657202.05	5170942.9	0.0499565
21657274.19	5170922.89	0.0499575
21657346.34	5170902.88	0.0524116
21657418.49	5170882.87	0.0820219
21657490.64	5170862.86	0.051741
21657562.78	5170842.86	0.049963
21657634.93	5170822.85	0.0521831
21657707.08	5170802.84	0.0571724
21657779.22	5170782.83	0.0693547
21657851.37	5170762.82	0.0760072
21657923.52	5170742.82	0.0875902
21657995.66	5170722.81	0.125177
21658067.81	5170702.8	0.171035
21658139.96	5170682.79	0.132476
21658212.1	5170662.78	0.102274
21658284.25	5170642.78	0.182703
21658356.4	5170622.77	0.246044
21658428.54	5170602.76	0.235448
21658500.69	5170582.75	0.213657
21658572.84	5170562.74	0.233582
21658644.98	5170542.74	0.222098
21658717.13	5170522.73	0.136811
21658789.28	5170502.72	0.0748956
21658861.42	5170482.71	0
21658933.57	5170462.7	0.131984
21659005.72	5170442.69	0.0997867
21659077.86	5170422.69	0.0814826
21653253.61	5172114.11	0.0599211
21653325.75	5172094.1	0.0599208
21653397.9	5172074.09	0
21653470.05	5172054.09	0
21653542.19	5172034.08	0
21653614.34	5172014.07	0
21653686.49	5171994.06	0
21653758.63	5171974.05	0
21653830.78	5171954.05	0
21653902.93	5171934.04	0
21653975.07	5171914.03	0
21654047.22	5171894.02	0
21654119.37	5171874.01	0.267695
21654191.51	5171854	0.292299
21654263.66	5171834	0.295308
21654335.81	5171813.99	0.298159
21654407.95	5171793.98	0.297642
21654480.1	5171773.97	0.294337
21654552.25	5171753.96	0.338415
21654624.39	5171733.96	0.347138
21654696.54	5171713.95	0.348725
21654768.69	5171693.94	0.33489
21654840.83	5171673.93	0.300148
21654912.98	5171653.92	0.297034
21654985.13	5171633.92	0.295133
21655057.27	5171613.91	0.255129
21655129.42	5171593.9	0.249552
21655201.57	5171573.89	0.256621
21655273.71	5171553.88	0.259955
21655345.86	5171533.88	0.262221
21655418.01	5171513.87	0.280883
21655490.15	5171493.86	0.311922
21655562.3	5171473.85	0.308501
21655634.45	5171453.84	0.311303
21655706.59	5171433.84	0.312498
21655778.74	5171413.83	0.310684
21655850.89	5171393.82	0.30726
21655923.03	5171373.81	0.30604
21655995.18	5171353.8	0.303072
21656067.33	5171333.8	0.306673
21656139.47	5171313.79	0.304778
21656211.62	5171293.78	0.356584
21656283.77	5171273.77	0.363542
21656355.91	5171253.76	0.339779
21656428.06	5171233.76	0.325624
21656500.21	5171213.75	0.25163
21656572.35	5171193.74	0.238951
21656644.5	5171173.73	0.198162
21656716.65	5171153.72	0.165586
21656788.79	5171133.72	0.177558
21656860.94	5171113.71	0.0996421
21656933.09	5171093.7	0.0849201
21657005.23	5171073.69	0.0537414
21657077.38	5171053.68	0.0499547
21657149.53	5171033.67	0.0499556
21657221.67	5171013.67	0.0499565
21657293.82	5170993.66	0.0499575
21657365.97	5170973.65	0.0528543
21657438.11	5170953.64	0.079071
21657510.26	5170933.63	0.0530685
21657582.41	5170913.63	0.0499629
21657654.55	5170893.62	0.0550088
21657726.7	5170873.61	0.102358
21657798.85	5170853.6	0.128923
21657870.99	5170833.59	0.104539
21657943.14	5170813.59	0.156036
21658015.29	5170793.58	0.180547
21658087.44	5170773.57	0.220861
21658159.58	5170753.56	0.150192
21658231.73	5170733.55	0.0971603
21658303.88	5170713.55	0.234864
21658376.02	5170693.54	0.257034
21658448.17	5170673.53	0.213427
21658520.32	5170653.52	0.225702
21658592.46	5170633.51	0.239657
21658664.61	5170613.51	0.236262
21658736.76	5170593.5	0.137501
21658808.9	5170573.49	0.0603443
21658881.05	5170553.48	0
21658953.2	5170533.47	0
21659025.34	5170513.47	0.0753505
21659097.49	5170493.46	0
21653273.23	5172184.88	0.0599213
21653345.38	5172164.87	0.059921
21653417.53	5172144.86	0
21653489.67	5172124.86	0
21653561.82	5172104.85	0
21653633.97	5172084.84	0
21653706.11	5172064.83	0
21653778.26	5172044.82	0
21653850.41	5172024.82	0
21653922.55	5172004.81	0
21653994.7	5171984.8	0
21654066.85	5171964.79	0
21654138.99	5171944.78	0
21654211.14	5171924.78	0.282613
21654283.29	5171904.77	0.292146
21654355.43	5171884.76	0.298735
21654427.58	5171864.75	0.295543
21654499.73	5171844.74	0.294476
21654571.87	5171824.74	0.312043
21654644.02	5171804.73	0.345926
21654716.17	5171784.72	0.342595
21654788.31	5171764.71	0.350076
21654860.46	5171744.7	0.301938
21654932.61	5171724.7	0.296714
21655004.75	5171704.69	0.292144
21655076.9	5171684.68	0.255086
21655149.05	5171664.67	0.2579
21655221.19	5171644.66	0.259108
21655293.34	5171624.65	0.25984
21655365.49	5171604.65	0.265125
21655437.63	5171584.64	0.295807
21655509.78	5171564.63	0.317991
21655581.93	5171544.62	0.319813
21655654.07	5171524.61	0.31623
21655726.22	5171504.61	0.318435
21655798.37	5171484.6	0.313233
21655870.51	5171464.59	0.304498
21655942.66	5171444.58	0.307424
21656014.81	5171424.57	0.305425
21656086.95	5171404.57	0.304415
21656159.1	5171384.56	0.308548
21656231.25	5171364.55	0.35403
21656303.39	5171344.54	0.355444
21656375.54	5171324.53	0.307982
21656447.69	5171304.53	0.236504
21656519.83	5171284.52	0.209509
21656591.98	5171264.51	0.187687
21656664.13	5171244.5	0.195037
21656736.27	5171224.49	0.164969
21656808.42	5171204.49	0.115948
21656880.57	5171184.48	0.0849187
21656952.71	5171164.47	0.0797968
21657024.86	5171144.46	0.0499538
21657097.01	5171124.45	0.0499547
21657169.15	5171104.45	0.0499556
21657241.3	5171084.44	0.0499565
21657313.45	5171064.43	0
21657385.59	5171044.42	0
21657457.74	5171024.41	0
21657529.89	5171004.41	0
21657602.03	5170984.4	0.0499628
21657674.18	5170964.39	0.0605475
21657746.33	5170944.38	0.0950301
21657818.47	5170924.37	0.12962
21657890.62	5170904.36	0.135805
21657962.77	5170884.36	0.158172
21658034.91	5170864.35	0.234842
21658107.06	5170844.34	0.242107
21658179.21	5170824.33	0.22512
21658251.36	5170804.32	0.208734
21658323.5	5170784.32	0.252973
21658395.65	5170764.31	0.245376
21658467.8	5170744.3	0.241566
21658539.94	5170724.29	0.242278
21658612.09	5170704.28	0.235788
21658684.24	5170684.28	0.200199
21658756.38	5170664.27	0.127874
21658828.53	5170644.26	0.0836545
21658900.68	5170624.25	0.0794689
21658972.82	5170604.24	0.0499872
21659044.97	5170584.24	0.0499884
