21653307.22	5170346.33	0.231147
21653379.37	5170326.32	0.202381
21653451.52	5170306.31	0.170656
21653523.66	5170286.3	0.157319
21653595.81	5170266.29	0.168927
21653667.96	5170246.29	0.154573
21653740.1	5170226.28	0.185858
21653812.25	5170206.27	0.185759
21653884.4	5170186.26	0.234983
21653956.54	5170166.25	0.238034
21654028.69	5170146.25	0.241121
21654100.84	5170126.24	0.201273
21654172.98	5170106.23	0.203281
21654245.13	5170086.22	0.24703
21654317.28	5170066.21	0.245313
21654389.42	5170046.21	0.186779
21654461.57	5170026.2	0.22218
21654533.72	5170006.19	0.193204
21654605.86	5169986.18	0.115
21654678.01	5169966.17	0.121421
21654750.16	5169946.17	0.168002
21654822.31	5169926.16	0.181044
21654894.45	5169906.15	0.203081
21654966.6	5169886.14	0.227447
21655038.75	5169866.13	0.233484
21655110.89	5169846.13	0.24374
21655183.04	5169826.12	0.196599
21655255.19	5169806.11	0.219214
21655327.33	5169786.1	0.23181
21655399.48	5169766.09	0.237753
21653254.7	5170437.11	0.235789
21653326.85	5170417.1	0.219119
21653399	5170397.09	0.200725
21653471.14	5170377.08	0.159153
21653543.29	5170357.07	0.151401
21653615.44	5170337.07	0.167541
21653687.58	5170317.06	0.144874
21653759.73	5170297.05	0.16581
21653831.88	5170277.04	0.255628
21653904.02	5170257.03	0.265122
21653976.17	5170237.03	0.19325
21654048.32	5170217.02	0.205694
21654120.46	5170197.01	0.186594
21654192.61	5170177	0.200154
21654264.76	5170156.99	0.19082
21654336.9	5170136.98	0.229087
21654409.05	5170116.98	0.238006
21654481.2	5170096.97	0.230377
21654553.34	5170076.96	0.236931
21654625.49	5170056.95	0.136271
21654697.64	5170036.94	0.150291
21654769.78	5170016.94	0.179496
21654841.93	5169996.93	0.177906
21654914.08	5169976.92	0.226175
21654986.23	5169956.91	0.250334
21655058.37	5169936.9	0.236519
21655130.52	5169916.9	0.214476
21655202.66	5169896.89	0.204606
21655274.81	5169876.88	0.209096
21655346.96	5169856.87	0.223101
21655419.11	5169836.86	0.245193
21655491.25	5169816.86	0.17786
21655563.4	5169796.85	0.186585
21655635.55	5169776.84	0.204288
21655707.69	5169756.83	0.234451
21655779.84	5169736.82	0.261467
21655851.99	5169716.82	0.194628
21655924.13	5169696.81	0.159741
21655996.28	5169676.8	0.21631
21656068.43	5169656.79	0.243231
21656140.57	5169636.78	0.294708
21656212.72	5169616.78	0.212372
21656284.87	5169596.77	0.12204
21656357.01	5169576.76	0.137505
21656429.16	5169556.75	0.246125
21656501.31	5169536.74	0.251029
21656573.45	5169516.74	0.241805
21656645.6	5169496.73	0.233799
21656717.75	5169476.72	0.213122
21656789.89	5169456.71	0.242509
21656862.04	5169436.7	0.22527
21656934.19	5169416.69	0.142214
21657006.33	5169396.69	0.0794568
21657078.48	5169376.68	0.0897693
21657150.63	5169356.67	0.127581
21657222.77	5169336.66	0.129916
21657294.92	5169316.65	0.127414
21657367.07	5169296.65	0.139686
21657439.21	5169276.64	0.153942
21657511.36	5169256.63	0.159871
21657583.51	5169236.62	0.153194
21657655.65	5169216.61	0.0703325
21657727.8	5169196.61	0.117348
21657799.95	5169176.6	0.201985
21657872.09	5169156.59	0.0995703
21657944.24	5169136.58	0.0757082
21658016.39	5169116.57	0.0957257
21658088.53	5169096.57	0.129295
21658160.68	5169076.56	0.166692
21658232.83	5169056.55	0.18522
21658304.97	5169036.54	0.262691
21658377.12	5169016.53	0.29538
21658449.27	5168996.53	0.299817
21658521.41	5168976.52	0.296609
21658593.56	5168956.51	0.249841
21658665.71	5168936.5	0.269223
21658737.85	5168916.49	0.227357
21658810	5168896.49	0.157636
21658882.15	5168876.48	0.160647
21658954.29	5168856.47	0.16629
21659026.44	5168836.46	0.0849712
21659098.59	5168816.45	0
21653274.33	5170507.88	0.225892
21653346.48	5170487.87	0.229276
21653418.62	5170467.86	0.208577
21653490.77	5170447.85	0.119352
21653562.92	5170427.84	0.12396
21653635.06	5170407.84	0.148804
21653707.21	5170387.83	0.138225
21653779.36	5170367.82	0.151703
21653851.5	5170347.81	0.24612
21653923.65	5170327.8	0.230299
21653995.8	5170307.8	0.205058
21654067.94	5170287.79	0.176674
21654140.09	5170267.78	0.165898
21654212.24	5170247.77	0.185449
21654284.38	5170227.76	0.188361
21654356.53	5170207.76	0.152669
21654428.68	5170187.75	0.190024
21654500.82	5170167.74	0.238178
21654572.97	5170147.73	0.255495
21654645.12	5170127.72	0.194377
21654717.26	5170107.72	0.200845
21654789.41	5170087.71	0.242832
21654861.56	5170067.7	0.267173
21654933.7	5170047.69	0.249237
21655005.85	5170027.68	0.238085
21655078	5170007.68	0.223607
21655150.14	5169987.67	0.180276
21655222.29	5169967.66	0.166373
21655294.44	5169947.65	0.160608
21655366.58	5169927.64	0.209838
21655438.73	5169907.63	0.203911
21655510.88	5169887.63	0.165559
21655583.03	5169867.62	0.245638
21655655.17	5169847.61	0.252129
21655727.32	5169827.6	0.23877
21655799.47	5169807.59	0.269279
21655871.61	5169787.59	0.254528
21655943.76	5169767.58	0.194569
21656015.91	5169747.57	0.178023
21656088.05	5169727.56	0.222018
21656160.2	5169707.55	0.231763
21656232.35	5169687.55	0.246794
21656304.49	5169667.54	0.210128
21656376.64	5169647.53	0.0422646
21656448.79	5169627.52	0.26379
21656520.93	5169607.51	0.238288
21656593.08	5169587.51	0.200756
21656665.23	5169567.5	0.249985
21656737.37	5169547.49	0.243559
21656809.52	5169527.48	0.24216
21656881.67	5169507.47	0.180854
21656953.81	5169487.47	0.0981022
21657025.96	5169467.46	0.0768221
21657098.11	5169447.45	0.0444704
21657170.25	5169427.44	0.0645602
21657242.4	5169407.43	0.0632347
21657314.55	5169387.43	0.126482
21657386.69	5169367.42	0.157372
21657458.84	5169347.41	0.160147
21657530.99	5169327.4	0.178284
21657603.13	5169307.39	0.172515
21657675.28	5169287.39	0.13158
21657747.43	5169267.38	0.0898704
21657819.57	5169247.37	0.171433
21657891.72	5169227.36	0.14871
21657963.87	5169207.35	0.0919119
21658036.01	5169187.34	0.123912
21658108.16	5169167.34	0.125472
21658180.31	5169147.33	0.201171
21658252.45	5169127.32	0.203529
21658324.6	5169107.31	0.247274
21658396.75	5169087.3	0.269116
21658468.89	5169067.3	0.283234
21658541.04	5169047.29	0.287831
21658613.19	5169027.28	0.257299
21658685.33	5169007.27	0.252041
21658757.48	5168987.26	0.236094
21658829.63	5168967.26	0.151975
21658901.77	5168947.25	0.151278
21658973.92	5168927.24	0.196206
21659046.07	5168907.23	0.226187
21653293.96	5170578.65	0.180475
21653366.1	5170558.64	0.187631
21653438.25	5170538.63	0.246363
21653510.4	5170518.62	0.142115
21653582.54	5170498.61	0.125667
21653654.69	5170478.61	0.120898
21653726.84	5170458.6	0.132939
21653798.98	5170438.59	0.161302
21653871.13	5170418.58	0.206522
21653943.28	5170398.57	0.262861
21654015.42	5170378.57	0.167111
21654087.57	5170358.56	0.117747
21654159.72	5170338.55	0.141989
21654231.86	5170318.54	0.159261
21654304.01	5170298.53	0.160184
21654376.16	5170278.53	0.136049
21654448.3	5170258.52	0.10222
21654520.45	5170238.51	0.115366
21654592.6	5170218.5	0.2476
21654664.74	5170198.49	0.170501
21654736.89	5170178.49	0.212934
21654809.04	5170158.48	0.240494
21654881.18	5170138.47	0.21349
21654953.33	5170118.46	0.262408
21655025.48	5170098.45	0.191895
21655097.62	5170078.45	0.152098
21655169.77	5170058.44	0.14256
21655241.92	5170038.43	0.148179
21655314.06	5170018.42	0.161913
21655386.21	5169998.41	0.168602
21655458.36	5169978.41	0.209346
21655530.5	5169958.4	0.231145
21655602.65	5169938.39	0.165141
21655674.8	5169918.38	0.168218
21655746.95	5169898.37	0.212296
21655819.09	5169878.37	0.167501
21655891.24	5169858.36	0.254842
21655963.38	5169838.35	0.256044
21656035.53	5169818.34	0.212359
21656107.68	5169798.33	0.224322
21656179.83	5169778.32	0.256204
21656251.97	5169758.32	0.284914
21656324.12	5169738.31	0.28033
21656396.27	5169718.3	0.289309
21656468.41	5169698.29	0.264413
21656540.56	5169678.28	0.259771
21656612.71	5169658.28	0.235872
21656684.85	5169638.27	0.2678
21656757	5169618.26	0.259524
21656829.15	5169598.25	0.270222
21656901.29	5169578.24	0.180702
21656973.44	5169558.24	0.13108
21657045.59	5169538.23	0
21657117.73	5169518.22	0
21657189.88	5169498.21	0
21657262.03	5169478.2	0
21657334.17	5169458.2	0.0898711
21657406.32	5169438.19	0.124608
21657478.47	5169418.18	0.125469
21657550.61	5169398.17	0.164753
21657622.76	5169378.16	0.150592
21657694.91	5169358.16	0.125771
21657767.05	5169338.15	0.124237
21657839.2	5169318.14	0.135359
21657911.35	5169298.13	0.249516
21657983.49	5169278.12	0.144661
21658055.64	5169258.12	0.122607
21658127.79	5169238.11	0.155229
21658199.93	5169218.1	0.263746
21658272.08	5169198.09	0.245554
21658344.23	5169178.08	0.244936
21658416.37	5169158.08	0.256284
21658488.52	5169138.07	0.246262
21658560.67	5169118.06	0.236941
21658632.81	5169098.05	0.283555
21658704.96	5169078.04	0.263061
21658777.11	5169058.03	0.22803
21658849.25	5169038.03	0.154639
21658921.4	5169018.02	0.120842
21658993.55	5168998.01	0.137913
21659065.69	5168978	0.16841
21653313.58	5170649.42	0.149195
21653385.73	5170629.41	0.157291
21653457.88	5170609.4	0.14771
21653530.02	5170589.39	0.137494
21653602.17	5170569.39	0.119745
21653674.32	5170549.38	0.134355
21653746.46	5170529.37	0.137708
21653818.61	5170509.36	0.155979
21653890.76	5170489.35	0.150223
21653962.9	5170469.35	0.249624
21654035.05	5170449.34	0.21502
21654107.2	5170429.33	0.14313
21654179.34	5170409.32	0.136816
21654251.49	5170389.31	0.1535
21654323.64	5170369.3	0.130925
21654395.78	5170349.3	0.119618
21654467.93	5170329.29	0.0927401
21654540.08	5170309.28	0.110659
21654612.22	5170289.27	0.245266
21654684.37	5170269.26	0.236111
21654756.52	5170249.26	0.216429
21654828.66	5170229.25	0.258489
21654900.81	5170209.24	0.204691
21654972.96	5170189.23	0.240988
21655045.1	5170169.22	0.192373
21655117.25	5170149.22	0.137049
21655189.4	5170129.21	0.129243
21655261.54	5170109.2	0.1211
21655333.69	5170089.19	0.146344
21655405.84	5170069.18	0.181669
21655477.98	5170049.18	0.160222
21655550.13	5170029.17	0.199632
21655622.28	5170009.16	0.181823
21655694.42	5169989.15	0.178109
21655766.57	5169969.14	0.149057
21655838.72	5169949.14	0.121978
21655910.86	5169929.13	0.149894
21655983.01	5169909.12	0.220306
21656055.16	5169889.11	0.240394
21656127.3	5169869.1	0.258024
21656199.45	5169849.1	0.270222
21656271.6	5169829.09	0.267839
21656343.75	5169809.08	0.276014
21656415.89	5169789.07	0.261158
21656488.04	5169769.06	0.237558
21656560.19	5169749.06	0.258076
21656632.33	5169729.05	0.246756
21656704.48	5169709.04	0.24999
21656776.63	5169689.03	0.272321
21656848.77	5169669.02	0.289071
21656920.92	5169649.02	0.228003
21656993.07	5169629.01	0.147238
21657065.21	5169609	0
21657137.36	5169588.99	0
21657209.51	5169568.98	0
21657281.65	5169548.97	0
21657353.8	5169528.97	0
21657425.95	5169508.96	0.0827341
21657498.09	5169488.95	0.0858081
21657570.24	5169468.94	0.140252
21657642.39	5169448.93	0.128988
21657714.53	5169428.93	0.129809
21657786.68	5169408.92	0.145396
21657858.83	5169388.91	0.151743
21657930.97	5169368.9	0.239098
21658003.12	5169348.89	0.167461
21658075.27	5169328.89	0.10661
21658147.41	5169308.88	0.145135
21658219.56	5169288.87	0.26888
21658291.71	5169268.86	0.263261
21658363.85	5169248.85	0.236205
21658436	5169228.85	0.174737
21658508.15	5169208.84	0.183895
21658580.29	5169188.83	0.165337
21658652.44	5169168.82	0.167026
21658724.59	5169148.81	0.235915
21658796.73	5169128.81	0.28004
21658868.88	5169108.8	0.220672
21658941.03	5169088.79	0.153407
21659013.17	5169068.78	0.121357
21659085.32	5169048.77	0.115526
21653261.06	5170740.2	0.151567
21653333.21	5170720.19	0.135855
21653405.36	5170700.18	0.131245
21653477.5	5170680.17	0.120507
21653549.65	5170660.16	0.141223
21653621.8	5170640.16	0.14802
21653693.94	5170620.15	0.165677
21653766.09	5170600.14	0.174971
21653838.24	5170580.13	0.182622
21653910.38	5170560.12	0.171891
21653982.53	5170540.12	0.198993
21654054.68	5170520.11	0.228791
21654126.82	5170500.1	0.215764
21654198.97	5170480.09	0.185394
21654271.12	5170460.08	0.208442
21654343.26	5170440.08	0.171568
21654415.41	5170420.07	0.118506
21654487.56	5170400.06	0.106531
21654559.7	5170380.05	0.163162
21654631.85	5170360.04	0.24684
21654704	5170340.04	0.22777
21654776.14	5170320.03	0.242462
21654848.29	5170300.02	0.191204
21654920.44	5170280.01	0.197534
21654992.58	5170260	0.246453
21655064.73	5170240	0.194865
21655136.88	5170219.99	0.146587
21655209.02	5170199.98	0.126128
21655281.17	5170179.97	0.123221
21655353.32	5170159.96	0.125739
21655425.46	5170139.95	0.153418
21655497.61	5170119.95	0.1497
21655569.76	5170099.94	0.176894
21655641.9	5170079.93	0.193866
21655714.05	5170059.92	0.172064
21655786.2	5170039.91	0.176024
21655858.34	5170019.91	0.188702
21655930.49	5169999.9	0.13974
21656002.64	5169979.89	0.137737
21656074.78	5169959.88	0.177235
21656146.93	5169939.87	0.219775
21656219.08	5169919.87	0.257515
21656291.22	5169899.86	0.249606
21656363.37	5169879.85	0.27114
21656435.52	5169859.84	0.27808
21656507.66	5169839.83	0.243491
21656579.81	5169819.83	0.237476
21656651.96	5169799.82	0.281714
21656724.1	5169779.81	0.282564
21656796.25	5169759.8	0.256314
21656868.4	5169739.79	0.263463
21656940.55	5169719.79	0.239636
21657012.69	5169699.78	0.151642
21657084.84	5169679.77	0
21657156.99	5169659.76	0
21657229.13	5169639.75	0
21657301.28	5169619.75	0.0424599
21657373.43	5169599.74	0
21657445.57	5169579.73	0.104709
21657517.72	5169559.72	0.10654
21657589.87	5169539.71	0.129069
21657662.01	5169519.71	0.143574
21657734.16	5169499.7	0.172945
21657806.31	5169479.69	0.1827
21657878.45	5169459.68	0.212904
21657950.6	5169439.67	0.03468
21658022.75	5169419.66	0.116318
21658094.89	5169399.66	0.130017
21658167.04	5169379.65	0.194509
21658239.19	5169359.64	0.281442
21658311.33	5169339.63	0.245245
21658383.48	5169319.62	0.218754
21658455.63	5169299.62	0.195886
21658527.77	5169279.61	0.182893
21658599.92	5169259.6	0.145702
21658672.07	5169239.59	0.165667
21658744.21	5169219.58	0.205025
21658816.36	5169199.58	0.264265
21658888.51	5169179.57	0.212194
21658960.65	5169159.56	0.142458
21659032.8	5169139.55	0.122829
21659104.95	5169119.54	0.107183
21653280.69	5170810.97	0.136151
21653352.84	5170790.96	0.132205
21653424.98	5170770.95	0.149853
21653497.13	5170750.94	0.144259
21653569.28	5170730.93	0.140726
21653641.42	5170710.93	0.133496
21653713.57	5170690.92	0.195112
21653785.72	5170670.91	0.187272
21653857.86	5170650.9	0.190884
21653930.01	5170630.89	0.180242
21654002.16	5170610.89	0.156841
21654074.3	5170590.88	0.118177
21654146.45	5170570.87	0.209822
21654218.6	5170550.86	0.244708
21654290.74	5170530.85	0.251738
21654362.89	5170510.85	0.24622
21654435.04	5170490.84	0.176777
21654507.18	5170470.83	0.165755
21654579.33	5170450.82	0.226628
21654651.48	5170430.81	0.177809
21654723.62	5170410.81	0.148898
21654795.77	5170390.8	0.154028
21654867.92	5170370.79	0.209601
21654940.06	5170350.78	0.232267
21655012.21	5170330.77	0.174931
21655084.36	5170310.77	0.176744
21655156.5	5170290.76	0.166021
21655228.65	5170270.75	0.135593
21655300.8	5170250.74	0.122153
21655372.94	5170230.73	0.12225
21655445.09	5170210.73	0.171989
21655517.24	5170190.72	0.146126
21655589.38	5170170.71	0.152052
21655661.53	5170150.7	0.209579
21655733.68	5170130.69	0.161708
21655805.82	5170110.69	0.212545
21655877.97	5170090.68	0.226365
21655950.12	5170070.67	0.16818
21656022.26	5170050.66	0.13259
21656094.41	5170030.65	0.11283
21656166.56	5170010.65	0.151704
21656238.7	5169990.64	0.205462
21656310.85	5169970.63	0.263349
21656383	5169950.62	0.282965
21656455.14	5169930.61	0.266255
21656527.29	5169910.6	0.253567
21656599.44	5169890.6	0.252046
21656671.58	5169870.59	0.280584
21656743.73	5169850.58	0.276852
21656815.88	5169830.57	0.257108
21656888.02	5169810.56	0.214007
21656960.17	5169790.56	0.22347
21657032.32	5169770.55	0.121646
21657104.47	5169750.54	0.0819608
21657176.61	5169730.53	0
21657248.76	5169710.52	0
21657320.91	5169690.52	0
21657393.05	5169670.51	0
21657465.2	5169650.5	0.104256
21657537.35	5169630.49	0.118115
21657609.49	5169610.48	0.144822
21657681.64	5169590.48	0.256085
21657753.79	5169570.47	0.266706
21657825.93	5169550.46	0.228168
21657898.08	5169530.45	0.247559
21657970.23	5169510.44	0.188926
21658042.37	5169490.44	0.136855
21658114.52	5169470.43	0.166994
21658186.67	5169450.42	0.242843
21658258.81	5169430.41	0.267469
21658330.96	5169410.4	0.260985
21658403.11	5169390.4	0.24656
21658475.25	5169370.39	0.219147
21658547.4	5169350.38	0.220659
21658619.55	5169330.37	0.182202
21658691.69	5169310.36	0.189399
21658763.84	5169290.36	0.192285
21658835.99	5169270.35	0.229386
21658908.13	5169250.34	0.209253
21658980.28	5169230.33	0.147109
21659052.43	5169210.32	0.128832
21653300.32	5170881.74	0.144484
21653372.46	5170861.73	0.166969
21653444.61	5170841.72	0.2312
21653516.76	5170821.71	0.251432
21653588.9	5170801.71	0
21653661.05	5170781.7	0.177552
21653733.2	5170761.69	0.240084
21653805.34	5170741.68	0.195197
21653877.49	5170721.67	0.178141
21653949.64	5170701.67	0.149202
21654021.78	5170681.66	0
21654093.93	5170661.65	0
21654166.08	5170641.64	0.100295
21654238.22	5170621.63	0.196965
21654310.37	5170601.63	0.193102
21654382.52	5170581.62	0.161304
21654454.66	5170561.61	0.253104
21654526.81	5170541.6	0.260554
21654598.96	5170521.59	0.279682
21654671.1	5170501.58	0.122063
21654743.25	5170481.58	0.150114
21654815.4	5170461.57	0.218911
21654887.54	5170441.56	0.1973
21654959.69	5170421.55	0.162269
21655031.84	5170401.54	0.128592
21655103.98	5170381.54	0.146683
21655176.13	5170361.53	0.147923
21655248.28	5170341.52	0.148131
21655320.42	5170321.51	0.111938
21655392.57	5170301.5	0.0908198
21655464.72	5170281.5	0.185389
21655536.86	5170261.49	0.184879
21655609.01	5170241.48	0.169877
21655681.16	5170221.47	0.1885
21655753.3	5170201.46	0.14148
21655825.45	5170181.46	0.13581
21655897.6	5170161.45	0.224655
21655969.74	5170141.44	0.190376
21656041.89	5170121.43	0.141361
21656114.04	5170101.42	0.111751
21656186.18	5170081.42	0.115676
21656258.33	5170061.41	0.153039
21656330.48	5170041.4	0.206579
21656402.62	5170021.39	0.268649
21656474.77	5170001.38	0.203518
21656546.92	5169981.38	0.22639
21656619.06	5169961.37	0.265637
21656691.21	5169941.36	0.281498
21656763.36	5169921.35	0.256292
21656835.5	5169901.34	0.251853
21656907.65	5169881.34	0.119598
21656979.8	5169861.33	0
21657051.94	5169841.32	0.0922254
21657124.09	5169821.31	0.0964479
21657196.24	5169801.3	0.119746
21657268.38	5169781.3	0.114895
21657340.53	5169761.29	0
21657412.68	5169741.28	0
21657484.83	5169721.27	0.1318
21657556.97	5169701.26	0.115092
21657629.12	5169681.25	0.0838591
21657701.27	5169661.25	0.187563
21657773.41	5169641.24	0.249645
21657845.56	5169621.23	0.244696
21657917.71	5169601.22	0.229038
21657989.85	5169581.21	0.142121
21658062	5169561.21	0.161629
21658134.15	5169541.2	0.181919
21658206.29	5169521.19	0.269798
21658278.44	5169501.18	0.2664
21658350.59	5169481.17	0.290303
21658422.73	5169461.17	0.255131
21658494.88	5169441.16	0.198649
21658567.03	5169421.15	0.204738
21658639.17	5169401.14	0.174334
21658711.32	5169381.13	0.191893
21658783.47	5169361.13	0.239631
21658855.61	5169341.12	0.209077
21658927.76	5169321.11	0.221406
21658999.91	5169301.1	0.205326
21659072.05	5169281.09	0.179146
21653247.8	5170972.52	0.126124
21653319.94	5170952.51	0.131196
21653392.09	5170932.5	0.15997
21653464.24	5170912.49	0.148892
21653536.38	5170892.48	0.1426
21653608.53	5170872.48	0.101939
21653680.68	5170852.47	0.155584
21653752.82	5170832.46	0.166523
21653824.97	5170812.45	0.173901
21653897.12	5170792.44	0.164517
21653969.26	5170772.44	0.15381
21654041.41	5170752.43	0.0972524
21654113.56	5170732.42	0.0847609
21654185.7	5170712.41	0.0972643
21654257.85	5170692.4	0.136882
21654330	5170672.4	0.188085
21654402.14	5170652.39	0.149435
21654474.29	5170632.38	0.15825
21654546.44	5170612.37	0.259183
21654618.58	5170592.36	0.220018
21654690.73	5170572.36	0.145762
21654762.88	5170552.35	0.139138
21654835.02	5170532.34	0.227655
21654907.17	5170512.33	0.132794
21654979.32	5170492.32	0.133875
21655051.46	5170472.32	0.138408
21655123.61	5170452.31	0.128362
21655195.76	5170432.3	0.145281
21655267.9	5170412.29	0.129364
21655340.05	5170392.28	0.116185
21655412.2	5170372.28	0.0779275
21655484.34	5170352.27	0.127124
21655556.49	5170332.26	0.149784
21655628.64	5170312.25	0.222395
21655700.78	5170292.24	0.22309
21655772.93	5170272.23	0.138062
21655845.08	5170252.23	0.131484
21655917.22	5170232.22	0.171841
21655989.37	5170212.21	0.165863
21656061.52	5170192.2	0.13556
21656133.66	5170172.19	0.132891
21656205.81	5170152.19	0.11638
21656277.96	5170132.18	0.119651
21656350.1	5170112.17	0.117089
21656422.25	5170092.16	0
21656494.4	5170072.15	0.13458
21656566.54	5170052.15	0.241811
21656638.69	5170032.14	0.279304
21656710.84	5170012.13	0.264926
21656782.98	5169992.12	0.267564
21656855.13	5169972.11	0.24344
21656927.28	5169952.11	0.164302
21656999.42	5169932.1	0.128099
21657071.57	5169912.09	0
21657143.72	5169892.08	0
21657215.86	5169872.07	0.131842
21657288.01	5169852.07	0.12388
21657360.16	5169832.06	0.139542
21657432.3	5169812.05	0.119025
21657504.45	5169792.04	0.119016
21657576.6	5169772.03	0.118522
21657648.74	5169752.03	0.137169
21657720.89	5169732.02	0.194598
21657793.04	5169712.01	0.257657
21657865.18	5169692	0.247308
21657937.33	5169671.99	0.189757
21658009.48	5169651.99	0
21658081.63	5169631.98	0
21658153.77	5169611.97	0.237485
21658225.92	5169591.96	0.246702
21658298.07	5169571.95	0.277953
21658370.21	5169551.94	0.287179
21658442.36	5169531.94	0.249294
21658514.51	5169511.93	0.181465
21658586.65	5169491.92	0.167119
21658658.8	5169471.91	0.15737
21658730.95	5169451.9	0.148468
21658803.09	5169431.9	0.200983
21658875.24	5169411.89	0.168252
21658947.39	5169391.88	0.129017
21659019.53	5169371.87	0.231735
21659091.68	5169351.86	0.271303
21653267.42	5171043.29	0.143853
21653339.57	5171023.28	0.13666
21653411.72	5171003.27	0.140643
21653483.86	5170983.26	0.112608
21653556.01	5170963.26	0.122399
21653628.16	5170943.25	0.156515
21653700.3	5170923.24	0.176361
21653772.45	5170903.23	0.154656
21653844.6	5170883.22	0.153322
21653916.74	5170863.21	0.166173
21653988.89	5170843.21	0.158146
21654061.04	5170823.2	0.117775
21654133.18	5170803.19	0.115728
21654205.33	5170783.18	0.116242
21654277.48	5170763.17	0.167698
21654349.62	5170743.17	0.235053
21654421.77	5170723.16	0.157697
21654493.92	5170703.15	0.12615
21654566.06	5170683.14	0.223993
21654638.21	5170663.13	0.266619
21654710.36	5170643.13	0.219629
21654782.5	5170623.12	0.202988
21654854.65	5170603.11	0.178012
21654926.8	5170583.1	0.101432
21654998.94	5170563.09	0.132858
21655071.09	5170543.09	0.134192
21655143.24	5170523.08	0.133196
21655215.38	5170503.07	0.155202
21655287.53	5170483.06	0.127134
21655359.68	5170463.05	0.115292
21655431.82	5170443.05	0.136607
21655503.97	5170423.04	0.126196
21655576.12	5170403.03	0.148491
21655648.26	5170383.02	0.195122
21655720.41	5170363.01	0.204584
21655792.56	5170343.01	0.144941
21655864.7	5170323	0.148609
21655936.85	5170302.99	0.192965
21656009	5170282.98	0.147194
21656081.14	5170262.97	0.128429
21656153.29	5170242.97	0.182292
21656225.44	5170222.96	0.132246
21656297.58	5170202.95	0.13492
21656369.73	5170182.94	0.100635
21656441.88	5170162.93	0.0963296
21656514.02	5170142.93	0.216108
21656586.17	5170122.92	0.248823
21656658.32	5170102.91	0.223134
21656730.46	5170082.9	0.266712
21656802.61	5170062.89	0.279616
21656874.76	5170042.88	0.279847
21656946.9	5170022.88	0.19621
21657019.05	5170002.87	0.151037
21657091.2	5169982.86	0.166897
21657163.34	5169962.85	0.158791
21657235.49	5169942.84	0.147628
21657307.64	5169922.84	0
21657379.78	5169902.83	0.109817
21657451.93	5169882.82	0.133089
21657524.08	5169862.81	0.143347
21657596.22	5169842.8	0.19208
21657668.37	5169822.8	0.247826
21657740.52	5169802.79	0.254428
21657812.66	5169782.78	0.250516
21657884.81	5169762.77	0.201522
21657956.96	5169742.76	0.131258
21658029.1	5169722.76	0.175228
21658101.25	5169702.75	0.255275
21658173.4	5169682.74	0.238181
21658245.54	5169662.73	0.257974
21658317.69	5169642.72	0.269271
21658389.84	5169622.72	0.246346
21658461.99	5169602.71	0.23592
21658534.13	5169582.7	0.222348
21658606.28	5169562.69	0.19252
21658678.43	5169542.68	0.160029
21658750.57	5169522.68	0.145086
21658822.72	5169502.67	0
21658894.87	5169482.66	0.0349412
21658967.01	5169462.65	0
21659039.16	5169442.64	0.127647
21659111.31	5169422.64	0
21653287.05	5171114.06	0.175674
21653359.2	5171094.05	0.171088
21653431.34	5171074.04	0.181558
21653503.49	5171054.03	0.189526
21653575.64	5171034.03	0.191096
21653647.78	5171014.02	0.200587
21653719.93	5170994.01	0.162616
21653792.08	5170974	0.140833
21653864.22	5170953.99	0
21653936.37	5170933.99	0
21654008.52	5170913.98	0.128458
21654080.66	5170893.97	0.130262
21654152.81	5170873.96	0.129655
21654224.96	5170853.95	0.142017
21654297.1	5170833.95	0.146104
21654369.25	5170813.94	0.246943
21654441.4	5170793.93	0.156712
21654513.54	5170773.92	0.157994
21654585.69	5170753.91	0.192672
21654657.84	5170733.91	0.231497
21654729.98	5170713.9	0.246137
21654802.13	5170693.89	0.273178
21654874.28	5170673.88	0.110798
21654946.42	5170653.87	0.109208
21655018.57	5170633.86	0.144047
21655090.72	5170613.86	0.123796
21655162.86	5170593.85	0.115932
21655235.01	5170573.84	0.13085
21655307.16	5170553.83	0.132023
21655379.3	5170533.82	0.129417
21655451.45	5170513.82	0.150374
21655523.6	5170493.81	0.163934
21655595.74	5170473.8	0.176408
21655667.89	5170453.79	0.185842
21655740.04	5170433.78	0.145013
21655812.18	5170413.78	0.0876066
21655884.33	5170393.77	0.136376
21655956.48	5170373.76	0.174081
21656028.62	5170353.75	0.147197
21656100.77	5170333.74	0.159528
21656172.92	5170313.74	0.241695
21656245.06	5170293.73	0.199769
21656317.21	5170273.72	0.197325
21656389.36	5170253.71	0.130266
21656461.5	5170233.7	0.129604
21656533.65	5170213.7	0.216078
21656605.8	5170193.69	0.266527
21656677.94	5170173.68	0.221898
21656750.09	5170153.67	0.271289
21656822.24	5170133.66	0.275835
21656894.38	5170113.66	0.290175
21656966.53	5170093.65	0.232995
21657038.68	5170073.64	0.235784
21657110.82	5170053.63	0.202447
21657182.97	5170033.62	0.175214
21657255.12	5170013.62	0.171981
21657327.26	5169993.61	0.130936
21657399.41	5169973.6	0.136586
21657471.56	5169953.59	0.185239
21657543.7	5169933.58	0.236447
21657615.85	5169913.57	0.239561
21657688	5169893.57	0.24455
21657760.14	5169873.56	0.229699
21657832.29	5169853.55	0.26458
21657904.44	5169833.54	0.175268
21657976.58	5169813.53	0.203467
21658048.73	5169793.53	0.246369
21658120.88	5169773.52	0.256218
21658193.02	5169753.51	0.272112
21658265.17	5169733.5	0.219471
21658337.32	5169713.49	0.213719
21658409.46	5169693.49	0.199415
21658481.61	5169673.48	0.215109
21658553.76	5169653.47	0.210608
21658625.91	5169633.46	0.21807
21658698.05	5169613.45	0.191074
21658770.2	5169593.45	0.130973
21658842.35	5169573.44	0
21658914.49	5169553.43	0
21658986.64	5169533.42	0
21659058.79	5169513.41	0.0730455
21653306.68	5171184.83	0.249762
21653378.82	5171164.82	0.199252
21653450.97	5171144.81	0.219463
21653523.12	5171124.8	0.219244
21653595.26	5171104.8	0.168895
21653667.41	5171084.79	0.196746
21653739.56	5171064.78	0.146188
21653811.7	5171044.77	0
21653883.85	5171024.76	0.139272
21653956	5171004.76	0.140226
21654028.14	5170984.75	0.121416
21654100.29	5170964.74	0.107815
21654172.44	5170944.73	0.124208
21654244.58	5170924.72	0.155168
21654316.73	5170904.72	0.255669
21654388.88	5170884.71	0.234981
21654461.02	5170864.7	0.148701
21654533.17	5170844.69	0.148061
21654605.32	5170824.68	0.149016
21654677.46	5170804.68	0.135528
21654749.61	5170784.67	0.216335
21654821.76	5170764.66	0.254984
21654893.9	5170744.65	0.196038
21654966.05	5170724.64	0.209551
21655038.2	5170704.64	0.212034
21655110.34	5170684.63	0.148583
21655182.49	5170664.62	0.125973
21655254.64	5170644.61	0.117814
21655326.78	5170624.6	0.147263
21655398.93	5170604.6	0.16675
21655471.08	5170584.59	0.147492
21655543.22	5170564.58	0.188998
21655615.37	5170544.57	0.179875
21655687.52	5170524.56	0.157861
21655759.66	5170504.56	0.128972
21655831.81	5170484.55	0.0864719
21655903.96	5170464.54	0
21655976.1	5170444.53	0.141455
21656048.25	5170424.52	0.180336
21656120.4	5170404.51	0.252226
21656192.54	5170384.51	0.206634
21656264.69	5170364.5	0.167287
21656336.84	5170344.49	0.134532
21656408.98	5170324.48	0.144109
21656481.13	5170304.47	0.137366
21656553.28	5170284.47	0.15898
21656625.42	5170264.46	0.255011
21656697.57	5170244.45	0.23223
21656769.72	5170224.44	0.257122
21656841.86	5170204.43	0.274832
21656914.01	5170184.43	0.279549
21656986.16	5170164.42	0.241718
21657058.3	5170144.41	0.179551
21657130.45	5170124.4	0.206231
21657202.6	5170104.39	0.224537
21657274.74	5170084.39	0.263176
21657346.89	5170064.38	0.18285
21657419.04	5170044.37	0.129896
21657491.18	5170024.36	0.178091
21657563.33	5170004.35	0.223596
21657635.48	5169984.35	0.258008
21657707.62	5169964.34	0.152343
21657779.77	5169944.33	0.167732
21657851.92	5169924.32	0.222154
21657924.06	5169904.31	0.142737
21657996.21	5169884.31	0.247029
21658068.36	5169864.3	0.252925
21658140.5	5169844.29	0.233485
21658212.65	5169824.28	0.178784
21658284.8	5169804.27	0.166874
21658356.94	5169784.27	0.212312
21658429.09	5169764.26	0.229921
21658501.24	5169744.25	0.222906
21658573.38	5169724.24	0.202599
21658645.53	5169704.23	0.16283
21658717.68	5169684.22	0.148744
21658789.82	5169664.22	0.097404
21658861.97	5169644.21	0.0822648
21658934.12	5169624.2	0.058119
21659006.26	5169604.19	0.0711411
21659078.41	5169584.18	0.0782699
21653254.15	5171275.61	0.260135
21653326.3	5171255.6	0.270829
21653398.45	5171235.59	0.257786
21653470.6	5171215.58	0.221094
21653542.74	5171195.58	0.182568
21653614.89	5171175.57	0.174123
21653687.04	5171155.56	0.141967
21653759.18	5171135.55	0.12706
21653831.33	5171115.54	0.115709
21653903.48	5171095.54	0
21653975.62	5171075.53	0.133947
21654047.77	5171055.52	0
21654119.92	5171035.51	0.106706
21654192.06	5171015.5	0.12341
21654264.21	5170995.49	0.0855018
21654336.36	5170975.49	0.230413
21654408.5	5170955.48	0.139
21654480.65	5170935.47	0.161219
21654552.8	5170915.46	0.168739
21654624.94	5170895.45	0.137058
21654697.09	5170875.45	0.111895
21654769.24	5170855.44	0.206079
21654841.38	5170835.43	0.257198
21654913.53	5170815.42	0.2566
21654985.68	5170795.41	0.24776
21655057.82	5170775.41	0.197092
21655129.97	5170755.4	0.171305
21655202.12	5170735.39	0.142387
21655274.26	5170715.38	0.104383
21655346.41	5170695.37	0.149476
21655418.56	5170675.37	0.275641
21655490.7	5170655.36	0.20633
21655562.85	5170635.35	0.146857
21655635	5170615.34	0.177554
21655707.14	5170595.33	0.160799
21655779.29	5170575.33	0.144737
21655851.44	5170555.32	0.166235
21655923.58	5170535.31	0.172278
21655995.73	5170515.3	0.161566
21656067.88	5170495.29	0.227769
21656140.02	5170475.29	0.232203
21656212.17	5170455.28	0.146068
21656284.32	5170435.27	0.130451
21656356.46	5170415.26	0.127998
21656428.61	5170395.25	0.118519
21656500.76	5170375.25	0.116432
21656572.9	5170355.24	0.149691
21656645.05	5170335.23	0.266261
21656717.2	5170315.22	0.248802
21656789.34	5170295.21	0.250475
21656861.49	5170275.21	0.281505
21656933.64	5170255.2	0.276993
21657005.78	5170235.19	0.266576
21657077.93	5170215.18	0.253294
21657150.08	5170195.17	0.209612
21657222.22	5170175.16	0.235409
21657294.37	5170155.16	0.264586
21657366.52	5170135.15	0.173716
21657438.66	5170115.14	0.159172
21657510.81	5170095.13	0.201702
21657582.96	5170075.12	0.232397
21657655.1	5170055.12	0.214517
21657727.25	5170035.11	0.147806
21657799.4	5170015.1	0.261414
21657871.54	5169995.09	0.263089
21657943.69	5169975.08	0.229502
21658015.84	5169955.08	0.240274
21658087.98	5169935.07	0.278213
21658160.13	5169915.06	0.176191
21658232.28	5169895.05	0.137039
21658304.42	5169875.04	0.182595
21658376.57	5169855.04	0.258999
21658448.72	5169835.03	0.275848
21658520.86	5169815.02	0.24991
21658593.01	5169795.01	0.239035
21658665.16	5169775	0.182183
21658737.3	5169755	0.179489
21658809.45	5169734.99	0.131654
21658881.6	5169714.98	0.0929617
21658953.74	5169694.97	0.0730541
21659025.89	5169674.96	0.0708522
21659098.04	5169654.96	0.0671069
21653273.78	5171346.38	0.269042
21653345.93	5171326.37	0.273973
21653418.07	5171306.36	0.275216
21653490.22	5171286.35	0.242588
21653562.37	5171266.35	0.198102
21653634.51	5171246.34	0.163438
21653706.66	5171226.33	0.128202
21653778.81	5171206.32	0.123388
21653850.96	5171186.31	0.113487
21653923.1	5171166.31	0.122302
21653995.25	5171146.3	0.146167
21654067.4	5171126.29	0
21654139.54	5171106.28	0.159335
21654211.69	5171086.27	0.136251
21654283.84	5171066.27	0.0875593
21654355.98	5171046.26	0.151499
21654428.13	5171026.25	0.13256
21654500.28	5171006.24	0.155419
21654572.42	5170986.23	0.141843
21654644.57	5170966.23	0.159016
21654716.72	5170946.22	0.167348
21654788.86	5170926.21	0.266343
21654861.01	5170906.2	0.263117
21654933.16	5170886.19	0.267404
21655005.3	5170866.18	0.225791
21655077.45	5170846.18	0.206625
21655149.6	5170826.17	0.21883
21655221.74	5170806.16	0.164478
21655293.89	5170786.15	0.107806
21655366.04	5170766.14	0.172346
21655438.18	5170746.14	0.267128
21655510.33	5170726.13	0.279967
21655582.48	5170706.12	0.210897
21655654.62	5170686.11	0.169272
21655726.77	5170666.1	0.154411
21655798.92	5170646.1	0.154798
21655871.06	5170626.09	0.190496
21655943.21	5170606.08	0.163466
21656015.36	5170586.07	0.149894
21656087.5	5170566.06	0.237064
21656159.65	5170546.06	0.250297
21656231.8	5170526.05	0.168405
21656303.94	5170506.04	0.152579
21656376.09	5170486.03	0.127293
21656448.24	5170466.02	0
21656520.38	5170446.02	0.100791
21656592.53	5170426.01	0.13174
21656664.68	5170406	0.223697
21656736.82	5170385.99	0.291126
21656808.97	5170365.98	0.277335
21656881.12	5170345.98	0.248938
21656953.26	5170325.97	0.27163
21657025.41	5170305.96	0.267496
21657097.56	5170285.95	0.245564
21657169.7	5170265.94	0.190396
21657241.85	5170245.94	0.241082
21657314	5170225.93	0.214589
21657386.14	5170205.92	0.188815
21657458.29	5170185.91	0.197876
21657530.44	5170165.9	0.231505
21657602.58	5170145.9	0.227383
21657674.73	5170125.89	0.24134
21657746.88	5170105.88	0.256874
21657819.02	5170085.87	0.291198
21657891.17	5170065.86	0.303199
21657963.32	5170045.85	0.28147
21658035.46	5170025.85	0.258408
21658107.61	5170005.84	0.273977
21658179.76	5169985.83	0.219305
21658251.9	5169965.82	0.255366
21658324.05	5169945.81	0.273075
21658396.2	5169925.81	0.254944
21658468.34	5169905.8	0.245703
21658540.49	5169885.79	0.228106
21658612.64	5169865.78	0.200767
21658684.78	5169845.77	0.162807
21658756.93	5169825.77	0.187961
21658829.08	5169805.76	0.174079
21658901.22	5169785.75	0.168167
21658973.37	5169765.74	0.148851
21659045.52	5169745.73	0.132704
21653293.41	5171417.15	0.276704
21653365.55	5171397.14	0.154785
21653437.7	5171377.13	0.245631
21653509.85	5171357.12	0.232789
21653581.99	5171337.12	0.226939
21653654.14	5171317.11	0.198969
21653726.29	5171297.1	0.124285
21653798.43	5171277.09	0.157724
21653870.58	5171257.08	0.197622
21653942.73	5171237.08	0.118149
21654014.87	5171217.07	0.131693
21654087.02	5171197.06	0.131011
21654159.17	5171177.05	0.161888
21654231.32	5171157.04	0.130108
21654303.46	5171137.04	0.090107
21654375.61	5171117.03	0.19678
21654447.76	5171097.02	0.12884
21654519.9	5171077.01	0.125445
21654592.05	5171057	0.140228
21654664.2	5171037	0.167074
21654736.34	5171016.99	0.185661
21654808.49	5170996.98	0.222486
21654880.64	5170976.97	0.180889
21654952.78	5170956.96	0.217066
21655024.93	5170936.96	0.193762
21655097.08	5170916.95	0.188261
21655169.22	5170896.94	0.24784
21655241.37	5170876.93	0.199097
21655313.52	5170856.92	0.118875
21655385.66	5170836.92	0.124294
21655457.81	5170816.91	0.223806
21655529.96	5170796.9	0.226644
21655602.1	5170776.89	0.187663
21655674.25	5170756.88	0.155018
21655746.4	5170736.88	0.191814
21655818.54	5170716.87	0.149321
21655890.69	5170696.86	0.175778
21655962.84	5170676.85	0.165008
21656034.98	5170656.84	0.153212
21656107.13	5170636.83	0.230947
21656179.28	5170616.83	0.231361
21656251.42	5170596.82	0.210531
21656323.57	5170576.81	0.156236
21656395.72	5170556.8	0.117467
21656467.86	5170536.79	0.105026
21656540.01	5170516.79	0.121359
21656612.16	5170496.78	0.138627
21656684.3	5170476.77	0.17866
21656756.45	5170456.76	0.268489
21656828.6	5170436.75	0.25557
21656900.74	5170416.75	0.268085
21656972.89	5170396.74	0.262141
21657045.04	5170376.73	0.268708
21657117.18	5170356.72	0.249744
21657189.33	5170336.71	0.18418
21657261.48	5170316.71	0.185773
21657333.62	5170296.7	0.187847
21657405.77	5170276.69	0.169321
21657477.92	5170256.68	0.181105
21657550.06	5170236.67	0.228623
21657622.21	5170216.67	0.296194
21657694.36	5170196.66	0.290703
21657766.5	5170176.65	0.288656
21657838.65	5170156.64	0.283326
21657910.8	5170136.63	0.278861
21657982.94	5170116.63	0.287756
21658055.09	5170096.62	0.265547
21658127.24	5170076.61	0.263797
21658199.38	5170056.6	0.219792
21658271.53	5170036.59	0.221597
21658343.68	5170016.59	0.217372
21658415.82	5169996.58	0.213492
21658487.97	5169976.57	0.226865
21658560.12	5169956.56	0.187017
21658632.26	5169936.55	0.145723
21658704.41	5169916.55	0.155559
21658776.56	5169896.54	0.140978
21658848.7	5169876.53	0.178408
21658920.85	5169856.52	0.182837
21658993	5169836.51	0.157263
21659065.14	5169816.5	0.157809
21653313.03	5171487.92	0.180638
21653385.18	5171467.91	0.134121
21653457.33	5171447.9	0.151652
21653529.47	5171427.9	0.242102
21653601.62	5171407.89	0.167184
21653673.77	5171387.88	0.222465
21653745.91	5171367.87	0.148554
21653818.06	5171347.86	0.197795
21653890.21	5171327.86	0.171727
21653962.35	5171307.85	0.128983
21654034.5	5171287.84	0.114928
21654106.65	5171267.83	0.0964376
21654178.79	5171247.82	0.151
21654250.94	5171227.82	0.140997
21654323.09	5171207.81	0.160585
21654395.23	5171187.8	0.197897
21654467.38	5171167.79	0.115197
21654539.53	5171147.78	0.137306
21654611.67	5171127.77	0.153282
21654683.82	5171107.77	0.153287
21654755.97	5171087.76	0.121827
21654828.12	5171067.75	0.142981
21654900.26	5171047.74	0.145199
21654972.41	5171027.73	0.137342
21655044.56	5171007.73	0.188708
21655116.7	5170987.72	0.155692
21655188.85	5170967.71	0.163891
21655261	5170947.7	0.12629
21655333.14	5170927.69	0.120775
21655405.29	5170907.69	0.141642
21655477.44	5170887.68	0.193427
21655549.58	5170867.67	0.192293
21655621.73	5170847.66	0.170029
21655693.88	5170827.65	0.226644
21655766.02	5170807.65	0.222628
21655838.17	5170787.64	0.235391
21655910.32	5170767.63	0.198453
21655982.46	5170747.62	0.157295
21656054.61	5170727.61	0.146947
21656126.76	5170707.61	0.162761
21656198.9	5170687.6	0.1876
21656271.05	5170667.59	0.14595
21656343.2	5170647.58	0.150599
21656415.34	5170627.57	0.143564
21656487.49	5170607.57	0.153519
21656559.64	5170587.56	0.18095
21656631.78	5170567.55	0.180242
21656703.93	5170547.54	0.142312
21656776.08	5170527.53	0.237642
21656848.22	5170507.53	0.239839
21656920.37	5170487.52	0.270651
21656992.52	5170467.51	0.270649
21657064.66	5170447.5	0.244508
21657136.81	5170427.49	0.238231
21657208.96	5170407.48	0.175013
21657281.1	5170387.48	0.138337
21657353.25	5170367.47	0.160811
21657425.4	5170347.46	0.149183
21657497.54	5170327.45	0.20993
21657569.69	5170307.44	0.190444
21657641.84	5170287.44	0.243625
21657713.98	5170267.43	0.280545
21657786.13	5170247.42	0.277187
21657858.28	5170227.41	0.289834
21657930.42	5170207.4	0.271073
21658002.57	5170187.4	0.266476
21658074.72	5170167.39	0.273752
21658146.86	5170147.38	0.270692
21658219.01	5170127.37	0.19776
21658291.16	5170107.36	0.144955
21658363.3	5170087.36	0.150727
21658435.45	5170067.35	0.156708
21658507.6	5170047.34	0.218755
21658579.74	5170027.33	0.198324
21658651.89	5170007.32	0.168006
21658724.04	5169987.32	0.186667
21658796.18	5169967.31	0.17276
21658868.33	5169947.3	0.131601
21658940.48	5169927.29	0.134616
21659012.62	5169907.28	0.155939
21659084.77	5169887.28	0.153196
21653260.51	5171578.7	0.147043
21653332.66	5171558.69	0.145087
21653404.81	5171538.68	0.16791
21653476.95	5171518.67	0.125329
21653549.1	5171498.67	0.219011
21653621.25	5171478.66	0.197407
21653693.39	5171458.65	0.262974
21653765.54	5171438.64	0.141687
21653837.69	5171418.63	0.232107
21653909.83	5171398.63	0.198659
21653981.98	5171378.62	0.120835
21654054.13	5171358.61	0.118125
21654126.27	5171338.6	0.109827
21654198.42	5171318.59	0.094267
21654270.57	5171298.59	0.135866
21654342.71	5171278.58	0.224585
21654414.86	5171258.57	0.170885
21654487.01	5171238.56	0.131107
21654559.15	5171218.55	0.11438
21654631.3	5171198.55	0.149368
21654703.45	5171178.54	0.158975
21654775.59	5171158.53	0.13949
21654847.74	5171138.52	0.147261
21654919.89	5171118.51	0.126019
21654992.04	5171098.51	0.118502
21655064.18	5171078.5	0.198512
21655136.33	5171058.49	0.185019
21655208.48	5171038.48	0
21655280.62	5171018.47	0.0970966
21655352.77	5170998.47	0.149391
21655424.92	5170978.46	0.15855
21655497.06	5170958.45	0.222905
21655569.21	5170938.44	0.214585
21655641.36	5170918.43	0.218513
21655713.5	5170898.42	0.251514
21655785.65	5170878.42	0.217092
21655857.8	5170858.41	0.203909
21655929.94	5170838.4	0.193685
21656002.09	5170818.39	0.149116
21656074.24	5170798.38	0.13251
21656146.38	5170778.38	0.149872
21656218.53	5170758.37	0.185948
21656290.68	5170738.36	0.168399
21656362.82	5170718.35	0.145412
21656434.97	5170698.34	0.130928
21656507.12	5170678.34	0.147432
21656579.26	5170658.33	0.176917
21656651.41	5170638.32	0.213473
21656723.56	5170618.31	0.23767
21656795.7	5170598.3	0.257517
21656867.85	5170578.3	0.255429
21656940	5170558.29	0.260331
21657012.14	5170538.28	0.246
21657084.29	5170518.27	0.2474
21657156.44	5170498.26	0.250371
21657228.58	5170478.26	0.212199
21657300.73	5170458.25	0.178297
21657372.88	5170438.24	0.190299
21657445.02	5170418.23	0.243489
21657517.17	5170398.22	0.274415
21657589.32	5170378.22	0.257406
21657661.46	5170358.21	0.252451
21657733.61	5170338.2	0.287221
21657805.76	5170318.19	0.293222
21657877.9	5170298.18	0.282204
21657950.05	5170278.18	0.148434
21658022.2	5170258.17	0.121496
21658094.34	5170238.16	0.295575
21658166.49	5170218.15	0.277122
21658238.64	5170198.14	0.210124
21658310.78	5170178.13	0.113813
21658382.93	5170158.13	0.135699
21658455.08	5170138.12	0.140896
21658527.22	5170118.11	0.130946
21658599.37	5170098.1	0.117803
21658671.52	5170078.09	0.135716
21658743.66	5170058.09	0.164737
21658815.81	5170038.08	0.199413
21658887.96	5170018.07	0.105522
21658960.1	5169998.06	0.096154
21659032.25	5169978.05	0.115465
21659104.4	5169958.05	0.136205
21653280.14	5171649.47	0.141836
21653352.29	5171629.46	0.129608
21653424.43	5171609.45	0.132978
21653496.58	5171589.45	0.0973424
21653568.73	5171569.44	0.152379
21653640.87	5171549.43	0.231977
21653713.02	5171529.42	0.263124
21653785.17	5171509.41	0.186325
21653857.31	5171489.4	0.233264
21653929.46	5171469.4	0.185612
21654001.61	5171449.39	0.13075
21654073.75	5171429.38	0.143482
21654145.9	5171409.37	0.178334
21654218.05	5171389.36	0.0999326
21654290.19	5171369.36	0.15395
21654362.34	5171349.35	0.236004
21654434.49	5171329.34	0.172766
21654506.63	5171309.33	0.158941
21654578.78	5171289.32	0.118883
21654650.93	5171269.32	0.113247
21654723.07	5171249.31	0.138813
21654795.22	5171229.3	0.142383
21654867.37	5171209.29	0.170647
21654939.51	5171189.28	0.139082
21655011.66	5171169.28	0.15328
21655083.81	5171149.27	0.177661
21655155.95	5171129.26	0.13433
21655228.1	5171109.25	0.0961344
21655300.25	5171089.24	0.119061
21655372.39	5171069.24	0.136188
21655444.54	5171049.23	0.16563
21655516.69	5171029.22	0.217407
21655588.84	5171009.21	0.266941
21655660.98	5170989.2	0.187019
21655733.13	5170969.2	0.143517
21655805.28	5170949.19	0.224009
21655877.42	5170929.18	0.169827
21655949.57	5170909.17	0.215245
21656021.72	5170889.16	0.158713
21656093.86	5170869.16	0.162318
21656166.01	5170849.15	0.200767
21656238.16	5170829.14	0.229493
21656310.3	5170809.13	0.227444
21656382.45	5170789.12	0.157197
21656454.6	5170769.11	0.131626
21656526.74	5170749.11	0.161926
21656598.89	5170729.1	0.202815
21656671.04	5170709.09	0.200743
21656743.18	5170689.08	0.240064
21656815.33	5170669.07	0.26293
21656887.48	5170649.07	0.26561
21656959.62	5170629.06	0.292783
21657031.77	5170609.05	0.268467
21657103.92	5170589.04	0.2479
21657176.06	5170569.03	0.270788
21657248.21	5170549.03	0.249786
21657320.36	5170529.02	0.268929
21657392.5	5170509.01	0.264134
21657464.65	5170489	0.27306
21657536.8	5170468.99	0.21766
21657608.94	5170448.99	0.254831
21657681.09	5170428.98	0.287816
21657753.24	5170408.97	0.290412
21657825.38	5170388.96	0.285857
21657897.53	5170368.95	0.263034
21657969.68	5170348.95	0.250996
21658041.82	5170328.94	0.24942
21658113.97	5170308.93	0.164927
21658186.12	5170288.92	0.247394
21658258.26	5170268.91	0.21336
21658330.41	5170248.91	0.122117
21658402.56	5170228.9	0
21658474.7	5170208.89	0.101299
21658546.85	5170188.88	0.0900197
21658619	5170168.87	0.0967389
21658691.14	5170148.87	0.126078
21658763.29	5170128.86	0.169903
21658835.44	5170108.85	0.198828
21658907.58	5170088.84	0.179368
21658979.73	5170068.83	0.130503
21659051.88	5170048.83	0.122396
21653299.77	5171720.24	0.13866
21653371.91	5171700.23	0.11975
21653444.06	5171680.22	0.116133
21653516.21	5171660.22	0.114378
21653588.35	5171640.21	0.113824
21653660.5	5171620.2	0.25849
21653732.65	5171600.19	0.236578
21653804.79	5171580.18	0.202567
21653876.94	5171560.18	0.258881
21653949.09	5171540.17	0.282914
21654021.23	5171520.16	0.15777
21654093.38	5171500.15	0.171592
21654165.53	5171480.14	0.241551
21654237.67	5171460.14	0.126158
21654309.82	5171440.13	0.164575
21654381.97	5171420.12	0.221502
21654454.11	5171400.11	0.198087
21654526.26	5171380.1	0.195973
21654598.41	5171360.09	0.156197
21654670.55	5171340.09	0.13024
21654742.7	5171320.08	0.157412
21654814.85	5171300.07	0.150005
21654886.99	5171280.06	0.17232
21654959.14	5171260.05	0.138057
21655031.29	5171240.05	0.135327
21655103.43	5171220.04	0.229925
21655175.58	5171200.03	0.169808
21655247.73	5171180.02	0.157516
21655319.87	5171160.01	0.149673
21655392.02	5171140.01	0.128609
21655464.17	5171120	0.120732
21655536.31	5171099.99	0.210053
21655608.46	5171079.98	0.227818
21655680.61	5171059.97	0.153192
21655752.76	5171039.97	0.13146
21655824.9	5171019.96	0.185024
21655897.05	5170999.95	0.178002
21655969.2	5170979.94	0.140291
21656041.34	5170959.93	0.109179
21656113.49	5170939.93	0.165416
21656185.64	5170919.92	0.253612
21656257.78	5170899.91	0.268668
21656329.93	5170879.9	0.21744
21656402.08	5170859.89	0.145052
21656474.22	5170839.89	0.129111
21656546.37	5170819.88	0.155162
21656618.52	5170799.87	0.154074
21656690.66	5170779.86	0.16949
21656762.81	5170759.85	0.190318
21656834.96	5170739.85	0.246331
21656907.1	5170719.84	0.267404
21656979.25	5170699.83	0.257378
21657051.4	5170679.82	0.264319
21657123.54	5170659.81	0.2463
21657195.69	5170639.81	0.283579
21657267.84	5170619.8	0.259667
21657339.98	5170599.79	0.259832
21657412.13	5170579.78	0.268518
21657484.28	5170559.77	0.197911
21657556.42	5170539.76	0.14533
21657628.57	5170519.76	0.269703
21657700.72	5170499.75	0.28987
21657772.86	5170479.74	0.278812
21657845.01	5170459.73	0.280615
21657917.16	5170439.72	0.253585
21657989.3	5170419.72	0.262026
21658061.45	5170399.71	0.265072
21658133.6	5170379.7	0.208679
21658205.74	5170359.69	0.114139
21658277.89	5170339.68	0.0545253
21658350.04	5170319.68	0.0966744
21658422.18	5170299.67	0.112883
21658494.33	5170279.66	0.123552
21658566.48	5170259.65	0.123269
21658638.62	5170239.64	0.139635
21658710.77	5170219.64	0.134149
21658782.92	5170199.63	0.154568
21658855.06	5170179.62	0.146295
21658927.21	5170159.61	0.165883
21658999.36	5170139.6	0.17744
21659071.5	5170119.6	0.189193
21653247.25	5171811.02	0.140388
21653319.39	5171791.01	0.134114
21653391.54	5171771	0.14088
21653463.69	5171750.99	0.0809384
21653535.83	5171730.99	0.124595
21653607.98	5171710.98	0.199923
21653680.13	5171690.97	0.263718
21653752.27	5171670.96	0.27435
21653824.42	5171650.95	0.226084
21653896.57	5171630.95	0.292939
21653968.71	5171610.94	0.302185
21654040.86	5171590.93	0.265161
21654113.01	5171570.92	0.227867
21654185.15	5171550.91	0.232144
21654257.3	5171530.91	0.169466
21654329.45	5171510.9	0.225132
21654401.59	5171490.89	0.209353
21654473.74	5171470.88	0.212274
21654545.89	5171450.87	0.201435
21654618.03	5171430.87	0.164167
21654690.18	5171410.86	0.146099
21654762.33	5171390.85	0.146871
21654834.47	5171370.84	0.144919
21654906.62	5171350.83	0.138457
21654978.77	5171330.83	0.139165
21655050.91	5171310.82	0.194756
21655123.06	5171290.81	0.258024
21655195.21	5171270.8	0.258388
21655267.35	5171250.79	0.231475
21655339.5	5171230.79	0.230692
21655411.65	5171210.78	0.254221
21655483.79	5171190.77	0.237413
21655555.94	5171170.76	0.240219
21655628.09	5171150.75	0.255243
21655700.23	5171130.74	0.189468
21655772.38	5171110.74	0.146436
21655844.53	5171090.73	0.186037
21655916.67	5171070.72	0.175249
21655988.82	5171050.71	0.140917
21656060.97	5171030.7	0.144131
21656133.11	5171010.7	0.221754
21656205.26	5170990.69	0.279875
21656277.41	5170970.68	0.250952
21656349.56	5170950.67	0.170294
21656421.7	5170930.66	0.130671
21656493.85	5170910.66	0.123181
21656566	5170890.65	0.143109
21656638.14	5170870.64	0.138209
21656710.29	5170850.63	0.143425
21656782.44	5170830.62	0.205305
21656854.58	5170810.62	0.245053
21656926.73	5170790.61	0.28231
21656998.88	5170770.6	0.26688
21657071.02	5170750.59	0.277031
21657143.17	5170730.58	0.279266
21657215.32	5170710.58	0.26365
21657287.46	5170690.57	0.265394
21657359.61	5170670.56	0.258105
21657431.76	5170650.55	0.263755
21657503.9	5170630.54	0.18057
21657576.05	5170610.54	0.134813
21657648.2	5170590.53	0.262383
21657720.34	5170570.52	0.282845
21657792.49	5170550.51	0.294364
21657864.64	5170530.5	0.267796
21657936.78	5170510.5	0.228608
21658008.93	5170490.49	0.205886
21658081.08	5170470.48	0.231637
21658153.22	5170450.47	0.153497
21658225.37	5170430.46	0.105629
21658297.52	5170410.46	0.0675432
21658369.66	5170390.45	0.162844
21658441.81	5170370.44	0.16549
21658513.96	5170350.43	0.137719
21658586.1	5170330.42	0.15581
21658658.25	5170310.41	0.172721
21658730.4	5170290.41	0.177942
21658802.54	5170270.4	0.155362
21658874.69	5170250.39	0.175191
21658946.84	5170230.38	0.193164
21659018.98	5170210.37	0.223715
21659091.13	5170190.37	0.220173
21653266.87	5171881.79	0.140556
21653339.02	5171861.78	0.149802
21653411.17	5171841.77	0.139745
21653483.31	5171821.77	0.0950726
21653555.46	5171801.76	0.138264
21653627.61	5171781.75	0.278125
21653699.75	5171761.74	0.290791
21653771.9	5171741.73	0.292059
21653844.05	5171721.73	0.298713
21653916.19	5171701.72	0.30143
21653988.34	5171681.71	0.303013
21654060.49	5171661.7	0.294407
21654132.63	5171641.69	0.25699
21654204.78	5171621.68	0.235162
21654276.93	5171601.68	0.168085
21654349.07	5171581.67	0.252311
21654421.22	5171561.66	0.193941
21654493.37	5171541.65	0.215486
21654565.51	5171521.64	0.222424
21654637.66	5171501.64	0.173304
21654709.81	5171481.63	0.154295
21654781.95	5171461.62	0.16084
21654854.1	5171441.61	0.159697
21654926.25	5171421.6	0.161587
21654998.39	5171401.6	0.162746
21655070.54	5171381.59	0.187984
21655142.69	5171361.58	0.23382
21655214.83	5171341.57	0.217833
21655286.98	5171321.56	0.224311
21655359.13	5171301.56	0.237967
21655431.27	5171281.55	0.27703
21655503.42	5171261.54	0.280695
21655575.57	5171241.53	0.275186
21655647.71	5171221.52	0.270492
21655719.86	5171201.52	0.189909
21655792.01	5171181.51	0.150652
21655864.15	5171161.5	0.18922
21655936.3	5171141.49	0.209972
21656008.45	5171121.48	0.165527
21656080.59	5171101.48	0.180381
21656152.74	5171081.47	0.252421
21656224.89	5171061.46	0.277989
21656297.03	5171041.45	0.241788
21656369.18	5171021.44	0.143916
21656441.33	5171001.44	0.103901
21656513.48	5170981.43	0.114799
21656585.62	5170961.42	0.154827
21656657.77	5170941.41	0.138085
21656729.91	5170921.4	0.142481
21656802.06	5170901.39	0.251069
21656874.21	5170881.39	0.264883
21656946.36	5170861.38	0.279026
21657018.5	5170841.37	0.293346
21657090.65	5170821.36	0.2882
21657162.8	5170801.35	0.272289
21657234.94	5170781.35	0.244771
21657307.09	5170761.34	0.24704
21657379.24	5170741.33	0.272266
21657451.38	5170721.32	0.27511
21657523.53	5170701.31	0.261574
21657595.68	5170681.31	0.253638
21657667.82	5170661.3	0.289703
21657739.97	5170641.29	0.257646
21657812.12	5170621.28	0.303813
21657884.26	5170601.27	0.288764
21657956.41	5170581.27	0.251132
21658028.56	5170561.26	0.246598
21658100.7	5170541.25	0.210911
21658172.85	5170521.24	0.136479
21658245	5170501.23	0.125421
21658317.14	5170481.23	0.134168
21658389.29	5170461.22	0.208129
21658461.44	5170441.21	0.19425
21658533.58	5170421.2	0.165329
21658605.73	5170401.19	0.145566
21658677.88	5170381.19	0.115235
21658750.02	5170361.18	0.137928
21658822.17	5170341.17	0.175705
21658894.32	5170321.16	0.248732
21658966.46	5170301.15	0.283478
21659038.61	5170281.15	0.26794
21653286.5	5171952.56	0.150749
21653358.65	5171932.55	0.185861
21653430.79	5171912.54	0.173288
21653502.94	5171892.54	0.153883
21653575.09	5171872.53	0.227652
21653647.23	5171852.52	0.285269
21653719.38	5171832.51	0.306513
21653791.53	5171812.5	0.304785
21653863.67	5171792.5	0.305469
21653935.82	5171772.49	0.300999
21654007.97	5171752.48	0.297031
21654080.11	5171732.47	0.301298
21654152.26	5171712.46	0.292261
21654224.41	5171692.46	0.268771
21654296.55	5171672.45	0.225901
21654368.7	5171652.44	0.240618
21654440.85	5171632.43	0.222458
21654512.99	5171612.42	0.207188
21654585.14	5171592.42	0.199559
21654657.29	5171572.41	0.181823
21654729.43	5171552.4	0.159186
21654801.58	5171532.39	0.153201
21654873.73	5171512.38	0.157898
21654945.87	5171492.37	0.153106
21655018.02	5171472.37	0.16998
21655090.17	5171452.36	0.179789
21655162.31	5171432.35	0.215194
21655234.46	5171412.34	0.209671
21655306.61	5171392.33	0.228595
21655378.75	5171372.33	0.258113
21655450.9	5171352.32	0.279128
21655523.05	5171332.31	0.275811
21655595.19	5171312.3	0.286394
21655667.34	5171292.29	0.269715
21655739.49	5171272.29	0.215667
21655811.63	5171252.28	0.186976
21655883.78	5171232.27	0.198891
21655955.93	5171212.26	0.189208
21656028.07	5171192.25	0.160144
21656100.22	5171172.25	0.166965
21656172.37	5171152.24	0.259024
21656244.51	5171132.23	0.237331
21656316.66	5171112.22	0.153593
21656388.81	5171092.21	0.0950731
21656460.95	5171072.21	0.112811
21656533.1	5171052.2	0.116642
21656605.25	5171032.19	0.126474
21656677.39	5171012.18	0.120363
21656749.54	5170992.17	0.144568
21656821.69	5170972.17	0.203356
21656893.84	5170952.16	0.238736
21656965.98	5170932.15	0.267122
21657038.13	5170912.14	0.28089
21657110.27	5170892.13	0.264653
21657182.42	5170872.13	0.239748
21657254.57	5170852.12	0.195387
21657326.72	5170832.11	0.179797
21657398.86	5170812.1	0.227957
21657471.01	5170792.09	0.256744
21657543.16	5170772.09	0.286133
21657615.3	5170752.08	0.29439
21657687.45	5170732.07	0.183293
21657759.6	5170712.06	0.0856333
21657831.74	5170692.05	0.307676
21657903.89	5170672.04	0.293873
21657976.04	5170652.04	0.284806
21658048.18	5170632.03	0.252921
21658120.33	5170612.02	0.208673
21658192.48	5170592.01	0.119052
21658264.62	5170572	0.129574
21658336.77	5170552	0.13834
21658408.92	5170531.99	0.161571
21658481.06	5170511.98	0.196032
21658553.21	5170491.97	0.19763
21658625.36	5170471.96	0.143311
21658697.5	5170451.96	0.13895
21658769.65	5170431.95	0.158191
21658841.8	5170411.94	0.180657
21658913.94	5170391.93	0.246074
21658986.09	5170371.92	0.301317
21659058.24	5170351.92	0.272378
21653306.13	5172023.33	0.154553
21653378.27	5172003.32	0.177614
21653450.42	5171983.31	0.179799
21653522.57	5171963.31	0.184171
21653594.71	5171943.3	0.275449
21653666.86	5171923.29	0.297732
21653739.01	5171903.28	0.303786
21653811.15	5171883.27	0.305045
21653883.3	5171863.27	0.300115
21653955.45	5171843.26	0.296097
21654027.59	5171823.25	0.296875
21654099.74	5171803.24	0.301235
21654171.89	5171783.23	0.299257
21654244.03	5171763.23	0.296111
21654316.18	5171743.22	0.28464
21654388.33	5171723.21	0.262344
21654460.47	5171703.2	0.2214
21654532.62	5171683.19	0.218227
21654604.77	5171663.19	0.195919
21654676.91	5171643.18	0.176568
21654749.06	5171623.17	0.156366
21654821.21	5171603.16	0.145293
21654893.35	5171583.15	0.131737
21654965.5	5171563.15	0.13462
21655037.65	5171543.14	0.175176
21655109.79	5171523.13	0.1845
21655181.94	5171503.12	0.223584
21655254.09	5171483.11	0.205351
21655326.23	5171463.11	0.216501
21655398.38	5171443.1	0.248993
21655470.53	5171423.09	0.29155
21655542.67	5171403.08	0.268668
21655614.82	5171383.07	0.263834
21655686.97	5171363.07	0.276123
21655759.11	5171343.06	0.283497
21655831.26	5171323.05	0.240351
21655903.41	5171303.04	0.210853
21655975.55	5171283.03	0.215154
21656047.7	5171263.02	0.174872
21656119.85	5171243.02	0.14742
21656191.99	5171223.01	0.198046
21656264.14	5171203	0.237734
21656336.29	5171182.99	0.218912
21656408.43	5171162.98	0.0981714
21656480.58	5171142.98	0.107437
21656552.73	5171122.97	0.114997
21656624.87	5171102.96	0.123198
21656697.02	5171082.95	0.111809
21656769.17	5171062.94	0.11726
21656841.31	5171042.94	0.183645
21656913.46	5171022.93	0.209677
21656985.61	5171002.92	0.228167
21657057.75	5170982.91	0.21878
21657129.9	5170962.9	0.21498
21657202.05	5170942.9	0.204789
21657274.19	5170922.89	0.184421
21657346.34	5170902.88	0.187721
21657418.49	5170882.87	0.188994
21657490.64	5170862.86	0.181572
21657562.78	5170842.86	0.258654
21657634.93	5170822.85	0.297076
21657707.08	5170802.84	0.212968
21657779.22	5170782.83	0.233005
21657851.37	5170762.82	0.30424
21657923.52	5170742.82	0.254311
21657995.66	5170722.81	0.235218
21658067.81	5170702.8	0.232907
21658139.96	5170682.79	0.189826
21658212.1	5170662.78	0.122487
21658284.25	5170642.78	0.13425
21658356.4	5170622.77	0.150646
21658428.54	5170602.76	0.168996
21658500.69	5170582.75	0.19868
21658572.84	5170562.74	0.213732
21658644.98	5170542.74	0.206098
21658717.13	5170522.73	0.183402
21658789.28	5170502.72	0.186949
21658861.42	5170482.71	0.206104
21658933.57	5170462.7	0.254612
21659005.72	5170442.69	0.302083
21659077.86	5170422.69	0.28395
21653253.61	5172114.11	0.145225
21653325.75	5172094.1	0.145233
21653397.9	5172074.09	0.155243
21653470.05	5172054.09	0.184332
21653542.19	5172034.08	0.199721
21653614.34	5172014.07	0.281333
21653686.49	5171994.06	0.285411
21653758.63	5171974.05	0.290661
21653830.78	5171954.05	0.293247
21653902.93	5171934.04	0.292095
21653975.07	5171914.03	0.285756
21654047.22	5171894.02	0.28677
21654119.37	5171874.01	0.287716
21654191.51	5171854	0.292316
21654263.66	5171834	0.300271
21654335.81	5171813.99	0.291796
21654407.95	5171793.98	0.255048
21654480.1	5171773.97	0.213214
21654552.25	5171753.96	0.184433
21654624.39	5171733.96	0.172389
21654696.54	5171713.95	0.171947
21654768.69	5171693.94	0.154653
21654840.83	5171673.93	0.148945
21654912.98	5171653.92	0.141461
21654985.13	5171633.92	0.146664
21655057.27	5171613.91	0.178115
21655129.42	5171593.9	0.222653
21655201.57	5171573.89	0.240814
21655273.71	5171553.88	0.214397
21655345.86	5171533.88	0.210505
21655418.01	5171513.87	0.230202
21655490.15	5171493.86	0.274534
21655562.3	5171473.85	0.259781
21655634.45	5171453.84	0.273951
21655706.59	5171433.84	0.273186
21655778.74	5171413.83	0.249058
21655850.89	5171393.82	0.196183
21655923.03	5171373.81	0.220411
21655995.18	5171353.8	0.216676
21656067.33	5171333.8	0.185073
21656139.47	5171313.79	0.167276
21656211.62	5171293.78	0.250441
21656283.77	5171273.77	0.275713
21656355.91	5171253.76	0.236699
21656428.06	5171233.76	0.101937
21656500.21	5171213.75	0.10917
21656572.35	5171193.74	0.129445
21656644.5	5171173.73	0.12898
21656716.65	5171153.72	0.100225
21656788.79	5171133.72	0.10486
21656860.94	5171113.71	0.157321
21656933.09	5171093.7	0.168091
21657005.23	5171073.69	0.191141
21657077.38	5171053.68	0.190632
21657149.53	5171033.67	0.187574
21657221.67	5171013.67	0.179288
21657293.82	5170993.66	0.243963
21657365.97	5170973.65	0.276406
21657438.11	5170953.64	0.251472
21657510.26	5170933.63	0.246698
21657582.41	5170913.63	0.239926
21657654.55	5170893.62	0.21911
21657726.7	5170873.61	0.263055
21657798.85	5170853.6	0.298262
21657870.99	5170833.59	0.27575
21657943.14	5170813.59	0.271255
21658015.29	5170793.58	0.270204
21658087.44	5170773.57	0.251376
21658159.58	5170753.56	0.252222
21658231.73	5170733.55	0.124842
21658303.88	5170713.55	0.131755
21658376.02	5170693.54	0.167306
21658448.17	5170673.53	0.180978
21658520.32	5170653.52	0.200054
21658592.46	5170633.51	0.237017
21658664.61	5170613.51	0.223829
21658736.76	5170593.5	0.211065
21658808.9	5170573.49	0.200685
21658881.05	5170553.48	0.197981
21658953.2	5170533.47	0.23001
21659025.34	5170513.47	0.284799
21659097.49	5170493.46	0.296263
21653273.23	5172184.88	0.155016
21653345.38	5172164.87	0.145352
21653417.53	5172144.86	0.154393
21653489.67	5172124.86	0.166478
21653561.82	5172104.85	0.260234
21653633.97	5172084.84	0.296499
21653706.11	5172064.83	0.292429
21653778.26	5172044.82	0.28459
21653850.41	5172024.82	0.279778
21653922.55	5172004.81	0.272536
21653994.7	5171984.8	0.266151
21654066.85	5171964.79	0.259232
21654138.99	5171944.78	0.274936
21654211.14	5171924.78	0.278044
21654283.29	5171904.77	0.294658
21654355.43	5171884.76	0.29229
21654427.58	5171864.75	0.260052
21654499.73	5171844.74	0.221542
21654571.87	5171824.74	0.17974
21654644.02	5171804.73	0.141782
21654716.17	5171784.72	0.143632
21654788.31	5171764.71	0.162409
21654860.46	5171744.7	0.161736
21654932.61	5171724.7	0.142027
21655004.75	5171704.69	0.170356
21655076.9	5171684.68	0.246
21655149.05	5171664.67	0.271685
21655221.19	5171644.66	0.247817
21655293.34	5171624.65	0.221213
21655365.49	5171604.65	0.22353
21655437.63	5171584.64	0.24577
21655509.78	5171564.63	0.276623
21655581.93	5171544.62	0.300333
21655654.07	5171524.61	0.28765
21655726.22	5171504.61	0.295409
21655798.37	5171484.6	0.288442
21655870.51	5171464.59	0.240523
21655942.66	5171444.58	0.216988
21656014.81	5171424.57	0.221
21656086.95	5171404.57	0.193009
21656159.1	5171384.56	0.208136
21656231.25	5171364.55	0.287399
21656303.39	5171344.54	0.282725
21656375.54	5171324.53	0.206115
21656447.69	5171304.53	0.0939892
21656519.83	5171284.52	0.0997651
21656591.98	5171264.51	0.133194
21656664.13	5171244.5	0.128176
21656736.27	5171224.49	0.108811
21656808.42	5171204.49	0.107055
21656880.57	5171184.48	0.1466
21656952.71	5171164.47	0.164269
21657024.86	5171144.46	0.174947
21657097.01	5171124.45	0.18744
21657169.15	5171104.45	0.211403
21657241.3	5171084.44	0.276912
21657313.45	5171064.43	0.263512
21657385.59	5171044.42	0.26946
21657457.74	5171024.41	0.234136
21657529.89	5171004.41	0.218167
21657602.03	5170984.4	0.256714
21657674.18	5170964.39	0.293166
21657746.33	5170944.38	0.309442
21657818.47	5170924.37	0.299987
21657890.62	5170904.36	0.28143
21657962.77	5170884.36	0.279114
21658034.91	5170864.35	0.265697
21658107.06	5170844.34	0.261168
21658179.21	5170824.33	0.224186
21658251.36	5170804.32	0.173621
21658323.5	5170784.32	0.148665
21658395.65	5170764.31	0.151517
21658467.8	5170744.3	0.161541
21658539.94	5170724.29	0.228783
21658612.09	5170704.28	0.235064
21658684.24	5170684.28	0.194327
21658756.38	5170664.27	0.180911
21658828.53	5170644.26	0.18418
21658900.68	5170624.25	0.212837
21658972.82	5170604.24	0.240026
21659044.97	5170584.24	0.247652
