21653307.22	5170346.33	0.108448
21653379.37	5170326.32	0.0932139
21653451.52	5170306.31	0.12105
21653523.66	5170286.3	0.173942
21653595.81	5170266.29	0.18767
21653667.96	5170246.29	0.198177
21653740.1	5170226.28	0.202235
21653812.25	5170206.27	0.230918
21653884.4	5170186.26	0.286324
21653956.54	5170166.25	0.286194
21654028.69	5170146.25	0.272934
21654100.84	5170126.24	0.257441
21654172.98	5170106.23	0.275462
21654245.13	5170086.22	0.299759
21654317.28	5170066.21	0.305825
21654389.42	5170046.21	0.300989
21654461.57	5170026.2	0.243365
21654533.72	5170006.19	0.229936
21654605.86	5169986.18	0.2425
21654678.01	5169966.17	0.258629
21654750.16	5169946.17	0.240999
21654822.31	5169926.16	0.250104
21654894.45	5169906.15	0.248839
21654966.6	5169886.14	0.267928
21655038.75	5169866.13	0.2945
21655110.89	5169846.13	0.283604
21655183.04	5169826.12	0.301893
21655255.19	5169806.11	0.210259
21655327.33	5169786.1	0.216634
21655399.48	5169766.09	0.187072
21653254.7	5170437.11	0.0515656
21653326.85	5170417.1	0.109713
21653399	5170397.09	0.1253
21653471.14	5170377.08	0.175209
21653543.29	5170357.07	0.195914
21653615.44	5170337.07	0.18026
21653687.58	5170317.06	0.199263
21653759.73	5170297.05	0.191883
21653831.88	5170277.04	0.22783
21653904.02	5170257.03	0.240886
21653976.17	5170237.03	0.257042
21654048.32	5170217.02	0.258687
21654120.46	5170197.01	0.262614
21654192.61	5170177	0.290857
21654264.76	5170156.99	0.292406
21654336.9	5170136.98	0.301373
21654409.05	5170116.98	0.283136
21654481.2	5170096.97	0.250039
21654553.34	5170076.96	0.295814
21654625.49	5170056.95	0.220702
21654697.64	5170036.94	0.226678
21654769.78	5170016.94	0.198292
21654841.93	5169996.93	0.196339
21654914.08	5169976.92	0.19824
21654986.23	5169956.91	0.236814
21655058.37	5169936.9	0.279952
21655130.52	5169916.9	0.298538
21655202.66	5169896.89	0.293785
21655274.81	5169876.88	0.216581
21655346.96	5169856.87	0.217722
21655419.11	5169836.86	0.205334
21655491.25	5169816.86	0.173592
21655563.4	5169796.85	0.16064
21655635.55	5169776.84	0.175519
21655707.69	5169756.83	0.175231
21655779.84	5169736.82	0.161288
21655851.99	5169716.82	0.0874826
21655924.13	5169696.81	0.129457
21655996.28	5169676.8	0.145317
21656068.43	5169656.79	0.13941
21656140.57	5169636.78	0.141536
21656212.72	5169616.78	0.14667
21656284.87	5169596.77	0.204738
21656357.01	5169576.76	0.254483
21656429.16	5169556.75	0.234308
21656501.31	5169536.74	0.236502
21656573.45	5169516.74	0.22193
21656645.6	5169496.73	0.187371
21656717.75	5169476.72	0.142865
21656789.89	5169456.71	0.138484
21656862.04	5169436.7	0.136045
21656934.19	5169416.69	0.131037
21657006.33	5169396.69	0.157953
21657078.48	5169376.68	0.252052
21657150.63	5169356.67	0.233469
21657222.77	5169336.66	0.264344
21657294.92	5169316.65	0.235805
21657367.07	5169296.65	0.203961
21657439.21	5169276.64	0.212707
21657511.36	5169256.63	0.240386
21657583.51	5169236.62	0
21657655.65	5169216.61	0
21657727.8	5169196.61	0
21657799.95	5169176.6	0.0691012
21657872.09	5169156.59	0.0628342
21657944.24	5169136.58	0.0551361
21658016.39	5169116.57	0.099636
21658088.53	5169096.57	0.142468
21658160.68	5169076.56	0.172213
21658232.83	5169056.55	0.17222
21658304.97	5169036.54	0.229688
21658377.12	5169016.53	0.256778
21658449.27	5168996.53	0.251116
21658521.41	5168976.52	0.248282
21658593.56	5168956.51	0.224394
21658665.71	5168936.5	0
21658737.85	5168916.49	0.0600635
21658810	5168896.49	0.0449835
21658882.15	5168876.48	0.0467624
21658954.29	5168856.47	0.218072
21659026.44	5168836.46	0.241831
21659098.59	5168816.45	0.155661
21653274.33	5170507.88	0.105673
21653346.48	5170487.87	0.139097
21653418.62	5170467.86	0.159148
21653490.77	5170447.85	0.145414
21653562.92	5170427.84	0.177978
21653635.06	5170407.84	0.185741
21653707.21	5170387.83	0.18034
21653779.36	5170367.82	0.225319
21653851.5	5170347.81	0.260645
21653923.65	5170327.8	0.218788
21653995.8	5170307.8	0.237401
21654067.94	5170287.79	0.255245
21654140.09	5170267.78	0.268279
21654212.24	5170247.77	0.27363
21654284.38	5170227.76	0.252765
21654356.53	5170207.76	0.277819
21654428.68	5170187.75	0.281845
21654500.82	5170167.74	0.234925
21654572.97	5170147.73	0.235552
21654645.12	5170127.72	0.241253
21654717.26	5170107.72	0.222268
21654789.41	5170087.71	0.191658
21654861.56	5170067.7	0.187162
21654933.7	5170047.69	0.170924
21655005.85	5170027.68	0.17354
21655078	5170007.68	0.228463
21655150.14	5169987.67	0.277991
21655222.29	5169967.66	0.269679
21655294.44	5169947.65	0.237663
21655366.58	5169927.64	0.262845
21655438.73	5169907.63	0.238338
21655510.88	5169887.63	0.211439
21655583.03	5169867.62	0.153958
21655655.17	5169847.61	0.2005
21655727.32	5169827.6	0.207334
21655799.47	5169807.59	0.181604
21655871.61	5169787.59	0
21655943.76	5169767.58	0.0815035
21656015.91	5169747.57	0.141583
21656088.05	5169727.56	0.109487
21656160.2	5169707.55	0.111445
21656232.35	5169687.55	0.101094
21656304.49	5169667.54	0.171712
21656376.64	5169647.53	0.259324
21656448.79	5169627.52	0.226727
21656520.93	5169607.51	0.24606
21656593.08	5169587.51	0.235632
21656665.23	5169567.5	0.17849
21656737.37	5169547.49	0.0782557
21656809.52	5169527.48	0.106125
21656881.67	5169507.47	0.127261
21656953.81	5169487.47	0.137704
21657025.96	5169467.46	0.161351
21657098.11	5169447.45	0.243998
21657170.25	5169427.44	0.250909
21657242.4	5169407.43	0.245673
21657314.55	5169387.43	0.242433
21657386.69	5169367.42	0.228362
21657458.84	5169347.41	0.241745
21657530.99	5169327.4	0.235831
21657603.13	5169307.39	0.177852
21657675.28	5169287.39	0
21657747.43	5169267.38	0
21657819.57	5169247.37	0.0532233
21657891.72	5169227.36	0.0522939
21657963.87	5169207.35	0.10608
21658036.01	5169187.34	0.144134
21658108.16	5169167.34	0.154623
21658180.31	5169147.33	0.0833908
21658252.45	5169127.32	0.166787
21658324.6	5169107.31	0.218194
21658396.75	5169087.3	0.248074
21658468.89	5169067.3	0.24088
21658541.04	5169047.29	0.258143
21658613.19	5169027.28	0.0907716
21658685.33	5169007.27	0.0499951
21658757.48	5168987.26	0.0883905
21658829.63	5168967.26	0.125724
21658901.77	5168947.25	0.0887074
21658973.92	5168927.24	0.149687
21659046.07	5168907.23	0.155556
21653293.96	5170578.65	0.0912091
21653366.1	5170558.64	0.13899
21653438.25	5170538.63	0.172534
21653510.4	5170518.62	0.21846
21653582.54	5170498.61	0.247659
21653654.69	5170478.61	0.224845
21653726.84	5170458.6	0.16813
21653798.98	5170438.59	0.186401
21653871.13	5170418.58	0.212657
21653943.28	5170398.57	0.206252
21654015.42	5170378.57	0.204657
21654087.57	5170358.56	0.183834
21654159.72	5170338.55	0.180327
21654231.86	5170318.54	0.189725
21654304.01	5170298.53	0.201247
21654376.16	5170278.53	0.239036
21654448.3	5170258.52	0.255822
21654520.45	5170238.51	0.219033
21654592.6	5170218.5	0.204816
21654664.74	5170198.49	0.22729
21654736.89	5170178.49	0.205888
21654809.04	5170158.48	0.172352
21654881.18	5170138.47	0.156912
21654953.33	5170118.46	0.157155
21655025.48	5170098.45	0.157726
21655097.62	5170078.45	0.208755
21655169.77	5170058.44	0.24511
21655241.92	5170038.43	0.280516
21655314.06	5170018.42	0.270054
21655386.21	5169998.41	0.251565
21655458.36	5169978.41	0.257629
21655530.5	5169958.4	0.287576
21655602.65	5169938.39	0.193385
21655674.8	5169918.38	0.184397
21655746.95	5169898.37	0.217533
21655819.09	5169878.37	0.176314
21655891.24	5169858.36	0
21655963.38	5169838.35	0.107552
21656035.53	5169818.34	0.149191
21656107.68	5169798.33	0.126483
21656179.83	5169778.32	0.0459817
21656251.97	5169758.32	0.0950727
21656324.12	5169738.31	0.138912
21656396.27	5169718.3	0.253741
21656468.41	5169698.29	0.248997
21656540.56	5169678.28	0.230676
21656612.71	5169658.28	0.209195
21656684.85	5169638.27	0.167389
21656757	5169618.26	0.137812
21656829.15	5169598.25	0.134783
21656901.29	5169578.24	0.117738
21656973.44	5169558.24	0.131893
21657045.59	5169538.23	0.16965
21657117.73	5169518.22	0.225857
21657189.88	5169498.21	0.207274
21657262.03	5169478.2	0.193466
21657334.17	5169458.2	0.266176
21657406.32	5169438.19	0.25636
21657478.47	5169418.18	0.215434
21657550.61	5169398.17	0.221427
21657622.76	5169378.16	0.192278
21657694.91	5169358.16	0.105589
21657767.05	5169338.15	0
21657839.2	5169318.14	0.106117
21657911.35	5169298.13	0.0916635
21657983.49	5169278.12	0.125402
21658055.64	5169258.12	0.141158
21658127.79	5169238.11	0.170246
21658199.93	5169218.1	0
21658272.08	5169198.09	0.187909
21658344.23	5169178.08	0.1687
21658416.37	5169158.08	0.194573
21658488.52	5169138.07	0.25222
21658560.67	5169118.06	0.240824
21658632.81	5169098.05	0.0727593
21658704.96	5169078.04	0.0594944
21658777.11	5169058.03	0
21658849.25	5169038.03	0.119987
21658921.4	5169018.02	0.127185
21658993.55	5168998.01	0.145987
21659065.69	5168978	0.131688
21653313.58	5170649.42	0.106087
21653385.73	5170629.41	0.148339
21653457.88	5170609.4	0.204268
21653530.02	5170589.39	0.255281
21653602.17	5170569.39	0.273123
21653674.32	5170549.38	0.248115
21653746.46	5170529.37	0.159501
21653818.61	5170509.36	0.149469
21653890.76	5170489.35	0.152412
21653962.9	5170469.35	0.185536
21654035.05	5170449.34	0.173882
21654107.2	5170429.33	0.12999
21654179.34	5170409.32	0.119749
21654251.49	5170389.31	0.151789
21654323.64	5170369.3	0.159671
21654395.78	5170349.3	0.181481
21654467.93	5170329.29	0.202516
21654540.08	5170309.28	0.210581
21654612.22	5170289.27	0.224193
21654684.37	5170269.26	0.243574
21654756.52	5170249.26	0.218284
21654828.66	5170229.25	0.163859
21654900.81	5170209.24	0.146436
21654972.96	5170189.23	0.165335
21655045.1	5170169.22	0.199475
21655117.25	5170149.22	0.221484
21655189.4	5170129.21	0.236015
21655261.54	5170109.2	0.252882
21655333.69	5170089.19	0.238351
21655405.84	5170069.18	0.2361
21655477.98	5170049.18	0.165701
21655550.13	5170029.17	0.210579
21655622.28	5170009.16	0.258593
21655694.42	5169989.15	0.139593
21655766.57	5169969.14	0.135799
21655838.72	5169949.14	0.160202
21655910.86	5169929.13	0.13443
21655983.01	5169909.12	0.134108
21656055.16	5169889.11	0.128742
21656127.3	5169869.1	0.113117
21656199.45	5169849.1	0.115721
21656271.6	5169829.09	0.0954172
21656343.75	5169809.08	0.122779
21656415.89	5169789.07	0.224187
21656488.04	5169769.06	0.219291
21656560.19	5169749.06	0.205395
21656632.33	5169729.05	0.169034
21656704.48	5169709.04	0.165028
21656776.63	5169689.03	0.167135
21656848.77	5169669.02	0.134046
21656920.92	5169649.02	0.0920698
21656993.07	5169629.01	0.113405
21657065.21	5169609	0.161614
21657137.36	5169588.99	0.2396
21657209.51	5169568.98	0.175939
21657281.65	5169548.97	0.159356
21657353.8	5169528.97	0.270247
21657425.95	5169508.96	0.223037
21657498.09	5169488.95	0.169437
21657570.24	5169468.94	0.189089
21657642.39	5169448.93	0.164881
21657714.53	5169428.93	0.0840394
21657786.68	5169408.92	0
21657858.83	5169388.91	0.0851429
21657930.97	5169368.9	0.152211
21658003.12	5169348.89	0.164471
21658075.27	5169328.89	0.17563
21658147.41	5169308.88	0.206076
21658219.56	5169288.87	0.201821
21658291.71	5169268.86	0.179212
21658363.85	5169248.85	0.143126
21658436	5169228.85	0.197473
21658508.15	5169208.84	0.237884
21658580.29	5169188.83	0.219941
21658652.44	5169168.82	0.177475
21658724.59	5169148.81	0.201468
21658796.73	5169128.81	0.186616
21658868.88	5169108.8	0.137928
21658941.03	5169088.79	0.154428
21659013.17	5169068.78	0.19309
21659085.32	5169048.77	0.171389
21653261.06	5170740.2	0.13974
21653333.21	5170720.19	0.15748
21653405.36	5170700.18	0.174735
21653477.5	5170680.17	0.187594
21653549.65	5170660.16	0.225463
21653621.8	5170640.16	0.260603
21653693.94	5170620.15	0.233211
21653766.09	5170600.14	0.14715
21653838.24	5170580.13	0.109342
21653910.38	5170560.12	0.160366
21653982.53	5170540.12	0.185666
21654054.68	5170520.11	0.17311
21654126.82	5170500.1	0.100704
21654198.97	5170480.09	0.086931
21654271.12	5170460.08	0.122416
21654343.26	5170440.08	0.126775
21654415.41	5170420.07	0.162794
21654487.56	5170400.06	0.197767
21654559.7	5170380.05	0.217875
21654631.85	5170360.04	0.263898
21654704	5170340.04	0.259747
21654776.14	5170320.03	0.211049
21654848.29	5170300.02	0.163223
21654920.44	5170280.01	0.149954
21654992.58	5170260	0.170311
21655064.73	5170240	0.214836
21655136.88	5170219.99	0.21486
21655209.02	5170199.98	0.170236
21655281.17	5170179.97	0.138881
21655353.32	5170159.96	0.170473
21655425.46	5170139.95	0.222693
21655497.61	5170119.95	0.137274
21655569.76	5170099.94	0.182637
21655641.9	5170079.93	0.183504
21655714.05	5170059.92	0
21655786.2	5170039.91	0
21655858.34	5170019.91	0
21655930.49	5169999.9	0.164775
21656002.64	5169979.89	0.141651
21656074.78	5169959.88	0.12335
21656146.93	5169939.87	0.150507
21656219.08	5169919.87	0.18291
21656291.22	5169899.86	0.175119
21656363.37	5169879.85	0.162271
21656435.52	5169859.84	0.190882
21656507.66	5169839.83	0.170789
21656579.81	5169819.83	0.162381
21656651.96	5169799.82	0.154268
21656724.1	5169779.81	0.170902
21656796.25	5169759.8	0.161842
21656868.4	5169739.79	0.143601
21656940.55	5169719.79	0.119378
21657012.69	5169699.78	0
21657084.84	5169679.77	0.0883871
21657156.99	5169659.76	0.214635
21657229.13	5169639.75	0.161814
21657301.28	5169619.75	0.155103
21657373.43	5169599.74	0.252286
21657445.57	5169579.73	0.231859
21657517.72	5169559.72	0.158647
21657589.87	5169539.71	0.145189
21657662.01	5169519.71	0.124298
21657734.16	5169499.7	0.12161
21657806.31	5169479.69	0.100434
21657878.45	5169459.68	0.090641
21657950.6	5169439.67	0.159997
21658022.75	5169419.66	0.178529
21658094.89	5169399.66	0.196589
21658167.04	5169379.65	0.201286
21658239.19	5169359.64	0.248704
21658311.33	5169339.63	0.215439
21658383.48	5169319.62	0.177767
21658455.63	5169299.62	0.26339
21658527.77	5169279.61	0.234103
21658599.92	5169259.6	0.215851
21658672.07	5169239.59	0.218347
21658744.21	5169219.58	0.2494
21658816.36	5169199.58	0.269069
21658888.51	5169179.57	0.213098
21658960.65	5169159.56	0.208861
21659032.8	5169139.55	0.197542
21659104.95	5169119.54	0.183085
21653280.69	5170810.97	0.202363
21653352.84	5170790.96	0.192956
21653424.98	5170770.95	0.174504
21653497.13	5170750.94	0.164715
21653569.28	5170730.93	0.168854
21653641.42	5170710.93	0.196501
21653713.57	5170690.92	0.170704
21653785.72	5170670.91	0.1707
21653857.86	5170650.9	0.143463
21653930.01	5170630.89	0.132474
21654002.16	5170610.89	0.157891
21654074.3	5170590.88	0.149314
21654146.45	5170570.87	0.100253
21654218.6	5170550.86	0.0734714
21654290.74	5170530.85	0.0552433
21654362.89	5170510.85	0.122598
21654435.04	5170490.84	0.18021
21654507.18	5170470.83	0.219547
21654579.33	5170450.82	0.243429
21654651.48	5170430.81	0.23343
21654723.62	5170410.81	0.242471
21654795.77	5170390.8	0.189144
21654867.92	5170370.79	0.145308
21654940.06	5170350.78	0.156285
21655012.21	5170330.77	0.179912
21655084.36	5170310.77	0.17846
21655156.5	5170290.76	0.1691
21655228.65	5170270.75	0.138804
21655300.8	5170250.74	0.126008
21655372.94	5170230.73	0.120086
21655445.09	5170210.73	0.231908
21655517.24	5170190.72	0.16649
21655589.38	5170170.71	0.136817
21655661.53	5170150.7	0.159081
21655733.68	5170130.69	0.20967
21655805.82	5170110.69	0.203546
21655877.97	5170090.68	0.108116
21655950.12	5170070.67	0.145199
21656022.26	5170050.66	0.147349
21656094.41	5170030.65	0.115128
21656166.56	5170010.65	0.129102
21656238.7	5169990.64	0.186175
21656310.85	5169970.63	0.227441
21656383	5169950.62	0.212438
21656455.14	5169930.61	0.214354
21656527.29	5169910.6	0.209276
21656599.44	5169890.6	0.167652
21656671.58	5169870.59	0.217448
21656743.73	5169850.58	0.222201
21656815.88	5169830.57	0.132368
21656888.02	5169810.56	0.138011
21656960.17	5169790.56	0.125252
21657032.32	5169770.55	0.101693
21657104.47	5169750.54	0.0849189
21657176.61	5169730.53	0.209394
21657248.76	5169710.52	0.203193
21657320.91	5169690.52	0.228271
21657393.05	5169670.51	0.231478
21657465.2	5169650.5	0.236167
21657537.35	5169630.49	0.152935
21657609.49	5169610.48	0.124876
21657681.64	5169590.48	0.155071
21657753.79	5169570.47	0.161674
21657825.93	5169550.46	0.0998458
21657898.08	5169530.45	0.0914746
21657970.23	5169510.44	0.138551
21658042.37	5169490.44	0.139559
21658114.52	5169470.43	0.158661
21658186.67	5169450.42	0.202757
21658258.81	5169430.41	0.272537
21658330.96	5169410.4	0.233037
21658403.11	5169390.4	0.22806
21658475.25	5169370.39	0.239754
21658547.4	5169350.38	0.247849
21658619.55	5169330.37	0.248905
21658691.69	5169310.36	0.247104
21658763.84	5169290.36	0.272782
21658835.99	5169270.35	0.289865
21658908.13	5169250.34	0.256839
21658980.28	5169230.33	0.210651
21659052.43	5169210.32	0.197113
21653300.32	5170881.74	0.227811
21653372.46	5170861.73	0.235985
21653444.61	5170841.72	0.237996
21653516.76	5170821.71	0.204374
21653588.9	5170801.71	0.176649
21653661.05	5170781.7	0.154516
21653733.2	5170761.69	0.137179
21653805.34	5170741.68	0.166002
21653877.49	5170721.67	0.160226
21653949.64	5170701.67	0.0764531
21654021.78	5170681.66	0.1426
21654093.93	5170661.65	0.152326
21654166.08	5170641.64	0.131013
21654238.22	5170621.63	0.0775125
21654310.37	5170601.63	0
21654382.52	5170581.62	0.190596
21654454.66	5170561.61	0.224564
21654526.81	5170541.6	0.277086
21654598.96	5170521.59	0.280943
21654671.1	5170501.58	0.208935
21654743.25	5170481.58	0.187854
21654815.4	5170461.57	0.207739
21654887.54	5170441.56	0.1882
21654959.69	5170421.55	0.180632
21655031.84	5170401.54	0.197796
21655103.98	5170381.54	0.133391
21655176.13	5170361.53	0.213048
21655248.28	5170341.52	0.168941
21655320.42	5170321.51	0.122545
21655392.57	5170301.5	0.0506075
21655464.72	5170281.5	0.23491
21655536.86	5170261.49	0.237042
21655609.01	5170241.48	0
21655681.16	5170221.47	0.20207
21655753.3	5170201.46	0.24853
21655825.45	5170181.46	0.240409
21655897.6	5170161.45	0.223713
21655969.74	5170141.44	0.246524
21656041.89	5170121.43	0.174935
21656114.04	5170101.42	0.119415
21656186.18	5170081.42	0.151387
21656258.33	5170061.41	0.238153
21656330.48	5170041.4	0.249722
21656402.62	5170021.39	0.261505
21656474.77	5170001.38	0.262084
21656546.92	5169981.38	0.229692
21656619.06	5169961.37	0.233172
21656691.21	5169941.36	0.235308
21656763.36	5169921.35	0.202443
21656835.5	5169901.34	0.159269
21656907.65	5169881.34	0.145432
21656979.8	5169861.33	0.140513
21657051.94	5169841.32	0.139702
21657124.09	5169821.31	0.243876
21657196.24	5169801.3	0.263816
21657268.38	5169781.3	0.252968
21657340.53	5169761.29	0.250871
21657412.68	5169741.28	0.195983
21657484.83	5169721.27	0.123551
21657556.97	5169701.26	0.135596
21657629.12	5169681.25	0.164441
21657701.27	5169661.25	0.192033
21657773.41	5169641.24	0.179125
21657845.56	5169621.23	0.168623
21657917.71	5169601.22	0.185034
21657989.85	5169581.21	0.167286
21658062	5169561.21	0.10075
21658134.15	5169541.2	0.143646
21658206.29	5169521.19	0.204614
21658278.44	5169501.18	0.220067
21658350.59	5169481.17	0.22058
21658422.73	5169461.17	0.240026
21658494.88	5169441.16	0.241284
21658567.03	5169421.15	0.22875
21658639.17	5169401.14	0.217369
21658711.32	5169381.13	0.21257
21658783.47	5169361.13	0.244214
21658855.61	5169341.12	0.260471
21658927.76	5169321.11	0.261503
21658999.91	5169301.1	0.228317
21659072.05	5169281.09	0.220184
21653247.8	5170972.52	0.216462
21653319.94	5170952.51	0.232161
21653392.09	5170932.5	0.238051
21653464.24	5170912.49	0.229793
21653536.38	5170892.48	0.238398
21653608.53	5170872.48	0.19203
21653680.68	5170852.47	0.157713
21653752.82	5170832.46	0.140346
21653824.97	5170812.45	0.135231
21653897.12	5170792.44	0.149825
21653969.26	5170772.44	0.166969
21654041.41	5170752.43	0.130299
21654113.56	5170732.42	0.156246
21654185.7	5170712.41	0.138645
21654257.85	5170692.4	0.113677
21654330	5170672.4	0.114548
21654402.14	5170652.39	0.114459
21654474.29	5170632.38	0.242355
21654546.44	5170612.37	0.272674
21654618.58	5170592.36	0.23986
21654690.73	5170572.36	0.231764
21654762.88	5170552.35	0.203673
21654835.02	5170532.34	0.224131
21654907.17	5170512.33	0.221077
21654979.32	5170492.32	0.221139
21655051.46	5170472.32	0.222257
21655123.61	5170452.31	0.188748
21655195.76	5170432.3	0.188023
21655267.9	5170412.29	0.166082
21655340.05	5170392.28	0.140647
21655412.2	5170372.28	0.14479
21655484.34	5170352.27	0.240809
21655556.49	5170332.26	0.220448
21655628.64	5170312.25	0.15011
21655700.78	5170292.24	0.156889
21655772.93	5170272.23	0.280656
21655845.08	5170252.23	0.240617
21655917.22	5170232.22	0.125025
21655989.37	5170212.21	0.227688
21656061.52	5170192.2	0.230713
21656133.66	5170172.19	0.203541
21656205.81	5170152.19	0.208774
21656277.96	5170132.18	0.269389
21656350.1	5170112.17	0.262011
21656422.25	5170092.16	0.241984
21656494.4	5170072.15	0.212362
21656566.54	5170052.15	0.180368
21656638.69	5170032.14	0.153211
21656710.84	5170012.13	0.213966
21656782.98	5169992.12	0.173205
21656855.13	5169972.11	0.17513
21656927.28	5169952.11	0.160582
21656999.42	5169932.1	0.173943
21657071.57	5169912.09	0.221562
21657143.72	5169892.08	0.265902
21657215.86	5169872.07	0.266161
21657288.01	5169852.07	0.287935
21657360.16	5169832.06	0.278432
21657432.3	5169812.05	0.221912
21657504.45	5169792.04	0.190285
21657576.6	5169772.03	0.216494
21657648.74	5169752.03	0.169994
21657720.89	5169732.02	0.16163
21657793.04	5169712.01	0.145682
21657865.18	5169692	0.16416
21657937.33	5169671.99	0.168514
21658009.48	5169651.99	0.180843
21658081.63	5169631.98	0.158991
21658153.77	5169611.97	0.175592
21658225.92	5169591.96	0.196742
21658298.07	5169571.95	0.143486
21658370.21	5169551.94	0.183907
21658442.36	5169531.94	0.257507
21658514.51	5169511.93	0.198776
21658586.65	5169491.92	0.173552
21658658.8	5169471.91	0.196657
21658730.95	5169451.9	0.152482
21658803.09	5169431.9	0.176503
21658875.24	5169411.89	0.202428
21658947.39	5169391.88	0.203783
21659019.53	5169371.87	0.2087
21659091.68	5169351.86	0.197609
21653267.42	5171043.29	0.211107
21653339.57	5171023.28	0.217636
21653411.72	5171003.27	0.240606
21653483.86	5170983.26	0.264202
21653556.01	5170963.26	0.228988
21653628.16	5170943.25	0.190856
21653700.3	5170923.24	0.180174
21653772.45	5170903.23	0.160173
21653844.6	5170883.22	0.141952
21653916.74	5170863.21	0.199175
21653988.89	5170843.21	0.21846
21654061.04	5170823.2	0.159127
21654133.18	5170803.19	0.162526
21654205.33	5170783.18	0.145039
21654277.48	5170763.17	0.169419
21654349.62	5170743.17	0.168065
21654421.77	5170723.16	0.152095
21654493.92	5170703.15	0.203731
21654566.06	5170683.14	0.247257
21654638.21	5170663.13	0.216995
21654710.36	5170643.13	0.231617
21654782.5	5170623.12	0.201651
21654854.65	5170603.11	0.185901
21654926.8	5170583.1	0.193369
21654998.94	5170563.09	0.179327
21655071.09	5170543.09	0.187718
21655143.24	5170523.08	0.194255
21655215.38	5170503.07	0.209264
21655287.53	5170483.06	0.181236
21655359.68	5170463.05	0.18789
21655431.82	5170443.05	0.241682
21655503.97	5170423.04	0.2156
21655576.12	5170403.03	0.16456
21655648.26	5170383.02	0.158804
21655720.41	5170363.01	0.19596
21655792.56	5170343.01	0.222828
21655864.7	5170323	0.237603
21655936.85	5170302.99	0.17705
21656009	5170282.98	0.187031
21656081.14	5170262.97	0.239104
21656153.29	5170242.97	0.22779
21656225.44	5170222.96	0.281207
21656297.58	5170202.95	0.268335
21656369.73	5170182.94	0.246205
21656441.88	5170162.93	0.246663
21656514.02	5170142.93	0.213202
21656586.17	5170122.92	0.109408
21656658.32	5170102.91	0.10381
21656730.46	5170082.9	0.146382
21656802.61	5170062.89	0.173674
21656874.76	5170042.88	0.183711
21656946.9	5170022.88	0.158778
21657019.05	5170002.87	0.193308
21657091.2	5169982.86	0.224886
21657163.34	5169962.85	0.248531
21657235.49	5169942.84	0.254684
21657307.64	5169922.84	0.251874
21657379.78	5169902.83	0.253941
21657451.93	5169882.82	0.253853
21657524.08	5169862.81	0.258417
21657596.22	5169842.8	0.258777
21657668.37	5169822.8	0.226706
21657740.52	5169802.79	0.184214
21657812.66	5169782.78	0.178432
21657884.81	5169762.77	0.148347
21657956.96	5169742.76	0.186922
21658029.1	5169722.76	0.183443
21658101.25	5169702.75	0.173837
21658173.4	5169682.74	0.176619
21658245.54	5169662.73	0.20492
21658317.69	5169642.72	0.243968
21658389.84	5169622.72	0.239374
21658461.99	5169602.71	0.270349
21658534.13	5169582.7	0.234657
21658606.28	5169562.69	0.237927
21658678.43	5169542.68	0.183045
21658750.57	5169522.68	0.148725
21658822.72	5169502.67	0.14504
21658894.87	5169482.66	0.171099
21658967.01	5169462.65	0.190688
21659039.16	5169442.64	0.245654
21659111.31	5169422.64	0.204021
21653287.05	5171114.06	0.190888
21653359.2	5171094.05	0.225035
21653431.34	5171074.04	0.228997
21653503.49	5171054.03	0.216649
21653575.64	5171034.03	0.190963
21653647.78	5171014.02	0.165152
21653719.93	5170994.01	0.167283
21653792.08	5170974	0.155487
21653864.22	5170953.99	0.187273
21653936.37	5170933.99	0.205713
21654008.52	5170913.98	0.201525
21654080.66	5170893.97	0.209534
21654152.81	5170873.96	0.173166
21654224.96	5170853.95	0.171397
21654297.1	5170833.95	0.154129
21654369.25	5170813.94	0.111116
21654441.4	5170793.93	0.162055
21654513.54	5170773.92	0.192864
21654585.69	5170753.91	0.260692
21654657.84	5170733.91	0.211711
21654729.98	5170713.9	0.186498
21654802.13	5170693.89	0.160558
21654874.28	5170673.88	0.156222
21654946.42	5170653.87	0.159122
21655018.57	5170633.86	0.17619
21655090.72	5170613.86	0.148092
21655162.86	5170593.85	0.208603
21655235.01	5170573.84	0.216618
21655307.16	5170553.83	0.156691
21655379.3	5170533.82	0.205704
21655451.45	5170513.82	0.264727
21655523.6	5170493.81	0.233347
21655595.74	5170473.8	0.172915
21655667.89	5170453.79	0.20578
21655740.04	5170433.78	0.224514
21655812.18	5170413.78	0.238799
21655884.33	5170393.77	0.240079
21655956.48	5170373.76	0.208976
21656028.62	5170353.75	0.232169
21656100.77	5170333.74	0.276511
21656172.92	5170313.74	0.285386
21656245.06	5170293.73	0.281795
21656317.21	5170273.72	0.286096
21656389.36	5170253.71	0.262369
21656461.5	5170233.7	0.272277
21656533.65	5170213.7	0.249022
21656605.8	5170193.69	0.178781
21656677.94	5170173.68	0.158766
21656750.09	5170153.67	0.128942
21656822.24	5170133.66	0.125192
21656894.38	5170113.66	0.128189
21656966.53	5170093.65	0.12342
21657038.68	5170073.64	0.15217
21657110.82	5170053.63	0.223041
21657182.97	5170033.62	0.249797
21657255.12	5170013.62	0.209658
21657327.26	5169993.61	0.218958
21657399.41	5169973.6	0.248612
21657471.56	5169953.59	0.276103
21657543.7	5169933.58	0.287615
21657615.85	5169913.57	0.27375
21657688	5169893.57	0.2678
21657760.14	5169873.56	0.224761
21657832.29	5169853.55	0.215059
21657904.44	5169833.54	0.202396
21657976.58	5169813.53	0.230939
21658048.73	5169793.53	0.218119
21658120.88	5169773.52	0.20922
21658193.02	5169753.51	0.179273
21658265.17	5169733.5	0.22793
21658337.32	5169713.49	0.246204
21658409.46	5169693.49	0.226487
21658481.61	5169673.48	0.186372
21658553.76	5169653.47	0.181061
21658625.91	5169633.46	0.160253
21658698.05	5169613.45	0.151661
21658770.2	5169593.45	0.171974
21658842.35	5169573.44	0.206521
21658914.49	5169553.43	0.19738
21658986.64	5169533.42	0.208659
21659058.79	5169513.41	0.235052
21653306.68	5171184.83	0.161266
21653378.82	5171164.82	0.17866
21653450.97	5171144.81	0.166035
21653523.12	5171124.8	0.208943
21653595.26	5171104.8	0.175525
21653667.41	5171084.79	0.162466
21653739.56	5171064.78	0.0896245
21653811.7	5171044.77	0
21653883.85	5171024.76	0.174056
21653956	5171004.76	0.191342
21654028.14	5170984.75	0.179468
21654100.29	5170964.74	0.13684
21654172.44	5170944.73	0.131356
21654244.58	5170924.72	0.182047
21654316.73	5170904.72	0.195577
21654388.88	5170884.71	0.092851
21654461.02	5170864.7	0.172696
21654533.17	5170844.69	0.224074
21654605.32	5170824.68	0.228779
21654677.46	5170804.68	0.185857
21654749.61	5170784.67	0.229282
21654821.76	5170764.66	0.171806
21654893.9	5170744.65	0.1321
21654966.05	5170724.64	0.177561
21655038.2	5170704.64	0.192762
21655110.34	5170684.63	0.187245
21655182.49	5170664.62	0.241964
21655254.64	5170644.61	0.256409
21655326.78	5170624.6	0.23222
21655398.93	5170604.6	0
21655471.08	5170584.59	0.226581
21655543.22	5170564.58	0.259112
21655615.37	5170544.57	0.138558
21655687.52	5170524.56	0.167551
21655759.66	5170504.56	0.203954
21655831.81	5170484.55	0.250532
21655903.96	5170464.54	0.18001
21655976.1	5170444.53	0.183725
21656048.25	5170424.52	0.253105
21656120.4	5170404.51	0.250187
21656192.54	5170384.51	0.241013
21656264.69	5170364.5	0.256398
21656336.84	5170344.49	0.275527
21656408.98	5170324.48	0.231251
21656481.13	5170304.47	0.264267
21656553.28	5170284.47	0.287018
21656625.42	5170264.46	0.268639
21656697.57	5170244.45	0.255675
21656769.72	5170224.44	0.166896
21656841.86	5170204.43	0.0883093
21656914.01	5170184.43	0.0847098
21656986.16	5170164.42	0.141841
21657058.3	5170144.41	0.231399
21657130.45	5170124.4	0.269469
21657202.6	5170104.39	0.256089
21657274.74	5170084.39	0.233977
21657346.89	5170064.38	0.26089
21657419.04	5170044.37	0.274853
21657491.18	5170024.36	0.285045
21657563.33	5170004.35	0.288292
21657635.48	5169984.35	0.289293
21657707.62	5169964.34	0.283091
21657779.77	5169944.33	0.265562
21657851.92	5169924.32	0.238934
21657924.06	5169904.31	0.238887
21657996.21	5169884.31	0.27287
21658068.36	5169864.3	0.257302
21658140.5	5169844.29	0.270489
21658212.65	5169824.28	0.233684
21658284.8	5169804.27	0.256188
21658356.94	5169784.27	0.23447
21658429.09	5169764.26	0.19184
21658501.24	5169744.25	0.179379
21658573.38	5169724.24	0.164064
21658645.53	5169704.23	0.134789
21658717.68	5169684.22	0.130261
21658789.82	5169664.22	0.142441
21658861.97	5169644.21	0.152512
21658934.12	5169624.2	0.139672
21659006.26	5169604.19	0.204986
21659078.41	5169584.18	0.215015
21653254.15	5171275.61	0.195096
21653326.3	5171255.6	0.188495
21653398.45	5171235.59	0.186705
21653470.6	5171215.58	0.163004
21653542.74	5171195.58	0.186287
21653614.89	5171175.57	0.202945
21653687.04	5171155.56	0.183527
21653759.18	5171135.55	0.111171
21653831.33	5171115.54	0.109158
21653903.48	5171095.54	0.163524
21653975.62	5171075.53	0.169174
21654047.77	5171055.52	0.154308
21654119.92	5171035.51	0.122107
21654192.06	5171015.5	0.122898
21654264.21	5170995.49	0.168426
21654336.36	5170975.49	0.188742
21654408.5	5170955.48	0.143404
21654480.65	5170935.47	0.229758
21654552.8	5170915.46	0.282387
21654624.94	5170895.45	0.227021
21654697.09	5170875.45	0.188938
21654769.24	5170855.44	0.201673
21654841.38	5170835.43	0.174283
21654913.53	5170815.42	0.174008
21654985.68	5170795.41	0.205764
21655057.82	5170775.41	0.16772
21655129.97	5170755.4	0.225335
21655202.12	5170735.39	0.251972
21655274.26	5170715.38	0.240256
21655346.41	5170695.37	0.243584
21655418.56	5170675.37	0.167273
21655490.7	5170655.36	0.122973
21655562.85	5170635.35	0.114894
21655635	5170615.34	0.115184
21655707.14	5170595.33	0.24597
21655779.29	5170575.33	0.260565
21655851.44	5170555.32	0.225082
21655923.58	5170535.31	0.242794
21655995.73	5170515.3	0.19637
21656067.88	5170495.29	0.262204
21656140.02	5170475.29	0.271755
21656212.17	5170455.28	0.21752
21656284.32	5170435.27	0.255284
21656356.46	5170415.26	0.273358
21656428.61	5170395.25	0.133777
21656500.76	5170375.25	0.23074
21656572.9	5170355.24	0.286208
21656645.05	5170335.23	0.269711
21656717.2	5170315.22	0.235904
21656789.34	5170295.21	0.225294
21656861.49	5170275.21	0.151321
21656933.64	5170255.2	0.0584469
21657005.78	5170235.19	0.199631
21657077.93	5170215.18	0.273422
21657150.08	5170195.17	0.284547
21657222.22	5170175.16	0.251185
21657294.37	5170155.16	0.229058
21657366.52	5170135.15	0.271564
21657438.66	5170115.14	0.285934
21657510.81	5170095.13	0.267461
21657582.96	5170075.12	0.260102
21657655.1	5170055.12	0.263894
21657727.25	5170035.11	0.267279
21657799.4	5170015.1	0.265428
21657871.54	5169995.09	0.244444
21657943.69	5169975.08	0.233183
21658015.84	5169955.08	0.195463
21658087.98	5169935.07	0.179732
21658160.13	5169915.06	0.225512
21658232.28	5169895.05	0.225743
21658304.42	5169875.04	0.172028
21658376.57	5169855.04	0.261471
21658448.72	5169835.03	0.230832
21658520.86	5169815.02	0.167835
21658593.01	5169795.01	0.167338
21658665.16	5169775	0.19041
21658737.3	5169755	0.212957
21658809.45	5169734.99	0.148447
21658881.6	5169714.98	0.158434
21658953.74	5169694.97	0.156673
21659025.89	5169674.96	0.212634
21659098.04	5169654.96	0.227451
21653273.78	5171346.38	0.194262
21653345.93	5171326.37	0.244943
21653418.07	5171306.36	0.232642
21653490.22	5171286.35	0.252143
21653562.37	5171266.35	0.218537
21653634.51	5171246.34	0.195892
21653706.66	5171226.33	0.16495
21653778.81	5171206.32	0.140368
21653850.96	5171186.31	0.141583
21653923.1	5171166.31	0.122758
21653995.25	5171146.3	0.15174
21654067.4	5171126.29	0.156092
21654139.54	5171106.28	0.140116
21654211.69	5171086.27	0.17481
21654283.84	5171066.27	0.156631
21654355.98	5171046.26	0.180607
21654428.13	5171026.25	0.178794
21654500.28	5171006.24	0.251057
21654572.42	5170986.23	0.29188
21654644.57	5170966.23	0.278275
21654716.72	5170946.22	0.269903
21654788.86	5170926.21	0.230698
21654861.01	5170906.2	0.142005
21654933.16	5170886.19	0.160932
21655005.3	5170866.18	0
21655077.45	5170846.18	0.236712
21655149.6	5170826.17	0.251149
21655221.74	5170806.16	0.238961
21655293.89	5170786.15	0.222855
21655366.04	5170766.14	0.229945
21655438.18	5170746.14	0.192695
21655510.33	5170726.13	0.150194
21655582.48	5170706.12	0.140415
21655654.62	5170686.11	0.187116
21655726.77	5170666.1	0.209269
21655798.92	5170646.1	0.246475
21655871.06	5170626.09	0.266997
21655943.21	5170606.08	0.253475
21656015.36	5170586.07	0.255359
21656087.5	5170566.06	0.262927
21656159.65	5170546.06	0.27889
21656231.8	5170526.05	0.254111
21656303.94	5170506.04	0.241171
21656376.09	5170486.03	0.231401
21656448.24	5170466.02	0.189966
21656520.38	5170446.02	0.24828
21656592.53	5170426.01	0.258266
21656664.68	5170406	0.103518
21656736.82	5170385.99	0.134354
21656808.97	5170365.98	0.256741
21656881.12	5170345.98	0.265716
21656953.26	5170325.97	0.217258
21657025.41	5170305.96	0.248425
21657097.56	5170285.95	0.272898
21657169.7	5170265.94	0.23319
21657241.85	5170245.94	0.187683
21657314	5170225.93	0.198779
21657386.14	5170205.92	0.221501
21657458.29	5170185.91	0.239037
21657530.44	5170165.9	0.250868
21657602.58	5170145.9	0.256605
21657674.73	5170125.89	0.236936
21657746.88	5170105.88	0.24122
21657819.02	5170085.87	0.237906
21657891.17	5170065.86	0.158771
21657963.32	5170045.85	0.130797
21658035.46	5170025.85	0.160988
21658107.61	5170005.84	0.122473
21658179.76	5169985.83	0.174373
21658251.9	5169965.82	0.216165
21658324.05	5169945.81	0.233536
21658396.2	5169925.81	0.241473
21658468.34	5169905.8	0.247917
21658540.49	5169885.79	0.214536
21658612.64	5169865.78	0.164845
21658684.78	5169845.77	0.169788
21658756.93	5169825.77	0.164265
21658829.08	5169805.76	0.160328
21658901.22	5169785.75	0.173853
21658973.37	5169765.74	0.146497
21659045.52	5169745.73	0.203795
21653293.41	5171417.15	0.199343
21653365.55	5171397.14	0.207767
21653437.7	5171377.13	0.205511
21653509.85	5171357.12	0.197894
21653581.99	5171337.12	0.215456
21653654.14	5171317.11	0.140227
21653726.29	5171297.1	0.147309
21653798.43	5171277.09	0.142287
21653870.58	5171257.08	0.163601
21653942.73	5171237.08	0.0679453
21654014.87	5171217.07	0.0882026
21654087.02	5171197.06	0.0555053
21654159.17	5171177.05	0.143896
21654231.32	5171157.04	0.153855
21654303.46	5171137.04	0.126619
21654375.61	5171117.03	0.150554
21654447.76	5171097.02	0.166476
21654519.9	5171077.01	0.222675
21654592.05	5171057	0.231247
21654664.2	5171037	0.264305
21654736.34	5171016.99	0.272958
21654808.49	5170996.98	0.218653
21654880.64	5170976.97	0.192991
21654952.78	5170956.96	0.236837
21655024.93	5170936.96	0.247196
21655097.08	5170916.95	0.258576
21655169.22	5170896.94	0.268935
21655241.37	5170876.93	0.273392
21655313.52	5170856.92	0.259229
21655385.66	5170836.92	0.234467
21655457.81	5170816.91	0.224684
21655529.96	5170796.9	0.201363
21655602.1	5170776.89	0.229301
21655674.25	5170756.88	0.24673
21655746.4	5170736.88	0.178351
21655818.54	5170716.87	0.233704
21655890.69	5170696.86	0.286854
21655962.84	5170676.85	0.275731
21656034.98	5170656.84	0.240516
21656107.13	5170636.83	0.244394
21656179.28	5170616.83	0.270736
21656251.42	5170596.82	0.242952
21656323.57	5170576.81	0.235796
21656395.72	5170556.8	0.195425
21656467.86	5170536.79	0.167847
21656540.01	5170516.79	0.236813
21656612.16	5170496.78	0.221814
21656684.3	5170476.77	0.0913874
21656756.45	5170456.76	0
21656828.6	5170436.75	0.20864
21656900.74	5170416.75	0.126432
21656972.89	5170396.74	0.264766
21657045.04	5170376.73	0.250658
21657117.18	5170356.72	0.273126
21657189.33	5170336.71	0.248923
21657261.48	5170316.71	0.182089
21657333.62	5170296.7	0.213751
21657405.77	5170276.69	0.227632
21657477.92	5170256.68	0.261435
21657550.06	5170236.67	0.239545
21657622.21	5170216.67	0.246338
21657694.36	5170196.66	0.249792
21657766.5	5170176.65	0.274126
21657838.65	5170156.64	0.251204
21657910.8	5170136.63	0.149273
21657982.94	5170116.63	0.0695103
21658055.09	5170096.62	0
21658127.24	5170076.61	0.050547
21658199.38	5170056.6	0.0740703
21658271.53	5170036.59	0.139105
21658343.68	5170016.59	0.241501
21658415.82	5169996.58	0.254753
21658487.97	5169976.57	0.223803
21658560.12	5169956.56	0.166162
21658632.26	5169936.55	0.106459
21658704.41	5169916.55	0.114304
21658776.56	5169896.54	0.110756
21658848.7	5169876.53	0.153922
21658920.85	5169856.52	0.151657
21658993	5169836.51	0.158036
21659065.14	5169816.5	0.184475
21653313.03	5171487.92	0.198353
21653385.18	5171467.91	0.188997
21653457.33	5171447.9	0.183631
21653529.47	5171427.9	0.152637
21653601.62	5171407.89	0.155759
21653673.77	5171387.88	0.149084
21653745.91	5171367.87	0.171864
21653818.06	5171347.86	0.136006
21653890.21	5171327.86	0
21653962.35	5171307.85	0.131933
21654034.5	5171287.84	0.121992
21654106.65	5171267.83	0.0657611
21654178.79	5171247.82	0.116585
21654250.94	5171227.82	0.121343
21654323.09	5171207.81	0.119636
21654395.23	5171187.8	0.157201
21654467.38	5171167.79	0.217985
21654539.53	5171147.78	0.254533
21654611.67	5171127.77	0.133255
21654683.82	5171107.77	0.179005
21654755.97	5171087.76	0.179242
21654828.12	5171067.75	0.137893
21654900.26	5171047.74	0.163678
21654972.41	5171027.73	0.256396
21655044.56	5171007.73	0.247152
21655116.7	5170987.72	0.22892
21655188.85	5170967.71	0.224951
21655261	5170947.7	0.223078
21655333.14	5170927.69	0.222305
21655405.29	5170907.69	0.176794
21655477.44	5170887.68	0.206877
21655549.58	5170867.67	0.169
21655621.73	5170847.66	0.210775
21655693.88	5170827.65	0.282681
21655766.02	5170807.65	0.182601
21655838.17	5170787.64	0.167148
21655910.32	5170767.63	0.217221
21655982.46	5170747.62	0.214922
21656054.61	5170727.61	0.173202
21656126.76	5170707.61	0.191019
21656198.9	5170687.6	0.231925
21656271.05	5170667.59	0.251394
21656343.2	5170647.58	0.206006
21656415.34	5170627.57	0.171991
21656487.49	5170607.57	0.176818
21656559.64	5170587.56	0.258858
21656631.78	5170567.55	0.214089
21656703.93	5170547.54	0.0804863
21656776.08	5170527.53	0.221051
21656848.22	5170507.53	0.215422
21656920.37	5170487.52	0.185072
21656992.52	5170467.51	0
21657064.66	5170447.5	0.218697
21657136.81	5170427.49	0.235485
21657208.96	5170407.48	0.239772
21657281.1	5170387.48	0.230948
21657353.25	5170367.47	0.206996
21657425.4	5170347.46	0.246874
21657497.54	5170327.45	0.209867
21657569.69	5170307.44	0.169273
21657641.84	5170287.44	0.171395
21657713.98	5170267.43	0.228765
21657786.13	5170247.42	0.251713
21657858.28	5170227.41	0.167024
21657930.42	5170207.4	0.119533
21658002.57	5170187.4	0.10272
21658074.72	5170167.39	0.174397
21658146.86	5170147.38	0.126922
21658219.01	5170127.37	0.133538
21658291.16	5170107.36	0.198326
21658363.3	5170087.36	0.242674
21658435.45	5170067.35	0.267588
21658507.6	5170047.34	0.196679
21658579.74	5170027.33	0.156023
21658651.89	5170007.32	0.130266
21658724.04	5169987.32	0.134876
21658796.18	5169967.31	0.122942
21658868.33	5169947.3	0
21658940.48	5169927.29	0
21659012.62	5169907.28	0.0775069
21659084.77	5169887.28	0.153032
21653260.51	5171578.7	0.194598
21653332.66	5171558.69	0.165319
21653404.81	5171538.68	0.174846
21653476.95	5171518.67	0.176363
21653549.1	5171498.67	0.182637
21653621.25	5171478.66	0.17261
21653693.39	5171458.65	0.194628
21653765.54	5171438.64	0.167758
21653837.69	5171418.63	0.150704
21653909.83	5171398.63	0.0963643
21653981.98	5171378.62	0.149247
21654054.13	5171358.61	0.197535
21654126.27	5171338.6	0.119748
21654198.42	5171318.59	0.115993
21654270.57	5171298.59	0.072755
21654342.71	5171278.58	0.123223
21654414.86	5171258.57	0.229007
21654487.01	5171238.56	0.281274
21654559.15	5171218.55	0.196528
21654631.3	5171198.55	0.148129
21654703.45	5171178.54	0.187361
21654775.59	5171158.53	0.214676
21654847.74	5171138.52	0.167807
21654919.89	5171118.51	0.136846
21654992.04	5171098.51	0.185322
21655064.18	5171078.5	0.270047
21655136.33	5171058.49	0.252325
21655208.48	5171038.48	0.208266
21655280.62	5171018.47	0.186268
21655352.77	5170998.47	0.200808
21655424.92	5170978.46	0.213624
21655497.06	5170958.45	0.199128
21655569.21	5170938.44	0.203592
21655641.36	5170918.43	0.197682
21655713.5	5170898.42	0.262053
21655785.65	5170878.42	0.238841
21655857.8	5170858.41	0.172162
21655929.94	5170838.4	0.198725
21656002.09	5170818.39	0.13898
21656074.24	5170798.38	0.103111
21656146.38	5170778.38	0.139451
21656218.53	5170758.37	0.173932
21656290.68	5170738.36	0.21861
21656362.82	5170718.35	0.158524
21656434.97	5170698.34	0.129565
21656507.12	5170678.34	0.222679
21656579.26	5170658.33	0.266968
21656651.41	5170638.32	0.200045
21656723.56	5170618.31	0.0544332
21656795.7	5170598.3	0.182746
21656867.85	5170578.3	0.245814
21656940	5170558.29	0.129823
21657012.14	5170538.28	0.108204
21657084.29	5170518.27	0.0817599
21657156.44	5170498.26	0.201008
21657228.58	5170478.26	0.247138
21657300.73	5170458.25	0.261448
21657372.88	5170438.24	0.230302
21657445.02	5170418.23	0.219491
21657517.17	5170398.22	0.0801616
21657589.32	5170378.22	0.15944
21657661.46	5170358.21	0.183875
21657733.61	5170338.2	0.262517
21657805.76	5170318.19	0.259981
21657877.9	5170298.18	0.17353
21657950.05	5170278.18	0.160391
21658022.2	5170258.17	0.154541
21658094.34	5170238.16	0.267396
21658166.49	5170218.15	0.207393
21658238.64	5170198.14	0.166475
21658310.78	5170178.13	0.192609
21658382.93	5170158.13	0.210286
21658455.08	5170138.12	0.23286
21658527.22	5170118.11	0.191848
21658599.37	5170098.1	0.187877
21658671.52	5170078.09	0.213341
21658743.66	5170058.09	0.182068
21658815.81	5170038.08	0.14012
21658887.96	5170018.07	0
21658960.1	5169998.06	0.17581
21659032.25	5169978.05	0.130765
21659104.4	5169958.05	0.0964218
21653280.14	5171649.47	0.193909
21653352.29	5171629.46	0.178527
21653424.43	5171609.45	0.192764
21653496.58	5171589.45	0.171815
21653568.73	5171569.44	0.162041
21653640.87	5171549.43	0.183607
21653713.02	5171529.42	0.18095
21653785.17	5171509.41	0.183403
21653857.31	5171489.4	0.162782
21653929.46	5171469.4	0.124736
21654001.61	5171449.39	0.129116
21654073.75	5171429.38	0.146555
21654145.9	5171409.37	0.138004
21654218.05	5171389.36	0.134462
21654290.19	5171369.36	0.121626
21654362.34	5171349.35	0.173212
21654434.49	5171329.34	0.226924
21654506.63	5171309.33	0.222473
21654578.78	5171289.32	0.176183
21654650.93	5171269.32	0.135293
21654723.07	5171249.31	0.15264
21654795.22	5171229.3	0.177763
21654867.37	5171209.29	0.189463
21654939.51	5171189.28	0.183384
21655011.66	5171169.28	0.190052
21655083.81	5171149.27	0.204381
21655155.95	5171129.26	0.170676
21655228.1	5171109.25	0.127764
21655300.25	5171089.24	0.167405
21655372.39	5171069.24	0.168008
21655444.54	5171049.23	0.149135
21655516.69	5171029.22	0.180855
21655588.84	5171009.21	0.21013
21655660.98	5170989.2	0.208669
21655733.13	5170969.2	0.214418
21655805.28	5170949.19	0.243754
21655877.42	5170929.18	0.234027
21655949.57	5170909.17	0.248166
21656021.72	5170889.16	0.220839
21656093.86	5170869.16	0.138058
21656166.01	5170849.15	0.169573
21656238.16	5170829.14	0.236818
21656310.3	5170809.13	0.239403
21656382.45	5170789.12	0.165017
21656454.6	5170769.11	0.1735
21656526.74	5170749.11	0.182018
21656598.89	5170729.1	0.24342
21656671.04	5170709.09	0.173325
21656743.18	5170689.08	0.0894865
21656815.33	5170669.07	0.0869624
21656887.48	5170649.07	0.204165
21656959.62	5170629.06	0.139558
21657031.77	5170609.05	0.138462
21657103.92	5170589.04	0.107495
21657176.06	5170569.03	0.195895
21657248.21	5170549.03	0.160595
21657320.36	5170529.02	0.176481
21657392.5	5170509.01	0.235161
21657464.65	5170489	0.215121
21657536.8	5170468.99	0.143901
21657608.94	5170448.99	0.145414
21657681.09	5170428.98	0.170064
21657753.24	5170408.97	0.238532
21657825.38	5170388.96	0.221427
21657897.53	5170368.95	0.123549
21657969.68	5170348.95	0.1352
21658041.82	5170328.94	0.170819
21658113.97	5170308.93	0.249901
21658186.12	5170288.92	0.1919
21658258.26	5170268.91	0.126517
21658330.41	5170248.91	0.120492
21658402.56	5170228.9	0
21658474.7	5170208.89	0.18106
21658546.85	5170188.88	0.195695
21658619	5170168.87	0.195935
21658691.14	5170148.87	0.221848
21658763.29	5170128.86	0.18066
21658835.44	5170108.85	0.125199
21658907.58	5170088.84	0.155936
21658979.73	5170068.83	0.185449
21659051.88	5170048.83	0.152523
21653299.77	5171720.24	0.221275
21653371.91	5171700.23	0.207606
21653444.06	5171680.22	0.161533
21653516.21	5171660.22	0.130796
21653588.35	5171640.21	0.134717
21653660.5	5171620.2	0.139603
21653732.65	5171600.19	0.145828
21653804.79	5171580.18	0.15322
21653876.94	5171560.18	0.123735
21653949.09	5171540.17	0.125966
21654021.23	5171520.16	0.136152
21654093.38	5171500.15	0.161832
21654165.53	5171480.14	0.145842
21654237.67	5171460.14	0.132937
21654309.82	5171440.13	0.148042
21654381.97	5171420.12	0.118731
21654454.11	5171400.11	0.204602
21654526.26	5171380.1	0.245625
21654598.41	5171360.09	0.230146
21654670.55	5171340.09	0.220823
21654742.7	5171320.08	0.167842
21654814.85	5171300.07	0.179531
21654886.99	5171280.06	0.168214
21654959.14	5171260.05	0.13919
21655031.29	5171240.05	0.143804
21655103.43	5171220.04	0.136385
21655175.58	5171200.03	0.0981428
21655247.73	5171180.02	0.117371
21655319.87	5171160.01	0.170149
21655392.02	5171140.01	0.152552
21655464.17	5171120	0.158911
21655536.31	5171099.99	0.152214
21655608.46	5171079.98	0.13241
21655680.61	5171059.97	0.168724
21655752.76	5171039.97	0.245796
21655824.9	5171019.96	0.231384
21655897.05	5170999.95	0.244276
21655969.2	5170979.94	0.246392
21656041.34	5170959.93	0.241173
21656113.49	5170939.93	0.202552
21656185.64	5170919.92	0.210837
21656257.78	5170899.91	0.24109
21656329.93	5170879.9	0.250103
21656402.08	5170859.89	0.216894
21656474.22	5170839.89	0.153543
21656546.37	5170819.88	0.130115
21656618.52	5170799.87	0.117007
21656690.66	5170779.86	0.262284
21656762.81	5170759.85	0.151978
21656834.96	5170739.85	0.0417851
21656907.1	5170719.84	0.112159
21656979.25	5170699.83	0.114017
21657051.4	5170679.82	0.141678
21657123.54	5170659.81	0.144013
21657195.69	5170639.81	0.251392
21657267.84	5170619.8	0.209449
21657339.98	5170599.79	0.147672
21657412.13	5170579.78	0.201324
21657484.28	5170559.77	0.242908
21657556.42	5170539.76	0.197525
21657628.57	5170519.76	0.17759
21657700.72	5170499.75	0.170196
21657772.86	5170479.74	0.211682
21657845.01	5170459.73	0.232735
21657917.16	5170439.72	0.216079
21657989.3	5170419.72	0.117417
21658061.45	5170399.71	0.124254
21658133.6	5170379.7	0.182025
21658205.74	5170359.69	0.155597
21658277.89	5170339.68	0.125608
21658350.04	5170319.68	0.11694
21658422.18	5170299.67	0.100503
21658494.33	5170279.66	0.137929
21658566.48	5170259.65	0.144207
21658638.62	5170239.64	0.164072
21658710.77	5170219.64	0.128036
21658782.92	5170199.63	0.175884
21658855.06	5170179.62	0.1794
21658927.21	5170159.61	0.158822
21658999.36	5170139.6	0.173872
21659071.5	5170119.6	0.121287
21653247.25	5171811.02	0.267753
21653319.39	5171791.01	0.21499
21653391.54	5171771	0.210127
21653463.69	5171750.99	0.183635
21653535.83	5171730.99	0.206754
21653607.98	5171710.98	0.21088
21653680.13	5171690.97	0.214158
21653752.27	5171670.96	0.179301
21653824.42	5171650.95	0.153292
21653896.57	5171630.95	0.115208
21653968.71	5171610.94	0
21654040.86	5171590.93	0.165099
21654113.01	5171570.92	0.129324
21654185.15	5171550.91	0.0938873
21654257.3	5171530.91	0.0993878
21654329.45	5171510.9	0.115757
21654401.59	5171490.89	0.126385
21654473.74	5171470.88	0.168018
21654545.89	5171450.87	0.179458
21654618.03	5171430.87	0.163957
21654690.18	5171410.86	0.178289
21654762.33	5171390.85	0.175696
21654834.47	5171370.84	0.205785
21654906.62	5171350.83	0.160391
21654978.77	5171330.83	0.109619
21655050.91	5171310.82	0.150813
21655123.06	5171290.81	0.191696
21655195.21	5171270.8	0.16991
21655267.35	5171250.79	0.157965
21655339.5	5171230.79	0.145118
21655411.65	5171210.78	0.206267
21655483.79	5171190.77	0.227831
21655555.94	5171170.76	0.163588
21655628.09	5171150.75	0.14734
21655700.23	5171130.74	0.155382
21655772.38	5171110.74	0.211334
21655844.53	5171090.73	0.174485
21655916.67	5171070.72	0.260653
21655988.82	5171050.71	0.197357
21656060.97	5171030.7	0.200306
21656133.11	5171010.7	0.206321
21656205.26	5170990.69	0.206405
21656277.41	5170970.68	0.189098
21656349.56	5170950.67	0.169025
21656421.7	5170930.66	0.238086
21656493.85	5170910.66	0.22751
21656566	5170890.65	0.182537
21656638.14	5170870.64	0.12995
21656710.29	5170850.63	0.181191
21656782.44	5170830.62	0.122796
21656854.58	5170810.62	0
21656926.73	5170790.61	0.178597
21656998.88	5170770.6	0.240881
21657071.02	5170750.59	0.162142
21657143.17	5170730.58	0.141111
21657215.32	5170710.58	0.232112
21657287.46	5170690.57	0.169053
21657359.61	5170670.56	0.150117
21657431.76	5170650.55	0.205415
21657503.9	5170630.54	0.247996
21657576.05	5170610.54	0.245122
21657648.2	5170590.53	0.246363
21657720.34	5170570.52	0.21769
21657792.49	5170550.51	0.200381
21657864.64	5170530.5	0.256314
21657936.78	5170510.5	0.240477
21658008.93	5170490.49	0.180608
21658081.08	5170470.48	0.123346
21658153.22	5170450.47	0.201157
21658225.37	5170430.46	0.187489
21658297.52	5170410.46	0.0876022
21658369.66	5170390.45	0.110169
21658441.81	5170370.44	0.0882499
21658513.96	5170350.43	0.145634
21658586.1	5170330.42	0.170058
21658658.25	5170310.41	0.156838
21658730.4	5170290.41	0.141284
21658802.54	5170270.4	0.198554
21658874.69	5170250.39	0.19869
21658946.84	5170230.38	0.202945
21659018.98	5170210.37	0.20083
21659091.13	5170190.37	0.151026
21653266.87	5171881.79	0.251665
21653339.02	5171861.78	0.209802
21653411.17	5171841.77	0.212008
21653483.31	5171821.77	0.221241
21653555.46	5171801.76	0.253245
21653627.61	5171781.75	0.255878
21653699.75	5171761.74	0.247853
21653771.9	5171741.73	0.232311
21653844.05	5171721.73	0.165924
21653916.19	5171701.72	0.139089
21653988.34	5171681.71	0.141888
21654060.49	5171661.7	0.15766
21654132.63	5171641.69	0.126887
21654204.78	5171621.68	0.166685
21654276.93	5171601.68	0.147045
21654349.07	5171581.67	0.133491
21654421.22	5171561.66	0.12947
21654493.37	5171541.65	0.227807
21654565.51	5171521.64	0.192981
21654637.66	5171501.64	0.138449
21654709.81	5171481.63	0.106532
21654781.95	5171461.62	0.149475
21654854.1	5171441.61	0.182401
21654926.25	5171421.6	0.171132
21654998.39	5171401.6	0.150116
21655070.54	5171381.59	0.167504
21655142.69	5171361.58	0.211521
21655214.83	5171341.57	0.210557
21655286.98	5171321.56	0.172967
21655359.13	5171301.56	0.229383
21655431.27	5171281.55	0.234036
21655503.42	5171261.54	0.231459
21655575.57	5171241.53	0.206666
21655647.71	5171221.52	0.142955
21655719.86	5171201.52	0.103621
21655792.01	5171181.51	0.130805
21655864.15	5171161.5	0.157321
21655936.3	5171141.49	0.216732
21656008.45	5171121.48	0.164222
21656080.59	5171101.48	0.207188
21656152.74	5171081.47	0.196277
21656224.89	5171061.46	0.155232
21656297.03	5171041.45	0.163615
21656369.18	5171021.44	0.194723
21656441.33	5171001.44	0.226168
21656513.48	5170981.43	0.206445
21656585.62	5170961.42	0.247037
21656657.77	5170941.41	0.189579
21656729.91	5170921.4	0.208005
21656802.06	5170901.39	0
21656874.21	5170881.39	0.0806974
21656946.36	5170861.38	0.109589
21657018.5	5170841.37	0.268811
21657090.65	5170821.36	0.265168
21657162.8	5170801.35	0.2535
21657234.94	5170781.35	0.252333
21657307.09	5170761.34	0.160594
21657379.24	5170741.33	0.182513
21657451.38	5170721.32	0.182318
21657523.53	5170701.31	0.194653
21657595.68	5170681.31	0.259859
21657667.82	5170661.3	0.269964
21657739.97	5170641.29	0.284966
21657812.12	5170621.28	0.303198
21657884.26	5170601.27	0.273881
21657956.41	5170581.27	0.252
21658028.56	5170561.26	0.17869
21658100.7	5170541.25	0.188773
21658172.85	5170521.24	0.234066
21658245	5170501.23	0.256608
21658317.14	5170481.23	0.15376
21658389.29	5170461.22	0.0527932
21658461.44	5170441.21	0.0734111
21658533.58	5170421.2	0.181847
21658605.73	5170401.19	0.134272
21658677.88	5170381.19	0.163804
21658750.02	5170361.18	0.193036
21658822.17	5170341.17	0.162306
21658894.32	5170321.16	0.161493
21658966.46	5170301.15	0.156176
21659038.61	5170281.15	0.165267
21653286.5	5171952.56	0.258462
21653358.65	5171932.55	0.242875
21653430.79	5171912.54	0.248818
21653502.94	5171892.54	0.217449
21653575.09	5171872.53	0.233221
21653647.23	5171852.52	0.269805
21653719.38	5171832.51	0.2738
21653791.53	5171812.5	0.26055
21653863.67	5171792.5	0.213579
21653935.82	5171772.49	0.171331
21654007.97	5171752.48	0.149307
21654080.11	5171732.47	0
21654152.26	5171712.46	0
21654224.41	5171692.46	0.217808
21654296.55	5171672.45	0.122556
21654368.7	5171652.44	0.152508
21654440.85	5171632.43	0.15899
21654512.99	5171612.42	0.24965
21654585.14	5171592.42	0.187402
21654657.29	5171572.41	0.139971
21654729.43	5171552.4	0.122094
21654801.58	5171532.39	0.119072
21654873.73	5171512.38	0.148908
21654945.87	5171492.37	0.162164
21655018.02	5171472.37	0.17668
21655090.17	5171452.36	0.174175
21655162.31	5171432.35	0.179661
21655234.46	5171412.34	0.178866
21655306.61	5171392.33	0.144217
21655378.75	5171372.33	0.187145
21655450.9	5171352.32	0.191416
21655523.05	5171332.31	0.208831
21655595.19	5171312.3	0.216303
21655667.34	5171292.29	0.140618
21655739.49	5171272.29	0.060901
21655811.63	5171252.28	0.0576282
21655883.78	5171232.27	0.0841003
21655955.93	5171212.26	0.107205
21656028.07	5171192.25	0.182355
21656100.22	5171172.25	0.177018
21656172.37	5171152.24	0.144111
21656244.51	5171132.23	0.109861
21656316.66	5171112.22	0.132069
21656388.81	5171092.21	0.200381
21656460.95	5171072.21	0.225196
21656533.1	5171052.2	0.21586
21656605.25	5171032.19	0.204004
21656677.39	5171012.18	0.14941
21656749.54	5170992.17	0.192325
21656821.69	5170972.17	0.179169
21656893.84	5170952.16	0.0453309
21656965.98	5170932.15	0.113568
21657038.13	5170912.14	0.25032
21657110.27	5170892.13	0.27199
21657182.42	5170872.13	0.273992
21657254.57	5170852.12	0.237195
21657326.72	5170832.11	0.14296
21657398.86	5170812.1	0.159035
21657471.01	5170792.09	0.159309
21657543.16	5170772.09	0.187377
21657615.3	5170752.08	0.23978
21657687.45	5170732.07	0.277529
21657759.6	5170712.06	0.289634
21657831.74	5170692.05	0.29397
21657903.89	5170672.04	0.289802
21657976.04	5170652.04	0.263846
21658048.18	5170632.03	0.21381
21658120.33	5170612.02	0.212502
21658192.48	5170592.01	0.17139
21658264.62	5170572	0.239074
21658336.77	5170552	0.260465
21658408.92	5170531.99	0.156273
21658481.06	5170511.98	0.114953
21658553.21	5170491.97	0.234357
21658625.36	5170471.96	0.153533
21658697.5	5170451.96	0.197094
21658769.65	5170431.95	0.169891
21658841.8	5170411.94	0.128248
21658913.94	5170391.93	0.1185
21658986.09	5170371.92	0.128506
21659058.24	5170351.92	0.139503
21653306.13	5172023.33	0.258752
21653378.27	5172003.32	0.25722
21653450.42	5171983.31	0.268228
21653522.57	5171963.31	0.256159
21653594.71	5171943.3	0.255943
21653666.86	5171923.29	0.251198
21653739.01	5171903.28	0.285425
21653811.15	5171883.27	0.270964
21653883.3	5171863.27	0.22889
21653955.45	5171843.26	0.194661
21654027.59	5171823.25	0
21654099.74	5171803.24	0
21654171.89	5171783.23	0
21654244.03	5171763.23	0
21654316.18	5171743.22	0.146198
21654388.33	5171723.21	0.147374
21654460.47	5171703.2	0.184613
21654532.62	5171683.19	0.262786
21654604.77	5171663.19	0.153676
21654676.91	5171643.18	0.0965857
21654749.06	5171623.17	0.103438
21654821.21	5171603.16	0.115309
21654893.35	5171583.15	0.125054
21654965.5	5171563.15	0.147559
21655037.65	5171543.14	0.157145
21655109.79	5171523.13	0.155819
21655181.94	5171503.12	0.144343
21655254.09	5171483.11	0.135337
21655326.23	5171463.11	0.145275
21655398.38	5171443.1	0.17429
21655470.53	5171423.09	0.16209
21655542.67	5171403.08	0.150085
21655614.82	5171383.07	0.183019
21655686.97	5171363.07	0.156156
21655759.11	5171343.06	0
21655831.26	5171323.05	0.0790382
21655903.41	5171303.04	0.0513923
21655975.55	5171283.03	0
21656047.7	5171263.02	0
21656119.85	5171243.02	0
21656191.99	5171223.01	0
21656264.14	5171203	0.12763
21656336.29	5171182.99	0.142326
21656408.43	5171162.98	0.184121
21656480.58	5171142.98	0.195563
21656552.73	5171122.97	0.22432
21656624.87	5171102.96	0.179824
21656697.02	5171082.95	0.10719
21656769.17	5171062.94	0.134374
21656841.31	5171042.94	0.0978805
21656913.46	5171022.93	0.0585367
21656985.61	5171002.92	0.0926952
21657057.75	5170982.91	0.224851
21657129.9	5170962.9	0.237394
21657202.05	5170942.9	0.221794
21657274.19	5170922.89	0.137601
21657346.34	5170902.88	0.115224
21657418.49	5170882.87	0.140854
21657490.64	5170862.86	0.163305
21657562.78	5170842.86	0.200584
21657634.93	5170822.85	0.243767
21657707.08	5170802.84	0.282617
21657779.22	5170782.83	0.288281
21657851.37	5170762.82	0.292138
21657923.52	5170742.82	0.285809
21657995.66	5170722.81	0.243679
21658067.81	5170702.8	0.235713
21658139.96	5170682.79	0.206537
21658212.1	5170662.78	0.187562
21658284.25	5170642.78	0.155473
21658356.4	5170622.77	0.162341
21658428.54	5170602.76	0.207547
21658500.69	5170582.75	0.181419
21658572.84	5170562.74	0.219604
21658644.98	5170542.74	0.221567
21658717.13	5170522.73	0.194806
21658789.28	5170502.72	0.142234
21658861.42	5170482.71	0.109317
21658933.57	5170462.7	0.098732
21659005.72	5170442.69	0.122743
21659077.86	5170422.69	0.117242
21653253.61	5172114.11	0.250458
21653325.75	5172094.1	0.255713
21653397.9	5172074.09	0.267305
21653470.05	5172054.09	0.265241
21653542.19	5172034.08	0.24514
21653614.34	5172014.07	0.229479
21653686.49	5171994.06	0.216153
21653758.63	5171974.05	0.254833
21653830.78	5171954.05	0.277685
21653902.93	5171934.04	0.236662
21653975.07	5171914.03	0
21654047.22	5171894.02	0
21654119.37	5171874.01	0
21654191.51	5171854	0
21654263.66	5171834	0.216716
21654335.81	5171813.99	0.187736
21654407.95	5171793.98	0.166254
21654480.1	5171773.97	0.200265
21654552.25	5171753.96	0.259919
21654624.39	5171733.96	0.20563
21654696.54	5171713.95	0.0949939
21654768.69	5171693.94	0.0816541
21654840.83	5171673.93	0.103636
21654912.98	5171653.92	0.112132
21654985.13	5171633.92	0.120488
21655057.27	5171613.91	0.134719
21655129.42	5171593.9	0.164777
21655201.57	5171573.89	0.178049
21655273.71	5171553.88	0.156493
21655345.86	5171533.88	0.142107
21655418.01	5171513.87	0.148445
21655490.15	5171493.86	0.143166
21655562.3	5171473.85	0.120011
21655634.45	5171453.84	0.119599
21655706.59	5171433.84	0.14773
21655778.74	5171413.83	0.16486
21655850.89	5171393.82	0.0874897
21655923.03	5171373.81	0
21655995.18	5171353.8	0
21656067.33	5171333.8	0
21656139.47	5171313.79	0.0654639
21656211.62	5171293.78	0.0851211
21656283.77	5171273.77	0.139356
21656355.91	5171253.76	0.133778
21656428.06	5171233.76	0.131455
21656500.21	5171213.75	0.155946
21656572.35	5171193.74	0.208478
21656644.5	5171173.73	0.234917
21656716.65	5171153.72	0.106266
21656788.79	5171133.72	0.140903
21656860.94	5171113.71	0.0703958
21656933.09	5171093.7	0.0744523
21657005.23	5171073.69	0.0818648
21657077.38	5171053.68	0.161132
21657149.53	5171033.67	0.153447
21657221.67	5171013.67	0.116916
21657293.82	5170993.66	0.0739149
21657365.97	5170973.65	0.0636725
21657438.11	5170953.64	0.0960533
21657510.26	5170933.63	0.141167
21657582.41	5170913.63	0.198495
21657654.55	5170893.62	0.243178
21657726.7	5170873.61	0.263174
21657798.85	5170853.6	0.271749
21657870.99	5170833.59	0.283709
21657943.14	5170813.59	0.263133
21658015.29	5170793.58	0.250121
21658087.44	5170773.57	0.244825
21658159.58	5170753.56	0.262912
21658231.73	5170733.55	0.208921
21658303.88	5170713.55	0.180999
21658376.02	5170693.54	0.181003
21658448.17	5170673.53	0.186355
21658520.32	5170653.52	0.214389
21658592.46	5170633.51	0.22368
21658664.61	5170613.51	0.216723
21658736.76	5170593.5	0.186467
21658808.9	5170573.49	0.126802
21658881.05	5170553.48	0.082274
21658953.2	5170533.47	0.0703629
21659025.34	5170513.47	0.101488
21659097.49	5170493.46	0.0791755
21653273.23	5172184.88	0.230386
21653345.38	5172164.87	0.235889
21653417.53	5172144.86	0.249007
21653489.67	5172124.86	0.263285
21653561.82	5172104.85	0.244424
21653633.97	5172084.84	0.226255
21653706.11	5172064.83	0.1975
21653778.26	5172044.82	0.233405
21653850.41	5172024.82	0.237839
21653922.55	5172004.81	0.229264
21653994.7	5171984.8	0.229487
21654066.85	5171964.79	0.216177
21654138.99	5171944.78	0.152587
21654211.14	5171924.78	0.125096
21654283.29	5171904.77	0.239352
21654355.43	5171884.76	0.223723
21654427.58	5171864.75	0.194804
21654499.73	5171844.74	0.167473
21654571.87	5171824.74	0.270804
21654644.02	5171804.73	0.204249
21654716.17	5171784.72	0.0937105
21654788.31	5171764.71	0.0828155
21654860.46	5171744.7	0.108673
21654932.61	5171724.7	0.114279
21655004.75	5171704.69	0.120652
21655076.9	5171684.68	0.16061
21655149.05	5171664.67	0.162077
21655221.19	5171644.66	0.172889
21655293.34	5171624.65	0.184244
21655365.49	5171604.65	0.152267
21655437.63	5171584.64	0.149194
21655509.78	5171564.63	0.14611
21655581.93	5171544.62	0.135484
21655654.07	5171524.61	0.108773
21655726.22	5171504.61	0.105917
21655798.37	5171484.6	0.0778317
21655870.51	5171464.59	0.0728619
21655942.66	5171444.58	0.0851423
21656014.81	5171424.57	0.133697
21656086.95	5171404.57	0.0915386
21656159.1	5171384.56	0.0998374
21656231.25	5171364.55	0.135242
21656303.39	5171344.54	0.143138
21656375.54	5171324.53	0.109066
21656447.69	5171304.53	0.0778218
21656519.83	5171284.52	0.0911796
21656591.98	5171264.51	0.160951
21656664.13	5171244.5	0.212468
21656736.27	5171224.49	0.100915
21656808.42	5171204.49	0.136298
21656880.57	5171184.48	0.075947
21656952.71	5171164.47	0.0597296
21657024.86	5171144.46	0.077316
21657097.01	5171124.45	0.182102
21657169.15	5171104.45	0.134725
21657241.3	5171084.44	0.0900033
21657313.45	5171064.43	0.0742565
21657385.59	5171044.42	0.0569019
21657457.74	5171024.41	0.106976
21657529.89	5171004.41	0.175532
21657602.03	5170984.4	0.227903
21657674.18	5170964.39	0.276566
21657746.33	5170944.38	0.283063
21657818.47	5170924.37	0.284631
21657890.62	5170904.36	0.288213
21657962.77	5170884.36	0.281983
21658034.91	5170864.35	0.266251
21658107.06	5170844.34	0.246378
21658179.21	5170824.33	0.237407
21658251.36	5170804.32	0.222362
21658323.5	5170784.32	0.19846
21658395.65	5170764.31	0.184199
21658467.8	5170744.3	0.148972
21658539.94	5170724.29	0.150852
21658612.09	5170704.28	0.171467
21658684.24	5170684.28	0.175504
21658756.38	5170664.27	0.174748
21658828.53	5170644.26	0.145457
21658900.68	5170624.25	0.0733288
21658972.82	5170604.24	0.0499972
21659044.97	5170584.24	0.0606571
