21653307.22	5170346.33	0.250191
21653379.37	5170326.32	0.254992
21653451.52	5170306.31	0.254071
21653523.66	5170286.3	0.271894
21653595.81	5170266.29	0.276183
21653667.96	5170246.29	0.246656
21653740.1	5170226.28	0.272043
21653812.25	5170206.27	0.243742
21653884.4	5170186.26	0.211487
21653956.54	5170166.25	0.207839
21654028.69	5170146.25	0.131346
21654100.84	5170126.24	0.04832
21654172.98	5170106.23	0.0478918
21654245.13	5170086.22	0
21654317.28	5170066.21	0
21654389.42	5170046.21	0.0903414
21654461.57	5170026.2	0
21654533.72	5170006.19	0
21654605.86	5169986.18	0
21654678.01	5169966.17	0.0499235
21654750.16	5169946.17	0.049924
21654822.31	5169926.16	0
21654894.45	5169906.15	0.0848729
21654966.6	5169886.14	0
21655038.75	5169866.13	0.105273
21655110.89	5169846.13	0.104476
21655183.04	5169826.12	0
21655255.19	5169806.11	0.218507
21655327.33	5169786.1	0.216394
21655399.48	5169766.09	0.226563
21653254.7	5170437.11	0.270122
21653326.85	5170417.1	0.228958
21653399	5170397.09	0.247663
21653471.14	5170377.08	0.261201
21653543.29	5170357.07	0.254533
21653615.44	5170337.07	0.271752
21653687.58	5170317.06	0.251154
21653759.73	5170297.05	0.256303
21653831.88	5170277.04	0.239059
21653904.02	5170257.03	0.211798
21653976.17	5170237.03	0.191846
21654048.32	5170217.02	0.104519
21654120.46	5170197.01	0.0419945
21654192.61	5170177	0.0438027
21654264.76	5170156.99	0.110443
21654336.9	5170136.98	0
21654409.05	5170116.98	0.0861918
21654481.2	5170096.97	0.0772365
21654553.34	5170076.96	0
21654625.49	5170056.95	0.0499235
21654697.64	5170036.94	0.049924
21654769.78	5170016.94	0.111207
21654841.93	5169996.93	0.0906043
21654914.08	5169976.92	0
21654986.23	5169956.91	0
21655058.37	5169936.9	0.0998578
21655130.52	5169916.9	0.0739716
21655202.66	5169896.89	0
21655274.81	5169876.88	0.251771
21655346.96	5169856.87	0.256696
21655419.11	5169836.86	0.16982
21655491.25	5169816.86	0.182891
21655563.4	5169796.85	0.226205
21655635.55	5169776.84	0.27528
21655707.69	5169756.83	0.245896
21655779.84	5169736.82	0.298451
21655851.99	5169716.82	0
21655924.13	5169696.81	0
21655996.28	5169676.8	0.2511
21656068.43	5169656.79	0.116042
21656140.57	5169636.78	0.199429
21656212.72	5169616.78	0.188401
21656284.87	5169596.77	0.11388
21656357.01	5169576.76	0.24082
21656429.16	5169556.75	0.23267
21656501.31	5169536.74	0.136923
21656573.45	5169516.74	0.052677
21656645.6	5169496.73	0.0914349
21656717.75	5169476.72	0.0616599
21656789.89	5169456.71	0.0914401
21656862.04	5169436.7	0.127708
21656934.19	5169416.69	0.0910578
21657006.33	5169396.69	0.120899
21657078.48	5169376.68	0.254987
21657150.63	5169356.67	0.251856
21657222.77	5169336.66	0.230755
21657294.92	5169316.65	0.267145
21657367.07	5169296.65	0.250918
21657439.21	5169276.64	0.248935
21657511.36	5169256.63	0.271055
21657583.51	5169236.62	0.28218
21657655.65	5169216.61	0.25542
21657727.8	5169196.61	0.254367
21657799.95	5169176.6	0.263765
21657872.09	5169156.59	0.264382
21657944.24	5169136.58	0.274034
21658016.39	5169116.57	0.289848
21658088.53	5169096.57	0.287243
21658160.68	5169076.56	0.289463
21658232.83	5169056.55	0.295516
21658304.97	5169036.54	0.248538
21658377.12	5169016.53	0.0676339
21658449.27	5168996.53	0.276462
21658521.41	5168976.52	0.30228
21658593.56	5168956.51	0.276104
21658665.71	5168936.5	0.156791
21658737.85	5168916.49	0.289847
21658810	5168896.49	0.280284
21658882.15	5168876.48	0.280598
21658954.29	5168856.47	0.272607
21659026.44	5168836.46	0.282498
21659098.59	5168816.45	0.291975
21653274.33	5170507.88	0.296355
21653346.48	5170487.87	0.265284
21653418.62	5170467.86	0.262886
21653490.77	5170447.85	0.277878
21653562.92	5170427.84	0.272635
21653635.06	5170407.84	0.277674
21653707.21	5170387.83	0.284514
21653779.36	5170367.82	0.277459
21653851.5	5170347.81	0.278888
21653923.65	5170327.8	0.28057
21653995.8	5170307.8	0.245953
21654067.94	5170287.79	0.126653
21654140.09	5170267.78	0.105311
21654212.24	5170247.77	0.120573
21654284.38	5170227.76	0.280918
21654356.53	5170207.76	0
21654428.68	5170187.75	0.217597
21654500.82	5170167.74	0.178261
21654572.97	5170147.73	0
21654645.12	5170127.72	0
21654717.26	5170107.72	0
21654789.41	5170087.71	0
21654861.56	5170067.7	0.125869
21654933.7	5170047.69	0.20157
21655005.85	5170027.68	0.137318
21655078	5170007.68	0.104665
21655150.14	5169987.67	0
21655222.29	5169967.66	0
21655294.44	5169947.65	0.240867
21655366.58	5169927.64	0
21655438.73	5169907.63	0.252985
21655510.88	5169887.63	0.257994
21655583.03	5169867.62	0.264934
21655655.17	5169847.61	0.250072
21655727.32	5169827.6	0.255523
21655799.47	5169807.59	0
21655871.61	5169787.59	0
21655943.76	5169767.58	0
21656015.91	5169747.57	0.144777
21656088.05	5169727.56	0.164633
21656160.2	5169707.55	0.223659
21656232.35	5169687.55	0.18959
21656304.49	5169667.54	0.108151
21656376.64	5169647.53	0
21656448.79	5169627.52	0.271798
21656520.93	5169607.51	0.218307
21656593.08	5169587.51	0.158497
21656665.23	5169567.5	0.0907706
21656737.37	5169547.49	0.0441274
21656809.52	5169527.48	0.0716342
21656881.67	5169507.47	0.106892
21656953.81	5169487.47	0.0925773
21657025.96	5169467.46	0.0984982
21657098.11	5169447.45	0.204626
21657170.25	5169427.44	0.229154
21657242.4	5169407.43	0.247115
21657314.55	5169387.43	0.250292
21657386.69	5169367.42	0.256403
21657458.84	5169347.41	0.288591
21657530.99	5169327.4	0.260545
21657603.13	5169307.39	0.250113
21657675.28	5169287.39	0.250971
21657747.43	5169267.38	0.272419
21657819.57	5169247.37	0.273837
21657891.72	5169227.36	0.227981
21657963.87	5169207.35	0.260133
21658036.01	5169187.34	0.290173
21658108.16	5169167.34	0.282419
21658180.31	5169147.33	0.271003
21658252.45	5169127.32	0.279078
21658324.6	5169107.31	0.18941
21658396.75	5169087.3	0.149841
21658468.89	5169067.3	0.293263
21658541.04	5169047.29	0.297135
21658613.19	5169027.28	0.278179
21658685.33	5169007.27	0.267941
21658757.48	5168987.26	0.282294
21658829.63	5168967.26	0.261675
21658901.77	5168947.25	0.262627
21658973.92	5168927.24	0.284508
21659046.07	5168907.23	0.296377
21653293.96	5170578.65	0.28089
21653366.1	5170558.64	0.283785
21653438.25	5170538.63	0.279542
21653510.4	5170518.62	0.262135
21653582.54	5170498.61	0.266857
21653654.69	5170478.61	0.260793
21653726.84	5170458.6	0.255239
21653798.98	5170438.59	0.274992
21653871.13	5170418.58	0.279697
21653943.28	5170398.57	0.288433
21654015.42	5170378.57	0.299292
21654087.57	5170358.56	0.239452
21654159.72	5170338.55	0.22339
21654231.86	5170318.54	0.204723
21654304.01	5170298.53	0.234829
21654376.16	5170278.53	0.260161
21654448.3	5170258.52	0.244751
21654520.45	5170238.51	0.197724
21654592.6	5170218.5	0.148732
21654664.74	5170198.49	0
21654736.89	5170178.49	0.0588151
21654809.04	5170158.48	0.209828
21654881.18	5170138.47	0.239081
21654953.33	5170118.46	0.267173
21655025.48	5170098.45	0.154509
21655097.62	5170078.45	0.108126
21655169.77	5170058.44	0.0990087
21655241.92	5170038.43	0.0737639
21655314.06	5170018.42	0.127624
21655386.21	5169998.41	0.11426
21655458.36	5169978.41	0.139884
21655530.5	5169958.4	0.22902
21655602.65	5169938.39	0.255155
21655674.8	5169918.38	0.227425
21655746.95	5169898.37	0.193192
21655819.09	5169878.37	0.205522
21655891.24	5169858.36	0
21655963.38	5169838.35	0.155625
21656035.53	5169818.34	0.150896
21656107.68	5169798.33	0.246029
21656179.83	5169778.32	0.238642
21656251.97	5169758.32	0.195421
21656324.12	5169738.31	0.0696565
21656396.27	5169718.3	0.167627
21656468.41	5169698.29	0.283887
21656540.56	5169678.28	0.29165
21656612.71	5169658.28	0.206477
21656684.85	5169638.27	0.146463
21656757	5169618.26	0.0760912
21656829.15	5169598.25	0.108266
21656901.29	5169578.24	0.146633
21656973.44	5169558.24	0.0976716
21657045.59	5169538.23	0.067815
21657117.73	5169518.22	0.140709
21657189.88	5169498.21	0.247928
21657262.03	5169478.2	0.256235
21657334.17	5169458.2	0.263479
21657406.32	5169438.19	0.210444
21657478.47	5169418.18	0.164771
21657550.61	5169398.17	0.145208
21657622.76	5169378.16	0.17217
21657694.91	5169358.16	0.229548
21657767.05	5169338.15	0.246768
21657839.2	5169318.14	0.269174
21657911.35	5169298.13	0.252892
21657983.49	5169278.12	0.272402
21658055.64	5169258.12	0.268918
21658127.79	5169238.11	0.276004
21658199.93	5169218.1	0.279663
21658272.08	5169198.09	0.273824
21658344.23	5169178.08	0.262529
21658416.37	5169158.08	0.288687
21658488.52	5169138.07	0.272264
21658560.67	5169118.06	0.281125
21658632.81	5169098.05	0.288386
21658704.96	5169078.04	0.288439
21658777.11	5169058.03	0.291483
21658849.25	5169038.03	0.265974
21658921.4	5169018.02	0.264338
21658993.55	5168998.01	0.258145
21659065.69	5168978	0.273139
21653313.58	5170649.42	0.308113
21653385.73	5170629.41	0.302154
21653457.88	5170609.4	0.277029
21653530.02	5170589.39	0.271146
21653602.17	5170569.39	0.272078
21653674.32	5170549.38	0.254666
21653746.46	5170529.37	0.255496
21653818.61	5170509.36	0.27116
21653890.76	5170489.35	0.233217
21653962.9	5170469.35	0.278809
21654035.05	5170449.34	0.280601
21654107.2	5170429.33	0.281933
21654179.34	5170409.32	0.276696
21654251.49	5170389.31	0.24382
21654323.64	5170369.3	0.256004
21654395.78	5170349.3	0.261447
21654467.93	5170329.29	0.197855
21654540.08	5170309.28	0.193156
21654612.22	5170289.27	0.131576
21654684.37	5170269.26	0.154227
21654756.52	5170249.26	0.13198
21654828.66	5170229.25	0.227276
21654900.81	5170209.24	0.279801
21654972.96	5170189.23	0.26559
21655045.1	5170169.22	0.190709
21655117.25	5170149.22	0.0936166
21655189.4	5170129.21	0.110723
21655261.54	5170109.2	0.13237
21655333.69	5170089.19	0.136363
21655405.84	5170069.18	0.224856
21655477.98	5170049.18	0.259528
21655550.13	5170029.17	0.286653
21655622.28	5170009.16	0.247057
21655694.42	5169989.15	0.242615
21655766.57	5169969.14	0.19318
21655838.72	5169949.14	0.137115
21655910.86	5169929.13	0.128869
21655983.01	5169909.12	0.145597
21656055.16	5169889.11	0.199491
21656127.3	5169869.1	0.254842
21656199.45	5169849.1	0.216365
21656271.6	5169829.09	0.134845
21656343.75	5169809.08	0.154994
21656415.89	5169789.07	0.245589
21656488.04	5169769.06	0.280619
21656560.19	5169749.06	0.283116
21656632.33	5169729.05	0.167168
21656704.48	5169709.04	0.14688
21656776.63	5169689.03	0
21656848.77	5169669.02	0.163635
21656920.92	5169649.02	0.134694
21656993.07	5169629.01	0.13443
21657065.21	5169609	0.143573
21657137.36	5169588.99	0.0799685
21657209.51	5169568.98	0.209202
21657281.65	5169548.97	0.212621
21657353.8	5169528.97	0.199059
21657425.95	5169508.96	0.108147
21657498.09	5169488.95	0.110509
21657570.24	5169468.94	0.0997026
21657642.39	5169448.93	0.121079
21657714.53	5169428.93	0.172009
21657786.68	5169408.92	0.212674
21657858.83	5169388.91	0.262664
21657930.97	5169368.9	0.268915
21658003.12	5169348.89	0.27004
21658075.27	5169328.89	0.264792
21658147.41	5169308.88	0.265195
21658219.56	5169288.87	0.264532
21658291.71	5169268.86	0.249694
21658363.85	5169248.85	0.248608
21658436	5169228.85	0.269466
21658508.15	5169208.84	0.277174
21658580.29	5169188.83	0.252149
21658652.44	5169168.82	0.261634
21658724.59	5169148.81	0.269727
21658796.73	5169128.81	0.274649
21658868.88	5169108.8	0.268516
21658941.03	5169088.79	0.269181
21659013.17	5169068.78	0.268751
21659085.32	5169048.77	0.272469
21653261.06	5170740.2	0.266087
21653333.21	5170720.19	0.278641
21653405.36	5170700.18	0.284397
21653477.5	5170680.17	0.278632
21653549.65	5170660.16	0.284443
21653621.8	5170640.16	0.28057
21653693.94	5170620.15	0.258633
21653766.09	5170600.14	0.243793
21653838.24	5170580.13	0.219586
21653910.38	5170560.12	0.142237
21653982.53	5170540.12	0.203898
21654054.68	5170520.11	0.250786
21654126.82	5170500.1	0.280988
21654198.97	5170480.09	0.279374
21654271.12	5170460.08	0.220824
21654343.26	5170440.08	0.176862
21654415.41	5170420.07	0.146285
21654487.56	5170400.06	0.144474
21654559.7	5170380.05	0.110921
21654631.85	5170360.04	0.120829
21654704	5170340.04	0.115652
21654776.14	5170320.03	0.135218
21654848.29	5170300.02	0.250876
21654920.44	5170280.01	0.269178
21654992.58	5170260	0.242373
21655064.73	5170240	0.181071
21655136.88	5170219.99	0.120357
21655209.02	5170199.98	0.140687
21655281.17	5170179.97	0.166875
21655353.32	5170159.96	0.187317
21655425.46	5170139.95	0.270643
21655497.61	5170119.95	0.289945
21655569.76	5170099.94	0.284261
21655641.9	5170079.93	0.243935
21655714.05	5170059.92	0.208283
21655786.2	5170039.91	0.180483
21655858.34	5170019.91	0.184797
21655930.49	5169999.9	0.177182
21656002.64	5169979.89	0.150874
21656074.78	5169959.88	0.225847
21656146.93	5169939.87	0.268773
21656219.08	5169919.87	0.194752
21656291.22	5169899.86	0.146798
21656363.37	5169879.85	0.177112
21656435.52	5169859.84	0.252544
21656507.66	5169839.83	0.254832
21656579.81	5169819.83	0.221952
21656651.96	5169799.82	0.185568
21656724.1	5169779.81	0.157879
21656796.25	5169759.8	0.162623
21656868.4	5169739.79	0.131084
21656940.55	5169719.79	0.117126
21657012.69	5169699.78	0.130758
21657084.84	5169679.77	0.166334
21657156.99	5169659.76	0.143142
21657229.13	5169639.75	0.169532
21657301.28	5169619.75	0.174264
21657373.43	5169599.74	0.166612
21657445.57	5169579.73	0.114989
21657517.72	5169559.72	0.137609
21657589.87	5169539.71	0.119622
21657662.01	5169519.71	0.0835094
21657734.16	5169499.7	0.134685
21657806.31	5169479.69	0.207725
21657878.45	5169459.68	0.265765
21657950.6	5169439.67	0.2566
21658022.75	5169419.66	0.257876
21658094.89	5169399.66	0.240556
21658167.04	5169379.65	0.255903
21658239.19	5169359.64	0.261022
21658311.33	5169339.63	0.256898
21658383.48	5169319.62	0.227453
21658455.63	5169299.62	0.247862
21658527.77	5169279.61	0.216487
21658599.92	5169259.6	0.174167
21658672.07	5169239.59	0.284744
21658744.21	5169219.58	0.234936
21658816.36	5169199.58	0.265029
21658888.51	5169179.57	0.272221
21658960.65	5169159.56	0.273091
21659032.8	5169139.55	0.270867
21659104.95	5169119.54	0.272173
21653280.69	5170810.97	0.276719
21653352.84	5170790.96	0.290154
21653424.98	5170770.95	0.278747
21653497.13	5170750.94	0.287333
21653569.28	5170730.93	0.277696
21653641.42	5170710.93	0.200339
21653713.57	5170690.92	0.0889234
21653785.72	5170670.91	0.0671187
21653857.86	5170650.9	0
21653930.01	5170630.89	0.0656334
21654002.16	5170610.89	0.231435
21654074.3	5170590.88	0.244133
21654146.45	5170570.87	0.257431
21654218.6	5170550.86	0.268969
21654290.74	5170530.85	0.229815
21654362.89	5170510.85	0.124425
21654435.04	5170490.84	0.0907699
21654507.18	5170470.83	0.105344
21654579.33	5170450.82	0.149605
21654651.48	5170430.81	0
21654723.62	5170410.81	0.0781167
21654795.77	5170390.8	0.187678
21654867.92	5170370.79	0.264404
21654940.06	5170350.78	0.243198
21655012.21	5170330.77	0.196247
21655084.36	5170310.77	0.166506
21655156.5	5170290.76	0.0922062
21655228.65	5170270.75	0.121715
21655300.8	5170250.74	0.145823
21655372.94	5170230.73	0.141252
21655445.09	5170210.73	0.26662
21655517.24	5170190.72	0.299918
21655589.38	5170170.71	0.270421
21655661.53	5170150.7	0.195388
21655733.68	5170130.69	0.185332
21655805.82	5170110.69	0.167909
21655877.97	5170090.68	0.186866
21655950.12	5170070.67	0.158522
21656022.26	5170050.66	0.164728
21656094.41	5170030.65	0.17595
21656166.56	5170010.65	0.253521
21656238.7	5169990.64	0.173894
21656310.85	5169970.63	0.166494
21656383	5169950.62	0.213552
21656455.14	5169930.61	0.272452
21656527.29	5169910.6	0.244806
21656599.44	5169890.6	0.20473
21656671.58	5169870.59	0.148443
21656743.73	5169850.58	0.160292
21656815.88	5169830.57	0.224301
21656888.02	5169810.56	0.157524
21656960.17	5169790.56	0.110947
21657032.32	5169770.55	0.0973352
21657104.47	5169750.54	0.140158
21657176.61	5169730.53	0.129261
21657248.76	5169710.52	0.223343
21657320.91	5169690.52	0.196325
21657393.05	5169670.51	0.25277
21657465.2	5169650.5	0.165477
21657537.35	5169630.49	0.133881
21657609.49	5169610.48	0.139634
21657681.64	5169590.48	0
21657753.79	5169570.47	0.129841
21657825.93	5169550.46	0.211044
21657898.08	5169530.45	0.262372
21657970.23	5169510.44	0.257138
21658042.37	5169490.44	0.239475
21658114.52	5169470.43	0.105181
21658186.67	5169450.42	0.22423
21658258.81	5169430.41	0.251201
21658330.96	5169410.4	0.220819
21658403.11	5169390.4	0.211816
21658475.25	5169370.39	0.243726
21658547.4	5169350.38	0.177997
21658619.55	5169330.37	0.150846
21658691.69	5169310.36	0.237303
21658763.84	5169290.36	0.261507
21658835.99	5169270.35	0.268257
21658908.13	5169250.34	0.268717
21658980.28	5169230.33	0.280248
21659052.43	5169210.32	0.282557
21653300.32	5170881.74	0.276935
21653372.46	5170861.73	0.282027
21653444.61	5170841.72	0.288093
21653516.76	5170821.71	0.291827
21653588.9	5170801.71	0.276407
21653661.05	5170781.7	0.159796
21653733.2	5170761.69	0
21653805.34	5170741.68	0
21653877.49	5170721.67	0
21653949.64	5170701.67	0.0455431
21654021.78	5170681.66	0.263717
21654093.93	5170661.65	0.283454
21654166.08	5170641.64	0.235832
21654238.22	5170621.63	0.254403
21654310.37	5170601.63	0.260721
21654382.52	5170581.62	0.129821
21654454.66	5170561.61	0.116176
21654526.81	5170541.6	0.213184
21654598.96	5170521.59	0.187648
21654671.1	5170501.58	0
21654743.25	5170481.58	0.116547
21654815.4	5170461.57	0.232593
21654887.54	5170441.56	0.184801
21654959.69	5170421.55	0.170673
21655031.84	5170401.54	0.197031
21655103.98	5170381.54	0.138686
21655176.13	5170361.53	0.119225
21655248.28	5170341.52	0.105305
21655320.42	5170321.51	0.0961738
21655392.57	5170301.5	0.111356
21655464.72	5170281.5	0.227588
21655536.86	5170261.49	0.287297
21655609.01	5170241.48	0.147041
21655681.16	5170221.47	0.173315
21655753.3	5170201.46	0.194092
21655825.45	5170181.46	0.197945
21655897.6	5170161.45	0.217457
21655969.74	5170141.44	0.173765
21656041.89	5170121.43	0.222274
21656114.04	5170101.42	0.257824
21656186.18	5170081.42	0.2684
21656258.33	5170061.41	0.157266
21656330.48	5170041.4	0.11426
21656402.62	5170021.39	0.188503
21656474.77	5170001.38	0.255906
21656546.92	5169981.38	0.229323
21656619.06	5169961.37	0.134098
21656691.21	5169941.36	0.174809
21656763.36	5169921.35	0.208402
21656835.5	5169901.34	0.270431
21656907.65	5169881.34	0.218316
21656979.8	5169861.33	0.194477
21657051.94	5169841.32	0.186455
21657124.09	5169821.31	0.210181
21657196.24	5169801.3	0.221374
21657268.38	5169781.3	0.250655
21657340.53	5169761.29	0.153924
21657412.68	5169741.28	0.252792
21657484.83	5169721.27	0.253539
21657556.97	5169701.26	0.147591
21657629.12	5169681.25	0.118555
21657701.27	5169661.25	0.124542
21657773.41	5169641.24	0.0713251
21657845.56	5169621.23	0.128218
21657917.71	5169601.22	0.25871
21657989.85	5169581.21	0.247551
21658062	5169561.21	0.230839
21658134.15	5169541.2	0.108791
21658206.29	5169521.19	0.250249
21658278.44	5169501.18	0.228466
21658350.59	5169481.17	0.179116
21658422.73	5169461.17	0.224531
21658494.88	5169441.16	0.232587
21658567.03	5169421.15	0.146792
21658639.17	5169401.14	0.202948
21658711.32	5169381.13	0.268909
21658783.47	5169361.13	0.28858
21658855.61	5169341.12	0.272539
21658927.76	5169321.11	0.273405
21658999.91	5169301.1	0.278397
21659072.05	5169281.09	0.292514
21653247.8	5170972.52	0.271075
21653319.94	5170952.51	0.279474
21653392.09	5170932.5	0.293372
21653464.24	5170912.49	0.303621
21653536.38	5170892.48	0.296269
21653608.53	5170872.48	0.286314
21653680.68	5170852.47	0.262728
21653752.82	5170832.46	0.192967
21653824.97	5170812.45	0.235925
21653897.12	5170792.44	0.21294
21653969.26	5170772.44	0.229954
21654041.41	5170752.43	0.256427
21654113.56	5170732.42	0.266573
21654185.7	5170712.41	0.153631
21654257.85	5170692.4	0.186364
21654330	5170672.4	0.208125
21654402.14	5170652.39	0.240458
21654474.29	5170632.38	0.163488
21654546.44	5170612.37	0.166976
21654618.58	5170592.36	0.148314
21654690.73	5170572.36	0
21654762.88	5170552.35	0.0750486
21654835.02	5170532.34	0.182203
21654907.17	5170512.33	0.127429
21654979.32	5170492.32	0.0942404
21655051.46	5170472.32	0
21655123.61	5170452.31	0.0570635
21655195.76	5170432.3	0.0709664
21655267.9	5170412.29	0.0704756
21655340.05	5170392.28	0.0766184
21655412.2	5170372.28	0.0835553
21655484.34	5170352.27	0.162338
21655556.49	5170332.26	0.266643
21655628.64	5170312.25	0.190852
21655700.78	5170292.24	0.24175
21655772.93	5170272.23	0.227602
21655845.08	5170252.23	0.224347
21655917.22	5170232.22	0.188697
21655989.37	5170212.21	0.200493
21656061.52	5170192.2	0.27386
21656133.66	5170172.19	0.27828
21656205.81	5170152.19	0.230515
21656277.96	5170132.18	0.14714
21656350.1	5170112.17	0.142457
21656422.25	5170092.16	0.166714
21656494.4	5170072.15	0.255422
21656566.54	5170052.15	0.249217
21656638.69	5170032.14	0.180434
21656710.84	5170012.13	0.225879
21656782.98	5169992.12	0.236565
21656855.13	5169972.11	0.248203
21656927.28	5169952.11	0.24699
21656999.42	5169932.1	0.260508
21657071.57	5169912.09	0.258462
21657143.72	5169892.08	0.25784
21657215.86	5169872.07	0.267167
21657288.01	5169852.07	0.144162
21657360.16	5169832.06	0.0996324
21657432.3	5169812.05	0.181208
21657504.45	5169792.04	0.241908
21657576.6	5169772.03	0.157523
21657648.74	5169752.03	0.144308
21657720.89	5169732.02	0.173415
21657793.04	5169712.01	0.134343
21657865.18	5169692	0.0853953
21657937.33	5169671.99	0.236842
21658009.48	5169651.99	0.268
21658081.63	5169631.98	0.267622
21658153.77	5169611.97	0.254794
21658225.92	5169591.96	0.258665
21658298.07	5169571.95	0.201235
21658370.21	5169551.94	0.255475
21658442.36	5169531.94	0.248445
21658514.51	5169511.93	0.238578
21658586.65	5169491.92	0.182783
21658658.8	5169471.91	0.278308
21658730.95	5169451.9	0.228864
21658803.09	5169431.9	0.215154
21658875.24	5169411.89	0.233535
21658947.39	5169391.88	0.222709
21659019.53	5169371.87	0.229224
21659091.68	5169351.86	0.271832
21653267.42	5171043.29	0.258152
21653339.57	5171023.28	0.257638
21653411.72	5171003.27	0.274875
21653483.86	5170983.26	0.296188
21653556.01	5170963.26	0.302606
21653628.16	5170943.25	0.299164
21653700.3	5170923.24	0.294592
21653772.45	5170903.23	0.288454
21653844.6	5170883.22	0.286078
21653916.74	5170863.21	0.256562
21653988.89	5170843.21	0.271105
21654061.04	5170823.2	0.274231
21654133.18	5170803.19	0.278437
21654205.33	5170783.18	0.280182
21654277.48	5170763.17	0.24415
21654349.62	5170743.17	0.231744
21654421.77	5170723.16	0.19167
21654493.92	5170703.15	0.169539
21654566.06	5170683.14	0.158649
21654638.21	5170663.13	0.244934
21654710.36	5170643.13	0.154933
21654782.5	5170623.12	0.129091
21654854.65	5170603.11	0.204731
21654926.8	5170583.1	0.234713
21654998.94	5170563.09	0.181515
21655071.09	5170543.09	0.214377
21655143.24	5170523.08	0.0882212
21655215.38	5170503.07	0.0620911
21655287.53	5170483.06	0.138588
21655359.68	5170463.05	0.13499
21655431.82	5170443.05	0.162516
21655503.97	5170423.04	0.246077
21655576.12	5170403.03	0.267384
21655648.26	5170383.02	0.213599
21655720.41	5170363.01	0.214122
21655792.56	5170343.01	0.207983
21655864.7	5170323	0.15414
21655936.85	5170302.99	0.157664
21656009	5170282.98	0.244676
21656081.14	5170262.97	0.262705
21656153.29	5170242.97	0.254447
21656225.44	5170222.96	0.175077
21656297.58	5170202.95	0.104757
21656369.73	5170182.94	0.063598
21656441.88	5170162.93	0.0996364
21656514.02	5170142.93	0.209212
21656586.17	5170122.92	0.276242
21656658.32	5170102.91	0.256153
21656730.46	5170082.9	0.266209
21656802.61	5170062.89	0.245947
21656874.76	5170042.88	0.253073
21656946.9	5170022.88	0.252646
21657019.05	5170002.87	0.269206
21657091.2	5169982.86	0.269132
21657163.34	5169962.85	0.284255
21657235.49	5169942.84	0.281815
21657307.64	5169922.84	0.259652
21657379.78	5169902.83	0.157766
21657451.93	5169882.82	0.249047
21657524.08	5169862.81	0.231785
21657596.22	5169842.8	0.164203
21657668.37	5169822.8	0.118856
21657740.52	5169802.79	0.133979
21657812.66	5169782.78	0.123633
21657884.81	5169762.77	0.110659
21657956.96	5169742.76	0.199226
21658029.1	5169722.76	0.277477
21658101.25	5169702.75	0.281076
21658173.4	5169682.74	0.274695
21658245.54	5169662.73	0.271901
21658317.69	5169642.72	0.285945
21658389.84	5169622.72	0.25803
21658461.99	5169602.71	0.213396
21658534.13	5169582.7	0.188595
21658606.28	5169562.69	0.251181
21658678.43	5169542.68	0.25051
21658750.57	5169522.68	0.167405
21658822.72	5169502.67	0.100272
21658894.87	5169482.66	0
21658967.01	5169462.65	0.162035
21659039.16	5169442.64	0.2421
21659111.31	5169422.64	0.27189
21653287.05	5171114.06	0.273063
21653359.2	5171094.05	0.276119
21653431.34	5171074.04	0.251602
21653503.49	5171054.03	0.264862
21653575.64	5171034.03	0.283407
21653647.78	5171014.02	0.296904
21653719.93	5170994.01	0.293884
21653792.08	5170974	0.273639
21653864.22	5170953.99	0.256634
21653936.37	5170933.99	0.252815
21654008.52	5170913.98	0.27613
21654080.66	5170893.97	0.265062
21654152.81	5170873.96	0.255746
21654224.96	5170853.95	0.258672
21654297.1	5170833.95	0.252306
21654369.25	5170813.94	0.265782
21654441.4	5170793.93	0.123715
21654513.54	5170773.92	0.0986801
21654585.69	5170753.91	0.174537
21654657.84	5170733.91	0.23417
21654729.98	5170713.9	0.112933
21654802.13	5170693.89	0.134746
21654874.28	5170673.88	0.176486
21654946.42	5170653.87	0.233946
21655018.57	5170633.86	0.201459
21655090.72	5170613.86	0.197593
21655162.86	5170593.85	0.189528
21655235.01	5170573.84	0.0684726
21655307.16	5170553.83	0.125924
21655379.3	5170533.82	0.193651
21655451.45	5170513.82	0.206334
21655523.6	5170493.81	0.254504
21655595.74	5170473.8	0.280701
21655667.89	5170453.79	0.256923
21655740.04	5170433.78	0.258673
21655812.18	5170413.78	0.202926
21655884.33	5170393.77	0.154608
21655956.48	5170373.76	0.159897
21656028.62	5170353.75	0.204451
21656100.77	5170333.74	0.208283
21656172.92	5170313.74	0.267611
21656245.06	5170293.73	0.202901
21656317.21	5170273.72	0.161541
21656389.36	5170253.71	0.151322
21656461.5	5170233.7	0.128868
21656533.65	5170213.7	0.177788
21656605.8	5170193.69	0.255463
21656677.94	5170173.68	0.276925
21656750.09	5170153.67	0.264677
21656822.24	5170133.66	0.233586
21656894.38	5170113.66	0.253253
21656966.53	5170093.65	0.260685
21657038.68	5170073.64	0.264442
21657110.82	5170053.63	0.266609
21657182.97	5170033.62	0.269136
21657255.12	5170013.62	0.256229
21657327.26	5169993.61	0.243083
21657399.41	5169973.6	0.232023
21657471.56	5169953.59	0.233645
21657543.7	5169933.58	0.192307
21657615.85	5169913.57	0.143258
21657688	5169893.57	0.111726
21657760.14	5169873.56	0.126965
21657832.29	5169853.55	0.129071
21657904.44	5169833.54	0.131541
21657976.58	5169813.53	0.194266
21658048.73	5169793.53	0.26065
21658120.88	5169773.52	0.276512
21658193.02	5169753.51	0.281028
21658265.17	5169733.5	0.289221
21658337.32	5169713.49	0.276195
21658409.46	5169693.49	0.232496
21658481.61	5169673.48	0.222619
21658553.76	5169653.47	0.268554
21658625.91	5169633.46	0.27811
21658698.05	5169613.45	0.155491
21658770.2	5169593.45	0.0999804
21658842.35	5169573.44	0
21658914.49	5169553.43	0
21658986.64	5169533.42	0
21659058.79	5169513.41	0
21653306.68	5171184.83	0.258565
21653378.82	5171164.82	0.253716
21653450.97	5171144.81	0.239478
21653523.12	5171124.8	0.247535
21653595.26	5171104.8	0.272327
21653667.41	5171084.79	0.290352
21653739.56	5171064.78	0.289968
21653811.7	5171044.77	0.28755
21653883.85	5171024.76	0.26704
21653956	5171004.76	0.263228
21654028.14	5170984.75	0.262167
21654100.29	5170964.74	0.274962
21654172.44	5170944.73	0.221224
21654244.58	5170924.72	0.196034
21654316.73	5170904.72	0.158604
21654388.88	5170884.71	0
21654461.02	5170864.7	0.156748
21654533.17	5170844.69	0.104226
21654605.32	5170824.68	0
21654677.46	5170804.68	0
21654749.61	5170784.67	0.10095
21654821.76	5170764.66	0.105702
21654893.9	5170744.65	0.115679
21654966.05	5170724.64	0.185986
21655038.2	5170704.64	0.214526
21655110.34	5170684.63	0.119204
21655182.49	5170664.62	0.132665
21655254.64	5170644.61	0.125971
21655326.78	5170624.6	0.26944
21655398.93	5170604.6	0.260692
21655471.08	5170584.59	0.210134
21655543.22	5170564.58	0.184932
21655615.37	5170544.57	0.28534
21655687.52	5170524.56	0.26179
21655759.66	5170504.56	0.272121
21655831.81	5170484.55	0.23167
21655903.96	5170464.54	0.172674
21655976.1	5170444.53	0.126686
21656048.25	5170424.52	0.134582
21656120.4	5170404.51	0.153063
21656192.54	5170384.51	0.238254
21656264.69	5170364.5	0.261272
21656336.84	5170344.49	0.208552
21656408.98	5170324.48	0.143819
21656481.13	5170304.47	0.125041
21656553.28	5170284.47	0.13791
21656625.42	5170264.46	0.174558
21656697.57	5170244.45	0.197201
21656769.72	5170224.44	0.246532
21656841.86	5170204.43	0.262534
21656914.01	5170184.43	0.26989
21656986.16	5170164.42	0.240494
21657058.3	5170144.41	0.168271
21657130.45	5170124.4	0.190251
21657202.6	5170104.39	0.170206
21657274.74	5170084.39	0.22215
21657346.89	5170064.38	0.283516
21657419.04	5170044.37	0.262393
21657491.18	5170024.36	0.182363
21657563.33	5170004.35	0.153903
21657635.48	5169984.35	0.114511
21657707.62	5169964.34	0.109032
21657779.77	5169944.33	0.105673
21657851.92	5169924.32	0.114986
21657924.06	5169904.31	0.133275
21657996.21	5169884.31	0.162869
21658068.36	5169864.3	0.221024
21658140.5	5169844.29	0.21521
21658212.65	5169824.28	0.273504
21658284.8	5169804.27	0.280614
21658356.94	5169784.27	0.25383
21658429.09	5169764.26	0.210428
21658501.24	5169744.25	0.225187
21658573.38	5169724.24	0.253116
21658645.53	5169704.23	0.196649
21658717.68	5169684.22	0.127793
21658789.82	5169664.22	0.0845883
21658861.97	5169644.21	0.0587033
21658934.12	5169624.2	0
21659006.26	5169604.19	0.0422445
21659078.41	5169584.18	0.0394735
21653254.15	5171275.61	0.269561
21653326.3	5171255.6	0.263093
21653398.45	5171235.59	0.204087
21653470.6	5171215.58	0.20493
21653542.74	5171195.58	0.235596
21653614.89	5171175.57	0.265182
21653687.04	5171155.56	0.288423
21653759.18	5171135.55	0.295992
21653831.33	5171115.54	0.29408
21653903.48	5171095.54	0.290575
21653975.62	5171075.53	0.281358
21654047.77	5171055.52	0.260801
21654119.92	5171035.51	0.281884
21654192.06	5171015.5	0.268935
21654264.21	5170995.49	0.267567
21654336.36	5170975.49	0.246811
21654408.5	5170955.48	0.110834
21654480.65	5170935.47	0.134058
21654552.8	5170915.46	0.116537
21654624.94	5170895.45	0.0817378
21654697.09	5170875.45	0.109706
21654769.24	5170855.44	0.0748984
21654841.38	5170835.43	0.09809
21654913.53	5170815.42	0.12303
21654985.68	5170795.41	0.159846
21655057.82	5170775.41	0.204186
21655129.97	5170755.4	0.250078
21655202.12	5170735.39	0.218001
21655274.26	5170715.38	0.213042
21655346.41	5170695.37	0.201241
21655418.56	5170675.37	0.233684
21655490.7	5170655.36	0.204643
21655562.85	5170635.35	0.156296
21655635	5170615.34	0.236079
21655707.14	5170595.33	0.25814
21655779.29	5170575.33	0.269728
21655851.44	5170555.32	0.146762
21655923.58	5170535.31	0.0867945
21655995.73	5170515.3	0.186066
21656067.88	5170495.29	0.111722
21656140.02	5170475.29	0.0936798
21656212.17	5170455.28	0.194965
21656284.32	5170435.27	0.270009
21656356.46	5170415.26	0.24003
21656428.61	5170395.25	0.156258
21656500.76	5170375.25	0.171023
21656572.9	5170355.24	0.120319
21656645.05	5170335.23	0.14779
21656717.2	5170315.22	0.189326
21656789.34	5170295.21	0.232491
21656861.49	5170275.21	0.258465
21656933.64	5170255.2	0.26402
21657005.78	5170235.19	0.232293
21657077.93	5170215.18	0
21657150.08	5170195.17	0.147322
21657222.22	5170175.16	0.165282
21657294.37	5170155.16	0.258127
21657366.52	5170135.15	0.226804
21657438.66	5170115.14	0.15859
21657510.81	5170095.13	0.143092
21657582.96	5170075.12	0.108358
21657655.1	5170055.12	0.0844041
21657727.25	5170035.11	0.0918504
21657799.4	5170015.1	0.114555
21657871.54	5169995.09	0.100102
21657943.69	5169975.08	0.158355
21658015.84	5169955.08	0.122169
21658087.98	5169935.07	0.196056
21658160.13	5169915.06	0.212752
21658232.28	5169895.05	0.247975
21658304.42	5169875.04	0.2489
21658376.57	5169855.04	0.282997
21658448.72	5169835.03	0.234467
21658520.86	5169815.02	0.229674
21658593.01	5169795.01	0.20264
21658665.16	5169775	0.129192
21658737.3	5169755	0.107608
21658809.45	5169734.99	0.06469
21658881.6	5169714.98	0.0928245
21658953.74	5169694.97	0.0446971
21659025.89	5169674.96	0.0533163
21659098.04	5169654.96	0.0639721
21653273.78	5171346.38	0
21653345.93	5171326.37	0
21653418.07	5171306.36	0.271314
21653490.22	5171286.35	0.170098
21653562.37	5171266.35	0.204651
21653634.51	5171246.34	0.26435
21653706.66	5171226.33	0.29319
21653778.81	5171206.32	0.297288
21653850.96	5171186.31	0.292842
21653923.1	5171166.31	0.280123
21653995.25	5171146.3	0.276316
21654067.4	5171126.29	0.266339
21654139.54	5171106.28	0.286494
21654211.69	5171086.27	0.297098
21654283.84	5171066.27	0.276607
21654355.98	5171046.26	0.279536
21654428.13	5171026.25	0.247087
21654500.28	5171006.24	0.232416
21654572.42	5170986.23	0.194851
21654644.57	5170966.23	0.119091
21654716.72	5170946.22	0.115378
21654788.86	5170926.21	0.110316
21654861.01	5170906.2	0.147844
21654933.16	5170886.19	0.204046
21655005.3	5170866.18	0.20163
21655077.45	5170846.18	0.227031
21655149.6	5170826.17	0.277089
21655221.74	5170806.16	0.242083
21655293.89	5170786.15	0.266204
21655366.04	5170766.14	0.234293
21655438.18	5170746.14	0.218283
21655510.33	5170726.13	0.244167
21655582.48	5170706.12	0.171905
21655654.62	5170686.11	0.198049
21655726.77	5170666.1	0.274574
21655798.92	5170646.1	0.26923
21655871.06	5170626.09	0.178385
21655943.21	5170606.08	0.160024
21656015.36	5170586.07	0.220051
21656087.5	5170566.06	0.112074
21656159.65	5170546.06	0.135118
21656231.8	5170526.05	0.221533
21656303.94	5170506.04	0.269185
21656376.09	5170486.03	0.244127
21656448.24	5170466.02	0.175192
21656520.38	5170446.02	0.164114
21656592.53	5170426.01	0.165549
21656664.68	5170406	0.0992211
21656736.82	5170385.99	0.141074
21656808.97	5170365.98	0.228287
21656881.12	5170345.98	0.224606
21656953.26	5170325.97	0.266239
21657025.41	5170305.96	0.141034
21657097.56	5170285.95	0.138632
21657169.7	5170265.94	0.206514
21657241.85	5170245.94	0.202249
21657314	5170225.93	0.270872
21657386.14	5170205.92	0.247112
21657458.29	5170185.91	0.170179
21657530.44	5170165.9	0.151517
21657602.58	5170145.9	0.111701
21657674.73	5170125.89	0
21657746.88	5170105.88	0.134532
21657819.02	5170085.87	0.0947458
21657891.17	5170065.86	0.104969
21657963.32	5170045.85	0.111934
21658035.46	5170025.85	0.113015
21658107.61	5170005.84	0.112069
21658179.76	5169985.83	0.181434
21658251.9	5169965.82	0.254799
21658324.05	5169945.81	0.267323
21658396.2	5169925.81	0.264977
21658468.34	5169905.8	0.254398
21658540.49	5169885.79	0.235297
21658612.64	5169865.78	0.198584
21658684.78	5169845.77	0.141722
21658756.93	5169825.77	0.144894
21658829.08	5169805.76	0.148511
21658901.22	5169785.75	0.139335
21658973.37	5169765.74	0.0796398
21659045.52	5169745.73	0.0672124
21653293.41	5171417.15	0
21653365.55	5171397.14	0
21653437.7	5171377.13	0.17292
21653509.85	5171357.12	0.129733
21653581.99	5171337.12	0.15214
21653654.14	5171317.11	0.253592
21653726.29	5171297.1	0.286099
21653798.43	5171277.09	0.284974
21653870.58	5171257.08	0.272526
21653942.73	5171237.08	0.277961
21654014.87	5171217.07	0.25724
21654087.02	5171197.06	0.277317
21654159.17	5171177.05	0.239634
21654231.32	5171157.04	0.176762
21654303.46	5171137.04	0.267526
21654375.61	5171117.03	0.274412
21654447.76	5171097.02	0.272332
21654519.9	5171077.01	0.278805
21654592.05	5171057	0.219694
21654664.2	5171037	0.179824
21654736.34	5171016.99	0.154432
21654808.49	5170996.98	0
21654880.64	5170976.97	0.170853
21654952.78	5170956.96	0.212805
21655024.93	5170936.96	0.210228
21655097.08	5170916.95	0.214748
21655169.22	5170896.94	0.277614
21655241.37	5170876.93	0.259614
21655313.52	5170856.92	0.20685
21655385.66	5170836.92	0.19497
21655457.81	5170816.91	0.146387
21655529.96	5170796.9	0.150198
21655602.1	5170776.89	0.1064
21655674.25	5170756.88	0.092434
21655746.4	5170736.88	0.219283
21655818.54	5170716.87	0.236906
21655890.69	5170696.86	0.198541
21655962.84	5170676.85	0.273023
21656034.98	5170656.84	0.213762
21656107.13	5170636.83	0.171279
21656179.28	5170616.83	0.219947
21656251.42	5170596.82	0.256997
21656323.57	5170576.81	0.275674
21656395.72	5170556.8	0.246779
21656467.86	5170536.79	0.203109
21656540.01	5170516.79	0.127438
21656612.16	5170496.78	0.11858
21656684.3	5170476.77	0.132997
21656756.45	5170456.76	0.185486
21656828.6	5170436.75	0.247987
21656900.74	5170416.75	0.249287
21656972.89	5170396.74	0.209842
21657045.04	5170376.73	0.174749
21657117.18	5170356.72	0.182766
21657189.33	5170336.71	0.195529
21657261.48	5170316.71	0.208863
21657333.62	5170296.7	0.253802
21657405.77	5170276.69	0.260068
21657477.92	5170256.68	0.234815
21657550.06	5170236.67	0.185638
21657622.21	5170216.67	0.240674
21657694.36	5170196.66	0.181747
21657766.5	5170176.65	0.103594
21657838.65	5170156.64	0.143358
21657910.8	5170136.63	0.117821
21657982.94	5170116.63	0.133764
21658055.09	5170096.62	0.171026
21658127.24	5170076.61	0.14704
21658199.38	5170056.6	0.136471
21658271.53	5170036.59	0.215368
21658343.68	5170016.59	0.283288
21658415.82	5169996.58	0.293338
21658487.97	5169976.57	0.26962
21658560.12	5169956.56	0.239004
21658632.26	5169936.55	0.229506
21658704.41	5169916.55	0.222313
21658776.56	5169896.54	0.242933
21658848.7	5169876.53	0.168153
21658920.85	5169856.52	0.164107
21658993	5169836.51	0.140728
21659065.14	5169816.5	0.123486
21653313.03	5171487.92	0
21653385.18	5171467.91	0.185615
21653457.33	5171447.9	0.17827
21653529.47	5171427.9	0
21653601.62	5171407.89	0.130976
21653673.77	5171387.88	0.2264
21653745.91	5171367.87	0.277554
21653818.06	5171347.86	0.284115
21653890.21	5171327.86	0.259419
21653962.35	5171307.85	0.248305
21654034.5	5171287.84	0.237189
21654106.65	5171267.83	0.283228
21654178.79	5171247.82	0.247488
21654250.94	5171227.82	0.256804
21654323.09	5171207.81	0.279391
21654395.23	5171187.8	0.273735
21654467.38	5171167.79	0.271914
21654539.53	5171147.78	0.286892
21654611.67	5171127.77	0.236229
21654683.82	5171107.77	0.257643
21654755.97	5171087.76	0.200375
21654828.12	5171067.75	0
21654900.26	5171047.74	0
21654972.41	5171027.73	0
21655044.56	5171007.73	0.163988
21655116.7	5170987.72	0.143524
21655188.85	5170967.71	0.259739
21655261	5170947.7	0.239564
21655333.14	5170927.69	0.134029
21655405.29	5170907.69	0.152558
21655477.44	5170887.68	0.157711
21655549.58	5170867.67	0.116194
21655621.73	5170847.66	0.122376
21655693.88	5170827.65	0.22813
21655766.02	5170807.65	0.228225
21655838.17	5170787.64	0.200793
21655910.32	5170767.63	0.209172
21655982.46	5170747.62	0.279002
21656054.61	5170727.61	0.209589
21656126.76	5170707.61	0.176662
21656198.9	5170687.6	0.263034
21656271.05	5170667.59	0.256679
21656343.2	5170647.58	0.267449
21656415.34	5170627.57	0.187882
21656487.49	5170607.57	0.121206
21656559.64	5170587.56	0
21656631.78	5170567.55	0
21656703.93	5170547.54	0.17121
21656776.08	5170527.53	0.234023
21656848.22	5170507.53	0.250581
21656920.37	5170487.52	0.258568
21656992.52	5170467.51	0.272483
21657064.66	5170447.5	0.233994
21657136.81	5170427.49	0.194772
21657208.96	5170407.48	0.190015
21657281.1	5170387.48	0.168634
21657353.25	5170367.47	0.148902
21657425.4	5170347.46	0.251474
21657497.54	5170327.45	0.195949
21657569.69	5170307.44	0.166099
21657641.84	5170287.44	0.160824
21657713.98	5170267.43	0.151791
21657786.13	5170247.42	0.139158
21657858.28	5170227.41	0.167389
21657930.42	5170207.4	0.214019
21658002.57	5170187.4	0.225607
21658074.72	5170167.39	0.20094
21658146.86	5170147.38	0.15663
21658219.01	5170127.37	0.163884
21658291.16	5170107.36	0.199605
21658363.3	5170087.36	0.281989
21658435.45	5170067.35	0.285819
21658507.6	5170047.34	0.27082
21658579.74	5170027.33	0.264298
21658651.89	5170007.32	0.213112
21658724.04	5169987.32	0.185022
21658796.18	5169967.31	0.165891
21658868.33	5169947.3	0.168939
21658940.48	5169927.29	0.120163
21659012.62	5169907.28	0.129937
21659084.77	5169887.28	0.130269
21653260.51	5171578.7	0.269791
21653332.66	5171558.69	0.234105
21653404.81	5171538.68	0.249433
21653476.95	5171518.67	0.228191
21653549.1	5171498.67	0.164216
21653621.25	5171478.66	0.146068
21653693.39	5171458.65	0.243633
21653765.54	5171438.64	0.309515
21653837.69	5171418.63	0.315507
21653909.83	5171398.63	0.299538
21653981.98	5171378.62	0.261919
21654054.13	5171358.61	0.256144
21654126.27	5171338.6	0.293352
21654198.42	5171318.59	0.276585
21654270.57	5171298.59	0.274995
21654342.71	5171278.58	0.265629
21654414.86	5171258.57	0.289088
21654487.01	5171238.56	0.28138
21654559.15	5171218.55	0.278748
21654631.3	5171198.55	0.262061
21654703.45	5171178.54	0.169456
21654775.59	5171158.53	0.0656188
21654847.74	5171138.52	0.126384
21654919.89	5171118.51	0.0605102
21654992.04	5171098.51	0.13071
21655064.18	5171078.5	0.151212
21655136.33	5171058.49	0.21488
21655208.48	5171038.48	0.110853
21655280.62	5171018.47	0.10652
21655352.77	5170998.47	0.133853
21655424.92	5170978.46	0.143449
21655497.06	5170958.45	0.142738
21655569.21	5170938.44	0.127058
21655641.36	5170918.43	0.216759
21655713.5	5170898.42	0.25304
21655785.65	5170878.42	0.22278
21655857.8	5170858.41	0.205923
21655929.94	5170838.4	0.181919
21656002.09	5170818.39	0.252974
21656074.24	5170798.38	0.252367
21656146.38	5170778.38	0.199809
21656218.53	5170758.37	0.210837
21656290.68	5170738.36	0.277657
21656362.82	5170718.35	0.275376
21656434.97	5170698.34	0.260613
21656507.12	5170678.34	0.188334
21656579.26	5170658.33	0.16425
21656651.41	5170638.32	0.199538
21656723.56	5170618.31	0.202239
21656795.7	5170598.3	0.200496
21656867.85	5170578.3	0.230027
21656940	5170558.29	0.254056
21657012.14	5170538.28	0.291432
21657084.29	5170518.27	0.288213
21657156.44	5170498.26	0.269425
21657228.58	5170478.26	0.204672
21657300.73	5170458.25	0.186555
21657372.88	5170438.24	0.196775
21657445.02	5170418.23	0.25173
21657517.17	5170398.22	0.238735
21657589.32	5170378.22	0.193305
21657661.46	5170358.21	0.153299
21657733.61	5170338.2	0.144507
21657805.76	5170318.19	0.130648
21657877.9	5170298.18	0.158607
21657950.05	5170278.18	0.251419
21658022.2	5170258.17	0.187803
21658094.34	5170238.16	0.21197
21658166.49	5170218.15	0.248221
21658238.64	5170198.14	0.200568
21658310.78	5170178.13	0.203658
21658382.93	5170158.13	0.264701
21658455.08	5170138.12	0.276419
21658527.22	5170118.11	0.254158
21658599.37	5170098.1	0.239361
21658671.52	5170078.09	0.159927
21658743.66	5170058.09	0.152037
21658815.81	5170038.08	0.19594
21658887.96	5170018.07	0.131404
21658960.1	5169998.06	0.0802673
21659032.25	5169978.05	0.080834
21659104.4	5169958.05	0.0837481
21653280.14	5171649.47	0.267373
21653352.29	5171629.46	0.241148
21653424.43	5171609.45	0.252757
21653496.58	5171589.45	0.233924
21653568.73	5171569.44	0.218738
21653640.87	5171549.43	0.252749
21653713.02	5171529.42	0.266766
21653785.17	5171509.41	0.29554
21653857.31	5171489.4	0.30369
21653929.46	5171469.4	0.299637
21654001.61	5171449.39	0.292743
21654073.75	5171429.38	0.271826
21654145.9	5171409.37	0.259722
21654218.05	5171389.36	0.230107
21654290.19	5171369.36	0.269949
21654362.34	5171349.35	0.283983
21654434.49	5171329.34	0.273728
21654506.63	5171309.33	0.284066
21654578.78	5171289.32	0.268952
21654650.93	5171269.32	0.251253
21654723.07	5171249.31	0.21876
21654795.22	5171229.3	0.203483
21654867.37	5171209.29	0.205952
21654939.51	5171189.28	0.201528
21655011.66	5171169.28	0.211393
21655083.81	5171149.27	0.127054
21655155.95	5171129.26	0.15063
21655228.1	5171109.25	0.164249
21655300.25	5171089.24	0.1502
21655372.39	5171069.24	0.205773
21655444.54	5171049.23	0.116029
21655516.69	5171029.22	0.135588
21655588.84	5171009.21	0.180349
21655660.98	5170989.2	0.245091
21655733.13	5170969.2	0.240983
21655805.28	5170949.19	0.19727
21655877.42	5170929.18	0.221953
21655949.57	5170909.17	0.193307
21656021.72	5170889.16	0.259198
21656093.86	5170869.16	0.261305
21656166.01	5170849.15	0.261051
21656238.16	5170829.14	0.278364
21656310.3	5170809.13	0.289978
21656382.45	5170789.12	0.28181
21656454.6	5170769.11	0.257203
21656526.74	5170749.11	0.220855
21656598.89	5170729.1	0.21057
21656671.04	5170709.09	0.232864
21656743.18	5170689.08	0.209035
21656815.33	5170669.07	0.184258
21656887.48	5170649.07	0.176702
21656959.62	5170629.06	0.232972
21657031.77	5170609.05	0.286385
21657103.92	5170589.04	0.291845
21657176.06	5170569.03	0.252197
21657248.21	5170549.03	0.19696
21657320.36	5170529.02	0.255992
21657392.5	5170509.01	0.241809
21657464.65	5170489	0.264849
21657536.8	5170468.99	0.275309
21657608.94	5170448.99	0.254224
21657681.09	5170428.98	0.20917
21657753.24	5170408.97	0.159596
21657825.38	5170388.96	0.141536
21657897.53	5170368.95	0.142287
21657969.68	5170348.95	0.203942
21658041.82	5170328.94	0.164981
21658113.97	5170308.93	0.150691
21658186.12	5170288.92	0.179832
21658258.26	5170268.91	0.231118
21658330.41	5170248.91	0.234384
21658402.56	5170228.9	0.237938
21658474.7	5170208.89	0.250772
21658546.85	5170188.88	0.25015
21658619	5170168.87	0.182506
21658691.14	5170148.87	0.195675
21658763.29	5170128.86	0.120321
21658835.44	5170108.85	0.109895
21658907.58	5170088.84	0.115713
21658979.73	5170068.83	0.0669722
21659051.88	5170048.83	0.0427053
21653299.77	5171720.24	0.156941
21653371.91	5171700.23	0.266106
21653444.06	5171680.22	0.253797
21653516.21	5171660.22	0.265077
21653588.35	5171640.21	0.264022
21653660.5	5171620.2	0.272693
21653732.65	5171600.19	0.284542
21653804.79	5171580.18	0.293212
21653876.94	5171560.18	0.279465
21653949.09	5171540.17	0.281285
21654021.23	5171520.16	0.300513
21654093.38	5171500.15	0.28729
21654165.53	5171480.14	0.271083
21654237.67	5171460.14	0.253864
21654309.82	5171440.13	0.269237
21654381.97	5171420.12	0.28287
21654454.11	5171400.11	0.279381
21654526.26	5171380.1	0.270291
21654598.41	5171360.09	0.258495
21654670.55	5171340.09	0.226595
21654742.7	5171320.08	0.253339
21654814.85	5171300.07	0.244598
21654886.99	5171280.06	0.225293
21654959.14	5171260.05	0.1648
21655031.29	5171240.05	0.128722
21655103.43	5171220.04	0.0946905
21655175.58	5171200.03	0.182247
21655247.73	5171180.02	0.243566
21655319.87	5171160.01	0.241067
21655392.02	5171140.01	0.262148
21655464.17	5171120	0.14995
21655536.31	5171099.99	0.207304
21655608.46	5171079.98	0.236394
21655680.61	5171059.97	0.245583
21655752.76	5171039.97	0.278732
21655824.9	5171019.96	0.282285
21655897.05	5170999.95	0.27992
21655969.2	5170979.94	0.271151
21656041.34	5170959.93	0.271117
21656113.49	5170939.93	0.258328
21656185.64	5170919.92	0.263574
21656257.78	5170899.91	0.259232
21656329.93	5170879.9	0.26192
21656402.08	5170859.89	0.265851
21656474.22	5170839.89	0.251521
21656546.37	5170819.88	0.21645
21656618.52	5170799.87	0.19013
21656690.66	5170779.86	0.198338
21656762.81	5170759.85	0.166787
21656834.96	5170739.85	0.230616
21656907.1	5170719.84	0.206396
21656979.25	5170699.83	0.242045
21657051.4	5170679.82	0.26473
21657123.54	5170659.81	0.247576
21657195.69	5170639.81	0.200477
21657267.84	5170619.8	0.221134
21657339.98	5170599.79	0.269758
21657412.13	5170579.78	0.218982
21657484.28	5170559.77	0.270115
21657556.42	5170539.76	0.279529
21657628.57	5170519.76	0.278482
21657700.72	5170499.75	0.258784
21657772.86	5170479.74	0.216567
21657845.01	5170459.73	0.185603
21657917.16	5170439.72	0.195641
21657989.3	5170419.72	0.257324
21658061.45	5170399.71	0.238586
21658133.6	5170379.7	0.153716
21658205.74	5170359.69	0.141783
21658277.89	5170339.68	0.178447
21658350.04	5170319.68	0.226695
21658422.18	5170299.67	0.242529
21658494.33	5170279.66	0.235556
21658566.48	5170259.65	0.261818
21658638.62	5170239.64	0.172605
21658710.77	5170219.64	0.167356
21658782.92	5170199.63	0.126514
21658855.06	5170179.62	0.120412
21658927.21	5170159.61	0.115543
21658999.36	5170139.6	0
21659071.5	5170119.6	0.0465167
21653247.25	5171811.02	0.28147
21653319.39	5171791.01	0.274814
21653391.54	5171771	0.289302
21653463.69	5171750.99	0.291479
21653535.83	5171730.99	0.299813
21653607.98	5171710.98	0.308047
21653680.13	5171690.97	0.31662
21653752.27	5171670.96	0.31126
21653824.42	5171650.95	0.300685
21653896.57	5171630.95	0.288315
21653968.71	5171610.94	0.280136
21654040.86	5171590.93	0.298141
21654113.01	5171570.92	0.286717
21654185.15	5171550.91	0.285416
21654257.3	5171530.91	0.286006
21654329.45	5171510.9	0.271485
21654401.59	5171490.89	0.252017
21654473.74	5171470.88	0.256614
21654545.89	5171450.87	0.285504
21654618.03	5171430.87	0.302326
21654690.18	5171410.86	0.273747
21654762.33	5171390.85	0.280068
21654834.47	5171370.84	0.277512
21654906.62	5171350.83	0.215137
21654978.77	5171330.83	0.146514
21655050.91	5171310.82	0.145017
21655123.06	5171290.81	0.1468
21655195.21	5171270.8	0.222389
21655267.35	5171250.79	0.248032
21655339.5	5171230.79	0.215813
21655411.65	5171210.78	0.18724
21655483.79	5171190.77	0.209214
21655555.94	5171170.76	0.245318
21655628.09	5171150.75	0.259602
21655700.23	5171130.74	0.292105
21655772.38	5171110.74	0.280169
21655844.53	5171090.73	0.286323
21655916.67	5171070.72	0.281587
21655988.82	5171050.71	0.290737
21656060.97	5171030.7	0.278956
21656133.11	5171010.7	0.291121
21656205.26	5170990.69	0.283417
21656277.41	5170970.68	0.282578
21656349.56	5170950.67	0.273333
21656421.7	5170930.66	0.278619
21656493.85	5170910.66	0.280368
21656566	5170890.65	0.256223
21656638.14	5170870.64	0.255095
21656710.29	5170850.63	0.240369
21656782.44	5170830.62	0.185221
21656854.58	5170810.62	0.232174
21656926.73	5170790.61	0.255739
21656998.88	5170770.6	0.220703
21657071.02	5170750.59	0.26573
21657143.17	5170730.58	0.196696
21657215.32	5170710.58	0.170089
21657287.46	5170690.57	0.237863
21657359.61	5170670.56	0.25257
21657431.76	5170650.55	0.216693
21657503.9	5170630.54	0.221639
21657576.05	5170610.54	0.279054
21657648.2	5170590.53	0.270097
21657720.34	5170570.52	0.245598
21657792.49	5170550.51	0.247913
21657864.64	5170530.5	0.256649
21657936.78	5170510.5	0.263168
21658008.93	5170490.49	0.284347
21658081.08	5170470.48	0.277351
21658153.22	5170450.47	0.210274
21658225.37	5170430.46	0.181774
21658297.52	5170410.46	0.166268
21658369.66	5170390.45	0.225065
21658441.81	5170370.44	0.207415
21658513.96	5170350.43	0.233257
21658586.1	5170330.42	0.265879
21658658.25	5170310.41	0.165196
21658730.4	5170290.41	0.148331
21658802.54	5170270.4	0.136258
21658874.69	5170250.39	0.0565948
21658946.84	5170230.38	0.0666165
21659018.98	5170210.37	0.0424874
21659091.13	5170190.37	0.0445805
21653266.87	5171881.79	0.277425
21653339.02	5171861.78	0.283857
21653411.17	5171841.77	0.30401
21653483.31	5171821.77	0.313179
21653555.46	5171801.76	0.317767
21653627.61	5171781.75	0.322136
21653699.75	5171761.74	0.322628
21653771.9	5171741.73	0.319795
21653844.05	5171721.73	0.310116
21653916.19	5171701.72	0.305209
21653988.34	5171681.71	0.30116
21654060.49	5171661.7	0.294451
21654132.63	5171641.69	0.277484
21654204.78	5171621.68	0.303811
21654276.93	5171601.68	0.27045
21654349.07	5171581.67	0.229608
21654421.22	5171561.66	0.206795
21654493.37	5171541.65	0.262539
21654565.51	5171521.64	0.295801
21654637.66	5171501.64	0.27912
21654709.81	5171481.63	0.231525
21654781.95	5171461.62	0.219216
21654854.1	5171441.61	0.242018
21654926.25	5171421.6	0.290348
21654998.39	5171401.6	0.249996
21655070.54	5171381.59	0.169175
21655142.69	5171361.58	0.186667
21655214.83	5171341.57	0.260788
21655286.98	5171321.56	0.255701
21655359.13	5171301.56	0.22613
21655431.27	5171281.55	0.214977
21655503.42	5171261.54	0.237455
21655575.57	5171241.53	0.275734
21655647.71	5171221.52	0.264341
21655719.86	5171201.52	0.287043
21655792.01	5171181.51	0.277164
21655864.15	5171161.5	0.276811
21655936.3	5171141.49	0.304581
21656008.45	5171121.48	0.283212
21656080.59	5171101.48	0.289007
21656152.74	5171081.47	0.296672
21656224.89	5171061.46	0.317622
21656297.03	5171041.45	0.308152
21656369.18	5171021.44	0.280152
21656441.33	5171001.44	0.283012
21656513.48	5170981.43	0.276933
21656585.62	5170961.42	0.263588
21656657.77	5170941.41	0.255865
21656729.91	5170921.4	0.252783
21656802.06	5170901.39	0.246945
21656874.21	5170881.39	0.250631
21656946.36	5170861.38	0.226626
21657018.5	5170841.37	0.239622
21657090.65	5170821.36	0.26153
21657162.8	5170801.35	0.190524
21657234.94	5170781.35	0.136883
21657307.09	5170761.34	0.175054
21657379.24	5170741.33	0.194097
21657451.38	5170721.32	0.222001
21657523.53	5170701.31	0.142864
21657595.68	5170681.31	0.176616
21657667.82	5170661.3	0.111437
21657739.97	5170641.29	0.180931
21657812.12	5170621.28	0.218663
21657884.26	5170601.27	0.25296
21657956.41	5170581.27	0.231463
21658028.56	5170561.26	0.266313
21658100.7	5170541.25	0.247822
21658172.85	5170521.24	0.235027
21658245	5170501.23	0.238723
21658317.14	5170481.23	0.253317
21658389.29	5170461.22	0.269685
21658461.44	5170441.21	0.273236
21658533.58	5170421.2	0.254219
21658605.73	5170401.19	0.183779
21658677.88	5170381.19	0.143971
21658750.02	5170361.18	0.0921195
21658822.17	5170341.17	0.117159
21658894.32	5170321.16	0
21658966.46	5170301.15	0.11877
21659038.61	5170281.15	0.0956351
21653286.5	5171952.56	0.299191
21653358.65	5171932.55	0.301226
21653430.79	5171912.54	0.311311
21653502.94	5171892.54	0.313774
21653575.09	5171872.53	0.31985
21653647.23	5171852.52	0.322218
21653719.38	5171832.51	0.322801
21653791.53	5171812.5	0.319551
21653863.67	5171792.5	0.315599
21653935.82	5171772.49	0.309469
21654007.97	5171752.48	0.305075
21654080.11	5171732.47	0.264191
21654152.26	5171712.46	0.279221
21654224.41	5171692.46	0.297268
21654296.55	5171672.45	0.264825
21654368.7	5171652.44	0.241376
21654440.85	5171632.43	0.237578
21654512.99	5171612.42	0.2656
21654585.14	5171592.42	0.302426
21654657.29	5171572.41	0.265242
21654729.43	5171552.4	0.244972
21654801.58	5171532.39	0.256577
21654873.73	5171512.38	0.286805
21654945.87	5171492.37	0.267553
21655018.02	5171472.37	0.205624
21655090.17	5171452.36	0.154324
21655162.31	5171432.35	0.186818
21655234.46	5171412.34	0.239795
21655306.61	5171392.33	0.259117
21655378.75	5171372.33	0.26325
21655450.9	5171352.32	0.24457
21655523.05	5171332.31	0.248047
21655595.19	5171312.3	0.290355
21655667.34	5171292.29	0.294023
21655739.49	5171272.29	0.291621
21655811.63	5171252.28	0.28927
21655883.78	5171232.27	0.302351
21655955.93	5171212.26	0.298963
21656028.07	5171192.25	0.29573
21656100.22	5171172.25	0.284971
21656172.37	5171152.24	0.301567
21656244.51	5171132.23	0.29645
21656316.66	5171112.22	0.295474
21656388.81	5171092.21	0.29145
21656460.95	5171072.21	0.274341
21656533.1	5171052.2	0.292085
21656605.25	5171032.19	0.294406
21656677.39	5171012.18	0.291336
21656749.54	5170992.17	0.268107
21656821.69	5170972.17	0.267206
21656893.84	5170952.16	0.24832
21656965.98	5170932.15	0.243018
21657038.13	5170912.14	0.227937
21657110.27	5170892.13	0.225189
21657182.42	5170872.13	0.203541
21657254.57	5170852.12	0.104036
21657326.72	5170832.11	0.118433
21657398.86	5170812.1	0.126044
21657471.01	5170792.09	0.182311
21657543.16	5170772.09	0.131371
21657615.3	5170752.08	0.134895
21657687.45	5170732.07	0.126039
21657759.6	5170712.06	0.20654
21657831.74	5170692.05	0.231145
21657903.89	5170672.04	0.226948
21657976.04	5170652.04	0.279626
21658048.18	5170632.03	0.281594
21658120.33	5170612.02	0.269724
21658192.48	5170592.01	0.279943
21658264.62	5170572	0.246274
21658336.77	5170552	0.246381
21658408.92	5170531.99	0.265441
21658481.06	5170511.98	0.277256
21658553.21	5170491.97	0.258832
21658625.36	5170471.96	0.194953
21658697.5	5170451.96	0.154094
21658769.65	5170431.95	0.15304
21658841.8	5170411.94	0.150274
21658913.94	5170391.93	0.141171
21658986.09	5170371.92	0.109402
21659058.24	5170351.92	0.272272
21653306.13	5172023.33	0.304947
21653378.27	5172003.32	0.308764
21653450.42	5171983.31	0.312899
21653522.57	5171963.31	0.312243
21653594.71	5171943.3	0.316715
21653666.86	5171923.29	0.31742
21653739.01	5171903.28	0.319939
21653811.15	5171883.27	0.320568
21653883.3	5171863.27	0.316557
21653955.45	5171843.26	0.308652
21654027.59	5171823.25	0.301721
21654099.74	5171803.24	0.278605
21654171.89	5171783.23	0.289886
21654244.03	5171763.23	0.289886
21654316.18	5171743.22	0.308661
21654388.33	5171723.21	0.294666
21654460.47	5171703.2	0.287121
21654532.62	5171683.19	0.290823
21654604.77	5171663.19	0.282628
21654676.91	5171643.18	0.256552
21654749.06	5171623.17	0.237474
21654821.21	5171603.16	0.224627
21654893.35	5171583.15	0.212716
21654965.5	5171563.15	0.189784
21655037.65	5171543.14	0.174772
21655109.79	5171523.13	0.15696
21655181.94	5171503.12	0.190771
21655254.09	5171483.11	0.235571
21655326.23	5171463.11	0.260789
21655398.38	5171443.1	0.266339
21655470.53	5171423.09	0.246828
21655542.67	5171403.08	0.228288
21655614.82	5171383.07	0.293179
21655686.97	5171363.07	0.295526
21655759.11	5171343.06	0.285137
21655831.26	5171323.05	0.274038
21655903.41	5171303.04	0.279193
21655975.55	5171283.03	0.28976
21656047.7	5171263.02	0.282092
21656119.85	5171243.02	0.28647
21656191.99	5171223.01	0.286739
21656264.14	5171203	0.285989
21656336.29	5171182.99	0.281081
21656408.43	5171162.98	0.282822
21656480.58	5171142.98	0.29127
21656552.73	5171122.97	0.268341
21656624.87	5171102.96	0.247204
21656697.02	5171082.95	0.25521
21656769.17	5171062.94	0.213312
21656841.31	5171042.94	0.233779
21656913.46	5171022.93	0.275224
21656985.61	5171002.92	0.208005
21657057.75	5170982.91	0.160605
21657129.9	5170962.9	0.146433
21657202.05	5170942.9	0.147555
21657274.19	5170922.89	0.0652336
21657346.34	5170902.88	0.0700468
21657418.49	5170882.87	0.0831948
21657490.64	5170862.86	0.125534
21657562.78	5170842.86	0.148338
21657634.93	5170822.85	0.130742
21657707.08	5170802.84	0.183975
21657779.22	5170782.83	0.253394
21657851.37	5170762.82	0.246139
21657923.52	5170742.82	0.223249
21657995.66	5170722.81	0.23691
21658067.81	5170702.8	0.250933
21658139.96	5170682.79	0.267813
21658212.1	5170662.78	0.287932
21658284.25	5170642.78	0.259938
21658356.4	5170622.77	0.251566
21658428.54	5170602.76	0.288332
21658500.69	5170582.75	0.287786
21658572.84	5170562.74	0.267305
21658644.98	5170542.74	0.230762
21658717.13	5170522.73	0.221829
21658789.28	5170502.72	0.182004
21658861.42	5170482.71	0.144333
21658933.57	5170462.7	0.136142
21659005.72	5170442.69	0.108883
21659077.86	5170422.69	0.267979
21653253.61	5172114.11	0.311666
21653325.75	5172094.1	0.308712
21653397.9	5172074.09	0.310198
21653470.05	5172054.09	0.311388
21653542.19	5172034.08	0.308152
21653614.34	5172014.07	0.308701
21653686.49	5171994.06	0.308152
21653758.63	5171974.05	0.311968
21653830.78	5171954.05	0.319522
21653902.93	5171934.04	0.316566
21653975.07	5171914.03	0.31501
21654047.22	5171894.02	0.312921
21654119.37	5171874.01	0.299397
21654191.51	5171854	0.313197
21654263.66	5171834	0.319912
21654335.81	5171813.99	0.321488
21654407.95	5171793.98	0.317258
21654480.1	5171773.97	0.30429
21654552.25	5171753.96	0.28933
21654624.39	5171733.96	0.281189
21654696.54	5171713.95	0.270367
21654768.69	5171693.94	0.24998
21654840.83	5171673.93	0.232171
21654912.98	5171653.92	0.205932
21654985.13	5171633.92	0.160908
21655057.27	5171613.91	0.186413
21655129.42	5171593.9	0.157029
21655201.57	5171573.89	0.229665
21655273.71	5171553.88	0.260809
21655345.86	5171533.88	0.265833
21655418.01	5171513.87	0.224276
21655490.15	5171493.86	0.223111
21655562.3	5171473.85	0.23013
21655634.45	5171453.84	0.288262
21655706.59	5171433.84	0.28758
21655778.74	5171413.83	0.282157
21655850.89	5171393.82	0.295392
21655923.03	5171373.81	0.279667
21655995.18	5171353.8	0.285052
21656067.33	5171333.8	0.287209
21656139.47	5171313.79	0.276938
21656211.62	5171293.78	0.25725
21656283.77	5171273.77	0.281919
21656355.91	5171253.76	0.270787
21656428.06	5171233.76	0.256563
21656500.21	5171213.75	0.280367
21656572.35	5171193.74	0.261238
21656644.5	5171173.73	0.234629
21656716.65	5171153.72	0.195147
21656788.79	5171133.72	0.185175
21656860.94	5171113.71	0.216433
21656933.09	5171093.7	0.193884
21657005.23	5171073.69	0.13155
21657077.38	5171053.68	0.08964
21657149.53	5171033.67	0.0852958
21657221.67	5171013.67	0.0881745
21657293.82	5170993.66	0.0575334
21657365.97	5170973.65	0.0528585
21657438.11	5170953.64	0.0692055
21657510.26	5170933.63	0.130145
21657582.41	5170913.63	0.126984
21657654.55	5170893.62	0.137242
21657726.7	5170873.61	0.233043
21657798.85	5170853.6	0.272466
21657870.99	5170833.59	0.253082
21657943.14	5170813.59	0.248658
21658015.29	5170793.58	0.260608
21658087.44	5170773.57	0.254416
21658159.58	5170753.56	0.266744
21658231.73	5170733.55	0.274438
21658303.88	5170713.55	0.246291
21658376.02	5170693.54	0.243241
21658448.17	5170673.53	0.274572
21658520.32	5170653.52	0.285902
21658592.46	5170633.51	0.28986
21658664.61	5170613.51	0.243079
21658736.76	5170593.5	0.241932
21658808.9	5170573.49	0.224753
21658881.05	5170553.48	0.157862
21658953.2	5170533.47	0.143372
21659025.34	5170513.47	0
21659097.49	5170493.46	0
21653273.23	5172184.88	0.308289
21653345.38	5172164.87	0.311076
21653417.53	5172144.86	0.31114
21653489.67	5172124.86	0.307044
21653561.82	5172104.85	0.30792
21653633.97	5172084.84	0.307252
21653706.11	5172064.83	0.30279
21653778.26	5172044.82	0.301581
21653850.41	5172024.82	0.307215
21653922.55	5172004.81	0.312229
21653994.7	5171984.8	0.313945
21654066.85	5171964.79	0.310078
21654138.99	5171944.78	0.306
21654211.14	5171924.78	0.309552
21654283.29	5171904.77	0.319239
21654355.43	5171884.76	0.320178
21654427.58	5171864.75	0.314073
21654499.73	5171844.74	0.303884
21654571.87	5171824.74	0.292162
21654644.02	5171804.73	0.270079
21654716.17	5171784.72	0.249258
21654788.31	5171764.71	0.239127
21654860.46	5171744.7	0.240262
21654932.61	5171724.7	0.215198
21655004.75	5171704.69	0.195523
21655076.9	5171684.68	0.228722
21655149.05	5171664.67	0.208558
21655221.19	5171644.66	0.255105
21655293.34	5171624.65	0.256575
21655365.49	5171604.65	0.264131
21655437.63	5171584.64	0.245278
21655509.78	5171564.63	0.250681
21655581.93	5171544.62	0.255671
21655654.07	5171524.61	0.279849
21655726.22	5171504.61	0.284452
21655798.37	5171484.6	0.279278
21655870.51	5171464.59	0.279704
21655942.66	5171444.58	0.276465
21656014.81	5171424.57	0.286751
21656086.95	5171404.57	0.279595
21656159.1	5171384.56	0.250091
21656231.25	5171364.55	0.265102
21656303.39	5171344.54	0.263477
21656375.54	5171324.53	0.263127
21656447.69	5171304.53	0.279824
21656519.83	5171284.52	0.280336
21656591.98	5171264.51	0.275001
21656664.13	5171244.5	0.263512
21656736.27	5171224.49	0.231894
21656808.42	5171204.49	0.211728
21656880.57	5171184.48	0.217909
21656952.71	5171164.47	0.167152
21657024.86	5171144.46	0.111548
21657097.01	5171124.45	0.0601747
21657169.15	5171104.45	0.0712352
21657241.3	5171084.44	0
21657313.45	5171064.43	0
21657385.59	5171044.42	0.0670855
21657457.74	5171024.41	0.0741634
21657529.89	5171004.41	0.109906
21657602.03	5170984.4	0.120373
21657674.18	5170964.39	0.178897
21657746.33	5170944.38	0.216758
21657818.47	5170924.37	0.250807
21657890.62	5170904.36	0.277901
21657962.77	5170884.36	0.24478
21658034.91	5170864.35	0.247074
21658107.06	5170844.34	0.287252
21658179.21	5170824.33	0.278424
21658251.36	5170804.32	0.277405
21658323.5	5170784.32	0.278072
21658395.65	5170764.31	0.264525
21658467.8	5170744.3	0.270251
21658539.94	5170724.29	0.295199
21658612.09	5170704.28	0.295107
21658684.24	5170684.28	0.219724
21658756.38	5170664.27	0
21658828.53	5170644.26	0
21658900.68	5170624.25	0.176734
21658972.82	5170604.24	0.119448
21659044.97	5170584.24	0.111199
