21653307.22	5170346.33	0.240284
21653379.37	5170326.32	0.269735
21653451.52	5170306.31	0.237929
21653523.66	5170286.3	0.282213
21653595.81	5170266.29	0.330836
21653667.96	5170246.29	0.31755
21653740.1	5170226.28	0.301044
21653812.25	5170206.27	0.317398
21653884.4	5170186.26	0.329826
21653956.54	5170166.25	0.298042
21654028.69	5170146.25	0.343986
21654100.84	5170126.24	0.336574
21654172.98	5170106.23	0.332512
21654245.13	5170086.22	0.332374
21654317.28	5170066.21	0.288978
21654389.42	5170046.21	0.236342
21654461.57	5170026.2	0.214293
21654533.72	5170006.19	0.151503
21654605.86	5169986.18	0.162349
21654678.01	5169966.17	0.206937
21654750.16	5169946.17	0.218826
21654822.31	5169926.16	0.272748
21654894.45	5169906.15	0.282308
21654966.6	5169886.14	0.247407
21655038.75	5169866.13	0.253826
21655110.89	5169846.13	0.263172
21655183.04	5169826.12	0.288918
21655255.19	5169806.11	0.28536
21655327.33	5169786.1	0.283789
21655399.48	5169766.09	0.289061
21653254.7	5170437.11	0.181564
21653326.85	5170417.1	0.186293
21653399	5170397.09	0.24569
21653471.14	5170377.08	0.231598
21653543.29	5170357.07	0.214201
21653615.44	5170337.07	0.246409
21653687.58	5170317.06	0.252396
21653759.73	5170297.05	0.280808
21653831.88	5170277.04	0.304585
21653904.02	5170257.03	0.267559
21653976.17	5170237.03	0.292175
21654048.32	5170217.02	0.323717
21654120.46	5170197.01	0.315792
21654192.61	5170177	0.293261
21654264.76	5170156.99	0.319505
21654336.9	5170136.98	0.293764
21654409.05	5170116.98	0.271508
21654481.2	5170096.97	0.25093
21654553.34	5170076.96	0.141574
21654625.49	5170056.95	0.176237
21654697.64	5170036.94	0.227522
21654769.78	5170016.94	0.222394
21654841.93	5169996.93	0.301441
21654914.08	5169976.92	0.286342
21654986.23	5169956.91	0.30323
21655058.37	5169936.9	0.282527
21655130.52	5169916.9	0.282367
21655202.66	5169896.89	0.289215
21655274.81	5169876.88	0.292475
21655346.96	5169856.87	0.290162
21655419.11	5169836.86	0.283956
21655491.25	5169816.86	0.308978
21655563.4	5169796.85	0.260094
21655635.55	5169776.84	0.318221
21655707.69	5169756.83	0.339103
21655779.84	5169736.82	0.293047
21655851.99	5169716.82	0.312558
21655924.13	5169696.81	0.304496
21655996.28	5169676.8	0.28514
21656068.43	5169656.79	0.253047
21656140.57	5169636.78	0.25369
21656212.72	5169616.78	0.238127
21656284.87	5169596.77	0.210345
21656357.01	5169576.76	0.243622
21656429.16	5169556.75	0.246973
21656501.31	5169536.74	0.233874
21656573.45	5169516.74	0.220179
21656645.6	5169496.73	0.15377
21656717.75	5169476.72	0.111749
21656789.89	5169456.71	0.112144
21656862.04	5169436.7	0.11294
21656934.19	5169416.69	0.104389
21657006.33	5169396.69	0.110392
21657078.48	5169376.68	0.184454
21657150.63	5169356.67	0.30258
21657222.77	5169336.66	0.332326
21657294.92	5169316.65	0.325274
21657367.07	5169296.65	0.276059
21657439.21	5169276.64	0.282105
21657511.36	5169256.63	0.240954
21657583.51	5169236.62	0.274616
21657655.65	5169216.61	0.282505
21657727.8	5169196.61	0.251454
21657799.95	5169176.6	0.289823
21657872.09	5169156.59	0.288426
21657944.24	5169136.58	0.284892
21658016.39	5169116.57	0.281733
21658088.53	5169096.57	0.282516
21658160.68	5169076.56	0.278898
21658232.83	5169056.55	0.278909
21658304.97	5169036.54	0.233245
21658377.12	5169016.53	0.223777
21658449.27	5168996.53	0.275654
21658521.41	5168976.52	0.259897
21658593.56	5168956.51	0.212151
21658665.71	5168936.5	0.170092
21658737.85	5168916.49	0.21746
21658810	5168896.49	0.125231
21658882.15	5168876.48	0
21658954.29	5168856.47	0
21659026.44	5168836.46	0
21659098.59	5168816.45	0.0513126
21653274.33	5170507.88	0.183943
21653346.48	5170487.87	0.174199
21653418.62	5170467.86	0.223496
21653490.77	5170447.85	0.238448
21653562.92	5170427.84	0.22394
21653635.06	5170407.84	0.23423
21653707.21	5170387.83	0.187041
21653779.36	5170367.82	0.220584
21653851.5	5170347.81	0.286168
21653923.65	5170327.8	0.278385
21653995.8	5170307.8	0.28512
21654067.94	5170287.79	0.281121
21654140.09	5170267.78	0.267902
21654212.24	5170247.77	0.262761
21654284.38	5170227.76	0.305055
21654356.53	5170207.76	0.290561
21654428.68	5170187.75	0.281433
21654500.82	5170167.74	0.281295
21654572.97	5170147.73	0.173392
21654645.12	5170127.72	0.250794
21654717.26	5170107.72	0.217985
21654789.41	5170087.71	0.231831
21654861.56	5170067.7	0.284065
21654933.7	5170047.69	0.284569
21655005.85	5170027.68	0.301473
21655078	5170007.68	0.26671
21655150.14	5169987.67	0.279055
21655222.29	5169967.66	0.286722
21655294.44	5169947.65	0.295481
21655366.58	5169927.64	0.296486
21655438.73	5169907.63	0.288409
21655510.88	5169887.63	0.269993
21655583.03	5169867.62	0.276979
21655655.17	5169847.61	0.313428
21655727.32	5169827.6	0.344809
21655799.47	5169807.59	0.341478
21655871.61	5169787.59	0.342402
21655943.76	5169767.58	0.323167
21656015.91	5169747.57	0.266444
21656088.05	5169727.56	0.250289
21656160.2	5169707.55	0.241123
21656232.35	5169687.55	0.220992
21656304.49	5169667.54	0.191631
21656376.64	5169647.53	0
21656448.79	5169627.52	0.238157
21656520.93	5169607.51	0.238914
21656593.08	5169587.51	0.216029
21656665.23	5169567.5	0.162894
21656737.37	5169547.49	0.0748656
21656809.52	5169527.48	0.0940891
21656881.67	5169507.47	0.104206
21656953.81	5169487.47	0.112508
21657025.96	5169467.46	0.11727
21657098.11	5169447.45	0.15415
21657170.25	5169427.44	0.255798
21657242.4	5169407.43	0.312467
21657314.55	5169387.43	0.279674
21657386.69	5169367.42	0.274667
21657458.84	5169347.41	0.237984
21657530.99	5169327.4	0.228397
21657603.13	5169307.39	0.252225
21657675.28	5169287.39	0.227404
21657747.43	5169267.38	0.211962
21657819.57	5169247.37	0.293426
21657891.72	5169227.36	0.301791
21657963.87	5169207.35	0.303168
21658036.01	5169187.34	0.286081
21658108.16	5169167.34	0.283288
21658180.31	5169147.33	0.263287
21658252.45	5169127.32	0.266798
21658324.6	5169107.31	0.249949
21658396.75	5169087.3	0.205688
21658468.89	5169067.3	0.203529
21658541.04	5169047.29	0.205552
21658613.19	5169027.28	0.164508
21658685.33	5169007.27	0.176142
21658757.48	5168987.26	0.213853
21658829.63	5168967.26	0.0991014
21658901.77	5168947.25	0.0412676
21658973.92	5168927.24	0.0429877
21659046.07	5168907.23	0.039265
21653293.96	5170578.65	0.162012
21653366.1	5170558.64	0.143306
21653438.25	5170538.63	0.178019
21653510.4	5170518.62	0.222327
21653582.54	5170498.61	0.228431
21653654.69	5170478.61	0.194103
21653726.84	5170458.6	0.176557
21653798.98	5170438.59	0.184914
21653871.13	5170418.58	0.272336
21653943.28	5170398.57	0.272781
21654015.42	5170378.57	0.235681
21654087.57	5170358.56	0.222702
21654159.72	5170338.55	0.260899
21654231.86	5170318.54	0.2539
21654304.01	5170298.53	0.218659
21654376.16	5170278.53	0.270229
21654448.3	5170258.52	0.257808
21654520.45	5170238.51	0.274054
21654592.6	5170218.5	0.26696
21654664.74	5170198.49	0.279008
21654736.89	5170178.49	0.228518
21654809.04	5170158.48	0.256205
21654881.18	5170138.47	0.300473
21654953.33	5170118.46	0.286321
21655025.48	5170098.45	0.290907
21655097.62	5170078.45	0.281905
21655169.77	5170058.44	0.246186
21655241.92	5170038.43	0.286147
21655314.06	5170018.42	0.295972
21655386.21	5169998.41	0.307704
21655458.36	5169978.41	0.287959
21655530.5	5169958.4	0.272794
21655602.65	5169938.39	0.261669
21655674.8	5169918.38	0.257554
21655746.95	5169898.37	0.299517
21655819.09	5169878.37	0.334216
21655891.24	5169858.36	0.307224
21655963.38	5169838.35	0.302471
21656035.53	5169818.34	0.263513
21656107.68	5169798.33	0.243886
21656179.83	5169778.32	0.25349
21656251.97	5169758.32	0.160993
21656324.12	5169738.31	0.143748
21656396.27	5169718.3	0.153954
21656468.41	5169698.29	0.23686
21656540.56	5169678.28	0.264799
21656612.71	5169658.28	0.241464
21656684.85	5169638.27	0.212819
21656757	5169618.26	0.143404
21656829.15	5169598.25	0.153943
21656901.29	5169578.24	0.141663
21656973.44	5169558.24	0.126795
21657045.59	5169538.23	0.141723
21657117.73	5169518.22	0.150127
21657189.88	5169498.21	0.237937
21657262.03	5169478.2	0.283962
21657334.17	5169458.2	0.247388
21657406.32	5169438.19	0.222732
21657478.47	5169418.18	0.202471
21657550.61	5169398.17	0.19907
21657622.76	5169378.16	0.230568
21657694.91	5169358.16	0.260422
21657767.05	5169338.15	0.281433
21657839.2	5169318.14	0.302271
21657911.35	5169298.13	0.317159
21657983.49	5169278.12	0.335311
21658055.64	5169258.12	0.290383
21658127.79	5169238.11	0.284582
21658199.93	5169218.1	0.239773
21658272.08	5169198.09	0.252893
21658344.23	5169178.08	0.259444
21658416.37	5169158.08	0.188248
21658488.52	5169138.07	0.211288
21658560.67	5169118.06	0.267431
21658632.81	5169098.05	0.145464
21658704.96	5169078.04	0.210645
21658777.11	5169058.03	0.223375
21658849.25	5169038.03	0.144726
21658921.4	5169018.02	0.100393
21658993.55	5168998.01	0.0816758
21659065.69	5168978	0.0719353
21653313.58	5170649.42	0.2154
21653385.73	5170629.41	0.155797
21653457.88	5170609.4	0.174376
21653530.02	5170589.39	0.199157
21653602.17	5170569.39	0.227299
21653674.32	5170549.38	0.205409
21653746.46	5170529.37	0.210589
21653818.61	5170509.36	0.228332
21653890.76	5170489.35	0.234322
21653962.9	5170469.35	0.261273
21654035.05	5170449.34	0.202837
21654107.2	5170429.33	0.204061
21654179.34	5170409.32	0.258669
21654251.49	5170389.31	0.273711
21654323.64	5170369.3	0.306758
21654395.78	5170349.3	0.292528
21654467.93	5170329.29	0.264505
21654540.08	5170309.28	0.274728
21654612.22	5170289.27	0.279299
21654684.37	5170269.26	0.265664
21654756.52	5170249.26	0.27573
21654828.66	5170229.25	0.338964
21654900.81	5170209.24	0.313376
21654972.96	5170189.23	0.334016
21655045.1	5170169.22	0.294562
21655117.25	5170149.22	0.295783
21655189.4	5170129.21	0.299054
21655261.54	5170109.2	0.293504
21655333.69	5170089.19	0.29415
21655405.84	5170069.18	0.318752
21655477.98	5170049.18	0.295274
21655550.13	5170029.17	0.266222
21655622.28	5170009.16	0.264132
21655694.42	5169989.15	0.275432
21655766.57	5169969.14	0.28424
21655838.72	5169949.14	0.291945
21655910.86	5169929.13	0.279658
21655983.01	5169909.12	0.298889
21656055.16	5169889.11	0.26393
21656127.3	5169869.1	0.216736
21656199.45	5169849.1	0.234154
21656271.6	5169829.09	0.160801
21656343.75	5169809.08	0.16374
21656415.89	5169789.07	0.215474
21656488.04	5169769.06	0.269437
21656560.19	5169749.06	0.310261
21656632.33	5169729.05	0.26052
21656704.48	5169709.04	0.253194
21656776.63	5169689.03	0.253848
21656848.77	5169669.02	0.209782
21656920.92	5169649.02	0.198758
21656993.07	5169629.01	0.226562
21657065.21	5169609	0.218798
21657137.36	5169588.99	0.204058
21657209.51	5169568.98	0.196466
21657281.65	5169548.97	0.20888
21657353.8	5169528.97	0.247784
21657425.95	5169508.96	0.196154
21657498.09	5169488.95	0.185775
21657570.24	5169468.94	0.187624
21657642.39	5169448.93	0.191492
21657714.53	5169428.93	0.217612
21657786.68	5169408.92	0.266364
21657858.83	5169388.91	0.299028
21657930.97	5169368.9	0.29838
21658003.12	5169348.89	0.317068
21658075.27	5169328.89	0.261661
21658147.41	5169308.88	0.277323
21658219.56	5169288.87	0.25952
21658291.71	5169268.86	0.267403
21658363.85	5169248.85	0.263603
21658436	5169228.85	0.231116
21658508.15	5169208.84	0.205614
21658580.29	5169188.83	0.196725
21658652.44	5169168.82	0.202427
21658724.59	5169148.81	0.26503
21658796.73	5169128.81	0.275645
21658868.88	5169108.8	0.18608
21658941.03	5169088.79	0.160782
21659013.17	5169068.78	0.145525
21659085.32	5169048.77	0.133801
21653261.06	5170740.2	0.26209
21653333.21	5170720.19	0.221697
21653405.36	5170700.18	0.195793
21653477.5	5170680.17	0.202479
21653549.65	5170660.16	0.23186
21653621.8	5170640.16	0.24119
21653693.94	5170620.15	0.233345
21653766.09	5170600.14	0.239928
21653838.24	5170580.13	0.249676
21653910.38	5170560.12	0.250111
21653982.53	5170540.12	0.260654
21654054.68	5170520.11	0.186192
21654126.82	5170500.1	0.172173
21654198.97	5170480.09	0.24666
21654271.12	5170460.08	0.304546
21654343.26	5170440.08	0.293595
21654415.41	5170420.07	0.275799
21654487.56	5170400.06	0.241392
21654559.7	5170380.05	0.195903
21654631.85	5170360.04	0.183865
21654704	5170340.04	0.240276
21654776.14	5170320.03	0.228241
21654848.29	5170300.02	0.267735
21654920.44	5170280.01	0.274016
21654992.58	5170260	0.303467
21655064.73	5170240	0.306372
21655136.88	5170219.99	0.304016
21655209.02	5170199.98	0.316005
21655281.17	5170179.97	0.290101
21655353.32	5170159.96	0.29072
21655425.46	5170139.95	0.283168
21655497.61	5170119.95	0.269884
21655569.76	5170099.94	0.202493
21655641.9	5170079.93	0.242886
21655714.05	5170059.92	0.252104
21655786.2	5170039.91	0.258389
21655858.34	5170019.91	0.265376
21655930.49	5169999.9	0.277895
21656002.64	5169979.89	0.265542
21656074.78	5169959.88	0.267472
21656146.93	5169939.87	0.251261
21656219.08	5169919.87	0.233572
21656291.22	5169899.86	0.195353
21656363.37	5169879.85	0.212327
21656435.52	5169859.84	0.236994
21656507.66	5169839.83	0.249786
21656579.81	5169819.83	0.26217
21656651.96	5169799.82	0.23608
21656724.1	5169779.81	0.226451
21656796.25	5169759.8	0.257484
21656868.4	5169739.79	0.242607
21656940.55	5169719.79	0.230311
21657012.69	5169699.78	0.277521
21657084.84	5169679.77	0.277939
21657156.99	5169659.76	0.190362
21657229.13	5169639.75	0.177855
21657301.28	5169619.75	0.206695
21657373.43	5169599.74	0.265903
21657445.57	5169579.73	0.246062
21657517.72	5169559.72	0.237521
21657589.87	5169539.71	0.205094
21657662.01	5169519.71	0.156378
21657734.16	5169499.7	0.197064
21657806.31	5169479.69	0.251784
21657878.45	5169459.68	0.289429
21657950.6	5169439.67	0.265674
21658022.75	5169419.66	0.275855
21658094.89	5169399.66	0.268492
21658167.04	5169379.65	0.276355
21658239.19	5169359.64	0.273355
21658311.33	5169339.63	0.280009
21658383.48	5169319.62	0.270485
21658455.63	5169299.62	0.26675
21658527.77	5169279.61	0.269945
21658599.92	5169259.6	0.25224
21658672.07	5169239.59	0.253168
21658744.21	5169219.58	0.289128
21658816.36	5169199.58	0.313393
21658888.51	5169179.57	0.244151
21658960.65	5169159.56	0.149923
21659032.8	5169139.55	0.159909
21659104.95	5169119.54	0.15152
21653280.69	5170810.97	0.24374
21653352.84	5170790.96	0.230753
21653424.98	5170770.95	0.175479
21653497.13	5170750.94	0.210158
21653569.28	5170730.93	0.22724
21653641.42	5170710.93	0.211824
21653713.57	5170690.92	0.190913
21653785.72	5170670.91	0.205339
21653857.86	5170650.9	0.264379
21653930.01	5170630.89	0.263524
21654002.16	5170610.89	0.262854
21654074.3	5170590.88	0.244179
21654146.45	5170570.87	0.186338
21654218.6	5170550.86	0.210915
21654290.74	5170530.85	0.280823
21654362.89	5170510.85	0.277185
21654435.04	5170490.84	0.27284
21654507.18	5170470.83	0.272646
21654579.33	5170450.82	0.237316
21654651.48	5170430.81	0.214483
21654723.62	5170410.81	0.246581
21654795.77	5170390.8	0.229113
21654867.92	5170370.79	0.238293
21654940.06	5170350.78	0.254132
21655012.21	5170330.77	0.251702
21655084.36	5170310.77	0.264683
21655156.5	5170290.76	0.275359
21655228.65	5170270.75	0.296765
21655300.8	5170250.74	0.309443
21655372.94	5170230.73	0.290451
21655445.09	5170210.73	0.277187
21655517.24	5170190.72	0.258279
21655589.38	5170170.71	0.19156
21655661.53	5170150.7	0.256679
21655733.68	5170130.69	0.274998
21655805.82	5170110.69	0.250892
21655877.97	5170090.68	0.26638
21655950.12	5170070.67	0.263388
21656022.26	5170050.66	0.267954
21656094.41	5170030.65	0.251593
21656166.56	5170010.65	0.256656
21656238.7	5169990.64	0.259432
21656310.85	5169970.63	0.24781
21656383	5169950.62	0.253514
21656455.14	5169930.61	0.254928
21656527.29	5169910.6	0.261945
21656599.44	5169890.6	0.253716
21656671.58	5169870.59	0.210564
21656743.73	5169850.58	0.185742
21656815.88	5169830.57	0.230219
21656888.02	5169810.56	0.244397
21656960.17	5169790.56	0.231667
21657032.32	5169770.55	0.252422
21657104.47	5169750.54	0.267824
21657176.61	5169730.53	0.269984
21657248.76	5169710.52	0.266603
21657320.91	5169690.52	0.263058
21657393.05	5169670.51	0.244993
21657465.2	5169650.5	0.251229
21657537.35	5169630.49	0.259389
21657609.49	5169610.48	0.208322
21657681.64	5169590.48	0.119311
21657753.79	5169570.47	0.221158
21657825.93	5169550.46	0.287742
21657898.08	5169530.45	0.323492
21657970.23	5169510.44	0.323324
21658042.37	5169490.44	0.323769
21658114.52	5169470.43	0.273098
21658186.67	5169450.42	0.276462
21658258.81	5169430.41	0.284364
21658330.96	5169410.4	0.282983
21658403.11	5169390.4	0.261635
21658475.25	5169370.39	0.259358
21658547.4	5169350.38	0.250853
21658619.55	5169330.37	0.257367
21658691.69	5169310.36	0.278887
21658763.84	5169290.36	0.315117
21658835.99	5169270.35	0.329348
21658908.13	5169250.34	0.28603
21658980.28	5169230.33	0.183356
21659052.43	5169210.32	0.183655
21653300.32	5170881.74	0.21542
21653372.46	5170861.73	0.254859
21653444.61	5170841.72	0.255194
21653516.76	5170821.71	0.259248
21653588.9	5170801.71	0.217875
21653661.05	5170781.7	0.211975
21653733.2	5170761.69	0.209973
21653805.34	5170741.68	0.207883
21653877.49	5170721.67	0.27263
21653949.64	5170701.67	0.238796
21654021.78	5170681.66	0.282376
21654093.93	5170661.65	0.256169
21654166.08	5170641.64	0.208135
21654238.22	5170621.63	0.232005
21654310.37	5170601.63	0.280913
21654382.52	5170581.62	0.267107
21654454.66	5170561.61	0.30372
21654526.81	5170541.6	0.292123
21654598.96	5170521.59	0.282835
21654671.1	5170501.58	0.290168
21654743.25	5170481.58	0.277918
21654815.4	5170461.57	0.169791
21654887.54	5170441.56	0.25334
21654959.69	5170421.55	0.273006
21655031.84	5170401.54	0.252415
21655103.98	5170381.54	0.279309
21655176.13	5170361.53	0.248242
21655248.28	5170341.52	0.267366
21655320.42	5170321.51	0.269089
21655392.57	5170301.5	0.289359
21655464.72	5170281.5	0.29172
21655536.86	5170261.49	0.280938
21655609.01	5170241.48	0.286998
21655681.16	5170221.47	0.27853
21655753.3	5170201.46	0.255172
21655825.45	5170181.46	0.265137
21655897.6	5170161.45	0.275636
21655969.74	5170141.44	0.241308
21656041.89	5170121.43	0.257112
21656114.04	5170101.42	0.215396
21656186.18	5170081.42	0.260548
21656258.33	5170061.41	0.27693
21656330.48	5170041.4	0.225537
21656402.62	5170021.39	0.239706
21656474.77	5170001.38	0.176608
21656546.92	5169981.38	0.238519
21656619.06	5169961.37	0.258449
21656691.21	5169941.36	0.194235
21656763.36	5169921.35	0.140519
21656835.5	5169901.34	0.199803
21656907.65	5169881.34	0.198725
21656979.8	5169861.33	0.153301
21657051.94	5169841.32	0.216539
21657124.09	5169821.31	0.234914
21657196.24	5169801.3	0.289957
21657268.38	5169781.3	0.282695
21657340.53	5169761.29	0.272681
21657412.68	5169741.28	0.267505
21657484.83	5169721.27	0.27439
21657556.97	5169701.26	0.27287
21657629.12	5169681.25	0.274081
21657701.27	5169661.25	0.240612
21657773.41	5169641.24	0.256808
21657845.56	5169621.23	0.288798
21657917.71	5169601.22	0.292342
21657989.85	5169581.21	0.323059
21658062	5169561.21	0.315628
21658134.15	5169541.2	0.268933
21658206.29	5169521.19	0.281313
21658278.44	5169501.18	0.289956
21658350.59	5169481.17	0.276116
21658422.73	5169461.17	0.258653
21658494.88	5169441.16	0.229952
21658567.03	5169421.15	0.219967
21658639.17	5169401.14	0.233881
21658711.32	5169381.13	0.215944
21658783.47	5169361.13	0.278567
21658855.61	5169341.12	0.277381
21658927.76	5169321.11	0.275809
21658999.91	5169301.1	0.221789
21659072.05	5169281.09	0.21033
21653247.8	5170972.52	0.267667
21653319.94	5170952.51	0.258034
21653392.09	5170932.5	0.260877
21653464.24	5170912.49	0.287609
21653536.38	5170892.48	0.272135
21653608.53	5170872.48	0.23952
21653680.68	5170852.47	0.224061
21653752.82	5170832.46	0.214477
21653824.97	5170812.45	0.223152
21653897.12	5170792.44	0.240002
21653969.26	5170772.44	0.223494
21654041.41	5170752.43	0.286374
21654113.56	5170732.42	0.267899
21654185.7	5170712.41	0.260932
21654257.85	5170692.4	0.244045
21654330	5170672.4	0.248175
21654402.14	5170652.39	0.231704
21654474.29	5170632.38	0.250341
21654546.44	5170612.37	0.244915
21654618.58	5170592.36	0.260628
21654690.73	5170572.36	0.283148
21654762.88	5170552.35	0.2495
21654835.02	5170532.34	0.231119
21654907.17	5170512.33	0.262956
21654979.32	5170492.32	0.246732
21655051.46	5170472.32	0.320755
21655123.61	5170452.31	0.248515
21655195.76	5170432.3	0.18584
21655267.9	5170412.29	0.232601
21655340.05	5170392.28	0.248211
21655412.2	5170372.28	0.270435
21655484.34	5170352.27	0.271674
21655556.49	5170332.26	0.281844
21655628.64	5170312.25	0.290177
21655700.78	5170292.24	0.293005
21655772.93	5170272.23	0.296333
21655845.08	5170252.23	0.291666
21655917.22	5170232.22	0.288829
21655989.37	5170212.21	0.266299
21656061.52	5170192.2	0.217659
21656133.66	5170172.19	0.187149
21656205.81	5170152.19	0.248609
21656277.96	5170132.18	0.276568
21656350.1	5170112.17	0.115326
21656422.25	5170092.16	0.165618
21656494.4	5170072.15	0.170334
21656566.54	5170052.15	0.236035
21656638.69	5170032.14	0.252163
21656710.84	5170012.13	0.226157
21656782.98	5169992.12	0.169107
21656855.13	5169972.11	0.257678
21656927.28	5169952.11	0.206395
21656999.42	5169932.1	0.151666
21657071.57	5169912.09	0.18827
21657143.72	5169892.08	0.183311
21657215.86	5169872.07	0.253383
21657288.01	5169852.07	0.253681
21657360.16	5169832.06	0.276092
21657432.3	5169812.05	0.276542
21657504.45	5169792.04	0.283499
21657576.6	5169772.03	0.290369
21657648.74	5169752.03	0.291821
21657720.89	5169732.02	0.28967
21657793.04	5169712.01	0.256734
21657865.18	5169692	0.245608
21657937.33	5169671.99	0.259922
21658009.48	5169651.99	0.290051
21658081.63	5169631.98	0.290954
21658153.77	5169611.97	0.268633
21658225.92	5169591.96	0.269305
21658298.07	5169571.95	0.271484
21658370.21	5169551.94	0.267999
21658442.36	5169531.94	0.286677
21658514.51	5169511.93	0.249881
21658586.65	5169491.92	0.237297
21658658.8	5169471.91	0.203939
21658730.95	5169451.9	0.181887
21658803.09	5169431.9	0.23456
21658875.24	5169411.89	0.242776
21658947.39	5169391.88	0.218898
21659019.53	5169371.87	0.216303
21659091.68	5169351.86	0.218136
21653267.42	5171043.29	0.272851
21653339.57	5171023.28	0.248523
21653411.72	5171003.27	0.26419
21653483.86	5170983.26	0.254529
21653556.01	5170963.26	0.252534
21653628.16	5170943.25	0.171201
21653700.3	5170923.24	0.213499
21653772.45	5170903.23	0.217027
21653844.6	5170883.22	0.212382
21653916.74	5170863.21	0.242718
21653988.89	5170843.21	0.276994
21654061.04	5170823.2	0.314286
21654133.18	5170803.19	0.273805
21654205.33	5170783.18	0.250838
21654277.48	5170763.17	0.236532
21654349.62	5170743.17	0.224749
21654421.77	5170723.16	0.253857
21654493.92	5170703.15	0.253635
21654566.06	5170683.14	0.254335
21654638.21	5170663.13	0.238832
21654710.36	5170643.13	0.163343
21654782.5	5170623.12	0.200284
21654854.65	5170603.11	0.267074
21654926.8	5170583.1	0.276102
21654998.94	5170563.09	0.259266
21655071.09	5170543.09	0.278029
21655143.24	5170523.08	0.273869
21655215.38	5170503.07	0.266106
21655287.53	5170483.06	0.25415
21655359.68	5170463.05	0.244313
21655431.82	5170443.05	0.23434
21655503.97	5170423.04	0.250253
21655576.12	5170403.03	0.279194
21655648.26	5170383.02	0.289527
21655720.41	5170363.01	0.289348
21655792.56	5170343.01	0.318289
21655864.7	5170323	0.292649
21655936.85	5170302.99	0.291314
21656009	5170282.98	0.273101
21656081.14	5170262.97	0.240116
21656153.29	5170242.97	0.213447
21656225.44	5170222.96	0.218798
21656297.58	5170202.95	0.227225
21656369.73	5170182.94	0.0833869
21656441.88	5170162.93	0.19735
21656514.02	5170142.93	0.202305
21656586.17	5170122.92	0.204725
21656658.32	5170102.91	0.184039
21656730.46	5170082.9	0.172865
21656802.61	5170062.89	0.178595
21656874.76	5170042.88	0.195463
21656946.9	5170022.88	0.225236
21657019.05	5170002.87	0.23767
21657091.2	5169982.86	0.226073
21657163.34	5169962.85	0.237547
21657235.49	5169942.84	0.274575
21657307.64	5169922.84	0.292342
21657379.78	5169902.83	0.29214
21657451.93	5169882.82	0.281633
21657524.08	5169862.81	0.280858
21657596.22	5169842.8	0.273102
21657668.37	5169822.8	0.270884
21657740.52	5169802.79	0.250333
21657812.66	5169782.78	0.233369
21657884.81	5169762.77	0.229637
21657956.96	5169742.76	0.274643
21658029.1	5169722.76	0.275531
21658101.25	5169702.75	0.261231
21658173.4	5169682.74	0.220197
21658245.54	5169662.73	0.231222
21658317.69	5169642.72	0.274478
21658389.84	5169622.72	0.281231
21658461.99	5169602.71	0.300087
21658534.13	5169582.7	0.288754
21658606.28	5169562.69	0.25445
21658678.43	5169542.68	0.221994
21658750.57	5169522.68	0.209492
21658822.72	5169502.67	0.240144
21658894.87	5169482.66	0.239655
21658967.01	5169462.65	0.217707
21659039.16	5169442.64	0.212518
21659111.31	5169422.64	0.217774
21653287.05	5171114.06	0.280599
21653359.2	5171094.05	0.197262
21653431.34	5171074.04	0.221702
21653503.49	5171054.03	0.256885
21653575.64	5171034.03	0.246282
21653647.78	5171014.02	0.227112
21653719.93	5170994.01	0.196115
21653792.08	5170974	0.239151
21653864.22	5170953.99	0.279767
21653936.37	5170933.99	0.282328
21654008.52	5170913.98	0.314505
21654080.66	5170893.97	0.327804
21654152.81	5170873.96	0.30313
21654224.96	5170853.95	0.27635
21654297.1	5170833.95	0.280985
21654369.25	5170813.94	0.293983
21654441.4	5170793.93	0.31464
21654513.54	5170773.92	0.314942
21654585.69	5170753.91	0.265135
21654657.84	5170733.91	0.250525
21654729.98	5170713.9	0.281494
21654802.13	5170693.89	0.284815
21654874.28	5170673.88	0.293124
21654946.42	5170653.87	0.187126
21655018.57	5170633.86	0.188488
21655090.72	5170613.86	0.247702
21655162.86	5170593.85	0.281301
21655235.01	5170573.84	0.296287
21655307.16	5170553.83	0.279017
21655379.3	5170533.82	0.265323
21655451.45	5170513.82	0.183479
21655523.6	5170493.81	0.253186
21655595.74	5170473.8	0.272433
21655667.89	5170453.79	0.287069
21655740.04	5170433.78	0.27928
21655812.18	5170413.78	0.276551
21655884.33	5170393.77	0.285266
21655956.48	5170373.76	0.291259
21656028.62	5170353.75	0.285268
21656100.77	5170333.74	0.246706
21656172.92	5170313.74	0.224547
21656245.06	5170293.73	0.220012
21656317.21	5170273.72	0.224711
21656389.36	5170253.71	0.153494
21656461.5	5170233.7	0.240242
21656533.65	5170213.7	0.264804
21656605.8	5170193.69	0.232302
21656677.94	5170173.68	0.210728
21656750.09	5170153.67	0.206358
21656822.24	5170133.66	0.179652
21656894.38	5170113.66	0.205292
21656966.53	5170093.65	0.204887
21657038.68	5170073.64	0.212373
21657110.82	5170053.63	0.241493
21657182.97	5170033.62	0.243927
21657255.12	5170013.62	0.261828
21657327.26	5169993.61	0.273265
21657399.41	5169973.6	0.280882
21657471.56	5169953.59	0.270287
21657543.7	5169933.58	0.244779
21657615.85	5169913.57	0.264835
21657688	5169893.57	0.248557
21657760.14	5169873.56	0.243358
21657832.29	5169853.55	0.238624
21657904.44	5169833.54	0.258463
21657976.58	5169813.53	0.28901
21658048.73	5169793.53	0.277598
21658120.88	5169773.52	0.171251
21658193.02	5169753.51	0.144305
21658265.17	5169733.5	0.211091
21658337.32	5169713.49	0.275331
21658409.46	5169693.49	0.269447
21658481.61	5169673.48	0.32429
21658553.76	5169653.47	0.289944
21658625.91	5169633.46	0.290478
21658698.05	5169613.45	0.218887
21658770.2	5169593.45	0.243951
21658842.35	5169573.44	0.273274
21658914.49	5169553.43	0.251393
21658986.64	5169533.42	0.238273
21659058.79	5169513.41	0.223687
21653306.68	5171184.83	0.268623
21653378.82	5171164.82	0.23114
21653450.97	5171144.81	0.239783
21653523.12	5171124.8	0.246052
21653595.26	5171104.8	0.241011
21653667.41	5171084.79	0.16907
21653739.56	5171064.78	0.185058
21653811.7	5171044.77	0.251541
21653883.85	5171024.76	0.289072
21653956	5171004.76	0.285193
21654028.14	5170984.75	0.302401
21654100.29	5170964.74	0.28672
21654172.44	5170944.73	0.311594
21654244.58	5170924.72	0.308749
21654316.73	5170904.72	0.271755
21654388.88	5170884.71	0.292567
21654461.02	5170864.7	0.32919
21654533.17	5170844.69	0.268672
21654605.32	5170824.68	0.276214
21654677.46	5170804.68	0.261087
21654749.61	5170784.67	0.26858
21654821.76	5170764.66	0.302213
21654893.9	5170744.65	0.276694
21654966.05	5170724.64	0.14559
21655038.2	5170704.64	0.143912
21655110.34	5170684.63	0.233863
21655182.49	5170664.62	0.270933
21655254.64	5170644.61	0.266996
21655326.78	5170624.6	0.247984
21655398.93	5170604.6	0.247476
21655471.08	5170584.59	0.23636
21655543.22	5170564.58	0.264919
21655615.37	5170544.57	0.260024
21655687.52	5170524.56	0.279718
21655759.66	5170504.56	0.290411
21655831.81	5170484.55	0.289685
21655903.96	5170464.54	0.282838
21655976.1	5170444.53	0.288306
21656048.25	5170424.52	0.289607
21656120.4	5170404.51	0.264469
21656192.54	5170384.51	0.273415
21656264.69	5170364.5	0.273366
21656336.84	5170344.49	0.22274
21656408.98	5170324.48	0.250756
21656481.13	5170304.47	0.23889
21656553.28	5170284.47	0.186827
21656625.42	5170264.46	0.213135
21656697.57	5170244.45	0.240605
21656769.72	5170224.44	0.253096
21656841.86	5170204.43	0.248381
21656914.01	5170184.43	0.236045
21656986.16	5170164.42	0.242193
21657058.3	5170144.41	0.188501
21657130.45	5170124.4	0.16382
21657202.6	5170104.39	0.218035
21657274.74	5170084.39	0.234012
21657346.89	5170064.38	0.236244
21657419.04	5170044.37	0.251004
21657491.18	5170024.36	0.252738
21657563.33	5170004.35	0.254301
21657635.48	5169984.35	0.234361
21657707.62	5169964.34	0.235197
21657779.77	5169944.33	0.253755
21657851.92	5169924.32	0.272357
21657924.06	5169904.31	0.298264
21657996.21	5169884.31	0.286078
21658068.36	5169864.3	0.278694
21658140.5	5169844.29	0.231491
21658212.65	5169824.28	0.200048
21658284.8	5169804.27	0.230338
21658356.94	5169784.27	0.283466
21658429.09	5169764.26	0.28648
21658501.24	5169744.25	0.327174
21658573.38	5169724.24	0.296602
21658645.53	5169704.23	0.306011
21658717.68	5169684.22	0.233892
21658789.82	5169664.22	0.221705
21658861.97	5169644.21	0.224884
21658934.12	5169624.2	0.220541
21659006.26	5169604.19	0.231949
21659078.41	5169584.18	0.226284
21653254.15	5171275.61	0.306266
21653326.3	5171255.6	0.276097
21653398.45	5171235.59	0.236822
21653470.6	5171215.58	0.252672
21653542.74	5171195.58	0.183119
21653614.89	5171175.57	0.153885
21653687.04	5171155.56	0.153065
21653759.18	5171135.55	0.145671
21653831.33	5171115.54	0.131485
21653903.48	5171095.54	0.245622
21653975.62	5171075.53	0.288858
21654047.77	5171055.52	0.259196
21654119.92	5171035.51	0.259331
21654192.06	5171015.5	0.303056
21654264.21	5170995.49	0.328326
21654336.36	5170975.49	0.284095
21654408.5	5170955.48	0.278732
21654480.65	5170935.47	0.273126
21654552.8	5170915.46	0.285819
21654624.94	5170895.45	0.252133
21654697.09	5170875.45	0.26923
21654769.24	5170855.44	0.218039
21654841.38	5170835.43	0.248991
21654913.53	5170815.42	0.265639
21654985.68	5170795.41	0.177465
21655057.82	5170775.41	0.137937
21655129.97	5170755.4	0.212041
21655202.12	5170735.39	0.269262
21655274.26	5170715.38	0.260027
21655346.41	5170695.37	0.223519
21655418.56	5170675.37	0.230886
21655490.7	5170655.36	0.278801
21655562.85	5170635.35	0.306878
21655635	5170615.34	0.296822
21655707.14	5170595.33	0.284097
21655779.29	5170575.33	0.287354
21655851.44	5170555.32	0.291459
21655923.58	5170535.31	0.290886
21655995.73	5170515.3	0.287609
21656067.88	5170495.29	0.292947
21656140.02	5170475.29	0.285889
21656212.17	5170455.28	0.297016
21656284.32	5170435.27	0.293802
21656356.46	5170415.26	0.207791
21656428.61	5170395.25	0.234396
21656500.76	5170375.25	0.228009
21656572.9	5170355.24	0.178155
21656645.05	5170335.23	0.252042
21656717.2	5170315.22	0.243616
21656789.34	5170295.21	0.263069
21656861.49	5170275.21	0.238612
21656933.64	5170255.2	0.230248
21657005.78	5170235.19	0.272657
21657077.93	5170215.18	0.285146
21657150.08	5170195.17	0.197775
21657222.22	5170175.16	0.206058
21657294.37	5170155.16	0.19729
21657366.52	5170135.15	0.210939
21657438.66	5170115.14	0.26046
21657510.81	5170095.13	0.259627
21657582.96	5170075.12	0.259441
21657655.1	5170055.12	0.191727
21657727.25	5170035.11	0.133128
21657799.4	5170015.1	0.236996
21657871.54	5169995.09	0.271617
21657943.69	5169975.08	0.292684
21658015.84	5169955.08	0.235739
21658087.98	5169935.07	0.274633
21658160.13	5169915.06	0.267207
21658232.28	5169895.05	0.280906
21658304.42	5169875.04	0.291734
21658376.57	5169855.04	0.291376
21658448.72	5169835.03	0.306266
21658520.86	5169815.02	0.305859
21658593.01	5169795.01	0.280484
21658665.16	5169775	0.300146
21658737.3	5169755	0.279942
21658809.45	5169734.99	0.18905
21658881.6	5169714.98	0.212419
21658953.74	5169694.97	0.219301
21659025.89	5169674.96	0.23024
21659098.04	5169654.96	0
21653273.78	5171346.38	0.309484
21653345.93	5171326.37	0.283371
21653418.07	5171306.36	0.253214
21653490.22	5171286.35	0.265012
21653562.37	5171266.35	0.242399
21653634.51	5171246.34	0.207707
21653706.66	5171226.33	0.257798
21653778.81	5171206.32	0.169227
21653850.96	5171186.31	0.181124
21653923.1	5171166.31	0.21007
21653995.25	5171146.3	0.246645
21654067.4	5171126.29	0.253527
21654139.54	5171106.28	0.180362
21654211.69	5171086.27	0.221207
21654283.84	5171066.27	0.24352
21654355.98	5171046.26	0.235005
21654428.13	5171026.25	0.237302
21654500.28	5171006.24	0.273991
21654572.42	5170986.23	0.312313
21654644.57	5170966.23	0.304414
21654716.72	5170946.22	0.301415
21654788.86	5170926.21	0.245602
21654861.01	5170906.2	0.211946
21654933.16	5170886.19	0.252548
21655005.3	5170866.18	0.198708
21655077.45	5170846.18	0.188008
21655149.6	5170826.17	0.247751
21655221.74	5170806.16	0.246921
21655293.89	5170786.15	0.23182
21655366.04	5170766.14	0.206426
21655438.18	5170746.14	0.236823
21655510.33	5170726.13	0.273845
21655582.48	5170706.12	0.275401
21655654.62	5170686.11	0.244095
21655726.77	5170666.1	0.255983
21655798.92	5170646.1	0.318365
21655871.06	5170626.09	0.307076
21655943.21	5170606.08	0.299782
21656015.36	5170586.07	0.30381
21656087.5	5170566.06	0.289313
21656159.65	5170546.06	0.283217
21656231.8	5170526.05	0.268797
21656303.94	5170506.04	0.224285
21656376.09	5170486.03	0.174825
21656448.24	5170466.02	0.171782
21656520.38	5170446.02	0.195549
21656592.53	5170426.01	0.202556
21656664.68	5170406	0.230444
21656736.82	5170385.99	0.285901
21656808.97	5170365.98	0.279277
21656881.12	5170345.98	0.223199
21656953.26	5170325.97	0.221183
21657025.41	5170305.96	0.29202
21657097.56	5170285.95	0.295102
21657169.7	5170265.94	0.260214
21657241.85	5170245.94	0.226594
21657314	5170225.93	0.215888
21657386.14	5170205.92	0.249154
21657458.29	5170185.91	0.279614
21657530.44	5170165.9	0.277141
21657602.58	5170145.9	0.245158
21657674.73	5170125.89	0.171316
21657746.88	5170105.88	0.120015
21657819.02	5170085.87	0.203045
21657891.17	5170065.86	0.271406
21657963.32	5170045.85	0.283808
21658035.46	5170025.85	0.27738
21658107.61	5170005.84	0.183692
21658179.76	5169985.83	0.23771
21658251.9	5169965.82	0.277114
21658324.05	5169945.81	0.290406
21658396.2	5169925.81	0.284544
21658468.34	5169905.8	0.292625
21658540.49	5169885.79	0.276316
21658612.64	5169865.78	0.266545
21658684.78	5169845.77	0.274038
21658756.93	5169825.77	0.268208
21658829.08	5169805.76	0.213102
21658901.22	5169785.75	0.155438
21658973.37	5169765.74	0.179953
21659045.52	5169745.73	0.177521
21653293.41	5171417.15	0.290999
21653365.55	5171397.14	0.23687
21653437.7	5171377.13	0.205923
21653509.85	5171357.12	0.199662
21653581.99	5171337.12	0.255985
21653654.14	5171317.11	0.243436
21653726.29	5171297.1	0.213397
21653798.43	5171277.09	0.160811
21653870.58	5171257.08	0.182137
21653942.73	5171237.08	0.197721
21654014.87	5171217.07	0.201846
21654087.02	5171197.06	0.274761
21654159.17	5171177.05	0.252575
21654231.32	5171157.04	0.233604
21654303.46	5171137.04	0.200354
21654375.61	5171117.03	0.204666
21654447.76	5171097.02	0.213546
21654519.9	5171077.01	0.312012
21654592.05	5171057	0.300128
21654664.2	5171037	0.317243
21654736.34	5171016.99	0.288273
21654808.49	5170996.98	0.24301
21654880.64	5170976.97	0.210488
21654952.78	5170956.96	0.234964
21655024.93	5170936.96	0.182635
21655097.08	5170916.95	0.165499
21655169.22	5170896.94	0.214366
21655241.37	5170876.93	0.237141
21655313.52	5170856.92	0.180836
21655385.66	5170836.92	0.147926
21655457.81	5170816.91	0.177631
21655529.96	5170796.9	0.256419
21655602.1	5170776.89	0.225431
21655674.25	5170756.88	0.228098
21655746.4	5170736.88	0.274042
21655818.54	5170716.87	0.235578
21655890.69	5170696.86	0.304274
21655962.84	5170676.85	0.291896
21656034.98	5170656.84	0.289515
21656107.13	5170636.83	0.285921
21656179.28	5170616.83	0.263282
21656251.42	5170596.82	0.25024
21656323.57	5170576.81	0.222751
21656395.72	5170556.8	0.228304
21656467.86	5170536.79	0.181187
21656540.01	5170516.79	0.242192
21656612.16	5170496.78	0.22268
21656684.3	5170476.77	0.226403
21656756.45	5170456.76	0.258443
21656828.6	5170436.75	0.244093
21656900.74	5170416.75	0.235931
21656972.89	5170396.74	0.247653
21657045.04	5170376.73	0.275883
21657117.18	5170356.72	0.258479
21657189.33	5170336.71	0.254402
21657261.48	5170316.71	0.257869
21657333.62	5170296.7	0.251108
21657405.77	5170276.69	0.248035
21657477.92	5170256.68	0.2923
21657550.06	5170236.67	0.277546
21657622.21	5170216.67	0.200834
21657694.36	5170196.66	0.214206
21657766.5	5170176.65	0.132131
21657838.65	5170156.64	0.224898
21657910.8	5170136.63	0.263088
21657982.94	5170116.63	0.286595
21658055.09	5170096.62	0.301717
21658127.24	5170076.61	0.252212
21658199.38	5170056.6	0.249048
21658271.53	5170036.59	0.190642
21658343.68	5170016.59	0.223464
21658415.82	5169996.58	0.254096
21658487.97	5169976.57	0.267613
21658560.12	5169956.56	0.240481
21658632.26	5169936.55	0.213082
21658704.41	5169916.55	0.217396
21658776.56	5169896.54	0.264683
21658848.7	5169876.53	0.225547
21658920.85	5169856.52	0.188709
21658993	5169836.51	0.183313
21659065.14	5169816.5	0.174274
21653313.03	5171487.92	0.263325
21653385.18	5171467.91	0.249797
21653457.33	5171447.9	0.175023
21653529.47	5171427.9	0.164609
21653601.62	5171407.89	0.143832
21653673.77	5171387.88	0.1951
21653745.91	5171367.87	0.219643
21653818.06	5171347.86	0.20224
21653890.21	5171327.86	0.15634
21653962.35	5171307.85	0.222089
21654034.5	5171287.84	0.223439
21654106.65	5171267.83	0.181702
21654178.79	5171247.82	0.243599
21654250.94	5171227.82	0.261093
21654323.09	5171207.81	0.211642
21654395.23	5171187.8	0.21274
21654467.38	5171167.79	0.194698
21654539.53	5171147.78	0.268303
21654611.67	5171127.77	0.28593
21654683.82	5171107.77	0.267647
21654755.97	5171087.76	0.294827
21654828.12	5171067.75	0.225202
21654900.26	5171047.74	0.181867
21654972.41	5171027.73	0.211103
21655044.56	5171007.73	0.097738
21655116.7	5170987.72	0
21655188.85	5170967.71	0.167449
21655261	5170947.7	0.203151
21655333.14	5170927.69	0.150623
21655405.29	5170907.69	0.165667
21655477.44	5170887.68	0.231006
21655549.58	5170867.67	0.269291
21655621.73	5170847.66	0.257258
21655693.88	5170827.65	0.270161
21655766.02	5170807.65	0.264079
21655838.17	5170787.64	0.252772
21655910.32	5170767.63	0.290018
21655982.46	5170747.62	0.288148
21656054.61	5170727.61	0.284563
21656126.76	5170707.61	0.285302
21656198.9	5170687.6	0.287177
21656271.05	5170667.59	0.27127
21656343.2	5170647.58	0.193857
21656415.34	5170627.57	0.163374
21656487.49	5170607.57	0.244666
21656559.64	5170587.56	0.286964
21656631.78	5170567.55	0.281047
21656703.93	5170547.54	0.302463
21656776.08	5170527.53	0.277754
21656848.22	5170507.53	0.195987
21656920.37	5170487.52	0.177365
21656992.52	5170467.51	0.227541
21657064.66	5170447.5	0.270463
21657136.81	5170427.49	0.286313
21657208.96	5170407.48	0.289388
21657281.1	5170387.48	0.26477
21657353.25	5170367.47	0.300209
21657425.4	5170347.46	0.250737
21657497.54	5170327.45	0.266782
21657569.69	5170307.44	0.280344
21657641.84	5170287.44	0.264523
21657713.98	5170267.43	0.231597
21657786.13	5170247.42	0.151756
21657858.28	5170227.41	0.15006
21657930.42	5170207.4	0.250316
21658002.57	5170187.4	0.318567
21658074.72	5170167.39	0.309236
21658146.86	5170147.38	0.261803
21658219.01	5170127.37	0.250627
21658291.16	5170107.36	0.194923
21658363.3	5170087.36	0.223413
21658435.45	5170067.35	0.260968
21658507.6	5170047.34	0.208667
21658579.74	5170027.33	0.134556
21658651.89	5170007.32	0.113258
21658724.04	5169987.32	0.246205
21658796.18	5169967.31	0.228697
21658868.33	5169947.3	0.233235
21658940.48	5169927.29	0.260015
21659012.62	5169907.28	0.258596
21659084.77	5169887.28	0.222851
21653260.51	5171578.7	0.239338
21653332.66	5171558.69	0.265236
21653404.81	5171538.68	0.255554
21653476.95	5171518.67	0.278442
21653549.1	5171498.67	0.215007
21653621.25	5171478.66	0.180496
21653693.39	5171458.65	0.209033
21653765.54	5171438.64	0.250948
21653837.69	5171418.63	0.181697
21653909.83	5171398.63	0.223929
21653981.98	5171378.62	0.193419
21654054.13	5171358.61	0.149187
21654126.27	5171338.6	0.187289
21654198.42	5171318.59	0.269894
21654270.57	5171298.59	0.202073
21654342.71	5171278.58	0.178509
21654414.86	5171258.57	0.210988
21654487.01	5171238.56	0.29393
21654559.15	5171218.55	0.31331
21654631.3	5171198.55	0.312955
21654703.45	5171178.54	0.291904
21654775.59	5171158.53	0.237038
21654847.74	5171138.52	0.230387
21654919.89	5171118.51	0.0647192
21654992.04	5171098.51	0.0978755
21655064.18	5171078.5	0.134984
21655136.33	5171058.49	0.231992
21655208.48	5171038.48	0.14644
21655280.62	5171018.47	0.179771
21655352.77	5170998.47	0.165999
21655424.92	5170978.46	0.182235
21655497.06	5170958.45	0.245693
21655569.21	5170938.44	0.27379
21655641.36	5170918.43	0.269919
21655713.5	5170898.42	0.285254
21655785.65	5170878.42	0.281752
21655857.8	5170858.41	0.275587
21655929.94	5170838.4	0.269803
21656002.09	5170818.39	0.281576
21656074.24	5170798.38	0.287821
21656146.38	5170778.38	0.286728
21656218.53	5170758.37	0.286771
21656290.68	5170738.36	0.273344
21656362.82	5170718.35	0.275301
21656434.97	5170698.34	0.209842
21656507.12	5170678.34	0.255627
21656579.26	5170658.33	0.286855
21656651.41	5170638.32	0.304995
21656723.56	5170618.31	0.310404
21656795.7	5170598.3	0.267246
21656867.85	5170578.3	0.252793
21656940	5170558.29	0.198626
21657012.14	5170538.28	0.205827
21657084.29	5170518.27	0.251558
21657156.44	5170498.26	0.291002
21657228.58	5170478.26	0.280663
21657300.73	5170458.25	0.274586
21657372.88	5170438.24	0.261949
21657445.02	5170418.23	0.26491
21657517.17	5170398.22	0.268669
21657589.32	5170378.22	0.289659
21657661.46	5170358.21	0.297049
21657733.61	5170338.2	0.267319
21657805.76	5170318.19	0.180631
21657877.9	5170298.18	0.142302
21657950.05	5170278.18	0.24704
21658022.2	5170258.17	0.288346
21658094.34	5170238.16	0.321546
21658166.49	5170218.15	0.314936
21658238.64	5170198.14	0.313991
21658310.78	5170178.13	0.253848
21658382.93	5170158.13	0.213673
21658455.08	5170138.12	0.237811
21658527.22	5170118.11	0.188042
21658599.37	5170098.1	0.197846
21658671.52	5170078.09	0.160018
21658743.66	5170058.09	0.255387
21658815.81	5170038.08	0.276668
21658887.96	5170018.07	0.332266
21658960.1	5169998.06	0.321048
21659032.25	5169978.05	0.296253
21659104.4	5169958.05	0.242508
21653280.14	5171649.47	0.29763
21653352.29	5171629.46	0.302702
21653424.43	5171609.45	0.282891
21653496.58	5171589.45	0.281754
21653568.73	5171569.44	0.315444
21653640.87	5171549.43	0.256965
21653713.02	5171529.42	0.215712
21653785.17	5171509.41	0.204854
21653857.31	5171489.4	0.203802
21653929.46	5171469.4	0.267269
21654001.61	5171449.39	0.168015
21654073.75	5171429.38	0.130275
21654145.9	5171409.37	0.15914
21654218.05	5171389.36	0.260786
21654290.19	5171369.36	0.196708
21654362.34	5171349.35	0.155649
21654434.49	5171329.34	0.17724
21654506.63	5171309.33	0.213495
21654578.78	5171289.32	0.264692
21654650.93	5171269.32	0.311241
21654723.07	5171249.31	0.248445
21654795.22	5171229.3	0.20335
21654867.37	5171209.29	0.268232
21654939.51	5171189.28	0.112978
21655011.66	5171169.28	0.191758
21655083.81	5171149.27	0.207129
21655155.95	5171129.26	0.237412
21655228.1	5171109.25	0.1389
21655300.25	5171089.24	0.183852
21655372.39	5171069.24	0.210456
21655444.54	5171049.23	0.22031
21655516.69	5171029.22	0.250798
21655588.84	5171009.21	0.264707
21655660.98	5170989.2	0.295117
21655733.13	5170969.2	0.289571
21655805.28	5170949.19	0.280451
21655877.42	5170929.18	0.272508
21655949.57	5170909.17	0.265815
21656021.72	5170889.16	0.273635
21656093.86	5170869.16	0.287096
21656166.01	5170849.15	0.289032
21656238.16	5170829.14	0.289713
21656310.3	5170809.13	0.272363
21656382.45	5170789.12	0.268522
21656454.6	5170769.11	0.222669
21656526.74	5170749.11	0.225176
21656598.89	5170729.1	0.277587
21656671.04	5170709.09	0.334033
21656743.18	5170689.08	0.271996
21656815.33	5170669.07	0.22524
21656887.48	5170649.07	0.200162
21656959.62	5170629.06	0.196059
21657031.77	5170609.05	0.20917
21657103.92	5170589.04	0.225526
21657176.06	5170569.03	0.243296
21657248.21	5170549.03	0.207162
21657320.36	5170529.02	0.259495
21657392.5	5170509.01	0.23974
21657464.65	5170489	0.267483
21657536.8	5170468.99	0.253719
21657608.94	5170448.99	0.309173
21657681.09	5170428.98	0.265492
21657753.24	5170408.97	0.197486
21657825.38	5170388.96	0.12017
21657897.53	5170368.95	0.0637224
21657969.68	5170348.95	0.248755
21658041.82	5170328.94	0.292532
21658113.97	5170308.93	0.338792
21658186.12	5170288.92	0.329711
21658258.26	5170268.91	0.341376
21658330.41	5170248.91	0.244372
21658402.56	5170228.9	0.249661
21658474.7	5170208.89	0.155533
21658546.85	5170188.88	0.176049
21658619	5170168.87	0.183185
21658691.14	5170148.87	0.148087
21658763.29	5170128.86	0.291879
21658835.44	5170108.85	0.292087
21658907.58	5170088.84	0.172407
21658979.73	5170068.83	0.238984
21659051.88	5170048.83	0.276682
21653299.77	5171720.24	0.32299
21653371.91	5171700.23	0.326826
21653444.06	5171680.22	0.253273
21653516.21	5171660.22	0.238291
21653588.35	5171640.21	0.292453
21653660.5	5171620.2	0.28955
21653732.65	5171600.19	0.273178
21653804.79	5171580.18	0.262427
21653876.94	5171560.18	0.264159
21653949.09	5171540.17	0.28802
21654021.23	5171520.16	0.245246
21654093.38	5171500.15	0.169068
21654165.53	5171480.14	0.199772
21654237.67	5171460.14	0.263584
21654309.82	5171440.13	0.252198
21654381.97	5171420.12	0.253994
21654454.11	5171400.11	0.258387
21654526.26	5171380.1	0.190261
21654598.41	5171360.09	0.209806
21654670.55	5171340.09	0.220084
21654742.7	5171320.08	0.212278
21654814.85	5171300.07	0.210104
21654886.99	5171280.06	0.259207
21654959.14	5171260.05	0.251091
21655031.29	5171240.05	0.249465
21655103.43	5171220.04	0.242359
21655175.58	5171200.03	0.200725
21655247.73	5171180.02	0.135398
21655319.87	5171160.01	0.211025
21655392.02	5171140.01	0.191385
21655464.17	5171120	0.209366
21655536.31	5171099.99	0.219527
21655608.46	5171079.98	0.202522
21655680.61	5171059.97	0.23624
21655752.76	5171039.97	0.337936
21655824.9	5171019.96	0.273903
21655897.05	5170999.95	0.286051
21655969.2	5170979.94	0.296391
21656041.34	5170959.93	0.29877
21656113.49	5170939.93	0.292482
21656185.64	5170919.92	0.286689
21656257.78	5170899.91	0.286654
21656329.93	5170879.9	0.256936
21656402.08	5170859.89	0.265781
21656474.22	5170839.89	0.216776
21656546.37	5170819.88	0.175584
21656618.52	5170799.87	0.19256
21656690.66	5170779.86	0.259476
21656762.81	5170759.85	0.22649
21656834.96	5170739.85	0.222138
21656907.1	5170719.84	0.135258
21656979.25	5170699.83	0.116589
21657051.4	5170679.82	0.165293
21657123.54	5170659.81	0.200888
21657195.69	5170639.81	0.165224
21657267.84	5170619.8	0.139732
21657339.98	5170599.79	0.210895
21657412.13	5170579.78	0.276774
21657484.28	5170559.77	0.292481
21657556.42	5170539.76	0.322858
21657628.57	5170519.76	0.29774
21657700.72	5170499.75	0.260371
21657772.86	5170479.74	0.2688
21657845.01	5170459.73	0.196903
21657917.16	5170439.72	0.199342
21657989.3	5170419.72	0.273459
21658061.45	5170399.71	0.190967
21658133.6	5170379.7	0.234641
21658205.74	5170359.69	0.204715
21658277.89	5170339.68	0.261386
21658350.04	5170319.68	0.22674
21658422.18	5170299.67	0.223198
21658494.33	5170279.66	0.185654
21658566.48	5170259.65	0.16284
21658638.62	5170239.64	0.192919
21658710.77	5170219.64	0.177483
21658782.92	5170199.63	0.275911
21658855.06	5170179.62	0.28418
21658927.21	5170159.61	0.249763
21658999.36	5170139.6	0.246385
21659071.5	5170119.6	0.24252
21653247.25	5171811.02	0.286174
21653319.39	5171791.01	0.30561
21653391.54	5171771	0.32873
21653463.69	5171750.99	0.286116
21653535.83	5171730.99	0.220189
21653607.98	5171710.98	0.283154
21653680.13	5171690.97	0.285633
21653752.27	5171670.96	0.297902
21653824.42	5171650.95	0.313918
21653896.57	5171630.95	0.329476
21653968.71	5171610.94	0.30778
21654040.86	5171590.93	0.336798
21654113.01	5171570.92	0.294159
21654185.15	5171550.91	0.284582
21654257.3	5171530.91	0.267855
21654329.45	5171510.9	0.291925
21654401.59	5171490.89	0.302175
21654473.74	5171470.88	0.278925
21654545.89	5171450.87	0.273601
21654618.03	5171430.87	0.316565
21654690.18	5171410.86	0.281838
21654762.33	5171390.85	0.249241
21654834.47	5171370.84	0.28837
21654906.62	5171350.83	0.248974
21654978.77	5171330.83	0.252346
21655050.91	5171310.82	0.26051
21655123.06	5171290.81	0.26387
21655195.21	5171270.8	0.232669
21655267.35	5171250.79	0.223035
21655339.5	5171230.79	0.262248
21655411.65	5171210.78	0.257878
21655483.79	5171190.77	0.244262
21655555.94	5171170.76	0.266163
21655628.09	5171150.75	0.259868
21655700.23	5171130.74	0.281235
21655772.38	5171110.74	0.315428
21655844.53	5171090.73	0.287057
21655916.67	5171070.72	0.296129
21655988.82	5171050.71	0.297767
21656060.97	5171030.7	0.300803
21656133.11	5171010.7	0.290821
21656205.26	5170990.69	0.282858
21656277.41	5170970.68	0.260088
21656349.56	5170950.67	0.253744
21656421.7	5170930.66	0.260071
21656493.85	5170910.66	0.224303
21656566	5170890.65	0.218429
21656638.14	5170870.64	0.221309
21656710.29	5170850.63	0.254165
21656782.44	5170830.62	0.284089
21656854.58	5170810.62	0.339341
21656926.73	5170790.61	0.194119
21656998.88	5170770.6	0.16053
21657071.02	5170750.59	0.15551
21657143.17	5170730.58	0.19234
21657215.32	5170710.58	0.131974
21657287.46	5170690.57	0.1523
21657359.61	5170670.56	0.27467
21657431.76	5170650.55	0.320109
21657503.9	5170630.54	0.26597
21657576.05	5170610.54	0.267819
21657648.2	5170590.53	0.255668
21657720.34	5170570.52	0.225061
21657792.49	5170550.51	0.244364
21657864.64	5170530.5	0.261571
21657936.78	5170510.5	0.245618
21658008.93	5170490.49	0.269229
21658081.08	5170470.48	0.209518
21658153.22	5170450.47	0.169683
21658225.37	5170430.46	0.218666
21658297.52	5170410.46	0.26938
21658369.66	5170390.45	0.236469
21658441.81	5170370.44	0.206283
21658513.96	5170350.43	0.219198
21658586.1	5170330.42	0.18923
21658658.25	5170310.41	0.263418
21658730.4	5170290.41	0.248456
21658802.54	5170270.4	0.263142
21658874.69	5170250.39	0.31308
21658946.84	5170230.38	0.301092
21659018.98	5170210.37	0.318417
21659091.13	5170190.37	0.286572
21653266.87	5171881.79	0.296878
21653339.02	5171861.78	0.311667
21653411.17	5171841.77	0.337147
21653483.31	5171821.77	0.288471
21653555.46	5171801.76	0.2335
21653627.61	5171781.75	0.284793
21653699.75	5171761.74	0.295513
21653771.9	5171741.73	0.334245
21653844.05	5171721.73	0.342841
21653916.19	5171701.72	0.336261
21653988.34	5171681.71	0.315304
21654060.49	5171661.7	0.34414
21654132.63	5171641.69	0.337888
21654204.78	5171621.68	0.312345
21654276.93	5171601.68	0.289487
21654349.07	5171581.67	0.300642
21654421.22	5171561.66	0.290426
21654493.37	5171541.65	0.278316
21654565.51	5171521.64	0.280919
21654637.66	5171501.64	0.268545
21654709.81	5171481.63	0.199321
21654781.95	5171461.62	0.242588
21654854.1	5171441.61	0.276701
21654926.25	5171421.6	0.27142
21654998.39	5171401.6	0.268027
21655070.54	5171381.59	0.26815
21655142.69	5171361.58	0.251837
21655214.83	5171341.57	0.277205
21655286.98	5171321.56	0.306121
21655359.13	5171301.56	0.294728
21655431.27	5171281.55	0.274866
21655503.42	5171261.54	0.286848
21655575.57	5171241.53	0.324561
21655647.71	5171221.52	0.325452
21655719.86	5171201.52	0.315674
21655792.01	5171181.51	0.279763
21655864.15	5171161.5	0.264212
21655936.3	5171141.49	0.288837
21656008.45	5171121.48	0.296553
21656080.59	5171101.48	0.298357
21656152.74	5171081.47	0.293382
21656224.89	5171061.46	0.274163
21656297.03	5171041.45	0.2444
21656369.18	5171021.44	0.243721
21656441.33	5171001.44	0.254491
21656513.48	5170981.43	0.246665
21656585.62	5170961.42	0.245228
21656657.77	5170941.41	0.255699
21656729.91	5170921.4	0.279246
21656802.06	5170901.39	0.323584
21656874.21	5170881.39	0.28839
21656946.36	5170861.38	0.235884
21657018.5	5170841.37	0.22153
21657090.65	5170821.36	0.226319
21657162.8	5170801.35	0.213076
21657234.94	5170781.35	0.248657
21657307.09	5170761.34	0.275957
21657379.24	5170741.33	0.282872
21657451.38	5170721.32	0.284492
21657523.53	5170701.31	0.244628
21657595.68	5170681.31	0.219925
21657667.82	5170661.3	0.198546
21657739.97	5170641.29	0.21069
21657812.12	5170621.28	0.241056
21657884.26	5170601.27	0.283406
21657956.41	5170581.27	0.279073
21658028.56	5170561.26	0.307897
21658100.7	5170541.25	0.343602
21658172.85	5170521.24	0.345934
21658245	5170501.23	0.318393
21658317.14	5170481.23	0.358534
21658389.29	5170461.22	0.325481
21658461.44	5170441.21	0.291894
21658533.58	5170421.2	0.252705
21658605.73	5170401.19	0.230744
21658677.88	5170381.19	0.291486
21658750.02	5170361.18	0.220612
21658822.17	5170341.17	0.253614
21658894.32	5170321.16	0.297505
21658966.46	5170301.15	0.304674
21659038.61	5170281.15	0.284679
21653286.5	5171952.56	0.332669
21653358.65	5171932.55	0.328
21653430.79	5171912.54	0.34244
21653502.94	5171892.54	0.261385
21653575.09	5171872.53	0.242549
21653647.23	5171852.52	0.317839
21653719.38	5171832.51	0.294531
21653791.53	5171812.5	0.329965
21653863.67	5171792.5	0.353547
21653935.82	5171772.49	0.331351
21654007.97	5171752.48	0.305902
21654080.11	5171732.47	0.350343
21654152.26	5171712.46	0.346071
21654224.41	5171692.46	0.339332
21654296.55	5171672.45	0.336639
21654368.7	5171652.44	0.319829
21654440.85	5171632.43	0.311352
21654512.99	5171612.42	0.304671
21654585.14	5171592.42	0.299783
21654657.29	5171572.41	0.270199
21654729.43	5171552.4	0.265605
21654801.58	5171532.39	0.286634
21654873.73	5171512.38	0.284442
21654945.87	5171492.37	0.285966
21655018.02	5171472.37	0.277154
21655090.17	5171452.36	0.262258
21655162.31	5171432.35	0.257705
21655234.46	5171412.34	0.264662
21655306.61	5171392.33	0.321478
21655378.75	5171372.33	0.309591
21655450.9	5171352.32	0.297476
21655523.05	5171332.31	0.297363
21655595.19	5171312.3	0.307967
21655667.34	5171292.29	0.300258
21655739.49	5171272.29	0.286627
21655811.63	5171252.28	0.254817
21655883.78	5171232.27	0.267133
21655955.93	5171212.26	0.275426
21656028.07	5171192.25	0.286101
21656100.22	5171172.25	0.292473
21656172.37	5171152.24	0.288606
21656244.51	5171132.23	0.259511
21656316.66	5171112.22	0.259401
21656388.81	5171092.21	0.263254
21656460.95	5171072.21	0.258414
21656533.1	5171052.2	0.274732
21656605.25	5171032.19	0.270394
21656677.39	5171012.18	0.264931
21656749.54	5170992.17	0.265708
21656821.69	5170972.17	0.307034
21656893.84	5170952.16	0.266284
21656965.98	5170932.15	0.261841
21657038.13	5170912.14	0.262154
21657110.27	5170892.13	0.259462
21657182.42	5170872.13	0.248043
21657254.57	5170852.12	0.250448
21657326.72	5170832.11	0.266911
21657398.86	5170812.1	0.271521
21657471.01	5170792.09	0.243364
21657543.16	5170772.09	0.209088
21657615.3	5170752.08	0.201518
21657687.45	5170732.07	0.207092
21657759.6	5170712.06	0.254366
21657831.74	5170692.05	0.256082
21657903.89	5170672.04	0.290524
21657976.04	5170652.04	0.296471
21658048.18	5170632.03	0.297179
21658120.33	5170612.02	0.354649
21658192.48	5170592.01	0.350345
21658264.62	5170572	0.324802
21658336.77	5170552	0.363238
21658408.92	5170531.99	0.35428
21658481.06	5170511.98	0.303929
21658553.21	5170491.97	0.258339
21658625.36	5170471.96	0.258205
21658697.5	5170451.96	0.263904
21658769.65	5170431.95	0.291908
21658841.8	5170411.94	0.279817
21658913.94	5170391.93	0.288284
21658986.09	5170371.92	0.308143
21659058.24	5170351.92	0.311399
21653306.13	5172023.33	0.339556
21653378.27	5172003.32	0.342845
21653450.42	5171983.31	0.339827
21653522.57	5171963.31	0.238529
21653594.71	5171943.3	0.24169
21653666.86	5171923.29	0.258173
21653739.01	5171903.28	0.295362
21653811.15	5171883.27	0.33204
21653883.3	5171863.27	0.353979
21653955.45	5171843.26	0.342243
21654027.59	5171823.25	0.320352
21654099.74	5171803.24	0.354076
21654171.89	5171783.23	0.352106
21654244.03	5171763.23	0.346099
21654316.18	5171743.22	0.340563
21654388.33	5171723.21	0.324475
21654460.47	5171703.2	0.31142
21654532.62	5171683.19	0.318801
21654604.77	5171663.19	0.303981
21654676.91	5171643.18	0.279776
21654749.06	5171623.17	0.259603
21654821.21	5171603.16	0.263168
21654893.35	5171583.15	0.264067
21654965.5	5171563.15	0.237048
21655037.65	5171543.14	0.242159
21655109.79	5171523.13	0.261742
21655181.94	5171503.12	0.264378
21655254.09	5171483.11	0.270824
21655326.23	5171463.11	0.311784
21655398.38	5171443.1	0.330366
21655470.53	5171423.09	0.296603
21655542.67	5171403.08	0.290695
21655614.82	5171383.07	0.298229
21655686.97	5171363.07	0.291042
21655759.11	5171343.06	0.324338
21655831.26	5171323.05	0.291208
21655903.41	5171303.04	0.261957
21655975.55	5171283.03	0.274426
21656047.7	5171263.02	0.284679
21656119.85	5171243.02	0.282708
21656191.99	5171223.01	0.277838
21656264.14	5171203	0.269452
21656336.29	5171182.99	0.258295
21656408.43	5171162.98	0.254141
21656480.58	5171142.98	0.265226
21656552.73	5171122.97	0.275154
21656624.87	5171102.96	0.262148
21656697.02	5171082.95	0.258275
21656769.17	5171062.94	0.235855
21656841.31	5171042.94	0.256816
21656913.46	5171022.93	0.247114
21656985.61	5171002.92	0.240192
21657057.75	5170982.91	0.241016
21657129.9	5170962.9	0.226361
21657202.05	5170942.9	0.220925
21657274.19	5170922.89	0.213323
21657346.34	5170902.88	0.223513
21657418.49	5170882.87	0.222008
21657490.64	5170862.86	0.212665
21657562.78	5170842.86	0.209681
21657634.93	5170822.85	0.235129
21657707.08	5170802.84	0.254846
21657779.22	5170782.83	0.279213
21657851.37	5170762.82	0.27559
21657923.52	5170742.82	0.296499
21657995.66	5170722.81	0.277212
21658067.81	5170702.8	0.307693
21658139.96	5170682.79	0.34956
21658212.1	5170662.78	0.35087
21658284.25	5170642.78	0.327611
21658356.4	5170622.77	0.3666
21658428.54	5170602.76	0.370039
21658500.69	5170582.75	0.323381
21658572.84	5170562.74	0.311112
21658644.98	5170542.74	0.322071
21658717.13	5170522.73	0.315205
21658789.28	5170502.72	0.293393
21658861.42	5170482.71	0.285992
21658933.57	5170462.7	0.304371
21659005.72	5170442.69	0.304027
21659077.86	5170422.69	0.317664
21653253.61	5172114.11	0.342029
21653325.75	5172094.1	0.332906
21653397.9	5172074.09	0.343051
21653470.05	5172054.09	0.308645
21653542.19	5172034.08	0.235516
21653614.34	5172014.07	0.236967
21653686.49	5171994.06	0.262224
21653758.63	5171974.05	0.28613
21653830.78	5171954.05	0.324585
21653902.93	5171934.04	0.353785
21653975.07	5171914.03	0.32762
21654047.22	5171894.02	0.31247
21654119.37	5171874.01	0.351433
21654191.51	5171854	0.353745
21654263.66	5171834	0.349513
21654335.81	5171813.99	0.341182
21654407.95	5171793.98	0.347041
21654480.1	5171773.97	0.332946
21654552.25	5171753.96	0.330825
21654624.39	5171733.96	0.308001
21654696.54	5171713.95	0.289167
21654768.69	5171693.94	0.265348
21654840.83	5171673.93	0.274227
21654912.98	5171653.92	0.264418
21654985.13	5171633.92	0.224662
21655057.27	5171613.91	0.259016
21655129.42	5171593.9	0.260528
21655201.57	5171573.89	0.28349
21655273.71	5171553.88	0.286004
21655345.86	5171533.88	0.324144
21655418.01	5171513.87	0.335449
21655490.15	5171493.86	0.321162
21655562.3	5171473.85	0.286878
21655634.45	5171453.84	0.303507
21655706.59	5171433.84	0.310962
21655778.74	5171413.83	0.323767
21655850.89	5171393.82	0.273079
21655923.03	5171373.81	0.264983
21655995.18	5171353.8	0.267774
21656067.33	5171333.8	0.281698
21656139.47	5171313.79	0.28425
21656211.62	5171293.78	0.272287
21656283.77	5171273.77	0.27583
21656355.91	5171253.76	0.252571
21656428.06	5171233.76	0.250234
21656500.21	5171213.75	0.25321
21656572.35	5171193.74	0.265953
21656644.5	5171173.73	0.25718
21656716.65	5171153.72	0.231598
21656788.79	5171133.72	0.21645
21656860.94	5171113.71	0.208345
21656933.09	5171093.7	0.203925
21657005.23	5171073.69	0.214573
21657077.38	5171053.68	0.212406
21657149.53	5171033.67	0.203497
21657221.67	5171013.67	0.178026
21657293.82	5170993.66	0.143175
21657365.97	5170973.65	0.187284
21657438.11	5170953.64	0.177928
21657510.26	5170933.63	0.19434
21657582.41	5170913.63	0.213165
21657654.55	5170893.62	0.248141
21657726.7	5170873.61	0.288798
21657798.85	5170853.6	0.31052
21657870.99	5170833.59	0.309187
21657943.14	5170813.59	0.322469
21658015.29	5170793.58	0.299708
21658087.44	5170773.57	0.304154
21658159.58	5170753.56	0.352159
21658231.73	5170733.55	0.350532
21658303.88	5170713.55	0.317021
21658376.02	5170693.54	0.3606
21658448.17	5170673.53	0.36622
21658520.32	5170653.52	0.332267
21658592.46	5170633.51	0.343189
21658664.61	5170613.51	0.349026
21658736.76	5170593.5	0.34053
21658808.9	5170573.49	0.329703
21658881.05	5170553.48	0.294905
21658953.2	5170533.47	0.304267
21659025.34	5170513.47	0.319168
21659097.49	5170493.46	0.322756
21653273.23	5172184.88	0.325065
21653345.38	5172164.87	0.336539
21653417.53	5172144.86	0.345824
21653489.67	5172124.86	0.279926
21653561.82	5172104.85	0.238175
21653633.97	5172084.84	0.237076
21653706.11	5172064.83	0.237663
21653778.26	5172044.82	0.26816
21653850.41	5172024.82	0.309621
21653922.55	5172004.81	0.347618
21653994.7	5171984.8	0.330357
21654066.85	5171964.79	0.310674
21654138.99	5171944.78	0.349536
21654211.14	5171924.78	0.349267
21654283.29	5171904.77	0.351972
21654355.43	5171884.76	0.354553
21654427.58	5171864.75	0.351502
21654499.73	5171844.74	0.347427
21654571.87	5171824.74	0.3395
21654644.02	5171804.73	0.316537
21654716.17	5171784.72	0.299225
21654788.31	5171764.71	0.291691
21654860.46	5171744.7	0.297107
21654932.61	5171724.7	0.264564
21655004.75	5171704.69	0.253869
21655076.9	5171684.68	0.253272
21655149.05	5171664.67	0.287068
21655221.19	5171644.66	0.288166
21655293.34	5171624.65	0.283506
21655365.49	5171604.65	0.317374
21655437.63	5171584.64	0.350604
21655509.78	5171564.63	0.348826
21655581.93	5171544.62	0.338456
21655654.07	5171524.61	0.307507
21655726.22	5171504.61	0.33446
21655798.37	5171484.6	0.320494
21655870.51	5171464.59	0.261655
21655942.66	5171444.58	0.266709
21656014.81	5171424.57	0.274868
21656086.95	5171404.57	0.280483
21656159.1	5171384.56	0.276895
21656231.25	5171364.55	0.281576
21656303.39	5171344.54	0.278144
21656375.54	5171324.53	0.246487
21656447.69	5171304.53	0.237357
21656519.83	5171284.52	0.235645
21656591.98	5171264.51	0.242308
21656664.13	5171244.5	0.256157
21656736.27	5171224.49	0.248321
21656808.42	5171204.49	0.211588
21656880.57	5171184.48	0.209014
21656952.71	5171164.47	0.190581
21657024.86	5171144.46	0.186956
21657097.01	5171124.45	0.1961
21657169.15	5171104.45	0.181331
21657241.3	5171084.44	0.143214
21657313.45	5171064.43	0.113015
21657385.59	5171044.42	0.156063
21657457.74	5171024.41	0.146086
21657529.89	5171004.41	0.140396
21657602.03	5170984.4	0.17606
21657674.18	5170964.39	0.240816
21657746.33	5170944.38	0.279575
21657818.47	5170924.37	0.306828
21657890.62	5170904.36	0.33263
21657962.77	5170884.36	0.324186
21658034.91	5170864.35	0.297616
21658107.06	5170844.34	0.289808
21658179.21	5170824.33	0.34921
21658251.36	5170804.32	0.349861
21658323.5	5170784.32	0.33231
21658395.65	5170764.31	0.360849
21658467.8	5170744.3	0.363356
21658539.94	5170724.29	0.331338
21658612.09	5170704.28	0.362883
21658684.24	5170684.28	0.356439
21658756.38	5170664.27	0.347234
21658828.53	5170644.26	0.340289
21658900.68	5170624.25	0.32564
21658972.82	5170604.24	0.282331
21659044.97	5170584.24	0.287263
